 2.44820878319127
2 3.53005593281545
1 4.33036284600028
4 5.60843210030346
5 6.88899480138593
6 8.1696577577084
7 9.16297036679589
8 10.156356587576
9 11.1498164200497
10 12.1433498525666
11 13.1374047467347
12 14.1315334145903
13 15.1257358635074
14 16.5013612678558
15 17.8770958411254
16 19.2529395992386
17 20.6288925379264
18 21.9841072189366
19 23.3394196985506
20 24.694829957731
21 26.0503379922097
22 27.405943817905
23 28.7616474305568
24 30.1174488111139
25 31.4740236668604
26 32.8306966744338
27 34.1874678221817
28 35.5443371334126
29 36.9013046001782
30 38.2583702034115
31 39.6155339701286
32 40.7822742205642
33 41.949096723698
34 43.1135023102537
35 44.277989021216
36 45.442556844927
37 46.6072058047047
38 47.771935888891
39 48.9367470858231
40 50.1016394188247
41 51.266612876234
42 52.4316674463872
43 53.5968031526119
44 54.7620199832451
45 55.9273179266204
46 57.092697006069
47 58.2581572099252
48 59.4236985265216
49 60.5893209791922
50 61.7550245562715
51 62.9208092460899
52 64.0866750719826
53 65.2526220222848
54 66.4186500853253
55 67.5847592844419
56 68.7509496079662
57 69.9172210442287
58 71.0835736165684
59 72.2500073133186
60 73.4165221228022
61 74.5831180683658
62 75.812584838487
63 77.0421378900872
64 78.2717772114921
65 79.5015028260482
66 80.7269387479507
67 81.9524588402418
68 83.1780630987199
69 84.4037515429991
70 85.629524157663
71 86.855380950194
72 88.0813219051719
73 89.3073470422087
74 90.5334563571154
75 91.759649846148
76 92.9859274938778
77 94.2122893311603
78 95.4387353425677
79 96.6652655243522
80 97.8918798723286
81 99.1185784061118
82 100.345361110269
83 101.572227992304
84 102.799179036782
85 104.026214263312
86 105.253333667723
87 106.480537246258
88 107.707824983477
89 108.935196910264
90 110.162653011175
91 111.390193282453
92 112.617817719929
93 113.845526343216
94 115.138182938395
95 116.430928902095
96 117.718179981861
97 119.005517607391
98 120.292941759466
99 121.580452441849
100 122.868049646618
101 124.155733389621
102 125.44350366293
103 126.731360470322
104 128.019303804253
105 129.307333656796
106 130.595450055119
107 131.883652979976
108 133.171942435141
109 134.460318412699
110 135.748780928483
111 137.037329974576
112 138.325965554759
113 139.61468766147
114 140.903496286794
115 142.192391457906
116 143.481373155546
117 144.770441383494
118 146.059596145536
119 147.348837422405
120 148.638165241279
121 149.927579594252
122 151.217080473748
123 152.506667871849
124 153.796341815753
125 155.086102286176
126 156.371876571032
127 157.657735338381
128 158.94367856893
129 160.229706293678
130 161.515818493327
131 162.802015175475
132 164.088296320816
133 165.374661956559
134 166.661112074803
135 167.947646667943
136 169.234265743586
137 170.520969282415
138 171.80775731165
139 173.094629823389
140 174.381586810021
141 175.66862826745
142 176.955754211477
143 178.242964638013
144 179.530259539438
145 180.817638919562
146 182.105102770483
147 183.392651108003
148 184.680283928033
149 185.96800122295
150 187.255802984851
151 188.543689240981
152 189.831659971991
153 191.119715185518
154 192.407854873925
155 193.696079033135
156 194.984387678939
157 196.269558031992
158 197.554811249041
159 198.840147326016
160 200.125566282527
161 201.411068103032
162 202.696652795185
163 203.982320355155
164 205.268070767397
165 206.553904063008
166 207.839820226438
167 209.125819253854
168 210.411901152924
169 211.698065908093
170 212.984313538967
171 214.270644041495
172 215.557057411844
173 216.843553634452
174 218.130132740438
175 219.416794714246
176 220.703539552033
177 221.990367261479
178 223.277277827021
179 224.564271268264
180 225.851347581169
181 227.138506761895
182 228.425748794867
183 229.713073711231
184 231.000481495416
185 232.365826652369
186 233.731260438375
187 235.110252460574
188 236.489340258324
189 237.86852382392
190 239.247803161214
191 240.627178274062
192 242.006649154754
193 243.386215811
194 244.765878235089
195 246.145636430876
196 247.525490402222
197 248.905440141406
198 250.285485652287
199 251.665626938733
200 253.045863993013
201 254.42619681899
202 255.806625420533
203 257.187149789907
204 258.567769934849
205 259.948485847622
206 261.329297532092
207 262.710204992133
208 264.09120822
209 265.472307219566
210 266.853501994705
211 268.234792537669
212 269.616178852329
213 270.997660942566
214 272.379238800624
215 273.76091243426
216 275.142681835716
217 276.52454700887
218 277.906507957605
219 279.288564674156
220 280.659992408458
221 282.031510277556
222 283.403118273677
223 284.774816400707
224 286.146604658645
225 287.518483051384
226 288.89045157114
227 290.262510221808
228 291.634659003383
229 293.006897919763
230 294.379226963157
231 295.75164613746
232 297.12415544657
233 298.496754882692
234 299.869444449723
235 301.242224147663
236 302.615093980414
237 303.988053940172
238 305.36110403084
239 306.734244256321
240 308.107474608809
241 309.480795092204
242 310.854205706508
243 312.22770645563
244 313.601297331753
245 314.974978338786
246 316.348749476726
247 317.722610749491
248 319.09656214925
249 320.471806671881
250 321.847141957271
251 323.222567997595
252 324.598084796761
253 325.973692354774
254 327.349390675552
255 328.725179751258
256 330.101059585808
257 331.477030183127
258 332.853091535369
259 334.229243646457
260 335.605486516389
261 336.981820149094
262 338.358244536719
263 339.734759683188
264 341.111365592434
265 342.488062256596
266 343.864849679604
267 345.241727861457
268 346.618696806089
269 347.995756505633
270 349.372906964022
271 350.750148185196
272 352.127480161277
273 353.459834808398
274 354.792276824624
275 356.124806190364
276 357.4574229095
277 358.788888954138
278 360.120441726814
279 361.452081243244
280 362.783807507308
281 364.11562049941
282 365.447520243092
283 366.779506714809
284 368.111579930286
285 369.443739893392
286 370.775986584535
287 372.108320015486
288 373.44074019802
289 374.773247112541
290 376.105840762917
291 377.438521164877
292 378.771288294869
293 380.104142164668
294 381.437082786054
295 382.770110139431
296 384.103224228655
297 385.436425069466
298 386.769712638308
299 388.103086946957
300 389.436548011161
301 390.770095799426
302 392.103730339282
303 393.437451607164
304 394.771259614853
305 396.105154378106
306 397.439135865412
307 398.773204092529
308 400.11069215224
309 401.448268589748
310 402.785933416833
311 404.123686641304
312 405.461528247545
313 406.799458243365
314 408.137476640549
315 409.475583415523
316 410.813778580077
317 412.152062145998
318 413.490434089709
319 414.8288944308
320 416.167443153666
321 417.50608026611
322 418.844805779923
323 420.183619671522
324 421.522521952703
325 422.861512635252
326 424.200591695587
327 425.539759141508
328 426.879014992792
329 428.218359221862
330 429.557791840508
331 430.897312860529
332 432.236922258332
333 433.576620045716
334 434.916406234471
335 436.25628079701
336 437.596243764922
337 438.936295110616
338 440.276434845889
339 441.617388538123
340 442.958430960527
341 444.299562132905
342 445.640782063054
343 446.982090723367
344 448.323488133656
345 449.66497430172
346 451.006549199942
347 452.348212848145
348 453.689965254122
349 455.031806390253
350 456.37373627637
351 457.715754920261
352 459.057862294302
353 460.400058418332
354 461.742343300135
355 463.084716912086
356 464.427179285833
357 465.769730393746
358 467.112370243607
359 468.455098855267
360 469.797916201094
361 471.140822288864
362 472.483817138438
363 473.826900722176
364 475.173321765644
365 476.519831795537
366 477.866430831449
367 479.213118857534
368 480.559895870047
369 481.909448343626
370 483.259091120973
371 484.608824210155
372 485.958647595327
373 487.308561296074
374 488.658565308658
375 490.00865961723
376 491.358844245416
377 492.709119177364
378 494.059484409337
379 495.409939960926
380 496.760485816274
381 498.111121971647
382 499.461848446642
383 500.812665225388
384 502.163572304163
385 503.514569702559
386 504.865657408756
387 506.216835418702
388 507.56810372868
389 508.919462358281
390 510.270911291626
391 511.622450525005
392 512.974080078009
393 514.325799934754
394 515.677610091535
395 517.029510567939
396 518.381501348086
397 519.733582428269
398 521.085753828075
399 522.438015535684
400 523.790367535204
401 525.142809858415
402 526.495342489427
403 527.847965424173
404 529.20067865896
405 530.553482213375
406 531.90637607152
407 533.259360229706
408 534.612434707523
409 535.965599493141
410 537.318854570658
411 538.672199971877
412 540.0256356809
413 541.379161681814
414 542.732778006436
415 544.08648463886
416 545.440281563171
417 546.794168811197
418 548.148146367024
419 549.502214226569
420 550.856372386163
421 552.210620865392
422 553.564959652425
423 554.919388731332
424 556.273908133964
425 557.628517844397
426 558.983217846705
427 560.338008172741
428 561.692888806576
429 563.047859732283
430 564.402920981719
431 565.758072538959
432 567.11331439216
433 568.468646560904
434 569.824069041547
435 571.179581829989
436 572.535184910292
437 573.890878314335
438 575.246662026182
439 576.602536029883
440 577.958500357329
441 579.314554992579
442 580.670699919679
443 582.02693517053
444 583.38326072918
445 584.739676583786
446 586.09618275393
447 587.452779235984
448 588.809466013991
449 590.166243107535
450 591.523110512992
451 592.880068226251
452 594.237116231344
453 595.594254560206
454 596.951483196866
455 598.308802129477
456 599.66621137762
457 601.023710937684
458 602.381300793697
459 603.738980965241
460 605.096751448707
461 606.457548659745
462 607.818437598803
463 609.179418245776
464 610.54049060892
465 611.901654668121
466 613.262910455349
467 614.624257950491
468 615.985697149947
469 617.347228069171
470 618.708850704569
471 620.070565036018
472 621.4323710955
473 622.794268862889
474 624.156258334599
475 625.518339526072
476 626.880512433726
477 628.242777037421
478 629.60513336916
479 630.967581408798
480 632.33012116462
481 633.692752616481
482 635.05547579639
483 636.418290684196
484 637.781197276325
485 639.144195588214
486 640.507285616293
487 641.870467340398
488 643.233740792562
489 644.597105952616
490 645.960562817
491 647.324111401139
492 648.687751701472
493 650.051483697825
494 651.415307422243
495 652.779222854548
496 654.14323000305
497 655.507328847569
498 656.871519420158
499 658.235801700629
500 659.600175685431
501 660.964641389985
502 662.329198810745
503 663.693847927509
504 665.058588772353
505 666.423421325073
506 667.788345582128
507 669.153361558931
508 670.518469251944
509 671.883668640956
510 673.248959758056
511 674.614342583026
512 675.97981712421
513 677.345383361384
514 678.711041326654
515 680.076790999789
516 681.442632377266
517 682.808565474483
518 684.174590287925
519 685.540706797347
520 686.90691503487
521 688.273214980254
522 689.639606629984
523 691.006089999452
524 692.372665085146
525 693.739331866816
526 695.106090376595
527 696.47294059423
528 697.839882528094
529 699.206916157926
530 700.574041515878
531 701.941258581679
532 703.308567351827
533 704.675967841712
534 706.043460047833
535 707.411043949912
536 708.778719580115
537 710.146486918165
538 711.514345960568
539 712.882296722701
540 714.250339201078
541 715.618473375402
542 716.986699277863
543 718.355016888162
544 719.72342621471
545 721.091927237198
546 722.46051998783
547 723.829204446295
548 725.197980609118
549 726.566848491665
550 728.019508791072
551 729.472612636892
552 730.883106265325
553 732.293891712962
554 733.704967607543
555 735.116334510858
556 736.527992977844
557 737.9399416234
558 739.352181013546
559 740.764711715156
560 742.177532326789
561 743.590643427164
562 745.004044915987
563 746.417737371303
564 747.83171939639
565 749.245991541198
566 750.660554396473
567 752.075406564515
568 753.490548587617
569 754.90598106846
570 756.321702569194
571 757.737713692444
572 759.154014349641
573 760.570605095098
574 761.987484519518
575 763.404653224773
576 764.822111753289
577 766.239858719383
578 767.657894673084
579 769.07622021719
580 770.494833917373
581 771.913736351737
582 773.332927456171
583 774.752407780812
584 776.172175927606
585 777.592232450869
586 779.012577964555
587 780.433211022771
588 781.854132199423
589 783.27534212125
590 784.696839305568
591 786.118624354387
592 787.540697191531
593 788.963058414861
594 790.385706554165
595 791.808642223406
596 793.231866012802
597 794.655376463856
598 796.079174162463
599 797.503259747399
600 798.927631711426
601 800.352290680472
602 801.777236566302
603 803.202469978766
604 804.627989423125
605 806.053795537273
606 807.479888899595
607 808.906268050902
608 810.332933589084
609 811.759886129207
610 813.187124199058
611 814.614648388906
612 816.042458622277
613 817.47055552103
614 818.898937589724
615 820.327605442509
616 821.756559693623
617 823.185798847411
618 824.615323525694
619 826.045134355588
620 827.475229816453
621 828.905610546345
622 830.336277160493
623 831.767228161887
624 833.198464140906
625 834.629985056668
626 836.061791507297
627 837.493881984498
628 838.926257114478
629 840.35891753546
630 841.791861727015
631 843.22509028721
632 844.658603902993
633 846.092401005029
634 847.526482243442
635 848.960847529489
636 850.395497497169
637 851.830430613616
638 853.265647517068
639 854.701148857791
640 856.136933066894
641 857.573000814151
642 859.009352738904
643 860.444343358418
644 861.879616461657
645 863.315171950928
646 864.751010480701
647 866.18713048472
648 867.623532621709
649 869.060217549492
650 870.497183682021
651 871.934431685678
652 873.371962215018
653 874.809773691387
654 876.247866769273
655 877.686241362747
656 879.124898162236
657 880.563835541018
658 882.003054177513
659 883.442554750241
660 884.882335660468
661 886.322398450095
662 887.762742022015
663 889.203365668894
664 890.644270045338
665 892.085455077195
666 893.526921431131
667 894.968667503558
668 896.410693973022
669 897.853001506225
670 899.295588499353
671 900.738455623376
672 902.181603560263
673 903.625030686406
674 905.068737680431
675 906.512724456075
676 907.95699170403
677 909.4015377841
678 910.846363398863
679 912.2914692271
680 913.736853628379
681 915.182517281417
682 916.628460912848
683 918.07468283854
684 919.521183776371
685 920.967963632308
686 922.415023097178
687 923.86236051805
688 925.309976609609
689 926.75787205076
690 928.206045188347
691 929.654496713169
692 931.103227363975
693 932.552235427575
694 934.001521635052
695 935.451086692559
696 936.900928914944
697 938.351049005057
698 939.801446888214
699 941.252123291307
700 942.70307650059
701 944.154307242887
702 945.605816233175
703 947.057601769427
704 948.509664590483
705 949.962005387427
706 951.41462249827
707 952.867516605282
708 954.320687637997
709 955.774136323452
710 957.227860935136
711 958.681862223962
712 960.136140917016
713 961.590695275576
714 963.045526038631
715 964.500633945285
716 965.956017256572
717 967.411676727884
718 968.867612239536
719 970.323824570991
720 971.78031194704
721 973.237075130734
722 974.694114849304
723 976.1514293752
724 977.609019435591
725 979.066885793676
726 980.52502667377
727 981.983442850981
728 983.442134202248
729 984.901101519185
730 986.360343016981
731 987.81985943928
732 989.279651561384
733 990.739717607023
734 992.200058315491
735 993.590028092358
736 994.980090215566
737 996.370246629597
738 997.760496225055
739 999.150838930444
740 1000.54127364813
741 1001.93180228691
742 1003.32242378511
743 1004.71313803963
744 1006.1039441192
745 1007.49484259175
746 1008.88583459624
747 1010.27691902282
748 1011.66809576707
749 1013.05936371892
750 1014.45072484448
751 1015.84217804568
752 1017.23372323004
753 1018.62536030634
754 1020.01708815225
755 1021.40890876134
756 1022.8008209993
757 1024.19282391912
758 1025.5849191681
759 1026.97710474711
760 1028.36938266329
761 1029.7617517941
762 1031.15421203492
763 1032.54676225096
764 1033.93940446921
765 1035.33213755492
766 1036.7249614034
767 1038.11787594723
768 1039.51088003497
769 1040.90397569835
770 1042.29716090132
771 1043.69043733987
772 1045.08380296707
773 1046.4772598256
774 1047.87080678025
775 1049.26444373509
776 1050.65817061059
777 1052.05198623394
778 1053.44589267348
779 1054.83988878175
780 1056.23397445385
781 1057.6281496102
782 1059.02241219847
783 1060.41676607558
784 1061.81120916836
785 1063.20574142119
786 1064.60036163364
787 1065.9950719227
788 1067.38987109105
789 1068.78475905903
790 1070.17973574697
791 1071.57479995725
792 1072.96995381921
793 1074.36519613217
794 1075.76052682842
795 1077.15594379755
796 1078.55145098229
797 1079.94704628568
798 1081.34272962656
799 1082.73850090112
800 1084.1343589322
801 1085.53030586179
802 1086.92634046776
803 1088.3224626823
804 1089.7186724211
805 1091.11496848716
806 1092.51135300941
807 1093.90782479089
808 1095.30438283867
809 1096.70102778016
810 1098.097760845
811 1099.49458084354
812 1100.89148768384
813 1102.2884812725
814 1103.68556040004
815 1105.08272724549
816 1106.47998059796
817 1107.87732035342
818 1109.27474529768
819 1110.6722576341
820 1112.06985519005
821 1113.46753974839
822 1114.86531029915
823 1116.26316562034
824 1117.66110790222
825 1119.0591359108
826 1120.45724957799
827 1121.85544881022
828 1123.25373236116
829 1124.65210246649
830 1126.05055789195
831 1127.44909853186
832 1128.84772316374
833 1130.24643305405
834 1131.64522886672
835 1133.04410957161
836 1134.443075084
837 1135.84212413303
838 1137.24125899416
839 1138.64047840855
840 1140.03978227942
841 1141.43916935974
842 1142.83864191321
843 1144.2381986808
844 1145.63783957018
845 1147.03756449951
846 1148.437371247
847 1149.83726401064
848 1151.23724056868
849 1152.63730082722
850 1154.03744470588
851 1155.43767094503
852 1156.83798180914
853 1158.23837605064
854 1159.63885357255
855 1161.03941310299
856 1162.44005694282
857 1163.84078380814
858 1165.241593626
859 1166.64248532893
860 1168.04345958106
861 1169.44451773432
862 1170.84565850454
863 1172.2468817976
864 1173.64818631704
865 1175.04957440958
866 1176.45104477877
867 1177.85259734248
868 1179.25423200809
869 1180.65594747885
870 1182.05774610482
871 1183.45962560186
872 1184.86158784758
873 1186.26363179803
874 1187.66575611847
875 1189.06796317297
876 1190.47025168409
877 1191.87262153499
878 1193.27507142683
879 1194.67760373606
880 1196.08021714134
881 1197.4829115724
882 1198.88568693644
883 1200.28854189523
884 1201.69147787383
885 1203.09449553688
886 1204.4975937916
887 1205.90077132818
888 1207.30403053422
889 1208.70737008787
890 1210.11078990374
891 1211.51428991304
892 1212.91786876787
893 1214.32152888196
894 1215.72526892862
895 1217.12908883901
896 1218.53298849443
897 1219.93696555992
898 1221.34102449869
899 1222.74516296218
900 1224.1493808453
901 1225.55367682082
902 1226.95805332732
903 1228.36250901636
904 1229.7670437949
905 1231.17165760605
906 1232.57634905284
907 1233.98112063453
908 1235.38597098744
909 1236.79089899343
910 1238.19590532941
911 1239.60099148206
912 1241.00615606334
913 1242.41139900421
914 1243.81672020981
915 1245.22211829636
916 1246.62759580007
917 1248.03315131136
918 1249.43878474908
919 1250.84449605161
920 1252.25028382278
921 1253.65615058549
922 1255.06209390602
923 1256.46811579035
924 1257.87421381491
925 1259.28039049255
926 1260.68664444644
927 1262.09297559533
928 1263.49938385624
929 1264.90586782039
930 1266.31243004476
931 1267.71906914473
932 1269.12578501314
933 1270.53257624097
934 1271.93944542635
935 1273.34639007219
936 1274.75341222155
937 1276.16051073834
938 1277.56768421323
939 1278.97493521893
940 1280.38226233405
941 1281.78966550134
942 1283.19714460139
943 1284.60469824874
944 1286.01232901364
945 1287.42003549856
946 1288.82781759614
947 1290.2356738965
948 1291.64360591958
949 1293.05161440515
950 1294.45969818306
951 1295.86785717178
952 1297.27608993699
953 1298.68439910089
954 1300.09278324124
955 1301.5012422598
956 1302.90977472197
957 1304.31838326239
958 1305.7270664465
959 1307.13582418062
960 1308.54465530602
961 1309.95356053837
962 1311.36254144674
963 1312.77159659627
964 1314.18072587933
965 1315.58992923839
966 1316.99920519737
967 1318.40855644194
968 1319.81798149887
969 1321.22748028641
970 1322.63705135706
971 1324.04669738293
972 1325.45641689234
973 1326.86620872306
974 1328.27607498119
975 1329.68601308082
976 1331.09602575679
977 1332.50611150087
978 1333.91627025356
979 1335.3265005305
980 1336.73680505017
981 1338.14718231617
982 1339.55763226894
983 1340.96815480243
984 1342.3787484515
985 1343.78941593973
986 1345.20015465591
987 1346.61096676752
988 1348.02185105583
989 1349.43280604609
990 1350.84383446236
991 1352.25493482711
992 1353.66610705837
993 1355.07734964483
994 1356.4886653593
995 1357.90005268029
996 1359.31151154807
997 1360.72304186851
998 1362.13464100197
999 1363.54631399636
1000 1364.95805819066
1001 1366.36987352699
1002 1367.78175846648
1003 1369.19371583121
1004 1370.60574406089
1005 1372.0178431097
1006 1373.43001288339
1007 1374.84225185762
1008 1376.25456284285
1009 1377.666944312
1010 1379.0793961829
1011 1380.49191723355
1012 1381.90450820479
1013 1383.31717080606
1014 1384.72990347638
1015 1386.14270614563
1016 1387.55557727399
1017 1388.96851969702
1018 1390.38153187768
1019 1391.79461372159
1020 1393.20776517809
1021 1394.62098467541
1022 1396.03427507185
1023 1397.44763481989
1024 1398.86106269877
1025 1400.27455943551
1026 1401.68812675239
1027 1403.10176310903
1028 1404.51546842306
1029 1405.92924258589
1030 1407.34308407361
1031 1408.75699574736
1032 1410.17097604492
1033 1411.58502489599
1034 1412.99914221342
1035 1414.41332643663
1036 1415.8275792742
1037 1417.2419015161
1038 1418.65629189991
1039 1420.07074885266
1040 1421.48527528284
1041 1422.89986961752
1042 1424.31453179841
1043 1425.72926170461
1044 1427.14405777492
1045 1428.55892293989
1046 1429.973855602
1047 1431.38885570091
1048 1432.80392162667
1049 1434.2190551512
1050 1435.63425702637
1051 1437.04952601797
1052 1438.46486203867
1053 1439.88026347819
1054 1441.29573329489
1055 1442.71126990279
1056 1444.12687322662
1057 1445.54254317155
1058 1446.95827812494
1059 1448.37408107194
1060 1449.78995041413
1061 1451.20588605457
1062 1452.62188519385
1063 1454.03795320199
1064 1455.45408729177
1065 1456.87028736624
1066 1458.2865533426
1067 1459.70288360963
1068 1461.11928115136
1069 1462.53574438087
1070 1463.95227318633
1071 1465.36886596839
1072 1466.78552571147
1073 1468.20225081626
1074 1469.61904118776
1075 1471.03589555186
1076 1472.4528146628
1077 1473.86980037447
1078 1475.28685103867
1079 1476.70396657039
1080 1478.12114691094
1081 1479.53839038274
1082 1480.95570007042
1083 1482.37307431122
1084 1483.79051303427
1085 1485.20801457861
1086 1486.62558201503
1087 1488.04321246865
1088 1489.4609083038
1089 1490.87866822356
1090 1492.29649056446
1091 1493.71437839996
1092 1495.13233009306
1093 1496.5503455464
1094 1497.96842309837
1095 1499.38656584237
1096 1500.80477212899
1097 1502.22304184866
1098 1503.64137494256
1099 1505.05976973181
1100 1506.47822811274
1101 1507.89675083813
1102 1509.30558596595
1103 1510.76976139857
1104 1512.23410372156
1105 1513.69861000091
1106 1515.16328104893
1107 1516.62811878568
1108 1518.09312153551
1109 1519.55828636901
1110 1521.02361894082
1111 1522.48911633375
1112 1523.95477562023
1113 1525.42060245072
1114 1526.88659390768
1115 1528.35274830746
1116 1529.81906756835
1117 1531.28555252215
1118 1532.75220181844
1119 1534.21901254103
1120 1535.68599039033
1121 1537.15313241157
1122 1538.62043690847
1123 1540.08790581187
1124 1541.55553996112
1125 1543.02333637872
1126 1544.49129703216
1127 1545.95942272917
1128 1547.42771048969
1129 1548.89616356016
1130 1550.36477896257
1131 1551.83355749753
1132 1553.30250115223
1133 1554.77160693389
1134 1556.24087566976
1135 1557.71030933024
1136 1559.17990618694
1137 1560.64966325351
1138 1562.11958634108
1139 1563.58967242208
1140 1565.05991852936
1141 1566.5303304503
1142 1568.00090519831
1143 1569.47164101998
1144 1570.94253992265
1145 1572.41360274614
1146 1573.88482644749
1147 1575.35621305119
1148 1576.82776335836
1149 1578.29947435711
1150 1579.77134934255
1151 1581.2433852856
1152 1582.71558300176
1153 1584.18794452109
1154 1585.66046680686
1155 1587.13315066012
1156 1588.6059981378
1157 1590.07900747579
1158 1591.55217560526
1159 1593.02550845811
1160 1594.49900297773
1161 1595.97265778907
1162 1597.44647374433
1163 1598.92045286204
1164 1600.39459340681
1165 1601.86889227244
1166 1603.34335542394
1167 1604.81797980622
1168 1606.29276230056
1169 1607.76770892612
1170 1609.24281656425
1171 1610.71808343753
1172 1612.19351162815
1173 1613.66910194985
1174 1615.14485132706
1175 1616.62076181543
1176 1618.09683425551
1177 1619.57306554215
1178 1621.04945907087
1179 1622.5260117412
1180 1624.00272436686
1181 1625.47959905996
1182 1626.95663267592
1183 1628.4338260796
1184 1629.91118134194
1185 1631.38869668234
1186 1632.86636895062
1187 1634.34420422333
1188 1635.82219936986
1189 1637.30035124699
1190 1638.77866595626
1191 1640.25714034722
1192 1641.73577260202
1193 1643.21456482861
1194 1644.69351789229
1195 1646.17262862251
1196 1647.65189914446
1197 1649.13133029673
1198 1650.61091891081
1199 1652.09066848444
1200 1653.57057582213
1201 1655.05064176965
1202 1656.53086846984
1203 1658.01125275363
1204 1659.491795462
1205 1660.97249873799
1206 1662.45336073364
1207 1663.93438005673
1208 1665.41555755318
1209 1666.89689535411
1210 1668.37839028962
1211 1669.86004318866
1212 1671.34185623129
1213 1672.82382756909
1214 1674.30595395587
1215 1675.78824165929
1216 1677.27068746012
1217 1678.75328813618
1218 1680.23604993629
1219 1681.71896962618
1220 1683.20204536401
1221 1684.68527932062
1222 1686.1686723473
1223 1687.65222121646
1224 1689.13592812105
1225 1690.6197939027
1226 1692.10381534079
1227 1693.58799598263
1228 1695.0723326001
1229 1696.55682603223
1230 1698.04147848722
1231 1699.52628671948
1232 1701.01125156812
1233 1702.49637527083
1234 1703.98165592148
1235 1705.46709024938
1236 1706.95268462432
1237 1708.43843576099
1238 1709.92434038106
1239 1711.41040484023
1240 1712.89662589689
1241 1714.38300160752
1242 1715.86953422985
1243 1717.35622463034
1244 1718.84306948602
1245 1720.33007108413
1246 1721.81723023985
1247 1723.30454369339
1248 1724.7920150581
1249 1726.27964104701
1250 1727.76742437517
1251 1729.25536171868
1252 1730.743455336
1253 1732.23170611826
1254 1733.72011070456
1255 1735.20867281171
1256 1736.6973890664
1257 1738.18626034743
1258 1739.67528895049
1259 1741.16447293086
1260 1742.65380894647
1261 1744.1433034921
1262 1745.63295320862
1263 1747.12275478529
1264 1748.61271469311
1265 1750.10282961417
1266 1751.59309757859
1267 1753.08352089477
1268 1754.57410042977
1269 1756.06483280857
1270 1757.55572036918
1271 1759.04676396389
1272 1760.53796021265
1273 1762.02931285138
1274 1763.5208185193
1275 1765.01247805901
1276 1766.50429381375
1277 1767.9962624029
1278 1769.4883846787
1279 1770.98066297505
1280 1772.47309534823
1281 1773.96567836043
1282 1775.45841865307
1283 1776.95131281288
1284 1778.44435742872
1285 1779.93755913777
1286 1781.43091452634
1287 1782.92442160605
1288 1784.41808273314
1289 1785.91189878738
1290 1787.40586634481
1291 1788.89998777411
1292 1790.39426393564
1293 1791.88869333446
1294 1793.38327397669
1295 1794.87800824619
1296 1796.37289700802
1297 1797.86793681784
1298 1799.36313005706
1299 1800.8584776107
1300 1802.35397600189
1301 1803.84962910723
1302 1805.34543344013
1303 1806.84138987782
1304 1808.33750083445
1305 1809.83376283257
1306 1811.33017673995
1307 1812.82674499046
1308 1814.32346553771
1309 1815.82033491123
1310 1817.31735988571
1311 1818.81453697356
1312 1820.31186271114
1313 1821.80934384939
1314 1823.30697692977
1315 1824.80475989289
1316 1826.3026951854
1317 1827.8007836878
1318 1829.29902188416
1319 1830.79741222636
1320 1832.29595559223
1321 1833.79464845593
1322 1835.29349474574
1323 1836.79249094512
1324 1838.29163792726
1325 1839.79093813696
1326 1841.29038807226
1327 1842.78998860144
1328 1844.28974218176
1329 1845.7896467729
1330 1847.28969882045
1331 1848.78990522189
1332 1850.29026242292
1333 1851.79076689599
1334 1853.29142554654
1335 1854.79223481985
1336 1856.29319265036
1337 1857.79430150812
1338 1859.29556228635
1339 1860.79697344107
1340 1862.29853140427
1341 1863.80024313707
1342 1865.3021050593
1343 1866.80411507534
1344 1868.30627570757
1345 1869.80858783436
1346 1871.31104787038
1347 1872.8136583232
1348 1874.31642009856
1349 1875.81932959348
1350 1877.32239081059
1351 1878.82560017622
1352 1880.32895856868
1353 1881.83246851124
1354 1883.33612640031
1355 1884.83993313875
1356 1886.34389124287
1357 1887.84799860103
1358 1889.35225162115
1359 1890.85665733713
1360 1892.36121211736
1361 1893.86591236215
1362 1895.3707651155
1363 1896.87576677783
1364 1898.38091518767
1365 1899.88621293042
1366 1901.39166090002
1367 1902.89725542693
1368 1904.40299911409
1369 1905.90889282813
1370 1907.41493292648
1371 1908.92112350326
1372 1910.42746090054
1373 1911.933946005
1374 1913.44058140008
1375 1914.9473634426
1376 1916.45429300199
1377 1917.96137268648
1378 1919.4686003293
1379 1920.97597227136
1380 1922.483495662
1381 1923.99116684511
1382 1925.49898422198
1383 1927.00694869179
1384 1928.51506285106
1385 1930.02332455196
1386 1931.53173010052
1387 1933.04028669396
1388 1934.54899064349
1389 1936.05783823956
1390 1937.56683671263
1391 1939.075982341
1392 1940.58527297601
1393 1942.09471122997
1394 1943.60429800684
1395 1945.11402959216
1396 1946.62390862007
1397 1948.13393597301
1398 1949.64410795556
1399 1951.15442873637
1400 1952.66489460032
1401 1954.17550641451
1402 1955.68626686582
1403 1957.1971722091
1404 1958.70822332377
1405 1960.21942288979
1406 1961.73076870551
1407 1963.24225701275
1408 1964.75389513957
1409 1966.26567933718
1410 1967.77760583978
1411 1969.28968197321
1412 1970.80190400352
1413 1972.3142696944
1414 1973.82678174291
1415 1975.33944106159
1416 1976.85224383903
1417 1978.36519280013
1418 1979.87828884011
1419 1981.39152817172
1420 1982.90491506057
1421 1984.41844570689
1422 1985.93212103547
1423 1987.445943732
1424 1988.95991001162
1425 1990.47402295623
1426 1991.98827874074
1427 1993.50268166861
1428 1995.0172279391
1429 1996.53191843519
1430 1998.04675590767
1431 1999.56173651849
1432 2001.07686118041
1433 2002.59213262914
1434 2004.10754862682
1435 2005.62310532536
1436 2007.13881021654
1437 2008.65465945752
1438 2010.1706492213
1439 2011.68678700348
1440 2013.20306895568
1441 2014.71949282385
1442 2016.2360613525
1443 2017.75277547131
1444 2019.26963130649
1445 2020.78663163461
1446 2022.30377736081
1447 2023.82106462832
1448 2025.33849778461
1449 2026.85607299216
1450 2028.37379112218
1451 2029.89165499803
1452 2031.4096607131
1453 2032.92780918477
1454 2034.44610320801
1455 2035.96454050316
1456 2037.4831171577
1457 2039.00184079483
1458 2040.52070751129
1459 2042.03971341158
1460 2043.55886610424
1461 2045.07816170102
1462 2046.59759789995
1463 2048.11717751299
1464 2049.63690145399
1465 2051.15676579384
1466 2052.67405705972
1467 2054.20377823418
1468 2055.73365231061
1469 2057.26368243296
1470 2058.79386531759
1471 2060.32420413129
1472 2061.85469555327
1473 2063.3853427771
1474 2064.91614247461
1475 2066.44709556289
1476 2067.97820326683
1477 2069.50946486692
1478 2071.04088191534
1479 2072.57245111823
1480 2074.10417564011
1481 2075.63605216425
1482 2077.16808387284
1483 2078.70026746121
1484 2080.23260608715
1485 2081.76509645805
1486 2083.29774173903
1487 2084.830536333
1488 2086.36348637226
1489 2087.89659113707
1490 2089.42984728499
1491 2090.96325802374
1492 2092.49682001062
1493 2094.03053646588
1494 2095.56440402909
1495 2097.09842591874
1496 2098.63259878647
1497 2100.16692420262
1498 2101.70140375007
1499 2103.23603406062
1500 2104.77081605196
1501 2106.30575099911
1502 2107.84083980771
1503 2109.3760791162
1504 2110.91147214402
1505 2112.44701555401
1506 2113.98271254313
1507 2115.51855976681
1508 2117.05455880824
1509 2118.5907112385
1510 2120.12701368802
1511 2121.66346939837
1512 2123.20007501011
1513 2124.73683141142
1514 2126.27373989008
1515 2127.81080138904
1516 2129.34801248868
1517 2130.88537646105
1518 2132.42288991092
1519 2133.96055442913
1520 2135.49837162231
1521 2137.03633808967
1522 2138.57445710378
1523 2140.11272524416
1524 2141.6511457959
1525 2143.18971298365
1526 2144.72843481418
1527 2146.26730551198
1528 2147.80632833269
1529 2149.34549990248
1530 2150.8848218127
1531 2152.42429566009
1532 2153.96391803536
1533 2155.50369222457
1534 2157.04361480585
1535 2158.58368906544
1536 2160.12391158835
1537 2161.66428565915
1538 2163.20480545759
1539 2164.74547905558
1540 2166.28630065025
1541 2167.82727185101
1542 2169.36839426747
1543 2170.90966446428
1544 2172.45108573576
1545 2173.99265466913
1546 2175.53437455891
1547 2177.07624196925
1548 2178.61826020012
1549 2180.16042580309
1550 2181.70274210303
1551 2183.24520323283
1552 2184.78781564624
1553 2186.33057854557
1554 2187.87348850119
1555 2189.4165488138
1556 2190.9597560341
1557 2192.50311348768
1558 2194.0466177003
1559 2195.59027203479
1560 2197.13407299197
1561 2198.67802392964
1562 2200.22212135885
1563 2201.76636693418
1564 2203.3107598468
1565 2204.8553014975
1566 2206.39999278109
1567 2207.94483023451
1568 2209.48981720925
1569 2211.03495019968
1570 2212.58023258038
1571 2214.12566085781
1572 2215.67123838388
1573 2217.21696167009
1574 2218.76283236444
1575 2220.30885212752
1576 2221.85501497587
1577 2223.40132920868
1578 2224.94778886519
1579 2226.49439731749
1580 2228.04115106382
1581 2229.58805346941
1582 2231.13510103225
1583 2232.68229541314
1584 2234.22963824841
1585 2235.77712604274
1586 2237.32476218481
1587 2238.87254314197
1588 2240.42047230492
1589 2241.96854367504
1590 2243.51676560985
1591 2245.06513208586
1592 2246.6136465189
1593 2248.16230535612
1594 2249.71111027832
1595 2251.26006296998
1596 2252.80915986024
1597 2254.3584043902
1598 2255.90779299401
1599 2257.45732908826
1600 2259.00700914392
1601 2260.55683655311
1602 2262.10680525969
1603 2263.65692372192
1604 2265.20718585879
1605 2266.75759335692
1606 2268.30814789078
1607 2269.85884590573
1608 2271.40969083171
1609 2272.96067910145
1610 2274.51181415217
1611 2276.06309241458
1612 2277.61451732614
1613 2279.16608531903
1614 2280.7177973013
1615 2282.26965476233
1616 2283.82165685442
1617 2285.37380527734
1618 2286.92609645028
1619 2288.47853381145
1620 2290.03111377804
1621 2291.58383982559
1622 2293.13670834802
1623 2294.68972281404
1624 2296.24287961732
1625 2297.79618223917
1626 2299.34962707297
1627 2300.90321324032
1628 2302.45694759847
1629 2304.01082397438
1630 2305.56484582518
1631 2307.11900956834
1632 2308.67331866121
1633 2310.22776949627
1634 2311.78236556821
1635 2313.33710323917
1636 2314.89198602708
1637 2316.44701029384
1638 2318.00217774008
1639 2319.55749010383
1640 2321.11294116518
1641 2322.66853958056
1642 2324.22427915466
1643 2325.78016336544
1644 2327.33618860225
1645 2328.89235835568
1646 2330.44866899172
1647 2332.00512401893
1648 2333.56171980304
1649 2335.11845805765
1650 2336.67534050897
1651 2338.23236350997
1652 2339.78952797662
1653 2341.34683547254
1654 2342.90428690166
1655 2344.46187862878
1656 2346.01961416345
1657 2347.57748984548
1658 2349.13550922177
1659 2350.69366861948
1660 2352.25196977217
1661 2353.81041441734
1662 2355.36899888876
1663 2356.92772672154
1664 2358.48659425454
1665 2360.04560238462
1666 2361.60475271486
1667 2363.16404614243
1668 2364.7234790003
1669 2366.2830530262
1670 2367.8427699668
1671 2369.40262614763
1672 2370.96262511723
1673 2372.52276317609
1674 2374.08304389773
1675 2375.64346358239
1676 2377.20402579846
1677 2378.76472685663
1678 2380.3255676611
1679 2381.88654982794
1680 2383.44767244518
1681 2385.00893727782
1682 2386.57034061273
1683 2388.1318860369
1684 2389.69356983694
1685 2391.25539558227
1686 2392.81735958241
1687 2394.379465407
1688 2395.94170935452
1689 2397.50409498784
1690 2399.06661592723
1691 2400.62927929383
1692 2402.19208416297
1693 2403.75502681466
1694 2405.31811086033
1695 2406.88133255494
1696 2408.44469549934
1697 2410.00819596601
1698 2411.57183756845
1699 2413.13561655406
1700 2414.69953653658
1701 2416.26359378253
1702 2417.82779006865
1703 2419.39212445176
1704 2420.95659859877
1705 2422.52121343256
1706 2424.08596519958
1707 2425.65085752677
1708 2427.21588664792
1709 2428.78105620261
1710 2430.34636241894
1711 2431.91180894755
1712 2433.47739200384
1713 2435.04311339156
1714 2436.60897488988
1715 2438.174972744
1716 2439.74110783957
1717 2441.30738186897
1718 2442.87379576238
1719 2444.44034573809
1720 2446.00703545638
1721 2447.57386111202
1722 2449.14082638336
1723 2450.7079274649
1724 2452.27516617339
1725 2453.84254428857
1726 2455.41005802392
1727 2456.97771105684
1728 2458.54549683219
1729 2460.11342451608
1730 2461.68148757103
1731 2463.24968966406
1732 2464.81802698842
1733 2466.38650321135
1734 2467.95511454522
1735 2469.52386279344
1736 2471.09274975573
1737 2472.66177163709
1738 2474.23093210535
1739 2475.80022735279
1740 2477.36966107234
1741 2478.9392266616
1742 2480.50893336518
1743 2482.07877458747
1744 2483.64875402034
1745 2485.21886784981
1746 2486.78911789383
1747 2488.35950594576
1748 2489.93002820908
1749 2491.50068836535
1750 2493.07148259291
1751 2494.64241458055
1752 2496.21348051724
1753 2497.78468409199
1754 2499.35601867454
1755 2500.92749358805
1756 2502.49910217722
1757 2504.07084626061
1758 2505.64272769432
1759 2507.21474258786
1760 2508.78689470958
1761 2510.35918016871
1762 2511.93160272295
1763 2513.50415849912
1764 2515.07685123029
1765 2516.64967705546
1766 2518.22263498446
1767 2519.79573251162
1768 2521.36896292761
1769 2522.94232999793
1770 2524.51582984843
1771 2526.08946620059
1772 2527.66323520487
1773 2529.23714060784
1774 2530.81117850995
1775 2532.38535269531
1776 2533.95965924618
1777 2535.53410004291
1778 2537.10867691237
1779 2538.68338311897
1780 2540.25822814288
1781 2541.83320522346
1782 2543.40831813324
1783 2544.98356298384
1784 2546.55894353012
1785 2548.13445588195
1786 2549.71010381932
1787 2551.28588342839
1788 2552.86179657921
1789 2554.43784511715
1790 2556.01402514042
1791 2557.59034042266
1792 2559.16678418236
1793 2560.74336597702
1794 2562.32007898764
1795 2563.89692702567
1796 2565.47390615112
1797 2567.05102017571
1798 2568.62826517161
1799 2570.20564300948
1800 2571.78315554777
1801 2573.36079885273
1802 2574.93857676015
1803 2576.5164853111
1804 2578.0945254057
1805 2579.67269893994
1806 2581.25100680182
1807 2582.82944504982
1808 2584.40801752189
1809 2585.98672024579
1810 2587.56555511628
1811 2589.14452401183
1812 2590.72362297775
1813 2592.30285585259
1814 2593.88221866894
1815 2595.46171525317
1816 2597.04134166246
1817 2598.62109879172
1818 2600.20098853628
1819 2601.78101180384
1820 2603.36116463857
1821 2604.94144892482
1822 2606.5218665472
1823 2608.10241354947
1824 2609.68309375909
1825 2611.26390321401
1826 2612.84484576546
1827 2614.42591742618
1828 2616.00712207398
1829 2617.58845568946
1830 2619.16248295576
1831 2620.73660008005
1832 2622.31080303086
1833 2623.88509563347
1834 2625.45947386856
1835 2627.03394451321
1836 2628.60849761159
1837 2630.18313996583
1838 2631.75786753112
1839 2633.332682177
1840 2634.90758576504
1841 2636.48257723534
1842 2638.05765449343
1843 2639.63281644717
1844 2641.20806693565
1845 2642.78340193788
1846 2644.35882329753
1847 2645.93433589997
1848 2647.50992969773
1849 2649.08561155117
1850 2650.66137738443
1851 2652.23723106664
1852 2653.81316853277
1853 2655.38919465651
1854 2656.96530532831
1855 2658.54149947617
1856 2660.11778096981
1857 2661.69414573099
1858 2663.27059763659
1859 2664.84713563833
1860 2666.42375557565
1861 2668.00046234968
1862 2669.57725189943
1863 2671.15412808996
1864 2672.73108682945
1865 2674.30813505157
1866 2675.88526260801
1867 2677.46247441315
1868 2679.03977236754
1869 2680.61715236611
1870 2682.19461832471
1871 2683.77216916264
1872 2685.34980272179
1873 2686.92751792104
1874 2688.5053166555
1875 2690.08320085797
1876 2691.66116638485
1877 2693.23922024061
1878 2694.81735216839
1879 2696.39556914787
1880 2697.97386707222
1881 2699.55224783698
1882 2701.13071336846
1883 2702.70926258107
1884 2704.28789329501
1885 2705.86660444792
1886 2707.44539994524
1887 2709.02427567906
1888 2710.60323664673
1889 2712.1822785916
1890 2713.7614004567
1891 2715.34060619804
1892 2716.91989165699
1893 2718.49926079544
1894 2720.07871252723
1895 2721.65824262385
1896 2723.23785609074
1897 2724.81754879345
1898 2726.39732465145
1899 2727.9771795481
1900 2729.55712050151
1901 2731.13713718806
1902 2732.71723461396
1903 2734.29741472616
1904 2735.87767336976
1905 2737.45801447885
1906 2739.03843700853
1907 2740.61893873388
1908 2742.19951856646
1909 2743.78017845334
1910 2745.36092034749
1911 2746.94174003856
1912 2748.52264465185
1913 2750.10362375363
1914 2751.68468446375
1915 2753.26582258808
1916 2754.84704211213
1917 2756.42833885395
1918 2758.00971788526
1919 2759.59117489332
1920 2761.17270881409
1921 2762.75432366312
1922 2764.33601521578
1923 2765.91778748787
1924 2767.4996394155
1925 2769.08156667224
1926 2770.66357435603
1927 2772.24565825836
1928 2773.8278223788
1929 2775.41006252099
1930 2776.99238584649
1931 2778.57478183971
1932 2780.15725561757
1933 2781.73980912998
1934 2783.3224381548
1935 2784.9051467288
1936 2786.48793380001
1937 2788.07079704081
1938 2789.65373541697
1939 2791.2367508785
1940 2792.81984539269
1941 2794.40301473063
1942 2795.98626610683
1943 2797.56958894423
1944 2799.15299044616
1945 2800.73646636373
1946 2802.32001869622
1947 2803.90364939316
1948 2805.48735742702
1949 2807.07114044972
1950 2808.65499739696
1951 2810.23893233831
1952 2811.82294100558
1953 2813.40702539848
1954 2814.99119068832
1955 2816.57542622635
1956 2818.15973924837
1957 2819.74412552291
1958 2821.32858910231
1959 2822.91312894602
1960 2824.49774060242
1961 2826.0824292767
1962 2827.66719070474
1963 2829.25202895206
1964 2830.83693976104
1965 2832.42193043263
1966 2834.00699022619
1967 2835.59212436478
1968 2837.17733484925
1969 2838.76261738363
1970 2840.34797608444
1971 2841.93340987872
1972 2843.51891639918
1973 2845.10449458492
1974 2846.69014642441
1975 2848.27587394395
1976 2849.8616728396
1977 2851.44755046083
1978 2853.03349600424
1979 2854.61951683083
1980 2856.20560864285
1981 2857.79177342918
1982 2859.37801322226
1983 2860.96432696901
1984 2862.55071224297
1985 2864.13716802708
1986 2865.72369840246
1987 2867.31029909528
1988 2868.89697208802
1989 2870.48372266624
1990 2872.07053999679
1991 2873.65743144367
1992 2875.24439269465
1993 2876.83142790018
1994 2878.41853271119
1995 2880.00571456143
1996 2881.59296254701
1997 2883.18028196575
1998 2884.76767484539
1999 2886.35513686574
2000 2887.94267213597
2001 2889.53027965689
2002 2891.11795694446
2003 2892.7057029808
2004 2894.29351977444
2005 2895.88140936716
2006 2897.46936741256
2007 2899.05740135425
2008 2900.64550024599
2009 2902.23367155659
2010 2903.82191092647
2011 2905.41022038503
2012 2906.99860196659
2013 2908.58705464062
2014 2910.17557593444
2015 2911.76416479774
2016 2913.35282541707
2017 2914.94155340662
2018 2916.53035082023
2019 2918.1192230229
2020 2919.70815900092
2021 2921.29716624445
2022 2922.88624038726
2023 2924.47538559648
2024 2926.06460086614
2025 2927.6538815524
2026 2929.24323302693
2027 2930.83265092268
2028 2932.42213943253
2029 2934.01169415043
2030 2935.60132265125
2031 2937.19101382907
2032 2938.78077309406
2033 2940.3706024897
2034 2941.96049763994
2035 2943.55046272036
2036 2945.14049672446
2037 2946.73059713289
2038 2948.32076288953
2039 2949.9109960553
2040 2951.50129871073
2041 2953.09166642267
2042 2954.68210680674
2043 2956.27260869522
2044 2957.8631796798
2045 2959.45381535755
2046 2961.04451778404
2047 2962.63528901515
2048 2964.22612805641
2049 2965.81703232451
2050 2967.40800081298
2051 2968.99903773047
2052 2970.59013866712
2053 2972.18130570406
2054 2973.77254429372
2055 2975.36384320852
2056 2976.95521009825
2057 2978.54664053966
2058 2980.13813874916
2059 2981.72970031572
2060 2983.32133073033
2061 2984.91302523107
2062 2986.50478280313
2063 2988.09660767619
2064 2989.68849542582
2065 2991.28045032545
2066 2992.87247131796
2067 2994.46455365751
2068 2996.05670283063
2069 2997.64891442464
2070 2999.24119267018
2071 3000.83353313492
2072 3002.42594350608
2073 3004.01841245302
2074 3005.61094769985
2075 3007.20354477006
2076 3008.7962057772
2077 3010.38893278
2078 3011.98172477587
2079 3013.57457916015
2080 3015.16749488629
2081 3016.76047626188
2082 3018.3535188025
2083 3019.94662460471
2084 3021.53979923961
2085 3023.13303127785
2086 3024.72632850955
2087 3026.3196864243
2088 3027.91310934422
2089 3029.50659622851
2090 3031.10014224601
2091 3032.6937529881
2092 3034.28742395026
2093 3035.88115943507
2094 3037.47495496375
2095 3039.06881830986
2096 3040.66273801438
2097 3042.25671968213
2098 3043.85076541577
2099 3045.44487071053
2100 3047.03903989515
2101 3048.63327194761
2102 3050.22756419804
2103 3051.82191563654
2104 3053.4163283785
2105 3055.01080453472
2106 3056.60533960415
2107 3058.1999414206
2108 3059.79459844459
2109 3061.38931852267
2110 3062.98409714058
2111 3064.57893639664
2112 3066.17383843217
2113 3067.7688022498
2114 3069.36382512806
2115 3070.95890608754
2116 3072.55404944174
2117 3074.1492506752
2118 3075.74451191098
2119 3077.33983882159
2120 3078.93521978704
2121 3080.53066272587
2122 3082.1261630539
2123 3083.72172515351
2124 3085.31734447705
2125 3086.91302671052
2126 3088.50876688392
2127 3090.10456401233
2128 3091.7004224411
2129 3093.29633763431
2130 3094.89231395692
2131 3096.48835041076
2132 3098.08444201189
2133 3099.68059447374
2134 3101.27680322766
2135 3102.8730726645
2136 3104.46939819682
2137 3106.06578779821
2138 3107.66222975387
2139 3109.25872977056
2140 3110.8552899982
2141 3112.45190588627
2142 3114.04858180145
2143 3115.64531676351
2144 3117.2421079983
2145 3118.83895449992
2146 3120.43585843104
2147 3122.03282195466
2148 3123.62984046196
2149 3125.22692197516
2150 3126.82405470383
2151 3128.42124664432
2152 3130.01849321904
2153 3131.61579883409
2154 3133.21315889219
2155 3134.81057914895
2156 3136.40805457844
2157 3138.00558418093
2158 3139.60317235066
2159 3141.20081452731
2160 3142.79851871092
2161 3144.39627308117
2162 3145.99408340638
2163 3147.59195187584
2164 3149.18987387207
2165 3150.78785382144
2166 3152.38589073762
2167 3153.98398179863
2168 3155.58212601688
2169 3157.1803255692
2170 3158.77858262014
2171 3160.37689255692
2172 3161.9752634585
2173 3163.57368341119
2174 3165.17216050589
2175 3166.77069012325
2176 3168.3692744339
2177 3169.96791562885
2178 3171.56661270114
2179 3173.16536282158
2180 3174.76416500205
2181 3176.36302370319
2182 3177.96193428515
2183 3179.56089891386
2184 3181.15992346938
2185 3182.75899595131
2186 3184.35812450432
2187 3185.95730448768
2188 3187.55654035124
2189 3189.15582745393
2190 3190.75517165822
2191 3192.35456781223
2192 3193.95401492731
2193 3195.55351749704
2194 3197.15307084909
2195 3198.75267946473
2196 3200.47124265554
2197 3202.18996822556
2198 3203.90885007353
2199 3205.6278931965
2200 3207.34709470373
2201 3209.06645956238
2202 3210.78598170089
2203 3212.50566189513
2204 3214.22550516841
2205 3215.94550539282
2206 3217.66566337547
2207 3219.38598414016
2208 3221.10645783395
2209 3222.82709641184
2210 3224.54789375026
2211 3226.26884370697
2212 3227.98995823817
2213 3229.71122750129
2214 3231.4326565463
2215 3233.15424613772
2216 3234.87599013764
2217 3236.59789362177
2218 3238.3199536164
2219 3240.04217519778
2220 3241.76455221466
2221 3243.48708541863
2222 3245.20977992431
2223 3246.93262579704
2224 3248.65563508621
2225 3250.37880159654
2226 3252.10211917507
2227 3253.8255998724
2228 3255.54923372777
2229 3257.27302585673
2230 3258.99697705454
2231 3260.72108109892
2232 3262.44534311855
2233 3264.16976012469
2234 3265.89433723394
2235 3267.61906823591
2236 3269.34395390031
2237 3271.06899939478
2238 3272.79419847035
2239 3274.5195519094
2240 3276.24506254192
2241 3277.97072731573
2242 3279.69655141196
2243 3281.42252859245
2244 3283.14865963967
2245 3284.87494969203
2246 3286.60138872427
2247 3288.32798892144
2248 3290.05474403254
2249 3291.78164781101
2250 3293.50871245579
2251 3295.23592790947
2252 3296.96329934197
2253 3298.6908275303
2254 3300.41850622705
2255 3302.14634059729
2256 3303.87432760508
2257 3305.60247245934
2258 3307.33076886862
2259 3309.05921761564
2260 3310.78782390982
2261 3312.51657762675
2262 3314.24549103343
2263 3315.97455786218
2264 3317.70377181253
2265 3319.43314516
2266 3321.16267161693
2267 3322.89234490748
2268 3324.62217728308
2269 3326.35215863472
2270 3328.0822941859
2271 3329.81258470189
2272 3331.54302388066
2273 3333.27361697153
2274 3335.00436086783
2275 3336.73526083213
2276 3338.46631055562
2277 3340.19751078336
2278 3341.92886679829
2279 3343.66036837372
2280 3345.39202791058
2281 3347.1238390618
2282 3348.85579547225
2283 3350.58790955672
2284 3352.3201710689
2285 3354.05258529808
2286 3355.78515300916
2287 3357.5178678714
2288 3359.25073514386
2289 3360.98375172358
2290 3362.7169229136
2291 3364.45024233904
2292 3366.18371077048
2293 3367.91733351153
2294 3369.65110419924
2295 3371.38502356627
2296 3373.119096974
2297 3374.8533141133
2298 3376.58768745036
2299 3378.32221062682
2300 3380.05687723279
2301 3381.79169974836
2302 3383.52666786284
2303 3385.26178695729
2304 3386.99705775939
2305 3388.73247385839
2306 3390.46804061709
2307 3392.20375487979
2308 3393.93962199778
2309 3395.67563554686
2310 3397.41179629793
2311 3399.14810961547
2312 3400.88456513428
2313 3402.62117542092
2314 3404.35793404476
2315 3406.09483456716
2316 3407.83188957522
2317 3409.56908866414
2318 3411.30643725003
2319 3413.04393607901
2320 3414.78157871153
2321 3416.51937052619
2322 3418.2573122945
2323 3419.99539755087
2324 3421.73363171245
2325 3423.47201157069
2326 3425.21054254282
2327 3426.94921816249
2328 3428.68803916998
2329 3430.42701101446
2330 3432.16612323544
2331 3433.9053884902
2332 3435.64480031149
2333 3437.38435221848
2334 3439.12405686972
2335 3440.86390380312
2336 3442.60389847544
2337 3444.34404164576
2338 3446.08432677602
2339 3447.82475936765
2340 3449.56533615959
2341 3451.30606262289
2342 3453.04693223702
2343 3454.78794576075
2344 3456.52910866563
2345 3458.27041043496
2346 3460.01186381401
2347 3461.7534622884
2348 3463.49519931045
2349 3465.23708765863
2350 3466.9791167893
2351 3468.72129221303
2352 3470.46361466376
2353 3472.2060775929
2354 3473.94868652424
2355 3475.69144217908
2356 3477.43433802081
2357 3479.17737957376
2358 3480.92056352394
2359 3482.6638954339
2360 3484.40736874088
2361 3486.15098414749
2362 3487.89474721025
2363 3489.63864732968
2364 3491.38269735455
2365 3493.12689070848
2366 3494.87122080152
2367 3496.61570052178
2368 3498.36031921742
2369 3500.1050824779
2370 3501.84999102474
2371 3503.59503824869
2372 3505.34022974588
2373 3507.08556216241
2374 3508.83104108931
2375 3510.57665994765
2376 3512.32241942052
2377 3514.0683251376
2378 3515.81436639229
2379 3517.56055614087
2380 3519.30688775269
2381 3521.05335460317
2382 3522.79996966872
2383 3524.54672631799
2384 3526.29361790028
2385 3528.04065741869
2386 3529.78783411311
2387 3531.53515365283
2388 3533.28261673424
2389 3535.03021670531
2390 3536.77795924164
2391 3538.52584090513
2392 3540.27386739741
2393 3542.0220320464
2394 3543.77033554241
2395 3545.5187835622
2396 3547.26736534163
2397 3549.01609390864
2398 3550.76496260294
2399 3552.51396473175
2400 3554.26311340634
2401 3556.01239776619
2402 3557.76182352724
2403 3559.5113914115
2404 3561.26109470023
2405 3563.01093909718
2406 3564.76092119355
2407 3566.51104667522
2408 3568.26130884114
2409 3570.01170840685
2410 3571.76224861113
2411 3573.5129301576
2412 3575.26374633139
2413 3577.01470286318
2414 3578.76579628647
2415 3580.51703235799
2416 3582.26840434938
2417 3584.01991293847
2418 3585.77156389525
2419 3587.52334630711
2420 3589.27527336445
2421 3591.02733833799
2422 3592.7795344659
2423 3594.53187498391
2424 3596.28434892103
2425 3598.03696208645
2426 3599.7897151771
2427 3601.54260140511
2428 3603.29562656752
2429 3605.04878717633
2430 3606.8020890106
2431 3608.5555253257
2432 3610.30909676114
2433 3612.06280917877
2434 3613.81665155259
2435 3615.57063718723
2436 3617.32475931166
2437 3619.07901108444
2438 3620.83340584968
2439 3622.58793259835
2440 3624.34259713655
2441 3626.09740017416
2442 3627.85233488119
2443 3629.60740713385
2444 3631.3626175725
2445 3633.11795941084
2446 3634.87343848745
2447 3636.62905124246
2448 3638.38480356602
2449 3640.14068862011
2450 3641.89670707018
2451 3643.65286479422
2452 3645.40915072082
2453 3647.16557825167
2454 3648.92214052911
2455 3650.67883070054
2456 3652.43566220714
2457 3654.19262391247
2458 3655.94972174651
2459 3657.70695638121
2460 3659.46432091882
2461 3661.22182130263
2462 3662.9794539196
2463 3664.73722472638
2464 3666.49512679896
2465 3668.25316082168
2466 3670.01133275177
2467 3671.76963138496
2468 3673.5280702442
2469 3675.286642436
2470 3677.04534105989
2471 3678.80417961472
2472 3680.56315122547
2473 3682.32224898423
2474 3684.08148639791
2475 3685.84085229084
2476 3687.6003526092
2477 3689.35998803191
2478 3691.11975162459
2479 3692.87964938497
2480 3694.63967764687
2481 3696.39984240864
2482 3698.16013674161
2483 3699.92056129214
2484 3701.68112207861
2485 3703.44180781928
2486 3705.20263214715
2487 3706.96358809456
2488 3708.72466871172
2489 3710.48588763299
2490 3712.24723356886
2491 3714.00871254486
2492 3715.77032523341
2493 3717.53206462667
2494 3719.29393678901
2495 3721.0559380265
2496 3722.81807439143
2497 3724.58033890064
2498 3726.34273218793
2499 3728.10526033166
2500 3729.86791632243
2501 3731.63070081958
2502 3733.39361990206
2503 3735.15666218571
2504 3736.91984140096
2505 3738.68315055
2506 3740.44658264037
2507 3742.21015138501
2508 3743.97384540412
2509 3745.73767081607
2510 3747.50162823634
2511 3749.26571065875
2512 3751.02992417672
2513 3752.79426505579
2514 3754.55873941554
2515 3756.32334020441
2516 3758.08806806918
2517 3759.85292913664
2518 3761.61791197178
2519 3763.38303037567
2520 3765.14827732142
2521 3766.91364572359
2522 3768.67914944839
2523 3770.44477701468
2524 3772.21053456925
2525 3773.97642276592
2526 3775.74243451822
2527 3777.50857599293
2528 3779.2748478119
2529 3781.04124291346
2530 3782.80776745221
2531 3784.57441764634
2532 3786.34119968281
2533 3788.1081064419
2534 3789.87513859616
2535 3791.64230228852
2536 3793.40958603858
2537 3795.17700372602
2538 3796.94454826186
2539 3798.71221255616
2540 3800.48001051552
2541 3802.2479306195
2542 3804.01597906956
2543 3805.78415648152
2544 3807.55245575171
2545 3809.32088307584
2546 3811.08943465731
2547 3812.85811670539
2548 3814.62692207727
2549 3816.39585143292
2550 3818.16491096944
2551 3819.93408911106
2552 3821.70339985275
2553 3823.47283605724
2554 3825.24239057978
2555 3827.01207742316
2556 3828.7818849971
2557 3830.55181953814
2558 3832.3218816685
2559 3834.09206422967
2560 3835.86237348433
2561 3837.69299827333
2562 3839.52376599855
2563 3841.35469069421
2564 3843.18576259001
2565 3845.01698225249
2566 3846.84835335371
2567 3848.67987648624
2568 3850.51154633827
2569 3852.34336348917
2570 3854.17533163698
2571 3856.00745134876
2572 3857.83971279988
2573 3859.67213008672
2574 3861.50469340994
2575 3863.3374033298
2576 3865.17026354502
2577 3867.00327463548
2578 3868.83643128746
2579 3870.66973405482
2580 3872.50318667509
2581 3874.33678970259
2582 3876.17053329651
2583 3878.00443160256
2584 3879.83847476687
2585 3881.67266335617
2586 3883.50700110864
2587 3885.34148859144
2588 3887.17612045058
2589 3889.01089727837
2590 3890.84582280065
2591 3892.68089761021
2592 3894.51611177327
2593 3896.35147954247
2594 3898.18699099659
2595 3900.0226467152
2596 3901.85845307282
2597 3903.69440277582
2598 3905.53050094537
2599 3907.36673766444
2600 3909.20312718896
2601 3911.03965960807
2602 3912.87633545021
2603 3914.71315853226
2604 3916.55012939593
2605 3918.38723809013
2606 3920.22449893757
2607 3922.06190197415
2608 3923.89945233539
2609 3925.73714005608
2610 3927.57497948633
2611 3929.41296062231
2612 3931.25108405647
2613 3933.08935356846
2614 3934.92776973845
2615 3936.76632256071
2616 3938.60502641381
2617 3940.44387129179
2618 3942.282862383
2619 3944.12198964191
2620 3945.96126750019
2621 3947.80068590566
2622 3949.64024545092
2623 3951.47994996155
2624 3953.31979997937
2625 3955.15978548239
2626 3956.99992090508
2627 3958.84019619961
2628 3960.68061656874
2629 3962.52117193786
2630 3964.36187679455
2631 3966.20272106398
2632 3968.04370530036
2633 3969.88483337528
2634 3971.72610583061
2635 3973.56751260247
2636 3975.40906818127
2637 3977.25076249009
2638 3979.0926007333
2639 3980.93457282
2640 3982.77669328093
2641 3984.61895201214
2642 3986.46134955509
2643 3988.30388980817
2644 3990.14657332615
2645 3991.98938999038
2646 3993.83235434082
2647 3995.67545629715
2648 3997.5187010589
2649 3999.36207849324
2650 4001.2056031869
2651 4003.04926501963
2652 4004.89306452013
2653 4006.7370082795
2654 4008.58108882928
2655 4010.42530671103
2656 4012.26966585032
2657 4014.11416677635
2658 4015.95880404482
2659 4017.80357817165
2660 4019.64849310854
2661 4021.49354939754
2662 4023.33873684995
2663 4025.18407014846
2664 4027.02953909132
2665 4028.87514420732
2666 4030.7208894745
2667 4032.56677540933
2668 4034.41279655271
2669 4036.25895340783
2670 4038.10524995955
2671 4039.95168675014
2672 4041.79825354241
2673 4043.64496507515
2674 4045.49181113026
2675 4047.33879222375
2676 4049.18591234772
2677 4051.0331720315
2678 4052.88056577558
2679 4054.72809409602
2680 4056.57576102386
2681 4058.42356705
2682 4060.27150194018
2683 4062.11958046366
2684 4063.96779238597
2685 4065.81613821036
2686 4067.6646219558
2687 4069.51324413885
2688 4071.36199927088
2689 4073.21088782951
2690 4075.05991388551
2691 4076.90907794264
2692 4078.75836969896
2693 4080.60780401838
2694 4082.45737059221
2695 4084.30706992394
2696 4086.15690609142
2697 4088.00687958561
2698 4089.85698490309
2699 4091.70722252152
2700 4093.55759652576
2701 4095.40810741961
2702 4097.25874485907
2703 4099.10952378992
2704 4100.96043384224
2705 4102.81147553221
2706 4104.66265294545
2707 4106.51396658581
2708 4108.36541092223
2709 4110.21698643241
2710 4112.06869993763
2711 4113.9205438133
2712 4115.77251851142
2713 4117.62462818271
2714 4119.4768732925
2715 4121.32924347931
2716 4123.18175373379
2717 4125.03439366852
2718 4126.88716861649
2719 4128.74006816968
2720 4130.5931073595
2721 4132.44627579053
2722 4134.29957392769
2723 4136.15300593579
2724 4138.00657230592
2725 4139.86026258307
2726 4141.71409186557
2727 4143.56804971103
2728 4145.42214146695
2729 4147.27635668972
2730 4149.13071047965
2731 4150.98519239291
2732 4152.83980289443
2733 4154.69454617601
2734 4156.54942270309
2735 4158.4044220299
2736 4160.25955925969
2737 4162.11482395934
2738 4163.97022146516
2739 4165.82574130424
2740 4167.68139863321
2741 4169.53718297896
2742 4171.39309480644
2743 4173.24913830217
2744 4175.10531395763
2745 4176.96161129117
2746 4178.81804544954
2747 4180.6746059703
2748 4182.53129820429
2749 4184.38811164928
2750 4186.24506150542
2751 4188.10213727025
2752 4189.95933939594
2753 4191.81667212829
2754 4193.67413591995
2755 4195.53172024082
2756 4197.38944034545
2757 4199.24728569064
2758 4201.10526166748
2759 4202.96335771868
2760 4204.82158912653
2761 4206.6799453335
2762 4208.53842679179
2763 4210.39703776137
2764 4212.25577872066
2765 4214.11463908447
2766 4215.9736341638
2767 4217.8327561327
2768 4219.6920021246
2769 4221.55137261083
2770 4223.41087185229
2771 4225.27050031456
2772 4227.1302474099
2773 4228.99012846567
2774 4230.85013288102
2775 4232.71026112107
2776 4234.5705174861
2777 4236.43090241598
2778 4238.29141027586
2779 4240.15204150513
2780 4242.01280043034
2781 4243.87368749138
2782 4245.73469205825
2783 4247.59582954054
2784 4249.45708928228
2785 4251.3184717486
2786 4253.179981254
2787 4255.04161825126
2788 4256.90337709066
2789 4258.76525818587
2790 4260.62726591628
2791 4262.48940070894
2792 4264.35165187204
2793 4266.21403489788
2794 4268.07653910727
2795 4269.93916492681
2796 4271.80191672378
2797 4273.66479495103
2798 4275.52779390534
2799 4277.39091403903
2800 4279.25415971995
2801 4281.11753140096
2802 4282.9810183417
2803 4284.84463609062
2804 4286.70837393288
2805 4288.57223228221
2806 4290.43621555879
2807 4292.30032417685
2808 4294.16455244402
2809 4296.02890078692
2810 4297.89337362629
2811 4299.75797137635
2812 4301.62268329306
2813 4303.4875249686
2814 4305.3524856458
2815 4307.21756575129
2816 4309.08276969995
2817 4310.94809793226
2818 4312.81354473429
2819 4314.67911051982
2820 4316.5447997367
2821 4318.4106127992
2822 4320.27653892092
2823 4322.14259375067
2824 4324.00876931185
2825 4325.87505760104
2826 4327.74147429433
2827 4329.60800859111
2828 4331.47466597163
2829 4333.34143565979
2830 4335.20833332085
2831 4337.07534815272
2832 4338.94248055628
2833 4340.80973501987
2834 4342.6771119449
2835 4344.54460048858
2836 4346.41221640951
2837 4348.27994883888
2838 4350.14779820339
2839 4352.01576897932
2840 4353.88386158717
2841 4355.75207028979
2842 4357.6203954814
2843 4359.48884166462
2844 4361.35740926667
2845 4363.22608740237
2846 4365.09489184833
2847 4366.96381174494
2848 4368.83284749312
2849 4370.70200360922
2850 4372.57128049469
2851 4374.44067239696
2852 4376.31017971697
2853 4378.17980698454
2854 4380.04955460111
2855 4381.91941166487
2856 4383.78939400919
2857 4385.65949073202
2858 4387.5297022214
2859 4389.4000330338
2860 4391.27048355779
2861 4393.14104803877
2862 4395.01172685191
2863 4396.88252458002
2864 4398.75344159879
2865 4400.62446695721
2866 4402.49561658471
2867 4404.36687951715
2868 4406.23825614261
2869 4408.10975105766
2870 4409.981364638
2871 4411.85309110119
2872 4413.72493082242
2873 4415.59688841174
2874 4417.46896424484
2875 4419.34114733499
2876 4421.21345366789
2877 4423.08587224363
2878 4424.95840343741
2879 4426.83105188597
2880 4428.7038179392
2881 4430.57669866673
2882 4432.44968589436
2883 4434.32279565018
2884 4436.19601690585
2885 4438.06935002363
2886 4439.94279966711
2887 4441.81636619909
2888 4443.6900385892
2889 4445.56383286189
2890 4447.4377380259
2891 4449.31175965596
2892 4451.18588670726
2893 4453.06013526477
2894 4454.93449427055
2895 4456.80896407397
2896 4458.68354936589
2897 4460.5582504962
2898 4462.43305640492
2899 4464.30798320602
2900 4466.18301982634
2901 4468.05817187496
2902 4469.93342826454
2903 4471.80880513698
2904 4473.6842914047
2905 4475.55988740416
2906 4477.43559787938
2907 4479.31142315441
2908 4481.18735212671
2909 4483.0634009672
2910 4484.93955858602
2911 4486.815830594
2912 4488.69220586123
2913 4490.56870060565
2914 4492.44530369775
2915 4494.32201546722
2916 4496.19884067246
2917 4498.07577965048
2918 4499.95282125613
2919 4501.82998171734
2920 4503.70724991459
2921 4505.58463146047
2922 4507.46211519541
2923 4509.33971740114
2924 4511.21742691786
2925 4513.09524404324
2926 4515.07317484676
2927 4517.05127162607
2928 4519.02953386988
2929 4521.00796964826
2930 4522.98656819208
2931 4524.96533758462
2932 4526.94427728913
2933 4528.9233794132
2934 4530.90265204086
2935 4532.88208930498
2936 4534.86169930325
2937 4536.84147412953
2938 4538.82141322051
2939 4540.8015247264
2940 4542.78180069531
2941 4544.76224058221
2942 4546.74285253262
2943 4548.72362571414
2944 4550.70456823916
2945 4552.68567423853
2946 4554.66695183835
2947 4556.64839307799
2948 4558.6299974327
2949 4560.6117730552
2950 4562.593711965
2951 4564.57581364263
2952 4566.55808623622
2953 4568.5405217835
2954 4570.52311972607
2955 4572.50588287903
2956 4574.4888193972
2957 4576.47191259124
2958 4578.45517063618
2959 4580.43859881317
2960 4582.4221891131
2961 4584.40594100322
2962 4586.389862699
2963 4588.37394615772
2964 4590.35819087247
2965 4592.34259962032
2966 4594.32718063634
2967 4596.31191712198
2968 4598.2968173196
2969 4600.28188942618
2970 4602.26711667424
2971 4604.25250726046
2972 4606.23806942906
2973 4608.22378639106
2974 4610.2096663439
2975 4612.19571463076
2976 4614.18192317942
2977 4616.16829146964
2978 4618.1548223184
2979 4620.14152395115
2980 4622.12837955593
2981 4624.11539734492
2982 4626.10258561678
2983 4628.08992747325
2984 4630.07743120502
2985 4632.0651050597
2986 4634.05293216324
2987 4636.04092078121
2988 4638.02907373168
2989 4640.01739050757
2990 4642.00586300049
2991 4643.99449654802
2992 4645.98329943848
2993 4647.97225476796
2994 4649.9613708038
2995 4651.95065587399
2996 4653.9400930081
2997 4655.92969051313
2998 4657.91945122099
2999 4659.90937463723
3000 4661.89945259884
3001 4663.88969340119
3002 4665.88009658341
3003 4667.87065394882
3004 4669.86137383246
3005 4671.85225576043
3006 4673.84329152224
3007 4675.8344865229
3008 4677.82584358217
3009 4679.81736223125
3010 4681.80903426543
3011 4683.80086800861
3012 4685.79286302562
3013 4687.78501106508
3014 4689.7773204776
3015 4691.76979081497
3016 4693.76241383794
3017 4695.75519789791
3018 4697.74814254658
3019 4699.74123954387
3020 4701.73449429086
3021 4703.72790962653
3022 4705.72148510251
3023 4707.71521246459
3024 4709.70910006598
3025 4711.70314748419
3026 4713.69734642523
3027 4715.69170528202
3028 4717.68622361903
3029 4719.68089312844
3030 4721.67572222388
3031 4723.6707048812
3032 4725.6658495157
3033 4727.6611478317
3034 4729.65659935917
3035 4731.65221255315
3036 4733.64797610564
3037 4735.64389846411
3038 4737.63997917978
3039 4739.63620992903
3040 4741.63259912811
3041 4743.62914076376
3042 4745.6258432799
3043 4747.6226983261
3044 4749.61970545799
3045 4751.61687314627
3046 4753.61419301367
3047 4755.61166464171
3048 4757.60929647593
3049 4759.60708016418
3050 4761.60501526888
3051 4763.60310463113
3052 4765.60135377569
3053 4767.59975431028
3054 4769.59830580327
3055 4771.597016754
3056 4773.59587874337
3057 4775.59489135265
3058 4777.59406309498
3059 4779.59338555039
3060 4781.59285828108
3061 4783.59248979305
3062 4785.59227168639
3063 4787.59220352925
3064 4789.59228817673
3065 4791.59253415715
3066 4793.59292409649
3067 4795.59346650182
3068 4797.59416695258
3069 4799.59501697397
3070 4801.5960161539
3071 4803.59717302702
3072 4805.59847913862
3073 4807.59993406954
3074 4809.60154070171
3075 4811.60330757914
3076 4813.60521727001
3077 4815.60727832303
3078 4817.60949929601
3079 4819.61186274239
3080 4821.61437721868
3081 4823.61704829858
3082 4825.61986749853
3083 4827.62283438611
3084 4829.62595185706
3085 4831.62922851008
3086 4833.63264681655
3087 4835.63621537984
3088 4837.63994278645
3089 4839.64381153202
3090 4841.64783017572
3091 4843.65200734885
3092 4845.65632551432
3093 4847.6607932511
3094 4849.66541346905
3095 4851.67018578305
3096 4853.67510161917
3097 4855.68016660527
3098 4857.6853893566
3099 4859.69075229791
3100 4861.69626404309
3101 4863.70193323914
3102 4865.70774229111
3103 4867.71369980667
3104 4869.71981445964
3105 4871.72606861431
3106 4873.73247091819
3107 4875.73902426918
3108 4877.74572830793
3109 4879.75257439162
3110 4881.75957120219
3111 4883.76671837209
3112 4885.77400726574
3113 4887.78144352679
3114 4889.78903584477
3115 4891.7967665391
3116 4893.80464428598
3117 4895.81267198417
3118 4897.8208492741
3119 4899.82916751
3120 4901.83763536352
3121 4903.84625249291
3122 4905.85501022062
3123 4907.8639172511
3124 4909.8729732165
3125 4911.88216946444
3126 4913.89151467414
3127 4915.90100269718
3128 4917.91064227385
3129 4919.920421657
3130 4921.93034958608
3131 4923.94042569307
3132 4925.9506412975
3133 4927.96100510655
3134 4929.97151677814
3135 4931.98216760492
3136 4933.99296630787
3137 4936.00390673645
3138 4938.01499763371
3139 4940.02623025713
3140 4942.03760427104
3141 4944.04912843714
3142 4946.0607939942
3143 4948.07260061241
3144 4950.0845570673
3145 4952.09665154854
3146 4954.10889283193
3147 4956.12128058814
3148 4958.13380604085
3149 4960.14647796671
3150 4962.15929019345
3151 4964.1722514855
3152 4966.18535309172
3153 4968.19859465603
3154 4970.21198498275
3155 4972.22551526775
3156 4974.23918519396
3157 4976.25300356653
3158 4978.26695851786
3159 4980.28105887947
3160 4982.29529842482
3161 4984.30968599929
3162 4986.32421277059
3163 4988.33887840847
3164 4990.35369175911
3165 4992.36864396328
3166 4994.38373470367
3167 4996.39897284035
3168 4998.41434951319
3169 5000.42986439178
3170 5002.44552043822
3171 5004.46132651394
3172 5006.47726455298
3173 5008.49334344255
3174 5010.50956898075
3175 5012.52593227931
3176 5014.54243303375
3177 5016.55908011991
3178 5018.57586463558
3179 5020.59278628926
3180 5022.60984801779
3181 5024.62705872453
3182 5026.64440031144
3183 5028.66188164242
3184 5030.67951164775
3185 5032.69727217541
3186 5034.71517215537
3187 5036.73322047958
3188 5038.7513990073
3189 5040.76971665627
3190 5042.78817926065
3191 5044.80677787988
3192 5046.82551223056
3193 5048.84438525654
3194 5050.86340590392
3195 5052.88255598862
3196 5054.90184444338
3197 5056.92128018902
3198 5058.94084503967
3199 5060.96054794195
3200 5062.98039783773
3201 5065.00037649176
3202 5067.02049287297
3203 5069.04074995246
3204 5071.0611474518
3205 5073.08167635602
3206 5075.10234255967
3207 5077.12315502553
3208 5079.14409549646
3209 5081.16517294796
3210 5083.18639635083
3211 5085.2077474246
3212 5087.22923515408
3213 5089.25086251123
3214 5091.27262924351
3215 5093.29452629378
3216 5095.31656265285
3217 5097.33873808121
3218 5099.36104349467
3219 5101.38348789796
3220 5103.40607107175
3221 5105.42878388326
3222 5107.45163229065
3223 5109.47461927979
3224 5111.49774458488
3225 5113.52099913269
3226 5115.54439192991
3227 5117.56792274987
3228 5119.59158246618
3229 5121.61538012556
3230 5123.63931549543
3231 5125.66337942686
3232 5127.68758100209
3233 5129.71191996824
3234 5131.73638716239
3235 5133.76098858429
3236 5135.78572722091
3237 5137.81060280622
3238 5139.83560623689
3239 5141.86074653632
3240 5143.88602351097
3241 5145.91142798268
3242 5147.9369690235
3243 5149.96264641953
3244 5151.98845097862
3245 5154.0143917998
3246 5156.04046256565
3247 5158.0666723805
3248 5160.09301203375
3249 5162.11948132387
3250 5164.14608933716
3251 5166.17282376855
3252 5168.19969373213
3253 5170.22669901385
3254 5172.25383036615
3255 5174.2810969563
3256 5176.30849242548
3257 5178.33602590704
3258 5180.36368816112
3259 5182.39147898604
3260 5184.41940752323
3261 5186.4474645102
3262 5188.47564975385
3263 5190.50397240232
3264 5192.5324231791
3265 5194.56100189104
3266 5196.58971155352
3267 5198.61855819035
3268 5200.64753255861
3269 5202.67663443025
3270 5204.70587298882
3271 5206.73523892948
3272 5208.76473208513
3273 5210.79436160676
3274 5212.82411820166
3275 5214.85400167653
3276 5216.88402123556
3277 5218.91416754002
3278 5220.94444040095
3279 5222.97484285664
3280 5225.00538411272
3281 5227.03604542762
3282 5229.06683602843
3283 5231.09776198119
3284 5233.12881395079
3285 5235.15999175688
3286 5237.19130460651
3287 5239.22274315783
3288 5241.25430722169
3289 5243.28599983729
3290 5245.31783023931
3291 5247.34977962763
3292 5249.38185725843
3293 5251.40911598656
3294 5253.59083295714
3295 5255.77275740854
3296 5257.95487677618
3297 5260.13720335843
3298 5262.31973084767
3299 5264.50245287584
3300 5266.68538177011
3301 5268.86850496962
3302 5271.0518348023
3303 5273.2353618228
3304 5275.4190921084
3305 5277.60302243122
3306 5279.78714642899
3307 5281.97147647081
3308 5284.15599992747
3309 5286.34072920813
3310 5288.52565165658
3311 5290.71077969003
3312 5292.896110067
3313 5295.08163008463
3314 5297.26735533657
3315 5299.45327313833
3316 5301.63939591484
3317 5303.82571102006
3318 5306.0122308535
3319 5308.19894905069
3320 5310.3858591851
3321 5312.57297370401
3322 5314.76028307749
3323 5316.94779344447
3324 5319.13549526099
3325 5321.32340100785
3326 5323.51150424625
3327 5325.6997985701
3328 5327.88829645979
3329 5330.0769851668
3330 5332.26587721318
3331 5334.45495985532
3332 5336.64424874832
3333 5338.83372481776
3334 5341.02340375296
3335 5343.21327909847
3336 5345.40334442005
3337 5347.59361224246
3338 5349.78406979293
3339 5351.97472961012
3340 5354.16557892044
3341 5356.3566334358
3342 5358.54788036324
3343 5360.73931639114
3344 5362.93095411985
3345 5365.12278070815
3346 5367.3148087367
3347 5369.50702540278
3348 5371.69944327471
3349 5373.89205590294
3350 5376.08485677566
3351 5378.27786169572
3352 5380.47105144576
3353 5382.66444182193
3354 5384.8580199792
3355 5387.05179852799
3356 5389.2457709705
3357 5391.4399308286
3358 5393.63429072534
3359 5395.82883778161
3360 5398.02358464911
3361 5400.21852161506
3362 5402.41365496983
3363 5404.60898140166
3364 5406.80449438415
3365 5409.00020659147
3366 5411.19610510627
3367 5413.39220261662
3368 5415.58848617975
3369 5417.78496851647
3370 5419.98164307345
3371 5422.17850653766
3372 5424.37556522189
3373 5426.57280935503
3374 5428.77025166724
3375 5430.96787918656
3376 5433.16570466279
3377 5435.36372154105
3378 5437.5619232656
3379 5439.76032258745
3380 5441.95890972948
3381 5444.15769102334
3382 5446.35665667783
3383 5448.5558194849
3384 5450.75517284872
3385 5452.95471022518
3386 5455.15444438113
3387 5457.3543622944
3388 5459.55447677034
3389 5461.75477475965
3390 5463.95527227391
3391 5466.15595633464
3392 5468.35682354728
3393 5470.5578867471
3394 5472.75913284902
3395 5474.96057469651
3396 5477.16219922819
3397 5479.36401926206
3398 5481.56602821234
3399 5483.76821947929
3400 5485.97060911882
3401 5488.17317762033
3402 5490.37594107413
3403 5492.57888635014
3404 5494.7820263217
3405 5496.98535438834
3406 5499.18886393561
3407 5501.39256783061
3408 5503.59645295598
3409 5505.80053543781
3410 5508.00479568843
3411 5510.209249846
3412 5512.41389126341
3413 5514.61871329836
3414 5516.82372891271
3415 5519.02892489412
3416 5521.23431421838
3417 5523.43988367228
3418 5525.645646253
3419 5527.85159848305
3420 5530.05772728647
3421 5532.2640488345
3422 5534.47054993806
3423 5536.67724356261
3424 5538.88411649189
3425 5541.09118173909
3426 5543.29843259211
3427 5545.50586239986
3428 5547.71348416925
3429 5549.92128786329
3430 5552.12928006122
3431 5554.33745073824
3432 5556.54581290284
3433 5558.75435987693
3434 5560.96308497231
3435 5563.17200121927
3436 5565.38109533069
3437 5567.59038036964
3438 5569.79984629617
3439 5572.00949966499
3440 5574.21933705758
3441 5576.42935170523
3442 5578.63955670684
3443 5580.84993875906
3444 5583.06051094095
3445 5585.27125992201
3446 5587.48219879525
3447 5589.69332085883
3448 5591.90462261403
3449 5594.11611069459
3450 5596.32777495856
3451 5598.5396285799
3452 5600.75165815927
3453 5602.96387684517
3454 5605.17627790783
3455 5607.38885457722
3456 5609.60162001053
3457 5611.81456083068
3458 5614.02769343267
3459 5616.24099792708
3460 5618.45449074158
3461 5620.66816510539
3462 5622.88201426001
3463 5625.09605139182
3464 5627.31026306803
3465 5629.52466248898
3466 5631.73923622288
3467 5633.95399748972
3468 5636.16894274195
3469 5638.3840587041
3470 5640.59936184843
3471 5642.81483872217
3472 5645.03050255858
3473 5647.24633986453
3474 5649.46236391549
3475 5651.67856789801
3476 5653.89494501093
3477 5656.11151178305
3478 5658.3282482018
3479 5660.5451707816
3480 5662.76226601307
3481 5664.97954720091
3482 5667.19700751688
3483 5669.41464014507
3484 5671.63245837822
3485 5673.85044867089
3486 5676.06862437685
3487 5678.28697516144
3488 5680.50550785998
3489 5682.72421886931
3490 5684.94310137192
3491 5687.16216868978
3492 5689.38140726117
3493 5691.60083044277
3494 5693.82042463049
3495 5696.04020319503
3496 5698.26015927863
3497 5700.48028930316
3498 5702.70060009841
3499 5704.92108131411
3500 5707.14174635496
3501 5709.36258159697
3502 5711.5836004305
3503 5713.80479597743
3504 5716.02616137751
3505 5718.24771002435
3506 5720.4694315656
3507 5722.69133287243
3508 5724.91340355196
3509 5727.13565704657
3510 5729.35808646694
3511 5731.58068490609
3512 5733.80346582642
3513 5736.02641555149
3514 5738.24954751815
3515 5740.47284804907
3516 5742.69633391158
3517 5744.9199916103
3518 5747.14381750586
3519 5749.3678251163
3520 5751.59200069614
3521 5753.81635776423
3522 5756.04088257422
3523 5758.26558863261
3524 5760.4904690433
3525 5762.71551683371
3526 5764.94074885549
3527 5767.16614474034
3528 5769.39172131983
3529 5771.61746484448
3530 5773.84338883689
3531 5776.06948638617
3532 5778.29575050492
3533 5780.52219477736
3534 5782.74880539903
3535 5784.97559925822
3536 5787.20255592796
3537 5789.42969231048
3538 5791.65700144606
3539 5793.88447635539
3540 5796.11213062911
3541 5798.33995045404
3542 5800.56794943695
3543 5802.79611371655
3544 5805.02445694002
3545 5807.25297543155
3546 5809.48165557886
3547 5811.71051433663
3548 5813.93953782604
3549 5816.16873969081
3550 5818.39810606651
3551 5820.62765060327
3552 5822.85736631175
3553 5825.08724617533
3554 5827.31730387945
3555 5829.54752881546
3556 5831.77792805705
3557 5834.0084910099
3558 5836.23923134026
3559 5838.47014205717
3560 5840.70121612917
3561 5842.93246726341
3562 5845.16388153171
3563 5847.39547263991
3564 5849.62722664574
3565 5851.8591605984
3566 5854.09126082464
3567 5856.32352359203
3568 5858.5559626767
3569 5860.78856406809
3570 5863.0213415542
3571 5865.25428112358
3572 5867.48739655404
3573 5869.72068079853
3574 5871.95413011085
3575 5874.18775164033
3576 5876.42153469358
3577 5878.65549307144
3578 5880.889612723
3579 5883.12390747634
3580 5885.35837026959
3581 5887.59299400033
3582 5889.82779250346
3583 5892.06275172796
3584 5894.29788884647
3585 5896.53318312019
3586 5898.76865173569
3587 5901.00428758983
3588 5903.24008360496
3589 5905.47605361898
3590 5907.71218356444
3591 5909.94848730652
3592 5912.18495074497
3593 5914.42158775679
3594 5916.65839457512
3595 5918.89535740745
3596 5921.13249349087
3597 5923.36978870189
3598 5925.60725694831
3599 5927.84488409253
3600 5930.08268406415
3601 5932.32064972805
3602 5934.55877394493
3603 5936.79707400878
3604 5939.03552905137
3605 5941.27415636744
3606 5943.51294178975
3607 5945.75189929057
3608 5947.99102170665
3609 5950.23030187062
3610 5952.46975378797
3611 5954.70936323627
3612 5956.94914420864
3613 5959.18908584044
3614 5961.42919543482
3615 5963.66946918225
3616 5965.90989990367
3617 5968.15050160212
3618 5970.39126003873
3619 5972.63218926254
3620 5974.87327499408
3621 5977.11453128326
3622 5979.3559509603
3623 5981.59753016455
3624 5983.83927623558
3625 5986.0811782777
3626 5988.32325034301
3627 5990.56547812232
3628 5992.8078757215
3629 5995.05043590844
3630 5997.2931515108
3631 5999.5360365805
3632 6001.77908018779
3633 6004.02228970615
3634 6006.26565415733
3635 6008.50918767668
3636 6010.75288301719
3637 6012.99673297061
3638 6015.24075166817
3639 6017.48492473989
3640 6019.72926633108
3641 6021.97376208642
3642 6024.21842950606
3643 6026.46325463113
3644 6028.70823358692
3645 6030.95338053416
3646 6033.19868107314
3647 6035.4441493787
3648 6037.68977106579
3649 6039.93556030234
3650 6042.18150985121
3651 6044.42761244788
3652 6046.67388565088
3653 6048.92030830215
3654 6051.16689798509
