1 -0.02966667 -0.08100000 0.02166667
2 -0.02966667 -0.08100000 0.02166667
3 -0.02966667 -0.08100000 0.02166667
4 0.00000000 0.00000000 0.00000000
5 -0.03900000 -0.05100000 -0.02700000
6 -0.06916666 -0.08583333 -0.05250000
7 -0.09933333 -0.12066666 -0.07800000
8 -0.12950000 -0.15550000 -0.10350000
9 -0.15966666 -0.19033333 -0.12900000
10 -0.18983333 -0.22516666 -0.15450000
11 -0.22000000 -0.26000000 -0.18000000
12 -0.24428571 -0.28571428 -0.20285714
13 -0.26857142 -0.31142857 -0.22571428
14 -0.29285714 -0.33714285 -0.24857142
15 -0.31714285 -0.36285714 -0.27142857
16 -0.34142857 -0.38857142 -0.29428571
17 -0.36571428 -0.41428571 -0.31714285
18 -0.39000000 -0.44000000 -0.34000000
19 -0.41142857 -0.46428571 -0.35857142
20 -0.43285714 -0.48857142 -0.37714285
21 -0.45428571 -0.51285714 -0.39571428
22 -0.47571428 -0.53714285 -0.41428571
23 -0.49714285 -0.56142857 -0.43285714
24 -0.51857142 -0.58571428 -0.45142857
25 -0.54000000 -0.61000000 -0.47000000
26 -0.55944444 -0.63111111 -0.48777777
27 -0.57888888 -0.65222222 -0.50555555
28 -0.59833333 -0.67333333 -0.52333333
29 -0.61777777 -0.69444444 -0.54111111
30 -0.63722222 -0.71555555 -0.55888888
31 -0.65666666 -0.73666666 -0.57666666
32 -0.67611111 -0.75777777 -0.59444444
33 -0.69555555 -0.77888888 -0.61222222
34 -0.71500000 -0.80000000 -0.63000000
35 -0.74109375 -0.82750000 -0.65468750
36 -0.76718750 -0.85500000 -0.67937500
37 -0.79328125 -0.88250000 -0.70406250
38 -0.81937500 -0.91000000 -0.72875000
39 -0.84546875 -0.93750000 -0.75343750
40 -0.87156250 -0.96500000 -0.77812500
41 -0.89765625 -0.99250000 -0.80281250
42 -0.92375000 -1.02000000 -0.82750000
43 -0.94984375 -1.04750000 -0.85218750
44 -0.97593750 -1.07500000 -0.87687500
45 -1.00203125 -1.10250000 -0.90156250
46 -1.02812500 -1.13000000 -0.92625000
47 -1.05421875 -1.15750000 -0.95093750
48 -1.08031250 -1.18500000 -0.97562500
49 -1.10640625 -1.21250000 -1.00031250
50 -1.13250000 -1.24000000 -1.02500000
51 -1.15859375 -1.26750000 -1.04968750
52 -1.18468750 -1.29500000 -1.07437500
53 -1.21078125 -1.32250000 -1.09906250
54 -1.23687500 -1.35000000 -1.12375000
55 -1.26296875 -1.37750000 -1.14843750
56 -1.28906250 -1.40500000 -1.17312500
57 -1.31515625 -1.43250000 -1.19781250
58 -1.34125000 -1.46000000 -1.22250000
59 -1.36734375 -1.48750000 -1.24718750
60 -1.39343750 -1.51500000 -1.27187500
61 -1.41953125 -1.54250000 -1.29656250
62 -1.44562500 -1.57000000 -1.32125000
63 -1.47171875 -1.59750000 -1.34593750
64 -1.49781250 -1.62500000 -1.37062500
65 -1.52390625 -1.65250000 -1.39531250
66 -1.55000000 -1.68000000 -1.42000000
67 -1.59916666 -1.73033333 -1.46800000
68 -1.64833333 -1.78066666 -1.51600000
69 -1.69750000 -1.83100000 -1.56400000
70 -1.74666666 -1.88133333 -1.61200000
71 -1.79583333 -1.93166666 -1.66000000
72 -1.84500000 -1.98200000 -1.70800000
73 -1.89416666 -2.03233333 -1.75600000
74 -1.94333333 -2.08266666 -1.80400000
75 -1.99250000 -2.13300000 -1.85200000
76 -2.04166666 -2.18333333 -1.90000000
77 -2.09083333 -2.23366666 -1.94800000
78 -2.14000000 -2.28400000 -1.99600000
79 -2.18916666 -2.33433333 -2.04400000
80 -2.23833333 -2.38466666 -2.09200000
81 -2.28750000 -2.43500000 -2.14000000
82 -2.33666666 -2.48533333 -2.18800000
83 -2.38583333 -2.53566666 -2.23600000
84 -2.43500000 -2.58600000 -2.28400000
85 -2.48416666 -2.63633333 -2.33200000
86 -2.53333333 -2.68666666 -2.38000000
87 -2.58250000 -2.73700000 -2.42800000
88 -2.63166666 -2.78733333 -2.47600000
89 -2.68083333 -2.83766666 -2.52400000
90 -2.73000000 -2.88800000 -2.57200000
91 -2.77916666 -2.93833333 -2.62000000
92 -2.82833333 -2.98866666 -2.66800000
93 -2.87750000 -3.03900000 -2.71600000
94 -2.92666666 -3.08933333 -2.76400000
95 -2.97583333 -3.13966666 -2.81200000
96 -3.02500000 -3.19000000 -2.86000000
97 -3.08553333 -3.25310000 -2.91796666
98 -3.14606666 -3.31620000 -2.97593333
99 -3.20660000 -3.37930000 -3.03390000
100 -3.26713333 -3.44240000 -3.09186666
101 -3.32766666 -3.50550000 -3.14983333
102 -3.38820000 -3.56860000 -3.20780000
103 -3.44873333 -3.63170000 -3.26576666
104 -3.50926666 -3.69480000 -3.32373333
105 -3.56980000 -3.75790000 -3.38170000
106 -3.63033333 -3.82100000 -3.43966666
107 -3.69086666 -3.88410000 -3.49763333
108 -3.75140000 -3.94720000 -3.55560000
109 -3.81193333 -4.01030000 -3.61356666
110 -3.87246666 -4.07340000 -3.67153333
111 -3.93300000 -4.13650000 -3.72950000
112 -3.99353333 -4.19960000 -3.78746666
113 -4.05406666 -4.26270000 -3.84543333
114 -4.11460000 -4.32580000 -3.90340000
115 -4.17513333 -4.38890000 -3.96136666
116 -4.23566666 -4.45200000 -4.01933333
117 -4.29620000 -4.51510000 -4.07730000
118 -4.35673333 -4.57820000 -4.13526666
119 -4.41726666 -4.64130000 -4.19323333
120 -4.47780000 -4.70440000 -4.25120000
121 -4.53833333 -4.76750000 -4.30916666
122 -4.59886666 -4.83060000 -4.36713333
123 -4.65940000 -4.89370000 -4.42510000
124 -4.71993333 -4.95680000 -4.48306666
125 -4.78046666 -5.01990000 -4.54103333
126 -4.84100000 -5.08300000 -4.59900000
127 -4.90951612 -5.15461290 -4.66441935
128 -4.97803225 -5.22622580 -4.72983870
129 -5.04654838 -5.29783870 -4.79525806
130 -5.11506451 -5.36945161 -4.86067741
131 -5.18358064 -5.44106451 -4.92609677
132 -5.25209677 -5.51267741 -4.99151612
133 -5.32061290 -5.58429032 -5.05693548
134 -5.38912903 -5.65590322 -5.12235483
135 -5.45764516 -5.72751612 -5.18777419
136 -5.52616129 -5.79912903 -5.25319354
137 -5.59467741 -5.87074193 -5.31861290
138 -5.66319354 -5.94235483 -5.38403225
139 -5.73170967 -6.01396774 -5.44945161
140 -5.80022580 -6.08558064 -5.51487096
141 -5.86874193 -6.15719354 -5.58029032
142 -5.93725806 -6.22880645 -5.64570967
143 -6.00577419 -6.30041935 -5.71112903
144 -6.07429032 -6.37203225 -5.77654838
145 -6.14280645 -6.44364516 -5.84196774
146 -6.21132258 -6.51525806 -5.90738709
147 -6.27983870 -6.58687096 -5.97280645
148 -6.34835483 -6.65848387 -6.03822580
149 -6.41687096 -6.73009677 -6.10364516
150 -6.48538709 -6.80170967 -6.16906451
151 -6.55390322 -6.87332258 -6.23448387
152 -6.62241935 -6.94493548 -6.29990322
153 -6.69093548 -7.01654838 -6.36532258
154 -6.75945161 -7.08816129 -6.43074193
155 -6.82796774 -7.15977419 -6.49616129
156 -6.89648387 -7.23138709 -6.56158064
157 -6.96500000 -7.30300000 -6.62700000
158 -7.05750000 -7.40090000 -6.71410000
159 -7.15000000 -7.49880000 -6.80120000
160 -7.24250000 -7.59670000 -6.88830000
161 -7.33500000 -7.69460000 -6.97540000
162 -7.42750000 -7.79250000 -7.06250000
163 -7.52000000 -7.89040000 -7.14960000
164 -7.61250000 -7.98830000 -7.23670000
165 -7.70500000 -8.08620000 -7.32380000
166 -7.79750000 -8.18410000 -7.41090000
167 -7.89000000 -8.28200000 -7.49800000
168 -7.98250000 -8.37990000 -7.58510000
169 -8.07500000 -8.47780000 -7.67220000
170 -8.16750000 -8.57570000 -7.75930000
171 -8.26000000 -8.67360000 -7.84640000
172 -8.35250000 -8.77150000 -7.93350000
173 -8.44500000 -8.86940000 -8.02060000
174 -8.53750000 -8.96730000 -8.10770000
175 -8.63000000 -9.06520000 -8.19480000
176 -8.72250000 -9.16310000 -8.28190000
177 -8.81500000 -9.26100000 -8.36900000
178 -8.90750000 -9.35890000 -8.45610000
179 -9.00000000 -9.45680000 -8.54320000
180 -9.09250000 -9.55470000 -8.63030000
181 -9.18500000 -9.65260000 -8.71740000
182 -9.27750000 -9.75050000 -8.80450000
183 -9.37000000 -9.84840000 -8.89160000
184 -9.46250000 -9.94630000 -8.97870000
185 -9.55500000 -10.04420000 -9.06580000
186 -9.64750000 -10.14210000 -9.15290000
187 -9.74000000 -10.24000000 -9.24000000
188 -9.83151515 -10.34606060 -9.31696969
189 -9.92303030 -10.45212121 -9.39393939
190 -10.01454545 -10.55818181 -9.47090909
191 -10.10606060 -10.66424242 -9.54787878
192 -10.19757575 -10.77030303 -9.62484848
193 -10.28909090 -10.87636363 -9.70181818
194 -10.38060606 -10.98242424 -9.77878787
195 -10.47212121 -11.08848484 -9.85575757
196 -10.56363636 -11.19454545 -9.93272727
197 -10.65515151 -11.30060606 -10.00969696
198 -10.74666666 -11.40666666 -10.08666666
199 -10.83818181 -11.51272727 -10.16363636
200 -10.92969696 -11.61878787 -10.24060606
201 -11.02121212 -11.72484848 -10.31757575
202 -11.11272727 -11.83090909 -10.39454545
203 -11.20424242 -11.93696969 -10.47151515
204 -11.29575757 -12.04303030 -10.54848484
205 -11.38727272 -12.14909090 -10.62545454
206 -11.47878787 -12.25515151 -10.70242424
207 -11.57030303 -12.36121212 -10.77939393
208 -11.66181818 -12.46727272 -10.85636363
209 -11.75333333 -12.57333333 -10.93333333
210 -11.84484848 -12.67939393 -11.01030303
211 -11.93636363 -12.78545454 -11.08727272
212 -12.02787878 -12.89151515 -11.16424242
213 -12.11939393 -12.99757575 -11.24121212
214 -12.21090909 -13.10363636 -11.31818181
215 -12.30242424 -13.20969696 -11.39515151
216 -12.39393939 -13.31575757 -11.47212121
217 -12.48545454 -13.42181818 -11.54909090
218 -12.57696969 -13.52787878 -11.62606060
219 -12.66848484 -13.63393939 -11.70303030
220 -12.76000000 -13.74000000 -11.78000000
221 -12.85672413 -13.83000000 -11.88344827
222 -12.95344827 -13.92000000 -11.98689655
223 -13.05017241 -14.01000000 -12.09034482
224 -13.14689655 -14.10000000 -12.19379310
225 -13.24362068 -14.19000000 -12.29724137
226 -13.34034482 -14.28000000 -12.40068965
227 -13.43706896 -14.37000000 -12.50413793
228 -13.53379310 -14.46000000 -12.60758620
229 -13.63051724 -14.55000000 -12.71103448
230 -13.72724137 -14.64000000 -12.81448275
231 -13.82396551 -14.73000000 -12.91793103
232 -13.92068965 -14.82000000 -13.02137931
233 -14.01741379 -14.91000000 -13.12482758
234 -14.11413793 -15.00000000 -13.22827586
235 -14.21086206 -15.09000000 -13.33172413
236 -14.30758620 -15.18000000 -13.43517241
237 -14.40431034 -15.27000000 -13.53862068
238 -14.50103448 -15.36000000 -13.64206896
239 -14.59775862 -15.45000000 -13.74551724
240 -14.69448275 -15.54000000 -13.84896551
241 -14.79120689 -15.63000000 -13.95241379
242 -14.88793103 -15.72000000 -14.05586206
243 -14.98465517 -15.81000000 -14.15931034
244 -15.08137931 -15.90000000 -14.26275862
245 -15.17810344 -15.99000000 -14.36620689
246 -15.27482758 -16.08000000 -14.46965517
247 -15.37155172 -16.17000000 -14.57310344
248 -15.46827586 -16.26000000 -14.67655172
249 -15.56500000 -16.35000000 -14.78000000
250 -15.65482142 -16.44857142 -14.86107142
251 -15.74464285 -16.54714285 -14.94214285
252 -15.83446428 -16.64571428 -15.02321428
253 -15.92428571 -16.74428571 -15.10428571
254 -16.01410714 -16.84285714 -15.18535714
255 -16.10392857 -16.94142857 -15.26642857
256 -16.19375000 -17.04000000 -15.34750000
257 -16.28357142 -17.13857142 -15.42857142
258 -16.37339285 -17.23714285 -15.50964285
259 -16.46321428 -17.33571428 -15.59071428
260 -16.55303571 -17.43428571 -15.67178571
261 -16.64285714 -17.53285714 -15.75285714
262 -16.73267857 -17.63142857 -15.83392857
263 -16.82250000 -17.73000000 -15.91500000
264 -16.91232142 -17.82857142 -15.99607142
265 -17.00214285 -17.92714285 -16.07714285
266 -17.09196428 -18.02571428 -16.15821428
267 -17.18178571 -18.12428571 -16.23928571
268 -17.27160714 -18.22285714 -16.32035714
269 -17.36142857 -18.32142857 -16.40142857
270 -17.45125000 -18.42000000 -16.48250000
271 -17.54107142 -18.51857142 -16.56357142
272 -17.63089285 -18.61714285 -16.64464285
273 -17.72071428 -18.71571428 -16.72571428
274 -17.81053571 -18.81428571 -16.80678571
275 -17.90035714 -18.91285714 -16.88785714
276 -17.99017857 -19.01142857 -16.96892857
277 -18.08000000 -19.11000000 -17.05000000
278 -18.17069354 -19.20432258 -17.13706451
279 -18.26138709 -19.29864516 -17.22412903
280 -18.35208064 -19.39296774 -17.31119354
281 -18.44277419 -19.48729032 -17.39825806
282 -18.53346774 -19.58161290 -17.48532258
283 -18.62416129 -19.67593548 -17.57238709
284 -18.71485483 -19.77025806 -17.65945161
285 -18.80554838 -19.86458064 -17.74651612
286 -18.89624193 -19.95890322 -17.83358064
287 -18.98693548 -20.05322580 -17.92064516
288 -19.07762903 -20.14754838 -18.00770967
289 -19.16832258 -20.24187096 -18.09477419
290 -19.25901612 -20.33619354 -18.18183870
291 -19.34970967 -20.43051612 -18.26890322
292 -19.44040322 -20.52483870 -18.35596774
293 -19.53109677 -20.61916129 -18.44303225
294 -19.62179032 -20.71348387 -18.53009677
295 -19.71248387 -20.80780645 -18.61716129
296 -19.80317741 -20.90212903 -18.70422580
297 -19.89387096 -20.99645161 -18.79129032
298 -19.98456451 -21.09077419 -18.87835483
299 -20.07525806 -21.18509677 -18.96541935
300 -20.16595161 -21.27941935 -19.05248387
301 -20.25664516 -21.37374193 -19.13954838
302 -20.34733870 -21.46806451 -19.22661290
303 -20.43803225 -21.56238709 -19.31367741
304 -20.52872580 -21.65670967 -19.40074193
305 -20.61941935 -21.75103225 -19.48780645
306 -20.71011290 -21.84535483 -19.57487096
307 -20.80080645 -21.93967741 -19.66193548
308 -20.89150000 -22.03400000 -19.74900000
309 -20.97546875 -22.12493750 -19.82600000
310 -21.05943750 -22.21587500 -19.90300000
311 -21.14340625 -22.30681250 -19.98000000
312 -21.22737500 -22.39775000 -20.05700000
313 -21.31134375 -22.48868750 -20.13400000
314 -21.39531250 -22.57962500 -20.21100000
315 -21.47928125 -22.67056250 -20.28800000
316 -21.56325000 -22.76150000 -20.36500000
317 -21.64721875 -22.85243750 -20.44200000
318 -21.73118750 -22.94337500 -20.51900000
319 -21.81515625 -23.03431250 -20.59600000
320 -21.89912500 -23.12525000 -20.67300000
321 -21.98309375 -23.21618750 -20.75000000
322 -22.06706250 -23.30712500 -20.82700000
323 -22.15103125 -23.39806250 -20.90400000
324 -22.23500000 -23.48900000 -20.98100000
325 -22.31896875 -23.57993750 -21.05800000
326 -22.40293750 -23.67087500 -21.13500000
327 -22.48690625 -23.76181250 -21.21200000
328 -22.57087500 -23.85275000 -21.28900000
329 -22.65484375 -23.94368750 -21.36600000
330 -22.73881250 -24.03462500 -21.44300000
331 -22.82278125 -24.12556250 -21.52000000
332 -22.90675000 -24.21650000 -21.59700000
333 -22.99071875 -24.30743750 -21.67400000
334 -23.07468750 -24.39837500 -21.75100000
335 -23.15865625 -24.48931250 -21.82800000
336 -23.24262500 -24.58025000 -21.90500000
337 -23.32659375 -24.67118750 -21.98200000
338 -23.41056250 -24.76212500 -22.05900000
339 -23.49453125 -24.85306250 -22.13600000
340 -23.57850000 -24.94400000 -22.21300000
341 -23.65872413 -25.03593103 -22.28151724
342 -23.73894827 -25.12786206 -22.35003448
343 -23.81917241 -25.21979310 -22.41855172
344 -23.89939655 -25.31172413 -22.48706896
345 -23.97962068 -25.40365517 -22.55558620
346 -24.05984482 -25.49558620 -22.62410344
347 -24.14006896 -25.58751724 -22.69262068
348 -24.22029310 -25.67944827 -22.76113793
349 -24.30051724 -25.77137931 -22.82965517
350 -24.38074137 -25.86331034 -22.89817241
351 -24.46096551 -25.95524137 -22.96668965
352 -24.54118965 -26.04717241 -23.03520689
353 -24.62141379 -26.13910344 -23.10372413
354 -24.70163793 -26.23103448 -23.17224137
355 -24.78186206 -26.32296551 -23.24075862
356 -24.86208620 -26.41489655 -23.30927586
357 -24.94231034 -26.50682758 -23.37779310
358 -25.02253448 -26.59875862 -23.44631034
359 -25.10275862 -26.69068965 -23.51482758
360 -25.18298275 -26.78262068 -23.58334482
361 -25.26320689 -26.87455172 -23.65186206
362 -25.34343103 -26.96648275 -23.72037931
363 -25.42365517 -27.05841379 -23.78889655
364 -25.50387931 -27.15034482 -23.85741379
365 -25.58410344 -27.24227586 -23.92593103
366 -25.66432758 -27.33420689 -23.99444827
367 -25.74455172 -27.42613793 -24.06296551
368 -25.82477586 -27.51806896 -24.13148275
369 -25.90500000 -27.61000000 -24.20000000
370 -25.98361413 -27.69382608 -24.27340217
371 -26.06222826 -27.77765217 -24.34680434
372 -26.14084239 -27.86147826 -24.42020652
373 -26.21945652 -27.94530434 -24.49360869
374 -26.29807065 -28.02913043 -24.56701086
375 -26.37668478 -28.11295652 -24.64041304
376 -26.45529891 -28.19678260 -24.71381521
377 -26.53391304 -28.28060869 -24.78721739
378 -26.61252717 -28.36443478 -24.86061956
379 -26.69114130 -28.44826086 -24.93402173
380 -26.76975543 -28.53208695 -25.00742391
381 -26.84836956 -28.61591304 -25.08082608
382 -26.92698369 -28.69973913 -25.15422826
383 -27.00559782 -28.78356521 -25.22763043
384 -27.08421195 -28.86739130 -25.30103260
385 -27.16282608 -28.95121739 -25.37443478
386 -27.24144021 -29.03504347 -25.44783695
387 -27.32005434 -29.11886956 -25.52123913
388 -27.39866847 -29.20269565 -25.59464130
389 -27.47728260 -29.28652173 -25.66804347
390 -27.55589673 -29.37034782 -25.74144565
391 -27.63451086 -29.45417391 -25.81484782
392 -27.71312500 -29.53800000 -25.88825000
393 -27.79173913 -29.62182608 -25.96165217
394 -27.87035326 -29.70565217 -26.03505434
395 -27.94896739 -29.78947826 -26.10845652
396 -28.02758152 -29.87330434 -26.18185869
397 -28.10619565 -29.95713043 -26.25526086
398 -28.18480978 -30.04095652 -26.32866304
399 -28.26342391 -30.12478260 -26.40206521
400 -28.34203804 -30.20860869 -26.47546739
401 -28.42065217 -30.29243478 -26.54886956
402 -28.49926630 -30.37626086 -26.62227173
403 -28.57788043 -30.46008695 -26.69567391
404 -28.65649456 -30.54391304 -26.76907608
405 -28.73510869 -30.62773913 -26.84247826
406 -28.81372282 -30.71156521 -26.91588043
407 -28.89233695 -30.79539130 -26.98928260
408 -28.97095108 -30.87921739 -27.06268478
409 -29.04956521 -30.96304347 -27.13608695
410 -29.12817934 -31.04686956 -27.20948913
411 -29.20679347 -31.13069565 -27.28289130
412 -29.28540760 -31.21452173 -27.35629347
413 -29.36402173 -31.29834782 -27.42969565
414 -29.44263586 -31.38217391 -27.50309782
415 -29.52125000 -31.46600000 -27.57650000
416 -29.59986413 -31.54982608 -27.64990217
417 -29.67847826 -31.63365217 -27.72330434
418 -29.75709239 -31.71747826 -27.79670652
419 -29.83570652 -31.80130434 -27.87010869
420 -29.91432065 -31.88513043 -27.94351086
421 -29.99293478 -31.96895652 -28.01691304
422 -30.07154891 -32.05278260 -28.09031521
423 -30.15016304 -32.13660869 -28.16371739
424 -30.22877717 -32.22043478 -28.23711956
425 -30.30739130 -32.30426086 -28.31052173
426 -30.38600543 -32.38808695 -28.38392391
427 -30.46461956 -32.47191304 -28.45732608
428 -30.54323369 -32.55573913 -28.53072826
429 -30.62184782 -32.63956521 -28.60413043
430 -30.70046195 -32.72339130 -28.67753260
431 -30.77907608 -32.80721739 -28.75093478
432 -30.85769021 -32.89104347 -28.82433695
433 -30.93630434 -32.97486956 -28.89773913
434 -31.01491847 -33.05869565 -28.97114130
435 -31.09353260 -33.14252173 -29.04454347
436 -31.17214673 -33.22634782 -29.11794565
437 -31.25076086 -33.31017391 -29.19134782
438 -31.32937500 -33.39400000 -29.26475000
439 -31.40798913 -33.47782608 -29.33815217
440 -31.48660326 -33.56165217 -29.41155434
441 -31.56521739 -33.64547826 -29.48495652
442 -31.64383152 -33.72930434 -29.55835869
443 -31.72244565 -33.81313043 -29.63176086
444 -31.80105978 -33.89695652 -29.70516304
445 -31.87967391 -33.98078260 -29.77856521
446 -31.95828804 -34.06460869 -29.85196739
447 -32.03690217 -34.14843478 -29.92536956
448 -32.11551630 -34.23226086 -29.99877173
449 -32.19413043 -34.31608695 -30.07217391
450 -32.27274456 -34.39991304 -30.14557608
451 -32.35135869 -34.48373913 -30.21897826
452 -32.42997282 -34.56756521 -30.29238043
453 -32.50858695 -34.65139130 -30.36578260
454 -32.58720108 -34.73521739 -30.43918478
455 -32.66581521 -34.81904347 -30.51258695
456 -32.74442934 -34.90286956 -30.58598913
457 -32.82304347 -34.98669565 -30.65939130
458 -32.90165760 -35.07052173 -30.73279347
459 -32.98027173 -35.15434782 -30.80619565
460 -33.05888586 -35.23817391 -30.87959782
461 -33.13750000 -35.32200000 -30.95300000
462 -33.21423076 -35.40362637 -31.02483516
463 -33.29096153 -35.48525274 -31.09667032
464 -33.36769230 -35.56687912 -31.16850549
465 -33.44442307 -35.64850549 -31.24034065
466 -33.52115384 -35.73013186 -31.31217582
467 -33.59788461 -35.81175824 -31.38401098
468 -33.67461538 -35.89338461 -31.45584615
469 -33.75134615 -35.97501098 -31.52768131
470 -33.82807692 -36.05663736 -31.59951648
471 -33.90480769 -36.13826373 -31.67135164
472 -33.98153846 -36.21989010 -31.74318681
473 -34.05826923 -36.30151648 -31.81502197
474 -34.13500000 -36.38314285 -31.88685714
475 -34.21173076 -36.46476923 -31.95869230
476 -34.28846153 -36.54639560 -32.03052747
477 -34.36519230 -36.62802197 -32.10236263
478 -34.44192307 -36.70964835 -32.17419780
479 -34.51865384 -36.79127472 -32.24603296
480 -34.59538461 -36.87290109 -32.31786813
481 -34.67211538 -36.95452747 -32.38970329
482 -34.74884615 -37.03615384 -32.46153846
483 -34.82557692 -37.11778021 -32.53337362
484 -34.90230769 -37.19940659 -32.60520879
485 -34.97903846 -37.28103296 -32.67704395
486 -35.05576923 -37.36265934 -32.74887912
487 -35.13250000 -37.44428571 -32.82071428
488 -35.20923076 -37.52591208 -32.89254945
489 -35.28596153 -37.60753846 -32.96438461
490 -35.36269230 -37.68916483 -33.03621978
491 -35.43942307 -37.77079120 -33.10805494
492 -35.51615384 -37.85241758 -33.17989010
493 -35.59288461 -37.93404395 -33.25172527
494 -35.66961538 -38.01567032 -33.32356043
495 -35.74634615 -38.09729670 -33.39539560
496 -35.82307692 -38.17892307 -33.46723076
497 -35.89980769 -38.26054945 -33.53906593
498 -35.97653846 -38.34217582 -33.61090109
499 -36.05326923 -38.42380219 -33.68273626
500 -36.13000000 -38.50542857 -33.75457142
501 -36.20673076 -38.58705494 -33.82640659
502 -36.28346153 -38.66868131 -33.89824175
503 -36.36019230 -38.75030769 -33.97007692
504 -36.43692307 -38.83193406 -34.04191208
505 -36.51365384 -38.91356043 -34.11374725
506 -36.59038461 -38.99518681 -34.18558241
507 -36.66711538 -39.07681318 -34.25741758
508 -36.74384615 -39.15843956 -34.32925274
509 -36.82057692 -39.24006593 -34.40108791
510 -36.89730769 -39.32169230 -34.47292307
511 -36.97403846 -39.40331868 -34.54475824
512 -37.05076923 -39.48494505 -34.61659340
513 -37.12750000 -39.56657142 -34.68842857
514 -37.20423076 -39.64819780 -34.76026373
515 -37.28096153 -39.72982417 -34.83209890
516 -37.35769230 -39.81145054 -34.90393406
517 -37.43442307 -39.89307692 -34.97576923
518 -37.51115384 -39.97470329 -35.04760439
519 -37.58788461 -40.05632967 -35.11943956
520 -37.66461538 -40.13795604 -35.19127472
521 -37.74134615 -40.21958241 -35.26310989
522 -37.81807692 -40.30120879 -35.33494505
523 -37.89480769 -40.38283516 -35.40678021
524 -37.97153846 -40.46446153 -35.47861538
525 -38.04826923 -40.54608791 -35.55045054
526 -38.12500000 -40.62771428 -35.62228571
527 -38.20173076 -40.70934065 -35.69412087
528 -38.27846153 -40.79096703 -35.76595604
529 -38.35519230 -40.87259340 -35.83779120
530 -38.43192307 -40.95421978 -35.90962637
531 -38.50865384 -41.03584615 -35.98146153
532 -38.58538461 -41.11747252 -36.05329670
533 -38.66211538 -41.19909890 -36.12513186
534 -38.73884615 -41.28072527 -36.19696703
535 -38.81557692 -41.36235164 -36.26880219
536 -38.89230769 -41.44397802 -36.34063736
537 -38.96903846 -41.52560439 -36.41247252
538 -39.04576923 -41.60723076 -36.48430769
539 -39.12250000 -41.68885714 -36.55614285
540 -39.19923076 -41.77048351 -36.62797802
541 -39.27596153 -41.85210989 -36.69981318
542 -39.35269230 -41.93373626 -36.77164835
543 -39.42942307 -42.01536263 -36.84348351
544 -39.50615384 -42.09698901 -36.91531868
545 -39.58288461 -42.17861538 -36.98715384
546 -39.65961538 -42.26024175 -37.05898901
547 -39.73634615 -42.34186813 -37.13082417
548 -39.81307692 -42.42349450 -37.20265934
549 -39.88980769 -42.50512087 -37.27449450
550 -39.96653846 -42.58674725 -37.34632967
551 -40.04326923 -42.66837362 -37.41816483
552 -40.12000000 -42.75000000 -37.49000000
553 -40.18436813 -42.82329670 -37.54543956
554 -40.24873626 -42.89659340 -37.60087912
555 -40.31310439 -42.96989010 -37.65631868
556 -40.37747252 -43.04318681 -37.71175824
557 -40.44184065 -43.11648351 -37.76719780
558 -40.50620879 -43.18978021 -37.82263736
559 -40.57057692 -43.26307692 -37.87807692
560 -40.63494505 -43.33637362 -37.93351648
561 -40.69931318 -43.40967032 -37.98895604
562 -40.76368131 -43.48296703 -38.04439560
563 -40.82804945 -43.55626373 -38.09983516
564 -40.89241758 -43.62956043 -38.15527472
565 -40.95678571 -43.70285714 -38.21071428
566 -41.02115384 -43.77615384 -38.26615384
567 -41.08552197 -43.84945054 -38.32159340
568 -41.14989010 -43.92274725 -38.37703296
569 -41.21425824 -43.99604395 -38.43247252
570 -41.27862637 -44.06934065 -38.48791208
571 -41.34299450 -44.14263736 -38.54335164
572 -41.40736263 -44.21593406 -38.59879120
573 -41.47173076 -44.28923076 -38.65423076
574 -41.53609890 -44.36252747 -38.70967032
575 -41.60046703 -44.43582417 -38.76510989
576 -41.66483516 -44.50912087 -38.82054945
577 -41.72920329 -44.58241758 -38.87598901
578 -41.79357142 -44.65571428 -38.93142857
579 -41.85793956 -44.72901098 -38.98686813
580 -41.92230769 -44.80230769 -39.04230769
581 -41.98667582 -44.87560439 -39.09774725
582 -42.05104395 -44.94890109 -39.15318681
583 -42.11541208 -45.02219780 -39.20862637
584 -42.17978021 -45.09549450 -39.26406593
585 -42.24414835 -45.16879120 -39.31950549
586 -42.30851648 -45.24208791 -39.37494505
587 -42.37288461 -45.31538461 -39.43038461
588 -42.43725274 -45.38868131 -39.48582417
589 -42.50162087 -45.46197802 -39.54126373
590 -42.56598901 -45.53527472 -39.59670329
591 -42.63035714 -45.60857142 -39.65214285
592 -42.69472527 -45.68186813 -39.70758241
593 -42.75909340 -45.75516483 -39.76302197
594 -42.82346153 -45.82846153 -39.81846153
595 -42.88782967 -45.90175824 -39.87390109
596 -42.95219780 -45.97505494 -39.92934065
597 -43.01656593 -46.04835164 -39.98478021
598 -43.08093406 -46.12164835 -40.04021978
599 -43.14530219 -46.19494505 -40.09565934
600 -43.20967032 -46.26824175 -40.15109890
601 -43.27403846 -46.34153846 -40.20653846
602 -43.33840659 -46.41483516 -40.26197802
603 -43.40277472 -46.48813186 -40.31741758
604 -43.46714285 -46.56142857 -40.37285714
605 -43.53151098 -46.63472527 -40.42829670
606 -43.59587912 -46.70802197 -40.48373626
607 -43.66024725 -46.78131868 -40.53917582
608 -43.72461538 -46.85461538 -40.59461538
609 -43.78898351 -46.92791208 -40.65005494
610 -43.85335164 -47.00120879 -40.70549450
611 -43.91771978 -47.07450549 -40.76093406
612 -43.98208791 -47.14780219 -40.81637362
613 -44.04645604 -47.22109890 -40.87181318
614 -44.11082417 -47.29439560 -40.92725274
615 -44.17519230 -47.36769230 -40.98269230
616 -44.23956043 -47.44098901 -41.03813186
617 -44.30392857 -47.51428571 -41.09357142
618 -44.36829670 -47.58758241 -41.14901098
619 -44.43266483 -47.66087912 -41.20445054
620 -44.49703296 -47.73417582 -41.25989010
621 -44.56140109 -47.80747252 -41.31532967
622 -44.62576923 -47.88076923 -41.37076923
623 -44.69013736 -47.95406593 -41.42620879
624 -44.75450549 -48.02736263 -41.48164835
625 -44.81887362 -48.10065934 -41.53708791
626 -44.88324175 -48.17395604 -41.59252747
627 -44.94760989 -48.24725274 -41.64796703
628 -45.01197802 -48.32054945 -41.70340659
629 -45.07634615 -48.39384615 -41.75884615
630 -45.14071428 -48.46714285 -41.81428571
631 -45.20508241 -48.54043956 -41.86972527
632 -45.26945054 -48.61373626 -41.92516483
633 -45.33381868 -48.68703296 -41.98060439
634 -45.39818681 -48.76032967 -42.03604395
635 -45.46255494 -48.83362637 -42.09148351
636 -45.52692307 -48.90692307 -42.14692307
637 -45.59129120 -48.98021978 -42.20236263
638 -45.65565934 -49.05351648 -42.25780219
639 -45.72002747 -49.12681318 -42.31324175
640 -45.78439560 -49.20010989 -42.36868131
641 -45.84876373 -49.27340659 -42.42412087
642 -45.91313186 -49.34670329 -42.47956043
643 -45.97750000 -49.42000000 -42.53500000
644 -46.05894021 -49.50532608 -42.61255434
645 -46.14038043 -49.59065217 -42.69010869
646 -46.22182065 -49.67597826 -42.76766304
647 -46.30326086 -49.76130434 -42.84521739
648 -46.38470108 -49.84663043 -42.92277173
649 -46.46614130 -49.93195652 -43.00032608
650 -46.54758152 -50.01728260 -43.07788043
651 -46.62902173 -50.10260869 -43.15543478
652 -46.71046195 -50.18793478 -43.23298913
653 -46.79190217 -50.27326086 -43.31054347
654 -46.87334239 -50.35858695 -43.38809782
655 -46.95478260 -50.44391304 -43.46565217
656 -47.03622282 -50.52923913 -43.54320652
657 -47.11766304 -50.61456521 -43.62076086
658 -47.19910326 -50.69989130 -43.69831521
659 -47.28054347 -50.78521739 -43.77586956
660 -47.36198369 -50.87054347 -43.85342391
661 -47.44342391 -50.95586956 -43.93097826
662 -47.52486413 -51.04119565 -44.00853260
663 -47.60630434 -51.12652173 -44.08608695
664 -47.68774456 -51.21184782 -44.16364130
665 -47.76918478 -51.29717391 -44.24119565
666 -47.85062500 -51.38250000 -44.31875000
667 -47.93206521 -51.46782608 -44.39630434
668 -48.01350543 -51.55315217 -44.47385869
669 -48.09494565 -51.63847826 -44.55141304
670 -48.17638586 -51.72380434 -44.62896739
671 -48.25782608 -51.80913043 -44.70652173
672 -48.33926630 -51.89445652 -44.78407608
673 -48.42070652 -51.97978260 -44.86163043
674 -48.50214673 -52.06510869 -44.93918478
675 -48.58358695 -52.15043478 -45.01673913
676 -48.66502717 -52.23576086 -45.09429347
677 -48.74646739 -52.32108695 -45.17184782
678 -48.82790760 -52.40641304 -45.24940217
679 -48.90934782 -52.49173913 -45.32695652
680 -48.99078804 -52.57706521 -45.40451086
681 -49.07222826 -52.66239130 -45.48206521
682 -49.15366847 -52.74771739 -45.55961956
683 -49.23510869 -52.83304347 -45.63717391
684 -49.31654891 -52.91836956 -45.71472826
685 -49.39798913 -53.00369565 -45.79228260
686 -49.47942934 -53.08902173 -45.86983695
687 -49.56086956 -53.17434782 -45.94739130
688 -49.64230978 -53.25967391 -46.02494565
689 -49.72375000 -53.34500000 -46.10250000
690 -49.80519021 -53.43032608 -46.18005434
691 -49.88663043 -53.51565217 -46.25760869
692 -49.96807065 -53.60097826 -46.33516304
693 -50.04951086 -53.68630434 -46.41271739
694 -50.13095108 -53.77163043 -46.49027173
695 -50.21239130 -53.85695652 -46.56782608
696 -50.29383152 -53.94228260 -46.64538043
697 -50.37527173 -54.02760869 -46.72293478
698 -50.45671195 -54.11293478 -46.80048913
699 -50.53815217 -54.19826086 -46.87804347
700 -50.61959239 -54.28358695 -46.95559782
701 -50.70103260 -54.36891304 -47.03315217
702 -50.78247282 -54.45423913 -47.11070652
703 -50.86391304 -54.53956521 -47.18826086
704 -50.94535326 -54.62489130 -47.26581521
705 -51.02679347 -54.71021739 -47.34336956
706 -51.10823369 -54.79554347 -47.42092391
707 -51.18967391 -54.88086956 -47.49847826
708 -51.27111413 -54.96619565 -47.57603260
709 -51.35255434 -55.05152173 -47.65358695
710 -51.43399456 -55.13684782 -47.73114130
711 -51.51543478 -55.22217391 -47.80869565
712 -51.59687500 -55.30750000 -47.88625000
713 -51.67831521 -55.39282608 -47.96380434
714 -51.75975543 -55.47815217 -48.04135869
715 -51.84119565 -55.56347826 -48.11891304
716 -51.92263586 -55.64880434 -48.19646739
717 -52.00407608 -55.73413043 -48.27402173
718 -52.08551630 -55.81945652 -48.35157608
719 -52.16695652 -55.90478260 -48.42913043
720 -52.24839673 -55.99010869 -48.50668478
721 -52.32983695 -56.07543478 -48.58423913
722 -52.41127717 -56.16076086 -48.66179347
723 -52.49271739 -56.24608695 -48.73934782
724 -52.57415760 -56.33141304 -48.81690217
725 -52.65559782 -56.41673913 -48.89445652
726 -52.73703804 -56.50206521 -48.97201086
727 -52.81847826 -56.58739130 -49.04956521
728 -52.89991847 -56.67271739 -49.12711956
729 -52.98135869 -56.75804347 -49.20467391
730 -53.06279891 -56.84336956 -49.28222826
731 -53.14423913 -56.92869565 -49.35978260
732 -53.22567934 -57.01402173 -49.43733695
733 -53.30711956 -57.09934782 -49.51489130
734 -53.38855978 -57.18467391 -49.59244565
735 -53.47000000 -57.27000000 -49.67000000
736 -53.55085831 -57.36149863 -49.74021798
737 -53.63171662 -57.45299727 -49.81043596
738 -53.71257493 -57.54449591 -49.88065395
739 -53.79343324 -57.63599455 -49.95087193
740 -53.87429155 -57.72749318 -50.02108991
741 -53.95514986 -57.81899182 -50.09130790
742 -54.03600817 -57.91049046 -50.16152588
743 -54.11686648 -58.00198910 -50.23174386
744 -54.19772479 -58.09348773 -50.30196185
745 -54.27858310 -58.18498637 -50.37217983
746 -54.35944141 -58.27648501 -50.44239782
747 -54.44029972 -58.36798365 -50.51261580
748 -54.52115803 -58.45948228 -50.58283378
749 -54.60201634 -58.55098092 -50.65305177
750 -54.68287465 -58.64247956 -50.72326975
751 -54.76373297 -58.73397820 -50.79348773
752 -54.84459128 -58.82547683 -50.86370572
753 -54.92544959 -58.91697547 -50.93392370
754 -55.00630790 -59.00847411 -51.00414168
755 -55.08716621 -59.09997275 -51.07435967
756 -55.16802452 -59.19147138 -51.14457765
757 -55.24888283 -59.28297002 -51.21479564
758 -55.32974114 -59.37446866 -51.28501362
759 -55.41059945 -59.46596730 -51.35523160
760 -55.49145776 -59.55746594 -51.42544959
761 -55.57231607 -59.64896457 -51.49566757
762 -55.65317438 -59.74046321 -51.56588555
763 -55.73403269 -59.83196185 -51.63610354
764 -55.81489100 -59.92346049 -51.70632152
765 -55.89574931 -60.01495912 -51.77653950
766 -55.97660762 -60.10645776 -51.84675749
767 -56.05746594 -60.19795640 -51.91697547
768 -56.13832425 -60.28945504 -51.98719346
769 -56.21918256 -60.38095367 -52.05741144
770 -56.30004087 -60.47245231 -52.12762942
771 -56.38089918 -60.56395095 -52.19784741
772 -56.46175749 -60.65544959 -52.26806539
773 -56.54261580 -60.74694822 -52.33828337
774 -56.62347411 -60.83844686 -52.40850136
775 -56.70433242 -60.92994550 -52.47871934
776 -56.78519073 -61.02144414 -52.54893732
777 -56.86604904 -61.11294277 -52.61915531
778 -56.94690735 -61.20444141 -52.68937329
779 -57.02776566 -61.29594005 -52.75959128
780 -57.10862397 -61.38743869 -52.82980926
781 -57.18948228 -61.47893732 -52.90002724
782 -57.27034059 -61.57043596 -52.97024523
783 -57.35119891 -61.66193460 -53.04046321
784 -57.43205722 -61.75343324 -53.11068119
785 -57.51291553 -61.84493188 -53.18089918
786 -57.59377384 -61.93643051 -53.25111716
787 -57.67463215 -62.02792915 -53.32133514
788 -57.75549046 -62.11942779 -53.39155313
789 -57.83634877 -62.21092643 -53.46177111
790 -57.91720708 -62.30242506 -53.53198910
791 -57.99806539 -62.39392370 -53.60220708
792 -58.07892370 -62.48542234 -53.67242506
793 -58.15978201 -62.57692098 -53.74264305
794 -58.24064032 -62.66841961 -53.81286103
795 -58.32149863 -62.75991825 -53.88307901
796 -58.40235694 -62.85141689 -53.95329700
797 -58.48321525 -62.94291553 -54.02351498
798 -58.56407356 -63.03441416 -54.09373297
799 -58.64493188 -63.12591280 -54.16395095
800 -58.72579019 -63.21741144 -54.23416893
801 -58.80664850 -63.30891008 -54.30438692
802 -58.88750681 -63.40040871 -54.37460490
803 -58.96836512 -63.49190735 -54.44482288
804 -59.04922343 -63.58340599 -54.51504087
805 -59.13008174 -63.67490463 -54.58525885
806 -59.21094005 -63.76640326 -54.65547683
807 -59.29179836 -63.85790190 -54.72569482
808 -59.37265667 -63.94940054 -54.79591280
809 -59.45351498 -64.04089918 -54.86613079
810 -59.53437329 -64.13239782 -54.93634877
811 -59.61523160 -64.22389645 -55.00656675
812 -59.69608991 -64.31539509 -55.07678474
813 -59.77694822 -64.40689373 -55.14700272
814 -59.85780653 -64.49839237 -55.21722070
815 -59.93866485 -64.58989100 -55.28743869
816 -60.01952316 -64.68138964 -55.35765667
817 -60.10038147 -64.77288828 -55.42787465
818 -60.18123978 -64.86438692 -55.49809264
819 -60.26209809 -64.95588555 -55.56831062
820 -60.34295640 -65.04738419 -55.63852861
821 -60.42381471 -65.13888283 -55.70874659
822 -60.50467302 -65.23038147 -55.77896457
823 -60.58553133 -65.32188010 -55.84918256
824 -60.66638964 -65.41337874 -55.91940054
825 -60.74724795 -65.50487738 -55.98961852
826 -60.82810626 -65.59637602 -56.05983651
827 -60.90896457 -65.68787465 -56.13005449
828 -60.98982288 -65.77937329 -56.20027247
829 -61.07068119 -65.87087193 -56.27049046
830 -61.15153950 -65.96237057 -56.34070844
831 -61.23239782 -66.05386920 -56.41092643
832 -61.31325613 -66.14536784 -56.48114441
833 -61.39411444 -66.23686648 -56.55136239
834 -61.47497275 -66.32836512 -56.62158038
835 -61.55583106 -66.41986376 -56.69179836
836 -61.63668937 -66.51136239 -56.76201634
837 -61.71754768 -66.60286103 -56.83223433
838 -61.79840599 -66.69435967 -56.90245231
839 -61.87926430 -66.78585831 -56.97267029
840 -61.96012261 -66.87735694 -57.04288828
841 -62.04098092 -66.96885558 -57.11310626
842 -62.12183923 -67.06035422 -57.18332425
843 -62.20269754 -67.15185286 -57.25354223
844 -62.28355585 -67.24335149 -57.32376021
845 -62.36441416 -67.33485013 -57.39397820
846 -62.44527247 -67.42634877 -57.46419618
847 -62.52613079 -67.51784741 -57.53441416
848 -62.60698910 -67.60934604 -57.60463215
849 -62.68784741 -67.70084468 -57.67485013
850 -62.76870572 -67.79234332 -57.74506811
851 -62.84956403 -67.88384196 -57.81528610
852 -62.93042234 -67.97534059 -57.88550408
853 -63.01128065 -68.06683923 -57.95572207
854 -63.09213896 -68.15833787 -58.02594005
855 -63.17299727 -68.24983651 -58.09615803
856 -63.25385558 -68.34133514 -58.16637602
857 -63.33471389 -68.43283378 -58.23659400
858 -63.41557220 -68.52433242 -58.30681198
859 -63.49643051 -68.61583106 -58.37702997
860 -63.57728882 -68.70732970 -58.44724795
861 -63.65814713 -68.79882833 -58.51746594
862 -63.73900544 -68.89032697 -58.58768392
863 -63.81986376 -68.98182561 -58.65790190
864 -63.90072207 -69.07332425 -58.72811989
865 -63.98158038 -69.16482288 -58.79833787
866 -64.06243869 -69.25632152 -58.86855585
867 -64.14329700 -69.34782016 -58.93877384
868 -64.22415531 -69.43931880 -59.00899182
869 -64.30501362 -69.53081743 -59.07920980
870 -64.38587193 -69.62231607 -59.14942779
871 -64.46673024 -69.71381471 -59.21964577
872 -64.54758855 -69.80531335 -59.28986376
873 -64.62844686 -69.89681198 -59.36008174
874 -64.70930517 -69.98831062 -59.43029972
875 -64.79016348 -70.07980926 -59.50051771
876 -64.87102179 -70.17130790 -59.57073569
877 -64.95188010 -70.26280653 -59.64095367
878 -65.03273841 -70.35430517 -59.71117166
879 -65.11359673 -70.44580381 -59.78138964
880 -65.19445504 -70.53730245 -59.85160762
881 -65.27531335 -70.62880108 -59.92182561
882 -65.35617166 -70.72029972 -59.99204359
883 -65.43702997 -70.81179836 -60.06226158
884 -65.51788828 -70.90329700 -60.13247956
885 -65.59874659 -70.99479564 -60.20269754
886 -65.67960490 -71.08629427 -60.27291553
887 -65.76046321 -71.17779291 -60.34313351
888 -65.84132152 -71.26929155 -60.41335149
889 -65.92217983 -71.36079019 -60.48356948
890 -66.00303814 -71.45228882 -60.55378746
891 -66.08389645 -71.54378746 -60.62400544
892 -66.16475476 -71.63528610 -60.69422343
893 -66.24561307 -71.72678474 -60.76444141
894 -66.32647138 -71.81828337 -60.83465940
895 -66.40732970 -71.90978201 -60.90487738
896 -66.48818801 -72.00128065 -60.97509536
897 -66.56904632 -72.09277929 -61.04531335
898 -66.64990463 -72.18427792 -61.11553133
899 -66.73076294 -72.27577656 -61.18574931
900 -66.81162125 -72.36727520 -61.25596730
901 -66.89247956 -72.45877384 -61.32618528
902 -66.97333787 -72.55027247 -61.39640326
903 -67.05419618 -72.64177111 -61.46662125
904 -67.13505449 -72.73326975 -61.53683923
905 -67.21591280 -72.82476839 -61.60705722
906 -67.29677111 -72.91626703 -61.67727520
907 -67.37762942 -73.00776566 -61.74749318
908 -67.45848773 -73.09926430 -61.81771117
909 -67.53934604 -73.19076294 -61.88792915
910 -67.62020435 -73.28226158 -61.95814713
911 -67.70106267 -73.37376021 -62.02836512
912 -67.78192098 -73.46525885 -62.09858310
913 -67.86277929 -73.55675749 -62.16880108
914 -67.94363760 -73.64825613 -62.23901907
915 -68.02449591 -73.73975476 -62.30923705
916 -68.10535422 -73.83125340 -62.37945504
917 -68.18621253 -73.92275204 -62.44967302
918 -68.26707084 -74.01425068 -62.51989100
919 -68.34792915 -74.10574931 -62.59010899
920 -68.42878746 -74.19724795 -62.66032697
921 -68.50964577 -74.28874659 -62.73054495
922 -68.59050408 -74.38024523 -62.80076294
923 -68.67136239 -74.47174386 -62.87098092
924 -68.75222070 -74.56324250 -62.94119891
925 -68.83307901 -74.65474114 -63.01141689
926 -68.91393732 -74.74623978 -63.08163487
927 -68.99479564 -74.83773841 -63.15185286
928 -69.07565395 -74.92923705 -63.22207084
929 -69.15651226 -75.02073569 -63.29228882
930 -69.23737057 -75.11223433 -63.36250681
931 -69.31822888 -75.20373297 -63.43272479
932 -69.39908719 -75.29523160 -63.50294277
933 -69.47994550 -75.38673024 -63.57316076
934 -69.56080381 -75.47822888 -63.64337874
935 -69.64166212 -75.56972752 -63.71359673
936 -69.72252043 -75.66122615 -63.78381471
937 -69.80337874 -75.75272479 -63.85403269
938 -69.88423705 -75.84422343 -63.92425068
939 -69.96509536 -75.93572207 -63.99446866
940 -70.04595367 -76.02722070 -64.06468664
941 -70.12681198 -76.11871934 -64.13490463
942 -70.20767029 -76.21021798 -64.20512261
943 -70.28852861 -76.30171662 -64.27534059
944 -70.36938692 -76.39321525 -64.34555858
945 -70.45024523 -76.48471389 -64.41577656
946 -70.53110354 -76.57621253 -64.48599455
947 -70.61196185 -76.66771117 -64.55621253
948 -70.69282016 -76.75920980 -64.62643051
949 -70.77367847 -76.85070844 -64.69664850
950 -70.85453678 -76.94220708 -64.76686648
951 -70.93539509 -77.03370572 -64.83708446
952 -71.01625340 -77.12520435 -64.90730245
953 -71.09711171 -77.21670299 -64.97752043
954 -71.17797002 -77.30820163 -65.04773841
955 -71.25882833 -77.39970027 -65.11795640
956 -71.33968664 -77.49119891 -65.18817438
957 -71.42054495 -77.58269754 -65.25839237
958 -71.50140326 -77.67419618 -65.32861035
959 -71.58226158 -77.76569482 -65.39882833
960 -71.66311989 -77.85719346 -65.46904632
961 -71.74397820 -77.94869209 -65.53926430
962 -71.82483651 -78.04019073 -65.60948228
963 -71.90569482 -78.13168937 -65.67970027
964 -71.98655313 -78.22318801 -65.74991825
965 -72.06741144 -78.31468664 -65.82013623
966 -72.14826975 -78.40618528 -65.89035422
967 -72.22912806 -78.49768392 -65.96057220
968 -72.30998637 -78.58918256 -66.03079019
969 -72.39084468 -78.68068119 -66.10100817
970 -72.47170299 -78.77217983 -66.17122615
971 -72.55256130 -78.86367847 -66.24144414
972 -72.63341961 -78.95517711 -66.31166212
973 -72.71427792 -79.04667574 -66.38188010
974 -72.79513623 -79.13817438 -66.45209809
975 -72.87599455 -79.22967302 -66.52231607
976 -72.95685286 -79.32117166 -66.59253405
977 -73.03771117 -79.41267029 -66.66275204
978 -73.11856948 -79.50416893 -66.73297002
979 -73.19942779 -79.59566757 -66.80318801
980 -73.28028610 -79.68716621 -66.87340599
981 -73.36114441 -79.77866485 -66.94362397
982 -73.44200272 -79.87016348 -67.01384196
983 -73.52286103 -79.96166212 -67.08405994
984 -73.60371934 -80.05316076 -67.15427792
985 -73.68457765 -80.14465940 -67.22449591
986 -73.76543596 -80.23615803 -67.29471389
987 -73.84629427 -80.32765667 -67.36493188
988 -73.92715258 -80.41915531 -67.43514986
989 -74.00801089 -80.51065395 -67.50536784
990 -74.08886920 -80.60215258 -67.57558583
991 -74.16972752 -80.69365122 -67.64580381
992 -74.25058583 -80.78514986 -67.71602179
993 -74.33144414 -80.87664850 -67.78623978
994 -74.41230245 -80.96814713 -67.85645776
995 -74.49316076 -81.05964577 -67.92667574
996 -74.57401907 -81.15114441 -67.99689373
997 -74.65487738 -81.24264305 -68.06711171
998 -74.73573569 -81.33414168 -68.13732970
999 -74.81659400 -81.42564032 -68.20754768
1000 -74.89745231 -81.51713896 -68.27776566
1001 -74.97831062 -81.60863760 -68.34798365
1002 -75.05916893 -81.70013623 -68.41820163
1003 -75.14002724 -81.79163487 -68.48841961
1004 -75.22088555 -81.88313351 -68.55863760
1005 -75.30174386 -81.97463215 -68.62885558
1006 -75.38260217 -82.06613079 -68.69907356
1007 -75.46346049 -82.15762942 -68.76929155
1008 -75.54431880 -82.24912806 -68.83950953
1009 -75.62517711 -82.34062670 -68.90972752
1010 -75.70603542 -82.43212534 -68.97994550
1011 -75.78689373 -82.52362397 -69.05016348
1012 -75.86775204 -82.61512261 -69.12038147
1013 -75.94861035 -82.70662125 -69.19059945
1014 -76.02946866 -82.79811989 -69.26081743
1015 -76.11032697 -82.88961852 -69.33103542
1016 -76.19118528 -82.98111716 -69.40125340
1017 -76.27204359 -83.07261580 -69.47147138
1018 -76.35290190 -83.16411444 -69.54168937
1019 -76.43376021 -83.25561307 -69.61190735
1020 -76.51461852 -83.34711171 -69.68212534
1021 -76.59547683 -83.43861035 -69.75234332
1022 -76.67633514 -83.53010899 -69.82256130
1023 -76.75719346 -83.62160762 -69.89277929
1024 -76.83805177 -83.71310626 -69.96299727
1025 -76.91891008 -83.80460490 -70.03321525
1026 -76.99976839 -83.89610354 -70.10343324
1027 -77.08062670 -83.98760217 -70.17365122
1028 -77.16148501 -84.07910081 -70.24386920
1029 -77.24234332 -84.17059945 -70.31408719
1030 -77.32320163 -84.26209809 -70.38430517
1031 -77.40405994 -84.35359673 -70.45452316
1032 -77.48491825 -84.44509536 -70.52474114
1033 -77.56577656 -84.53659400 -70.59495912
1034 -77.64663487 -84.62809264 -70.66517711
1035 -77.72749318 -84.71959128 -70.73539509
1036 -77.80835149 -84.81108991 -70.80561307
1037 -77.88920980 -84.90258855 -70.87583106
1038 -77.97006811 -84.99408719 -70.94604904
1039 -78.05092643 -85.08558583 -71.01626703
1040 -78.13178474 -85.17708446 -71.08648501
1041 -78.21264305 -85.26858310 -71.15670299
1042 -78.29350136 -85.36008174 -71.22692098
1043 -78.37435967 -85.45158038 -71.29713896
1044 -78.45521798 -85.54307901 -71.36735694
1045 -78.53607629 -85.63457765 -71.43757493
1046 -78.61693460 -85.72607629 -71.50779291
1047 -78.69779291 -85.81757493 -71.57801089
1048 -78.77865122 -85.90907356 -71.64822888
1049 -78.85950953 -86.00057220 -71.71844686
1050 -78.94036784 -86.09207084 -71.78866485
1051 -79.02122615 -86.18356948 -71.85888283
1052 -79.10208446 -86.27506811 -71.92910081
1053 -79.18294277 -86.36656675 -71.99931880
1054 -79.26380108 -86.45806539 -72.06953678
1055 -79.34465940 -86.54956403 -72.13975476
1056 -79.42551771 -86.64106267 -72.20997275
1057 -79.50637602 -86.73256130 -72.28019073
1058 -79.58723433 -86.82405994 -72.35040871
1059 -79.66809264 -86.91555858 -72.42062670
1060 -79.74895095 -87.00705722 -72.49084468
1061 -79.82980926 -87.09855585 -72.56106267
1062 -79.91066757 -87.19005449 -72.63128065
1063 -79.99152588 -87.28155313 -72.70149863
1064 -80.07238419 -87.37305177 -72.77171662
1065 -80.15324250 -87.46455040 -72.84193460
1066 -80.23410081 -87.55604904 -72.91215258
1067 -80.31495912 -87.64754768 -72.98237057
1068 -80.39581743 -87.73904632 -73.05258855
1069 -80.47667574 -87.83054495 -73.12280653
1070 -80.55753405 -87.92204359 -73.19302452
1071 -80.63839237 -88.01354223 -73.26324250
1072 -80.71925068 -88.10504087 -73.33346049
1073 -80.80010899 -88.19653950 -73.40367847
1074 -80.88096730 -88.28803814 -73.47389645
1075 -80.96182561 -88.37953678 -73.54411444
1076 -81.04268392 -88.47103542 -73.61433242
1077 -81.12354223 -88.56253405 -73.68455040
1078 -81.20440054 -88.65403269 -73.75476839
1079 -81.28525885 -88.74553133 -73.82498637
1080 -81.36611716 -88.83702997 -73.89520435
1081 -81.44697547 -88.92852861 -73.96542234
1082 -81.52783378 -89.02002724 -74.03564032
1083 -81.60869209 -89.11152588 -74.10585831
1084 -81.68955040 -89.20302452 -74.17607629
1085 -81.77040871 -89.29452316 -74.24629427
1086 -81.85126703 -89.38602179 -74.31651226
1087 -81.93212534 -89.47752043 -74.38673024
1088 -82.01298365 -89.56901907 -74.45694822
1089 -82.09384196 -89.66051771 -74.52716621
1090 -82.17470027 -89.75201634 -74.59738419
1091 -82.25555858 -89.84351498 -74.66760217
1092 -82.33641689 -89.93501362 -74.73782016
1093 -82.41727520 -90.02651226 -74.80803814
1094 -82.49813351 -90.11801089 -74.87825613
1095 -82.57899182 -90.20950953 -74.94847411
1096 -82.65985013 -90.30100817 -75.01869209
1097 -82.74070844 -90.39250681 -75.08891008
1098 -82.82156675 -90.48400544 -75.15912806
1099 -82.90242506 -90.57550408 -75.22934604
1100 -82.98328337 -90.66700272 -75.29956403
1101 -83.06414168 -90.75850136 -75.36978201
1102 -83.14500000 -90.85000000 -75.44000000
1103 -83.24391483 -90.97403846 -75.51379120
1104 -83.34282967 -91.09807692 -75.58758241
1105 -83.44174450 -91.22211538 -75.66137362
1106 -83.54065934 -91.34615384 -75.73516483
1107 -83.63957417 -91.47019230 -75.80895604
1108 -83.73848901 -91.59423076 -75.88274725
1109 -83.83740384 -91.71826923 -75.95653846
1110 -83.93631868 -91.84230769 -76.03032967
1111 -84.03523351 -91.96634615 -76.10412087
1112 -84.13414835 -92.09038461 -76.17791208
1113 -84.23306318 -92.21442307 -76.25170329
1114 -84.33197802 -92.33846153 -76.32549450
1115 -84.43089285 -92.46250000 -76.39928571
1116 -84.52980769 -92.58653846 -76.47307692
1117 -84.62872252 -92.71057692 -76.54686813
1118 -84.72763736 -92.83461538 -76.62065934
1119 -84.82655219 -92.95865384 -76.69445054
1120 -84.92546703 -93.08269230 -76.76824175
1121 -85.02438186 -93.20673076 -76.84203296
1122 -85.12329670 -93.33076923 -76.91582417
1123 -85.22221153 -93.45480769 -76.98961538
1124 -85.32112637 -93.57884615 -77.06340659
1125 -85.42004120 -93.70288461 -77.13719780
1126 -85.51895604 -93.82692307 -77.21098901
1127 -85.61787087 -93.95096153 -77.28478021
1128 -85.71678571 -94.07500000 -77.35857142
1129 -85.81570054 -94.19903846 -77.43236263
1130 -85.91461538 -94.32307692 -77.50615384
1131 -86.01353021 -94.44711538 -77.57994505
1132 -86.11244505 -94.57115384 -77.65373626
1133 -86.21135989 -94.69519230 -77.72752747
1134 -86.31027472 -94.81923076 -77.80131868
1135 -86.40918956 -94.94326923 -77.87510989
1136 -86.50810439 -95.06730769 -77.94890109
1137 -86.60701923 -95.19134615 -78.02269230
1138 -86.70593406 -95.31538461 -78.09648351
1139 -86.80484890 -95.43942307 -78.17027472
1140 -86.90376373 -95.56346153 -78.24406593
1141 -87.00267857 -95.68750000 -78.31785714
1142 -87.10159340 -95.81153846 -78.39164835
1143 -87.20050824 -95.93557692 -78.46543956
1144 -87.29942307 -96.05961538 -78.53923076
1145 -87.39833791 -96.18365384 -78.61302197
1146 -87.49725274 -96.30769230 -78.68681318
1147 -87.59616758 -96.43173076 -78.76060439
1148 -87.69508241 -96.55576923 -78.83439560
1149 -87.79399725 -96.67980769 -78.90818681
1150 -87.89291208 -96.80384615 -78.98197802
1151 -87.99182692 -96.92788461 -79.05576923
1152 -88.09074175 -97.05192307 -79.12956043
1153 -88.18965659 -97.17596153 -79.20335164
1154 -88.28857142 -97.30000000 -79.27714285
1155 -88.38748626 -97.42403846 -79.35093406
1156 -88.48640109 -97.54807692 -79.42472527
1157 -88.58531593 -97.67211538 -79.49851648
1158 -88.68423076 -97.79615384 -79.57230769
1159 -88.78314560 -97.92019230 -79.64609890
1160 -88.88206043 -98.04423076 -79.71989010
1161 -88.98097527 -98.16826923 -79.79368131
1162 -89.07989010 -98.29230769 -79.86747252
1163 -89.17880494 -98.41634615 -79.94126373
1164 -89.27771978 -98.54038461 -80.01505494
1165 -89.37663461 -98.66442307 -80.08884615
1166 -89.47554945 -98.78846153 -80.16263736
1167 -89.57446428 -98.91250000 -80.23642857
1168 -89.67337912 -99.03653846 -80.31021978
1169 -89.77229395 -99.16057692 -80.38401098
1170 -89.87120879 -99.28461538 -80.45780219
1171 -89.97012362 -99.40865384 -80.53159340
1172 -90.06903846 -99.53269230 -80.60538461
1173 -90.16795329 -99.65673076 -80.67917582
1174 -90.26686813 -99.78076923 -80.75296703
1175 -90.36578296 -99.90480769 -80.82675824
1176 -90.46469780 -100.02884615 -80.90054945
1177 -90.56361263 -100.15288461 -80.97434065
1178 -90.66252747 -100.27692307 -81.04813186
1179 -90.76144230 -100.40096153 -81.12192307
1180 -90.86035714 -100.52500000 -81.19571428
1181 -90.95927197 -100.64903846 -81.26950549
1182 -91.05818681 -100.77307692 -81.34329670
1183 -91.15710164 -100.89711538 -81.41708791
1184 -91.25601648 -101.02115384 -81.49087912
1185 -91.35493131 -101.14519230 -81.56467032
1186 -91.45384615 -101.26923076 -81.63846153
1187 -91.55276098 -101.39326923 -81.71225274
1188 -91.65167582 -101.51730769 -81.78604395
1189 -91.75059065 -101.64134615 -81.85983516
1190 -91.84950549 -101.76538461 -81.93362637
1191 -91.94842032 -101.88942307 -82.00741758
1192 -92.04733516 -102.01346153 -82.08120879
1193 -92.14625000 -102.13750000 -82.15500000
1194 -92.24516483 -102.26153846 -82.22879120
1195 -92.34407967 -102.38557692 -82.30258241
1196 -92.44299450 -102.50961538 -82.37637362
1197 -92.54190934 -102.63365384 -82.45016483
1198 -92.64082417 -102.75769230 -82.52395604
1199 -92.73973901 -102.88173076 -82.59774725
1200 -92.83865384 -103.00576923 -82.67153846
1201 -92.93756868 -103.12980769 -82.74532967
1202 -93.03648351 -103.25384615 -82.81912087
1203 -93.13539835 -103.37788461 -82.89291208
1204 -93.23431318 -103.50192307 -82.96670329
1205 -93.33322802 -103.62596153 -83.04049450
1206 -93.43214285 -103.75000000 -83.11428571
1207 -93.53105769 -103.87403846 -83.18807692
1208 -93.62997252 -103.99807692 -83.26186813
1209 -93.72888736 -104.12211538 -83.33565934
1210 -93.82780219 -104.24615384 -83.40945054
1211 -93.92671703 -104.37019230 -83.48324175
1212 -94.02563186 -104.49423076 -83.55703296
1213 -94.12454670 -104.61826923 -83.63082417
1214 -94.22346153 -104.74230769 -83.70461538
1215 -94.32237637 -104.86634615 -83.77840659
1216 -94.42129120 -104.99038461 -83.85219780
1217 -94.52020604 -105.11442307 -83.92598901
1218 -94.61912087 -105.23846153 -83.99978021
1219 -94.71803571 -105.36250000 -84.07357142
1220 -94.81695054 -105.48653846 -84.14736263
1221 -94.91586538 -105.61057692 -84.22115384
1222 -95.01478021 -105.73461538 -84.29494505
1223 -95.11369505 -105.85865384 -84.36873626
1224 -95.21260989 -105.98269230 -84.44252747
1225 -95.31152472 -106.10673076 -84.51631868
1226 -95.41043956 -106.23076923 -84.59010989
1227 -95.50935439 -106.35480769 -84.66390109
1228 -95.60826923 -106.47884615 -84.73769230
1229 -95.70718406 -106.60288461 -84.81148351
1230 -95.80609890 -106.72692307 -84.88527472
1231 -95.90501373 -106.85096153 -84.95906593
1232 -96.00392857 -106.97500000 -85.03285714
1233 -96.10284340 -107.09903846 -85.10664835
1234 -96.20175824 -107.22307692 -85.18043956
1235 -96.30067307 -107.34711538 -85.25423076
1236 -96.39958791 -107.47115384 -85.32802197
1237 -96.49850274 -107.59519230 -85.40181318
1238 -96.59741758 -107.71923076 -85.47560439
1239 -96.69633241 -107.84326923 -85.54939560
1240 -96.79524725 -107.96730769 -85.62318681
1241 -96.89416208 -108.09134615 -85.69697802
1242 -96.99307692 -108.21538461 -85.77076923
1243 -97.09199175 -108.33942307 -85.84456043
1244 -97.19090659 -108.46346153 -85.91835164
1245 -97.28982142 -108.58750000 -85.99214285
1246 -97.38873626 -108.71153846 -86.06593406
1247 -97.48765109 -108.83557692 -86.13972527
1248 -97.58656593 -108.95961538 -86.21351648
1249 -97.68548076 -109.08365384 -86.28730769
1250 -97.78439560 -109.20769230 -86.36109890
1251 -97.88331043 -109.33173076 -86.43489010
1252 -97.98222527 -109.45576923 -86.50868131
1253 -98.08114010 -109.57980769 -86.58247252
1254 -98.18005494 -109.70384615 -86.65626373
1255 -98.27896978 -109.82788461 -86.73005494
1256 -98.37788461 -109.95192307 -86.80384615
1257 -98.47679945 -110.07596153 -86.87763736
1258 -98.57571428 -110.20000000 -86.95142857
1259 -98.67462912 -110.32403846 -87.02521978
1260 -98.77354395 -110.44807692 -87.09901098
1261 -98.87245879 -110.57211538 -87.17280219
1262 -98.97137362 -110.69615384 -87.24659340
1263 -99.07028846 -110.82019230 -87.32038461
1264 -99.16920329 -110.94423076 -87.39417582
1265 -99.26811813 -111.06826923 -87.46796703
1266 -99.36703296 -111.19230769 -87.54175824
1267 -99.46594780 -111.31634615 -87.61554945
1268 -99.56486263 -111.44038461 -87.68934065
1269 -99.66377747 -111.56442307 -87.76313186
1270 -99.76269230 -111.68846153 -87.83692307
1271 -99.86160714 -111.81250000 -87.91071428
1272 -99.96052197 -111.93653846 -87.98450549
1273 -100.05943681 -112.06057692 -88.05829670
1274 -100.15835164 -112.18461538 -88.13208791
1275 -100.25726648 -112.30865384 -88.20587912
1276 -100.35618131 -112.43269230 -88.27967032
1277 -100.45509615 -112.55673076 -88.35346153
1278 -100.55401098 -112.68076923 -88.42725274
1279 -100.65292582 -112.80480769 -88.50104395
1280 -100.75184065 -112.92884615 -88.57483516
1281 -100.85075549 -113.05288461 -88.64862637
1282 -100.94967032 -113.17692307 -88.72241758
1283 -101.04858516 -113.30096153 -88.79620879
1284 -101.14750000 -113.42500000 -88.87000000
1285 -101.24641483 -113.54903846 -88.94379120
1286 -101.34532967 -113.67307692 -89.01758241
1287 -101.44424450 -113.79711538 -89.09137362
1288 -101.54315934 -113.92115384 -89.16516483
1289 -101.64207417 -114.04519230 -89.23895604
1290 -101.74098901 -114.16923076 -89.31274725
1291 -101.83990384 -114.29326923 -89.38653846
1292 -101.93881868 -114.41730769 -89.46032967
1293 -102.03773351 -114.54134615 -89.53412087
1294 -102.13664835 -114.66538461 -89.60791208
1295 -102.23556318 -114.78942307 -89.68170329
1296 -102.33447802 -114.91346153 -89.75549450
1297 -102.43339285 -115.03750000 -89.82928571
1298 -102.53230769 -115.16153846 -89.90307692
1299 -102.63122252 -115.28557692 -89.97686813
1300 -102.73013736 -115.40961538 -90.05065934
1301 -102.82905219 -115.53365384 -90.12445054
1302 -102.92796703 -115.65769230 -90.19824175
1303 -103.02688186 -115.78173076 -90.27203296
1304 -103.12579670 -115.90576923 -90.34582417
1305 -103.22471153 -116.02980769 -90.41961538
1306 -103.32362637 -116.15384615 -90.49340659
1307 -103.42254120 -116.27788461 -90.56719780
1308 -103.52145604 -116.40192307 -90.64098901
1309 -103.62037087 -116.52596153 -90.71478021
1310 -103.71928571 -116.65000000 -90.78857142
1311 -103.81820054 -116.77403846 -90.86236263
1312 -103.91711538 -116.89807692 -90.93615384
1313 -104.01603021 -117.02211538 -91.00994505
1314 -104.11494505 -117.14615384 -91.08373626
1315 -104.21385989 -117.27019230 -91.15752747
1316 -104.31277472 -117.39423076 -91.23131868
1317 -104.41168956 -117.51826923 -91.30510989
1318 -104.51060439 -117.64230769 -91.37890109
1319 -104.60951923 -117.76634615 -91.45269230
1320 -104.70843406 -117.89038461 -91.52648351
1321 -104.80734890 -118.01442307 -91.60027472
1322 -104.90626373 -118.13846153 -91.67406593
1323 -105.00517857 -118.26250000 -91.74785714
1324 -105.10409340 -118.38653846 -91.82164835
1325 -105.20300824 -118.51057692 -91.89543956
1326 -105.30192307 -118.63461538 -91.96923076
1327 -105.40083791 -118.75865384 -92.04302197
1328 -105.49975274 -118.88269230 -92.11681318
1329 -105.59866758 -119.00673076 -92.19060439
1330 -105.69758241 -119.13076923 -92.26439560
1331 -105.79649725 -119.25480769 -92.33818681
1332 -105.89541208 -119.37884615 -92.41197802
1333 -105.99432692 -119.50288461 -92.48576923
1334 -106.09324175 -119.62692307 -92.55956043
1335 -106.19215659 -119.75096153 -92.63335164
1336 -106.29107142 -119.87500000 -92.70714285
1337 -106.38998626 -119.99903846 -92.78093406
1338 -106.48890109 -120.12307692 -92.85472527
1339 -106.58781593 -120.24711538 -92.92851648
1340 -106.68673076 -120.37115384 -93.00230769
1341 -106.78564560 -120.49519230 -93.07609890
1342 -106.88456043 -120.61923076 -93.14989010
1343 -106.98347527 -120.74326923 -93.22368131
1344 -107.08239010 -120.86730769 -93.29747252
1345 -107.18130494 -120.99134615 -93.37126373
1346 -107.28021978 -121.11538461 -93.44505494
1347 -107.37913461 -121.23942307 -93.51884615
1348 -107.47804945 -121.36346153 -93.59263736
1349 -107.57696428 -121.48750000 -93.66642857
1350 -107.67587912 -121.61153846 -93.74021978
1351 -107.77479395 -121.73557692 -93.81401098
1352 -107.87370879 -121.85961538 -93.88780219
1353 -107.97262362 -121.98365384 -93.96159340
1354 -108.07153846 -122.10769230 -94.03538461
1355 -108.17045329 -122.23173076 -94.10917582
1356 -108.26936813 -122.35576923 -94.18296703
1357 -108.36828296 -122.47980769 -94.25675824
1358 -108.46719780 -122.60384615 -94.33054945
1359 -108.56611263 -122.72788461 -94.40434065
1360 -108.66502747 -122.85192307 -94.47813186
1361 -108.76394230 -122.97596153 -94.55192307
1362 -108.86285714 -123.10000000 -94.62571428
1363 -108.96177197 -123.22403846 -94.69950549
1364 -109.06068681 -123.34807692 -94.77329670
1365 -109.15960164 -123.47211538 -94.84708791
1366 -109.25851648 -123.59615384 -94.92087912
1367 -109.35743131 -123.72019230 -94.99467032
1368 -109.45634615 -123.84423076 -95.06846153
1369 -109.55526098 -123.96826923 -95.14225274
1370 -109.65417582 -124.09230769 -95.21604395
1371 -109.75309065 -124.21634615 -95.28983516
1372 -109.85200549 -124.34038461 -95.36362637
1373 -109.95092032 -124.46442307 -95.43741758
1374 -110.04983516 -124.58846153 -95.51120879
1375 -110.14875000 -124.71250000 -95.58500000
1376 -110.24766483 -124.83653846 -95.65879120
1377 -110.34657967 -124.96057692 -95.73258241
1378 -110.44549450 -125.08461538 -95.80637362
1379 -110.54440934 -125.20865384 -95.88016483
1380 -110.64332417 -125.33269230 -95.95395604
1381 -110.74223901 -125.45673076 -96.02774725
1382 -110.84115384 -125.58076923 -96.10153846
1383 -110.94006868 -125.70480769 -96.17532967
1384 -111.03898351 -125.82884615 -96.24912087
1385 -111.13789835 -125.95288461 -96.32291208
1386 -111.23681318 -126.07692307 -96.39670329
1387 -111.33572802 -126.20096153 -96.47049450
1388 -111.43464285 -126.32500000 -96.54428571
1389 -111.53355769 -126.44903846 -96.61807692
1390 -111.63247252 -126.57307692 -96.69186813
1391 -111.73138736 -126.69711538 -96.76565934
1392 -111.83030219 -126.82115384 -96.83945054
1393 -111.92921703 -126.94519230 -96.91324175
1394 -112.02813186 -127.06923076 -96.98703296
1395 -112.12704670 -127.19326923 -97.06082417
1396 -112.22596153 -127.31730769 -97.13461538
1397 -112.32487637 -127.44134615 -97.20840659
1398 -112.42379120 -127.56538461 -97.28219780
1399 -112.52270604 -127.68942307 -97.35598901
1400 -112.62162087 -127.81346153 -97.42978021
1401 -112.72053571 -127.93750000 -97.50357142
1402 -112.81945054 -128.06153846 -97.57736263
1403 -112.91836538 -128.18557692 -97.65115384
1404 -113.01728021 -128.30961538 -97.72494505
1405 -113.11619505 -128.43365384 -97.79873626
1406 -113.21510989 -128.55769230 -97.87252747
1407 -113.31402472 -128.68173076 -97.94631868
1408 -113.41293956 -128.80576923 -98.02010989
1409 -113.51185439 -128.92980769 -98.09390109
1410 -113.61076923 -129.05384615 -98.16769230
1411 -113.70968406 -129.17788461 -98.24148351
1412 -113.80859890 -129.30192307 -98.31527472
1413 -113.90751373 -129.42596153 -98.38906593
1414 -114.00642857 -129.55000000 -98.46285714
1415 -114.10534340 -129.67403846 -98.53664835
1416 -114.20425824 -129.79807692 -98.61043956
1417 -114.30317307 -129.92211538 -98.68423076
1418 -114.40208791 -130.04615384 -98.75802197
1419 -114.50100274 -130.17019230 -98.83181318
1420 -114.59991758 -130.29423076 -98.90560439
1421 -114.69883241 -130.41826923 -98.97939560
1422 -114.79774725 -130.54230769 -99.05318681
1423 -114.89666208 -130.66634615 -99.12697802
1424 -114.99557692 -130.79038461 -99.20076923
1425 -115.09449175 -130.91442307 -99.27456043
1426 -115.19340659 -131.03846153 -99.34835164
1427 -115.29232142 -131.16250000 -99.42214285
1428 -115.39123626 -131.28653846 -99.49593406
1429 -115.49015109 -131.41057692 -99.56972527
1430 -115.58906593 -131.53461538 -99.64351648
1431 -115.68798076 -131.65865384 -99.71730769
1432 -115.78689560 -131.78269230 -99.79109890
1433 -115.88581043 -131.90673076 -99.86489010
1434 -115.98472527 -132.03076923 -99.93868131
1435 -116.08364010 -132.15480769 -100.01247252
1436 -116.18255494 -132.27884615 -100.08626373
1437 -116.28146978 -132.40288461 -100.16005494
1438 -116.38038461 -132.52692307 -100.23384615
1439 -116.47929945 -132.65096153 -100.30763736
1440 -116.57821428 -132.77500000 -100.38142857
1441 -116.67712912 -132.89903846 -100.45521978
1442 -116.77604395 -133.02307692 -100.52901098
1443 -116.87495879 -133.14711538 -100.60280219
1444 -116.97387362 -133.27115384 -100.67659340
1445 -117.07278846 -133.39519230 -100.75038461
1446 -117.17170329 -133.51923076 -100.82417582
1447 -117.27061813 -133.64326923 -100.89796703
1448 -117.36953296 -133.76730769 -100.97175824
1449 -117.46844780 -133.89134615 -101.04554945
1450 -117.56736263 -134.01538461 -101.11934065
1451 -117.66627747 -134.13942307 -101.19313186
1452 -117.76519230 -134.26346153 -101.26692307
1453 -117.86410714 -134.38750000 -101.34071428
1454 -117.96302197 -134.51153846 -101.41450549
1455 -118.06193681 -134.63557692 -101.48829670
1456 -118.16085164 -134.75961538 -101.56208791
1457 -118.25976648 -134.88365384 -101.63587912
1458 -118.35868131 -135.00769230 -101.70967032
1459 -118.45759615 -135.13173076 -101.78346153
1460 -118.55651098 -135.25576923 -101.85725274
1461 -118.65542582 -135.37980769 -101.93104395
1462 -118.75434065 -135.50384615 -102.00483516
1463 -118.85325549 -135.62788461 -102.07862637
1464 -118.95217032 -135.75192307 -102.15241758
1465 -119.05108516 -135.87596153 -102.22620879
1466 -119.15000000 -136.00000000 -102.30000000
1467 -119.25545329 -136.10527472 -102.40563186
1468 -119.36090659 -136.21054945 -102.51126373
1469 -119.46635989 -136.31582417 -102.61689560
1470 -119.57181318 -136.42109890 -102.72252747
1471 -119.67726648 -136.52637362 -102.82815934
1472 -119.78271978 -136.63164835 -102.93379120
1473 -119.88817307 -136.73692307 -103.03942307
1474 -119.99362637 -136.84219780 -103.14505494
1475 -120.09907967 -136.94747252 -103.25068681
1476 -120.20453296 -137.05274725 -103.35631868
1477 -120.30998626 -137.15802197 -103.46195054
1478 -120.41543956 -137.26329670 -103.56758241
1479 -120.52089285 -137.36857142 -103.67321428
1480 -120.62634615 -137.47384615 -103.77884615
1481 -120.73179945 -137.57912087 -103.88447802
1482 -120.83725274 -137.68439560 -103.99010989
1483 -120.94270604 -137.78967032 -104.09574175
1484 -121.04815934 -137.89494505 -104.20137362
1485 -121.15361263 -138.00021978 -104.30700549
1486 -121.25906593 -138.10549450 -104.41263736
1487 -121.36451923 -138.21076923 -104.51826923
1488 -121.46997252 -138.31604395 -104.62390109
1489 -121.57542582 -138.42131868 -104.72953296
1490 -121.68087912 -138.52659340 -104.83516483
1491 -121.78633241 -138.63186813 -104.94079670
1492 -121.89178571 -138.73714285 -105.04642857
1493 -121.99723901 -138.84241758 -105.15206043
1494 -122.10269230 -138.94769230 -105.25769230
1495 -122.20814560 -139.05296703 -105.36332417
1496 -122.31359890 -139.15824175 -105.46895604
1497 -122.41905219 -139.26351648 -105.57458791
1498 -122.52450549 -139.36879120 -105.68021978
1499 -122.62995879 -139.47406593 -105.78585164
1500 -122.73541208 -139.57934065 -105.89148351
1501 -122.84086538 -139.68461538 -105.99711538
1502 -122.94631868 -139.78989010 -106.10274725
1503 -123.05177197 -139.89516483 -106.20837912
1504 -123.15722527 -140.00043956 -106.31401098
1505 -123.26267857 -140.10571428 -106.41964285
1506 -123.36813186 -140.21098901 -106.52527472
1507 -123.47358516 -140.31626373 -106.63090659
1508 -123.57903846 -140.42153846 -106.73653846
1509 -123.68449175 -140.52681318 -106.84217032
1510 -123.78994505 -140.63208791 -106.94780219
1511 -123.89539835 -140.73736263 -107.05343406
1512 -124.00085164 -140.84263736 -107.15906593
1513 -124.10630494 -140.94791208 -107.26469780
1514 -124.21175824 -141.05318681 -107.37032967
1515 -124.31721153 -141.15846153 -107.47596153
1516 -124.42266483 -141.26373626 -107.58159340
1517 -124.52811813 -141.36901098 -107.68722527
1518 -124.63357142 -141.47428571 -107.79285714
1519 -124.73902472 -141.57956043 -107.89848901
1520 -124.84447802 -141.68483516 -108.00412087
1521 -124.94993131 -141.79010989 -108.10975274
1522 -125.05538461 -141.89538461 -108.21538461
1523 -125.16083791 -142.00065934 -108.32101648
1524 -125.26629120 -142.10593406 -108.42664835
1525 -125.37174450 -142.21120879 -108.53228021
1526 -125.47719780 -142.31648351 -108.63791208
1527 -125.58265109 -142.42175824 -108.74354395
1528 -125.68810439 -142.52703296 -108.84917582
1529 -125.79355769 -142.63230769 -108.95480769
1530 -125.89901098 -142.73758241 -109.06043956
1531 -126.00446428 -142.84285714 -109.16607142
1532 -126.10991758 -142.94813186 -109.27170329
1533 -126.21537087 -143.05340659 -109.37733516
1534 -126.32082417 -143.15868131 -109.48296703
1535 -126.42627747 -143.26395604 -109.58859890
1536 -126.53173076 -143.36923076 -109.69423076
1537 -126.63718406 -143.47450549 -109.79986263
1538 -126.74263736 -143.57978021 -109.90549450
1539 -126.84809065 -143.68505494 -110.01112637
1540 -126.95354395 -143.79032967 -110.11675824
1541 -127.05899725 -143.89560439 -110.22239010
1542 -127.16445054 -144.00087912 -110.32802197
1543 -127.26990384 -144.10615384 -110.43365384
1544 -127.37535714 -144.21142857 -110.53928571
1545 -127.48081043 -144.31670329 -110.64491758
1546 -127.58626373 -144.42197802 -110.75054945
1547 -127.69171703 -144.52725274 -110.85618131
1548 -127.79717032 -144.63252747 -110.96181318
1549 -127.90262362 -144.73780219 -111.06744505
1550 -128.00807692 -144.84307692 -111.17307692
1551 -128.11353021 -144.94835164 -111.27870879
1552 -128.21898351 -145.05362637 -111.38434065
1553 -128.32443681 -145.15890109 -111.48997252
1554 -128.42989010 -145.26417582 -111.59560439
1555 -128.53534340 -145.36945054 -111.70123626
1556 -128.64079670 -145.47472527 -111.80686813
1557 -128.74625000 -145.58000000 -111.91250000
1558 -128.85170329 -145.68527472 -112.01813186
1559 -128.95715659 -145.79054945 -112.12376373
1560 -129.06260989 -145.89582417 -112.22939560
1561 -129.16806318 -146.00109890 -112.33502747
1562 -129.27351648 -146.10637362 -112.44065934
1563 -129.37896978 -146.21164835 -112.54629120
1564 -129.48442307 -146.31692307 -112.65192307
1565 -129.58987637 -146.42219780 -112.75755494
1566 -129.69532967 -146.52747252 -112.86318681
1567 -129.80078296 -146.63274725 -112.96881868
1568 -129.90623626 -146.73802197 -113.07445054
1569 -130.01168956 -146.84329670 -113.18008241
1570 -130.11714285 -146.94857142 -113.28571428
1571 -130.22259615 -147.05384615 -113.39134615
1572 -130.32804945 -147.15912087 -113.49697802
1573 -130.43350274 -147.26439560 -113.60260989
1574 -130.53895604 -147.36967032 -113.70824175
1575 -130.64440934 -147.47494505 -113.81387362
1576 -130.74986263 -147.58021978 -113.91950549
1577 -130.85531593 -147.68549450 -114.02513736
1578 -130.96076923 -147.79076923 -114.13076923
1579 -131.06622252 -147.89604395 -114.23640109
1580 -131.17167582 -148.00131868 -114.34203296
1581 -131.27712912 -148.10659340 -114.44766483
1582 -131.38258241 -148.21186813 -114.55329670
1583 -131.48803571 -148.31714285 -114.65892857
1584 -131.59348901 -148.42241758 -114.76456043
1585 -131.69894230 -148.52769230 -114.87019230
1586 -131.80439560 -148.63296703 -114.97582417
1587 -131.90984890 -148.73824175 -115.08145604
1588 -132.01530219 -148.84351648 -115.18708791
1589 -132.12075549 -148.94879120 -115.29271978
1590 -132.22620879 -149.05406593 -115.39835164
1591 -132.33166208 -149.15934065 -115.50398351
1592 -132.43711538 -149.26461538 -115.60961538
1593 -132.54256868 -149.36989010 -115.71524725
1594 -132.64802197 -149.47516483 -115.82087912
1595 -132.75347527 -149.58043956 -115.92651098
1596 -132.85892857 -149.68571428 -116.03214285
1597 -132.96438186 -149.79098901 -116.13777472
1598 -133.06983516 -149.89626373 -116.24340659
1599 -133.17528846 -150.00153846 -116.34903846
1600 -133.28074175 -150.10681318 -116.45467032
1601 -133.38619505 -150.21208791 -116.56030219
1602 -133.49164835 -150.31736263 -116.66593406
1603 -133.59710164 -150.42263736 -116.77156593
1604 -133.70255494 -150.52791208 -116.87719780
1605 -133.80800824 -150.63318681 -116.98282967
1606 -133.91346153 -150.73846153 -117.08846153
1607 -134.01891483 -150.84373626 -117.19409340
1608 -134.12436813 -150.94901098 -117.29972527
1609 -134.22982142 -151.05428571 -117.40535714
1610 -134.33527472 -151.15956043 -117.51098901
1611 -134.44072802 -151.26483516 -117.61662087
1612 -134.54618131 -151.37010989 -117.72225274
1613 -134.65163461 -151.47538461 -117.82788461
1614 -134.75708791 -151.58065934 -117.93351648
1615 -134.86254120 -151.68593406 -118.03914835
1616 -134.96799450 -151.79120879 -118.14478021
1617 -135.07344780 -151.89648351 -118.25041208
1618 -135.17890109 -152.00175824 -118.35604395
1619 -135.28435439 -152.10703296 -118.46167582
1620 -135.38980769 -152.21230769 -118.56730769
1621 -135.49526098 -152.31758241 -118.67293956
1622 -135.60071428 -152.42285714 -118.77857142
1623 -135.70616758 -152.52813186 -118.88420329
1624 -135.81162087 -152.63340659 -118.98983516
1625 -135.91707417 -152.73868131 -119.09546703
1626 -136.02252747 -152.84395604 -119.20109890
1627 -136.12798076 -152.94923076 -119.30673076
1628 -136.23343406 -153.05450549 -119.41236263
1629 -136.33888736 -153.15978021 -119.51799450
1630 -136.44434065 -153.26505494 -119.62362637
1631 -136.54979395 -153.37032967 -119.72925824
1632 -136.65524725 -153.47560439 -119.83489010
1633 -136.76070054 -153.58087912 -119.94052197
1634 -136.86615384 -153.68615384 -120.04615384
1635 -136.97160714 -153.79142857 -120.15178571
1636 -137.07706043 -153.89670329 -120.25741758
1637 -137.18251373 -154.00197802 -120.36304945
1638 -137.28796703 -154.10725274 -120.46868131
1639 -137.39342032 -154.21252747 -120.57431318
1640 -137.49887362 -154.31780219 -120.67994505
1641 -137.60432692 -154.42307692 -120.78557692
1642 -137.70978021 -154.52835164 -120.89120879
1643 -137.81523351 -154.63362637 -120.99684065
1644 -137.92068681 -154.73890109 -121.10247252
1645 -138.02614010 -154.84417582 -121.20810439
1646 -138.13159340 -154.94945054 -121.31373626
1647 -138.23704670 -155.05472527 -121.41936813
1648 -138.34250000 -155.16000000 -121.52500000
1649 -138.44795329 -155.26527472 -121.63063186
1650 -138.55340659 -155.37054945 -121.73626373
1651 -138.65885989 -155.47582417 -121.84189560
1652 -138.76431318 -155.58109890 -121.94752747
1653 -138.86976648 -155.68637362 -122.05315934
1654 -138.97521978 -155.79164835 -122.15879120
1655 -139.08067307 -155.89692307 -122.26442307
1656 -139.18612637 -156.00219780 -122.37005494
1657 -139.29157967 -156.10747252 -122.47568681
1658 -139.39703296 -156.21274725 -122.58131868
1659 -139.50248626 -156.31802197 -122.68695054
1660 -139.60793956 -156.42329670 -122.79258241
1661 -139.71339285 -156.52857142 -122.89821428
1662 -139.81884615 -156.63384615 -123.00384615
1663 -139.92429945 -156.73912087 -123.10947802
1664 -140.02975274 -156.84439560 -123.21510989
1665 -140.13520604 -156.94967032 -123.32074175
1666 -140.24065934 -157.05494505 -123.42637362
1667 -140.34611263 -157.16021978 -123.53200549
1668 -140.45156593 -157.26549450 -123.63763736
1669 -140.55701923 -157.37076923 -123.74326923
1670 -140.66247252 -157.47604395 -123.84890109
1671 -140.76792582 -157.58131868 -123.95453296
1672 -140.87337912 -157.68659340 -124.06016483
1673 -140.97883241 -157.79186813 -124.16579670
1674 -141.08428571 -157.89714285 -124.27142857
1675 -141.18973901 -158.00241758 -124.37706043
1676 -141.29519230 -158.10769230 -124.48269230
1677 -141.40064560 -158.21296703 -124.58832417
1678 -141.50609890 -158.31824175 -124.69395604
1679 -141.61155219 -158.42351648 -124.79958791
1680 -141.71700549 -158.52879120 -124.90521978
1681 -141.82245879 -158.63406593 -125.01085164
1682 -141.92791208 -158.73934065 -125.11648351
1683 -142.03336538 -158.84461538 -125.22211538
1684 -142.13881868 -158.94989010 -125.32774725
1685 -142.24427197 -159.05516483 -125.43337912
1686 -142.34972527 -159.16043956 -125.53901098
1687 -142.45517857 -159.26571428 -125.64464285
1688 -142.56063186 -159.37098901 -125.75027472
1689 -142.66608516 -159.47626373 -125.85590659
1690 -142.77153846 -159.58153846 -125.96153846
1691 -142.87699175 -159.68681318 -126.06717032
1692 -142.98244505 -159.79208791 -126.17280219
1693 -143.08789835 -159.89736263 -126.27843406
1694 -143.19335164 -160.00263736 -126.38406593
1695 -143.29880494 -160.10791208 -126.48969780
1696 -143.40425824 -160.21318681 -126.59532967
1697 -143.50971153 -160.31846153 -126.70096153
1698 -143.61516483 -160.42373626 -126.80659340
1699 -143.72061813 -160.52901098 -126.91222527
1700 -143.82607142 -160.63428571 -127.01785714
1701 -143.93152472 -160.73956043 -127.12348901
1702 -144.03697802 -160.84483516 -127.22912087
1703 -144.14243131 -160.95010989 -127.33475274
1704 -144.24788461 -161.05538461 -127.44038461
1705 -144.35333791 -161.16065934 -127.54601648
1706 -144.45879120 -161.26593406 -127.65164835
1707 -144.56424450 -161.37120879 -127.75728021
1708 -144.66969780 -161.47648351 -127.86291208
1709 -144.77515109 -161.58175824 -127.96854395
1710 -144.88060439 -161.68703296 -128.07417582
1711 -144.98605769 -161.79230769 -128.17980769
1712 -145.09151098 -161.89758241 -128.28543956
1713 -145.19696428 -162.00285714 -128.39107142
1714 -145.30241758 -162.10813186 -128.49670329
1715 -145.40787087 -162.21340659 -128.60233516
1716 -145.51332417 -162.31868131 -128.70796703
1717 -145.61877747 -162.42395604 -128.81359890
1718 -145.72423076 -162.52923076 -128.91923076
1719 -145.82968406 -162.63450549 -129.02486263
1720 -145.93513736 -162.73978021 -129.13049450
1721 -146.04059065 -162.84505494 -129.23612637
1722 -146.14604395 -162.95032967 -129.34175824
1723 -146.25149725 -163.05560439 -129.44739010
1724 -146.35695054 -163.16087912 -129.55302197
1725 -146.46240384 -163.26615384 -129.65865384
1726 -146.56785714 -163.37142857 -129.76428571
1727 -146.67331043 -163.47670329 -129.86991758
1728 -146.77876373 -163.58197802 -129.97554945
1729 -146.88421703 -163.68725274 -130.08118131
1730 -146.98967032 -163.79252747 -130.18681318
1731 -147.09512362 -163.89780219 -130.29244505
1732 -147.20057692 -164.00307692 -130.39807692
1733 -147.30603021 -164.10835164 -130.50370879
1734 -147.41148351 -164.21362637 -130.60934065
1735 -147.51693681 -164.31890109 -130.71497252
1736 -147.62239010 -164.42417582 -130.82060439
1737 -147.72784340 -164.52945054 -130.92623626
1738 -147.83329670 -164.63472527 -131.03186813
1739 -147.93875000 -164.74000000 -131.13750000
1740 -148.04420329 -164.84527472 -131.24313186
1741 -148.14965659 -164.95054945 -131.34876373
1742 -148.25510989 -165.05582417 -131.45439560
1743 -148.36056318 -165.16109890 -131.56002747
1744 -148.46601648 -165.26637362 -131.66565934
1745 -148.57146978 -165.37164835 -131.77129120
1746 -148.67692307 -165.47692307 -131.87692307
1747 -148.78237637 -165.58219780 -131.98255494
1748 -148.88782967 -165.68747252 -132.08818681
1749 -148.99328296 -165.79274725 -132.19381868
1750 -149.09873626 -165.89802197 -132.29945054
1751 -149.20418956 -166.00329670 -132.40508241
1752 -149.30964285 -166.10857142 -132.51071428
1753 -149.41509615 -166.21384615 -132.61634615
1754 -149.52054945 -166.31912087 -132.72197802
1755 -149.62600274 -166.42439560 -132.82760989
1756 -149.73145604 -166.52967032 -132.93324175
1757 -149.83690934 -166.63494505 -133.03887362
1758 -149.94236263 -166.74021978 -133.14450549
1759 -150.04781593 -166.84549450 -133.25013736
1760 -150.15326923 -166.95076923 -133.35576923
1761 -150.25872252 -167.05604395 -133.46140109
1762 -150.36417582 -167.16131868 -133.56703296
1763 -150.46962912 -167.26659340 -133.67266483
1764 -150.57508241 -167.37186813 -133.77829670
1765 -150.68053571 -167.47714285 -133.88392857
1766 -150.78598901 -167.58241758 -133.98956043
1767 -150.89144230 -167.68769230 -134.09519230
1768 -150.99689560 -167.79296703 -134.20082417
1769 -151.10234890 -167.89824175 -134.30645604
1770 -151.20780219 -168.00351648 -134.41208791
1771 -151.31325549 -168.10879120 -134.51771978
1772 -151.41870879 -168.21406593 -134.62335164
1773 -151.52416208 -168.31934065 -134.72898351
1774 -151.62961538 -168.42461538 -134.83461538
1775 -151.73506868 -168.52989010 -134.94024725
1776 -151.84052197 -168.63516483 -135.04587912
1777 -151.94597527 -168.74043956 -135.15151098
1778 -152.05142857 -168.84571428 -135.25714285
1779 -152.15688186 -168.95098901 -135.36277472
1780 -152.26233516 -169.05626373 -135.46840659
1781 -152.36778846 -169.16153846 -135.57403846
1782 -152.47324175 -169.26681318 -135.67967032
1783 -152.57869505 -169.37208791 -135.78530219
1784 -152.68414835 -169.47736263 -135.89093406
1785 -152.78960164 -169.58263736 -135.99656593
1786 -152.89505494 -169.68791208 -136.10219780
1787 -153.00050824 -169.79318681 -136.20782967
1788 -153.10596153 -169.89846153 -136.31346153
1789 -153.21141483 -170.00373626 -136.41909340
1790 -153.31686813 -170.10901098 -136.52472527
1791 -153.42232142 -170.21428571 -136.63035714
1792 -153.52777472 -170.31956043 -136.73598901
1793 -153.63322802 -170.42483516 -136.84162087
1794 -153.73868131 -170.53010989 -136.94725274
1795 -153.84413461 -170.63538461 -137.05288461
1796 -153.94958791 -170.74065934 -137.15851648
1797 -154.05504120 -170.84593406 -137.26414835
1798 -154.16049450 -170.95120879 -137.36978021
1799 -154.26594780 -171.05648351 -137.47541208
1800 -154.37140109 -171.16175824 -137.58104395
1801 -154.47685439 -171.26703296 -137.68667582
1802 -154.58230769 -171.37230769 -137.79230769
1803 -154.68776098 -171.47758241 -137.89793956
1804 -154.79321428 -171.58285714 -138.00357142
1805 -154.89866758 -171.68813186 -138.10920329
1806 -155.00412087 -171.79340659 -138.21483516
1807 -155.10957417 -171.89868131 -138.32046703
1808 -155.21502747 -172.00395604 -138.42609890
1809 -155.32048076 -172.10923076 -138.53173076
1810 -155.42593406 -172.21450549 -138.63736263
1811 -155.53138736 -172.31978021 -138.74299450
1812 -155.63684065 -172.42505494 -138.84862637
1813 -155.74229395 -172.53032967 -138.95425824
1814 -155.84774725 -172.63560439 -139.05989010
1815 -155.95320054 -172.74087912 -139.16552197
1816 -156.05865384 -172.84615384 -139.27115384
1817 -156.16410714 -172.95142857 -139.37678571
1818 -156.26956043 -173.05670329 -139.48241758
1819 -156.37501373 -173.16197802 -139.58804945
1820 -156.48046703 -173.26725274 -139.69368131
1821 -156.58592032 -173.37252747 -139.79931318
1822 -156.69137362 -173.47780219 -139.90494505
1823 -156.79682692 -173.58307692 -140.01057692
1824 -156.90228021 -173.68835164 -140.11620879
1825 -157.00773351 -173.79362637 -140.22184065
1826 -157.11318681 -173.89890109 -140.32747252
1827 -157.21864010 -174.00417582 -140.43310439
1828 -157.32409340 -174.10945054 -140.53873626
1829 -157.42954670 -174.21472527 -140.64436813
1830 -157.53500000 -174.32000000 -140.75000000
