1 -0.01214286 -0.01857143 -0.00571429
2 -0.00809524 -0.01238095 -0.00380952
3 -0.00404762 -0.00619047 -0.00190476
4 0.00000000 0.00000000 0.00000000
5 -0.01214285 -0.01857142 -0.00571428
6 -0.02428571 -0.03714285 -0.01142857
7 -0.03642857 -0.05571428 -0.01714285
8 -0.04857142 -0.07428571 -0.02285714
9 -0.06071428 -0.09285714 -0.02857142
10 -0.07285714 -0.11142857 -0.03428571
11 -0.08500000 -0.13000000 -0.04000000
12 -0.09304347 -0.13869565 -0.04739130
13 -0.10108695 -0.14739130 -0.05478260
14 -0.10913043 -0.15608695 -0.06217391
15 -0.11717391 -0.16478260 -0.06956521
16 -0.12521739 -0.17347826 -0.07695652
17 -0.13326086 -0.18217391 -0.08434782
18 -0.14130434 -0.19086956 -0.09173913
19 -0.14934782 -0.19956521 -0.09913043
20 -0.15739130 -0.20826086 -0.10652173
21 -0.16543478 -0.21695652 -0.11391304
22 -0.17347826 -0.22565217 -0.12130434
23 -0.18152173 -0.23434782 -0.12869565
24 -0.18956521 -0.24304347 -0.13608695
25 -0.19760869 -0.25173913 -0.14347826
26 -0.20565217 -0.26043478 -0.15086956
27 -0.21369565 -0.26913043 -0.15826086
28 -0.22173913 -0.27782608 -0.16565217
29 -0.22978260 -0.28652173 -0.17304347
30 -0.23782608 -0.29521739 -0.18043478
31 -0.24586956 -0.30391304 -0.18782608
32 -0.25391304 -0.31260869 -0.19521739
33 -0.26195652 -0.32130434 -0.20260869
34 -0.27000000 -0.33000000 -0.21000000
35 -0.27296875 -0.33250000 -0.21343750
36 -0.27593750 -0.33500000 -0.21687500
37 -0.27890625 -0.33750000 -0.22031250
38 -0.28187500 -0.34000000 -0.22375000
39 -0.28484375 -0.34250000 -0.22718750
40 -0.28781250 -0.34500000 -0.23062500
41 -0.29078125 -0.34750000 -0.23406250
42 -0.29375000 -0.35000000 -0.23750000
43 -0.29671875 -0.35250000 -0.24093750
44 -0.29968750 -0.35500000 -0.24437500
45 -0.30265625 -0.35750000 -0.24781250
46 -0.30562500 -0.36000000 -0.25125000
47 -0.30859375 -0.36250000 -0.25468750
48 -0.31156250 -0.36500000 -0.25812500
49 -0.31453125 -0.36750000 -0.26156250
50 -0.31750000 -0.37000000 -0.26500000
51 -0.32046875 -0.37250000 -0.26843750
52 -0.32343750 -0.37500000 -0.27187500
53 -0.32640625 -0.37750000 -0.27531250
54 -0.32937500 -0.38000000 -0.27875000
55 -0.33234375 -0.38250000 -0.28218750
56 -0.33531250 -0.38500000 -0.28562500
57 -0.33828125 -0.38750000 -0.28906250
58 -0.34125000 -0.39000000 -0.29250000
59 -0.34421875 -0.39250000 -0.29593750
60 -0.34718750 -0.39500000 -0.29937500
61 -0.35015625 -0.39750000 -0.30281250
62 -0.35312500 -0.40000000 -0.30625000
63 -0.35609375 -0.40250000 -0.30968750
64 -0.35906250 -0.40500000 -0.31312500
65 -0.36203125 -0.40750000 -0.31656250
66 -0.36500000 -0.41000000 -0.32000000
67 -0.36583333 -0.41133333 -0.32033333
68 -0.36666666 -0.41266666 -0.32066666
69 -0.36750000 -0.41400000 -0.32100000
70 -0.36833333 -0.41533333 -0.32133333
71 -0.36916666 -0.41666666 -0.32166666
72 -0.37000000 -0.41800000 -0.32200000
73 -0.37083333 -0.41933333 -0.32233333
74 -0.37166666 -0.42066666 -0.32266666
75 -0.37250000 -0.42200000 -0.32300000
76 -0.37333333 -0.42333333 -0.32333333
77 -0.37416666 -0.42466666 -0.32366666
78 -0.37500000 -0.42600000 -0.32400000
79 -0.37583333 -0.42733333 -0.32433333
80 -0.37666666 -0.42866666 -0.32466666
81 -0.37750000 -0.43000000 -0.32500000
82 -0.37833333 -0.43133333 -0.32533333
83 -0.37916666 -0.43266666 -0.32566666
84 -0.38000000 -0.43400000 -0.32600000
85 -0.38083333 -0.43533333 -0.32633333
86 -0.38166666 -0.43666666 -0.32666666
87 -0.38250000 -0.43800000 -0.32700000
88 -0.38333333 -0.43933333 -0.32733333
89 -0.38416666 -0.44066666 -0.32766666
90 -0.38500000 -0.44200000 -0.32800000
91 -0.38583333 -0.44333333 -0.32833333
92 -0.38666666 -0.44466666 -0.32866666
93 -0.38750000 -0.44600000 -0.32900000
94 -0.38833333 -0.44733333 -0.32933333
95 -0.38916666 -0.44866666 -0.32966666
96 -0.39000000 -0.45000000 -0.33000000
97 -0.38956043 -0.44989010 -0.32923076
98 -0.38912087 -0.44978021 -0.32846153
99 -0.38868131 -0.44967032 -0.32769230
100 -0.38824175 -0.44956043 -0.32692307
101 -0.38780219 -0.44945054 -0.32615384
102 -0.38736263 -0.44934065 -0.32538461
103 -0.38692307 -0.44923076 -0.32461538
104 -0.38648351 -0.44912087 -0.32384615
105 -0.38604395 -0.44901098 -0.32307692
106 -0.38560439 -0.44890109 -0.32230769
107 -0.38516483 -0.44879120 -0.32153846
108 -0.38472527 -0.44868131 -0.32076923
109 -0.38428571 -0.44857142 -0.32000000
110 -0.38384615 -0.44846153 -0.31923076
111 -0.38340659 -0.44835164 -0.31846153
112 -0.38296703 -0.44824175 -0.31769230
113 -0.38252747 -0.44813186 -0.31692307
114 -0.38208791 -0.44802197 -0.31615384
115 -0.38164835 -0.44791208 -0.31538461
116 -0.38120879 -0.44780219 -0.31461538
117 -0.38076923 -0.44769230 -0.31384615
118 -0.38032967 -0.44758241 -0.31307692
119 -0.37989010 -0.44747252 -0.31230769
120 -0.37945054 -0.44736263 -0.31153846
121 -0.37901098 -0.44725274 -0.31076923
122 -0.37857142 -0.44714285 -0.31000000
123 -0.37813186 -0.44703296 -0.30923076
124 -0.37769230 -0.44692307 -0.30846153
125 -0.37725274 -0.44681318 -0.30769230
126 -0.37681318 -0.44670329 -0.30692307
127 -0.37637362 -0.44659340 -0.30615384
128 -0.37593406 -0.44648351 -0.30538461
129 -0.37549450 -0.44637362 -0.30461538
130 -0.37505494 -0.44626373 -0.30384615
131 -0.37461538 -0.44615384 -0.30307692
132 -0.37417582 -0.44604395 -0.30230769
133 -0.37373626 -0.44593406 -0.30153846
134 -0.37329670 -0.44582417 -0.30076923
135 -0.37285714 -0.44571428 -0.30000000
136 -0.37241758 -0.44560439 -0.29923076
137 -0.37197802 -0.44549450 -0.29846153
138 -0.37153846 -0.44538461 -0.29769230
139 -0.37109890 -0.44527472 -0.29692307
140 -0.37065934 -0.44516483 -0.29615384
141 -0.37021978 -0.44505494 -0.29538461
142 -0.36978021 -0.44494505 -0.29461538
143 -0.36934065 -0.44483516 -0.29384615
144 -0.36890109 -0.44472527 -0.29307692
145 -0.36846153 -0.44461538 -0.29230769
146 -0.36802197 -0.44450549 -0.29153846
147 -0.36758241 -0.44439560 -0.29076923
148 -0.36714285 -0.44428571 -0.29000000
149 -0.36670329 -0.44417582 -0.28923076
150 -0.36626373 -0.44406593 -0.28846153
151 -0.36582417 -0.44395604 -0.28769230
152 -0.36538461 -0.44384615 -0.28692307
153 -0.36494505 -0.44373626 -0.28615384
154 -0.36450549 -0.44362637 -0.28538461
155 -0.36406593 -0.44351648 -0.28461538
156 -0.36362637 -0.44340659 -0.28384615
157 -0.36318681 -0.44329670 -0.28307692
158 -0.36274725 -0.44318681 -0.28230769
159 -0.36230769 -0.44307692 -0.28153846
160 -0.36186813 -0.44296703 -0.28076923
161 -0.36142857 -0.44285714 -0.28000000
162 -0.36098901 -0.44274725 -0.27923076
163 -0.36054945 -0.44263736 -0.27846153
164 -0.36010989 -0.44252747 -0.27769230
165 -0.35967032 -0.44241758 -0.27692307
166 -0.35923076 -0.44230769 -0.27615384
167 -0.35879120 -0.44219780 -0.27538461
168 -0.35835164 -0.44208791 -0.27461538
169 -0.35791208 -0.44197802 -0.27384615
170 -0.35747252 -0.44186813 -0.27307692
171 -0.35703296 -0.44175824 -0.27230769
172 -0.35659340 -0.44164835 -0.27153846
173 -0.35615384 -0.44153846 -0.27076923
174 -0.35571428 -0.44142857 -0.27000000
175 -0.35527472 -0.44131868 -0.26923076
176 -0.35483516 -0.44120879 -0.26846153
177 -0.35439560 -0.44109890 -0.26769230
178 -0.35395604 -0.44098901 -0.26692307
179 -0.35351648 -0.44087912 -0.26615384
180 -0.35307692 -0.44076923 -0.26538461
181 -0.35263736 -0.44065934 -0.26461538
182 -0.35219780 -0.44054945 -0.26384615
183 -0.35175824 -0.44043956 -0.26307692
184 -0.35131868 -0.44032967 -0.26230769
185 -0.35087912 -0.44021978 -0.26153846
186 -0.35043956 -0.44010989 -0.26076923
187 -0.35000000 -0.44000000 -0.26000000
188 -0.34822222 -0.43855555 -0.25788888
189 -0.34644444 -0.43711111 -0.25577777
190 -0.34466666 -0.43566666 -0.25366666
191 -0.34288888 -0.43422222 -0.25155555
192 -0.34111111 -0.43277777 -0.24944444
193 -0.33933333 -0.43133333 -0.24733333
194 -0.33755555 -0.42988888 -0.24522222
195 -0.33577777 -0.42844444 -0.24311111
196 -0.33400000 -0.42700000 -0.24100000
197 -0.33222222 -0.42555555 -0.23888888
198 -0.33044444 -0.42411111 -0.23677777
199 -0.32866666 -0.42266666 -0.23466666
200 -0.32688888 -0.42122222 -0.23255555
201 -0.32511111 -0.41977777 -0.23044444
202 -0.32333333 -0.41833333 -0.22833333
203 -0.32155555 -0.41688888 -0.22622222
204 -0.31977777 -0.41544444 -0.22411111
205 -0.31800000 -0.41400000 -0.22200000
206 -0.31622222 -0.41255555 -0.21988888
207 -0.31444444 -0.41111111 -0.21777777
208 -0.31266666 -0.40966666 -0.21566666
209 -0.31088888 -0.40822222 -0.21355555
210 -0.30911111 -0.40677777 -0.21144444
211 -0.30733333 -0.40533333 -0.20933333
212 -0.30555555 -0.40388888 -0.20722222
213 -0.30377777 -0.40244444 -0.20511111
214 -0.30200000 -0.40100000 -0.20300000
215 -0.30022222 -0.39955555 -0.20088888
216 -0.29844444 -0.39811111 -0.19877777
217 -0.29666666 -0.39666666 -0.19666666
218 -0.29488888 -0.39522222 -0.19455555
219 -0.29311111 -0.39377777 -0.19244444
220 -0.29133333 -0.39233333 -0.19033333
221 -0.28955555 -0.39088888 -0.18822222
222 -0.28777777 -0.38944444 -0.18611111
223 -0.28600000 -0.38800000 -0.18400000
224 -0.28422222 -0.38655555 -0.18188888
225 -0.28244444 -0.38511111 -0.17977777
226 -0.28066666 -0.38366666 -0.17766666
227 -0.27888888 -0.38222222 -0.17555555
228 -0.27711111 -0.38077777 -0.17344444
229 -0.27533333 -0.37933333 -0.17133333
230 -0.27355555 -0.37788888 -0.16922222
231 -0.27177777 -0.37644444 -0.16711111
232 -0.27000000 -0.37500000 -0.16500000
233 -0.26822222 -0.37355555 -0.16288888
234 -0.26644444 -0.37211111 -0.16077777
235 -0.26466666 -0.37066666 -0.15866666
236 -0.26288888 -0.36922222 -0.15655555
237 -0.26111111 -0.36777777 -0.15444444
238 -0.25933333 -0.36633333 -0.15233333
239 -0.25755555 -0.36488888 -0.15022222
240 -0.25577777 -0.36344444 -0.14811111
241 -0.25400000 -0.36200000 -0.14600000
242 -0.25222222 -0.36055555 -0.14388888
243 -0.25044444 -0.35911111 -0.14177777
244 -0.24866666 -0.35766666 -0.13966666
245 -0.24688888 -0.35622222 -0.13755555
246 -0.24511111 -0.35477777 -0.13544444
247 -0.24333333 -0.35333333 -0.13333333
248 -0.24155555 -0.35188888 -0.13122222
249 -0.23977777 -0.35044444 -0.12911111
250 -0.23800000 -0.34900000 -0.12700000
251 -0.23622222 -0.34755555 -0.12488888
252 -0.23444444 -0.34611111 -0.12277777
253 -0.23266666 -0.34466666 -0.12066666
254 -0.23088888 -0.34322222 -0.11855555
255 -0.22911111 -0.34177777 -0.11644444
256 -0.22733333 -0.34033333 -0.11433333
257 -0.22555555 -0.33888888 -0.11222222
258 -0.22377777 -0.33744444 -0.11011111
259 -0.22200000 -0.33600000 -0.10800000
260 -0.22022222 -0.33455555 -0.10588888
261 -0.21844444 -0.33311111 -0.10377777
262 -0.21666666 -0.33166666 -0.10166666
263 -0.21488888 -0.33022222 -0.09955555
264 -0.21311111 -0.32877777 -0.09744444
265 -0.21133333 -0.32733333 -0.09533333
266 -0.20955555 -0.32588888 -0.09322222
267 -0.20777777 -0.32444444 -0.09111111
268 -0.20600000 -0.32300000 -0.08900000
269 -0.20422222 -0.32155555 -0.08688888
270 -0.20244444 -0.32011111 -0.08477777
271 -0.20066666 -0.31866666 -0.08266666
272 -0.19888888 -0.31722222 -0.08055555
273 -0.19711111 -0.31577777 -0.07844444
274 -0.19533333 -0.31433333 -0.07633333
275 -0.19355555 -0.31288888 -0.07422222
276 -0.19177777 -0.31144444 -0.07211111
277 -0.19000000 -0.31000000 -0.07000000
278 -0.18733695 -0.31000000 -0.06467391
279 -0.18467391 -0.31000000 -0.05934782
280 -0.18201086 -0.31000000 -0.05402173
281 -0.17934782 -0.31000000 -0.04869565
282 -0.17668478 -0.31000000 -0.04336956
283 -0.17402173 -0.31000000 -0.03804347
284 -0.17135869 -0.31000000 -0.03271739
285 -0.16869565 -0.31000000 -0.02739130
286 -0.16603260 -0.31000000 -0.02206521
287 -0.16336956 -0.31000000 -0.01673913
288 -0.16070652 -0.31000000 -0.01141304
289 -0.15804347 -0.31000000 -0.00608695
290 -0.15538043 -0.31000000 -0.00076086
291 -0.15271739 -0.31000000 0.00456522
292 -0.15005434 -0.31000000 0.00989130
293 -0.14739130 -0.31000000 0.01521739
294 -0.14472826 -0.31000000 0.02054348
295 -0.14206521 -0.31000000 0.02586957
296 -0.13940217 -0.31000000 0.03119565
297 -0.13673913 -0.31000000 0.03652174
298 -0.13407608 -0.31000000 0.04184783
299 -0.13141304 -0.31000000 0.04717391
300 -0.12875000 -0.31000000 0.05250000
301 -0.12608695 -0.31000000 0.05782609
302 -0.12342391 -0.31000000 0.06315217
303 -0.12076086 -0.31000000 0.06847826
304 -0.11809782 -0.31000000 0.07380435
305 -0.11543478 -0.31000000 0.07913043
306 -0.11277173 -0.31000000 0.08445652
307 -0.11010869 -0.31000000 0.08978261
308 -0.10744565 -0.31000000 0.09510870
309 -0.10478260 -0.31000000 0.10043478
310 -0.10211956 -0.31000000 0.10576087
311 -0.09945652 -0.31000000 0.11108696
312 -0.09679347 -0.31000000 0.11641304
313 -0.09413043 -0.31000000 0.12173913
314 -0.09146739 -0.31000000 0.12706522
315 -0.08880434 -0.31000000 0.13239130
316 -0.08614130 -0.31000000 0.13771739
317 -0.08347826 -0.31000000 0.14304348
318 -0.08081521 -0.31000000 0.14836957
319 -0.07815217 -0.31000000 0.15369565
320 -0.07548913 -0.31000000 0.15902174
321 -0.07282608 -0.31000000 0.16434783
322 -0.07016304 -0.31000000 0.16967391
323 -0.06750000 -0.31000000 0.17500000
324 -0.06483695 -0.31000000 0.18032609
325 -0.06217391 -0.31000000 0.18565217
326 -0.05951086 -0.31000000 0.19097826
327 -0.05684782 -0.31000000 0.19630435
328 -0.05418478 -0.31000000 0.20163043
329 -0.05152173 -0.31000000 0.20695652
330 -0.04885869 -0.31000000 0.21228261
331 -0.04619565 -0.31000000 0.21760870
332 -0.04353260 -0.31000000 0.22293478
333 -0.04086956 -0.31000000 0.22826087
334 -0.03820652 -0.31000000 0.23358696
335 -0.03554347 -0.31000000 0.23891304
336 -0.03288043 -0.31000000 0.24423913
337 -0.03021739 -0.31000000 0.24956522
338 -0.02755434 -0.31000000 0.25489130
339 -0.02489130 -0.31000000 0.26021739
340 -0.02222826 -0.31000000 0.26554348
341 -0.01956521 -0.31000000 0.27086957
342 -0.01690217 -0.31000000 0.27619565
343 -0.01423913 -0.31000000 0.28152174
344 -0.01157608 -0.31000000 0.28684783
345 -0.00891304 -0.31000000 0.29217391
346 -0.00625000 -0.31000000 0.29750000
347 -0.00358695 -0.31000000 0.30282609
348 -0.00092391 -0.31000000 0.30815217
349 0.00173913 -0.31000000 0.31347826
350 0.00440217 -0.31000000 0.31880435
351 0.00706522 -0.31000000 0.32413043
352 0.00972826 -0.31000000 0.32945652
353 0.01239130 -0.31000000 0.33478261
354 0.01505435 -0.31000000 0.34010870
355 0.01771739 -0.31000000 0.34543478
356 0.02038043 -0.31000000 0.35076087
357 0.02304348 -0.31000000 0.35608696
358 0.02570652 -0.31000000 0.36141304
359 0.02836957 -0.31000000 0.36673913
360 0.03103261 -0.31000000 0.37206522
361 0.03369565 -0.31000000 0.37739130
362 0.03635870 -0.31000000 0.38271739
363 0.03902174 -0.31000000 0.38804348
364 0.04168478 -0.31000000 0.39336957
365 0.04434783 -0.31000000 0.39869565
366 0.04701087 -0.31000000 0.40402174
367 0.04967391 -0.31000000 0.40934783
368 0.05233696 -0.31000000 0.41467391
369 0.05500000 -0.31000000 0.42000000
370 0.06695089 -0.29860845 0.43251023
371 0.07890177 -0.28721691 0.44502046
372 0.09085266 -0.27582537 0.45753070
373 0.10280355 -0.26443383 0.47004093
374 0.11475443 -0.25304229 0.48255116
375 0.12670532 -0.24165075 0.49506139
376 0.13865621 -0.23025920 0.50757162
377 0.15060709 -0.21886766 0.52008186
378 0.16255798 -0.20747612 0.53259209
379 0.17450887 -0.19608458 0.54510232
380 0.18645975 -0.18469304 0.55761255
381 0.19841064 -0.17330150 0.57012278
382 0.21036153 -0.16190995 0.58263302
383 0.22231241 -0.15051841 0.59514325
384 0.23426330 -0.13912687 0.60765348
385 0.24621419 -0.12773533 0.62016371
386 0.25816508 -0.11634379 0.63267394
387 0.27011596 -0.10495225 0.64518417
388 0.28206685 -0.09356070 0.65769441
389 0.29401774 -0.08216916 0.67020464
390 0.30596862 -0.07077762 0.68271487
391 0.31791951 -0.05938608 0.69522510
392 0.32987040 -0.04799454 0.70773533
393 0.34182128 -0.03660300 0.72024557
394 0.35377217 -0.02521145 0.73275580
395 0.36572306 -0.01381991 0.74526603
396 0.37767394 -0.00242837 0.75777626
397 0.38962483 0.00896317 0.77028649
398 0.40157572 0.02035471 0.78279673
399 0.41352660 0.03174625 0.79530696
400 0.42547749 0.04313779 0.80781719
401 0.43742838 0.05452933 0.82032742
402 0.44937926 0.06592087 0.83283765
403 0.46133015 0.07731241 0.84534789
404 0.47328104 0.08870396 0.85785812
405 0.48523192 0.10009550 0.87036835
406 0.49718281 0.11148704 0.88287858
407 0.50913370 0.12287858 0.89538881
408 0.52108458 0.13427012 0.90789905
409 0.53303547 0.14566166 0.92040928
410 0.54498636 0.15705321 0.93291951
411 0.55693724 0.16844475 0.94542974
412 0.56888813 0.17983629 0.95793997
413 0.58083902 0.19122783 0.97045020
414 0.59278990 0.20261937 0.98296044
415 0.60474079 0.21401091 0.99547067
416 0.61669168 0.22540246 1.00798090
417 0.62864256 0.23679400 1.02049113
418 0.64059345 0.24818554 1.03300136
419 0.65254434 0.25957708 1.04551160
420 0.66449523 0.27096862 1.05802183
421 0.67644611 0.28236016 1.07053206
422 0.68839700 0.29375171 1.08304229
423 0.70034789 0.30514325 1.09555252
424 0.71229877 0.31653479 1.10806276
425 0.72424966 0.32792633 1.12057299
426 0.73620055 0.33931787 1.13308322
427 0.74815143 0.35070941 1.14559345
428 0.76010232 0.36210096 1.15810368
429 0.77205321 0.37349250 1.17061392
430 0.78400409 0.38488404 1.18312415
431 0.79595498 0.39627558 1.19563438
432 0.80790587 0.40766712 1.20814461
433 0.81985675 0.41905866 1.22065484
434 0.83180764 0.43045020 1.23316508
435 0.84375853 0.44184175 1.24567531
436 0.85570941 0.45323329 1.25818554
437 0.86766030 0.46462483 1.27069577
438 0.87961119 0.47601637 1.28320600
439 0.89156207 0.48740791 1.29571623
440 0.90351296 0.49879945 1.30822647
441 0.91546385 0.51019100 1.32073670
442 0.92741473 0.52158254 1.33324693
443 0.93936562 0.53297408 1.34575716
444 0.95131651 0.54436562 1.35826739
445 0.96326739 0.55575716 1.37077763
446 0.97521828 0.56714870 1.38328786
447 0.98716917 0.57854025 1.39579809
448 0.99912005 0.58993179 1.40830832
449 1.01107094 0.60132333 1.42081855
450 1.02302183 0.61271487 1.43332879
451 1.03497271 0.62410641 1.44583902
452 1.04692360 0.63549795 1.45834925
453 1.05887449 0.64688950 1.47085948
454 1.07082538 0.65828104 1.48336971
455 1.08277626 0.66967258 1.49587995
456 1.09472715 0.68106412 1.50839018
457 1.10667804 0.69245566 1.52090041
458 1.11862892 0.70384720 1.53341064
459 1.13057981 0.71523874 1.54592087
460 1.14253070 0.72663029 1.55843111
461 1.15448158 0.73802183 1.57094134
462 1.16643247 0.74941337 1.58345157
463 1.17838336 0.76080491 1.59596180
464 1.19033424 0.77219645 1.60847203
465 1.20228513 0.78358799 1.62098226
466 1.21423602 0.79497954 1.63349250
467 1.22618690 0.80637108 1.64600273
468 1.23813779 0.81776262 1.65851296
469 1.25008868 0.82915416 1.67102319
470 1.26203956 0.84054570 1.68353342
471 1.27399045 0.85193724 1.69604366
472 1.28594134 0.86332879 1.70855389
473 1.29789222 0.87472033 1.72106412
474 1.30984311 0.88611187 1.73357435
475 1.32179400 0.89750341 1.74608458
476 1.33374488 0.90889495 1.75859482
477 1.34569577 0.92028649 1.77110505
478 1.35764666 0.93167804 1.78361528
479 1.36959754 0.94306958 1.79612551
480 1.38154843 0.95446112 1.80863574
481 1.39349932 0.96585266 1.82114598
482 1.40545020 0.97724420 1.83365621
483 1.41740109 0.98863574 1.84616644
484 1.42935198 1.00002729 1.85867667
485 1.44130286 1.01141883 1.87118690
486 1.45325375 1.02281037 1.88369714
487 1.46520464 1.03420191 1.89620737
488 1.47715553 1.04559345 1.90871760
489 1.48910641 1.05698499 1.92122783
490 1.50105730 1.06837653 1.93373806
491 1.51300819 1.07976808 1.94624829
492 1.52495907 1.09115962 1.95875853
493 1.53690996 1.10255116 1.97126876
494 1.54886085 1.11394270 1.98377899
495 1.56081173 1.12533424 1.99628922
496 1.57276262 1.13672578 2.00879945
497 1.58471351 1.14811733 2.02130969
498 1.59666439 1.15950887 2.03381992
499 1.60861528 1.17090041 2.04633015
500 1.62056617 1.18229195 2.05884038
501 1.63251705 1.19368349 2.07135061
502 1.64446794 1.20507503 2.08386085
503 1.65641883 1.21646658 2.09637108
504 1.66836971 1.22785812 2.10888131
505 1.68032060 1.23924966 2.12139154
506 1.69227149 1.25064120 2.13390177
507 1.70422237 1.26203274 2.14641201
508 1.71617326 1.27342428 2.15892224
509 1.72812415 1.28481583 2.17143247
510 1.74007503 1.29620737 2.18394270
511 1.75202592 1.30759891 2.19645293
512 1.76397681 1.31899045 2.20896317
513 1.77592769 1.33038199 2.22147340
514 1.78787858 1.34177353 2.23398363
515 1.79982947 1.35316508 2.24649386
516 1.81178035 1.36455662 2.25900409
517 1.82373124 1.37594816 2.27151432
518 1.83568213 1.38733970 2.28402456
519 1.84763302 1.39873124 2.29653479
520 1.85958390 1.41012278 2.30904502
521 1.87153479 1.42151432 2.32155525
522 1.88348568 1.43290587 2.33406548
523 1.89543656 1.44429741 2.34657572
524 1.90738745 1.45568895 2.35908595
525 1.91933834 1.46708049 2.37159618
526 1.93128922 1.47847203 2.38410641
527 1.94324011 1.48986357 2.39661664
528 1.95519100 1.50125512 2.40912688
529 1.96714188 1.51264666 2.42163711
530 1.97909277 1.52403820 2.43414734
531 1.99104366 1.53542974 2.44665757
532 2.00299454 1.54682128 2.45916780
533 2.01494543 1.55821282 2.47167804
534 2.02689632 1.56960437 2.48418827
535 2.03884720 1.58099591 2.49669850
536 2.05079809 1.59238745 2.50920873
537 2.06274898 1.60377899 2.52171896
538 2.07469986 1.61517053 2.53422920
539 2.08665075 1.62656207 2.54673943
540 2.09860164 1.63795362 2.55924966
541 2.11055252 1.64934516 2.57175989
542 2.12250341 1.66073670 2.58427012
543 2.13445430 1.67212824 2.59678035
544 2.14640518 1.68351978 2.60929059
545 2.15835607 1.69491132 2.62180082
546 2.17030696 1.70630286 2.63431105
547 2.18225784 1.71769441 2.64682128
548 2.19420873 1.72908595 2.65933151
549 2.20615962 1.74047749 2.67184175
550 2.21811050 1.75186903 2.68435198
551 2.23006139 1.76326057 2.69686221
552 2.24201228 1.77465211 2.70937244
553 2.25396317 1.78604366 2.72188267
554 2.26591405 1.79743520 2.73439291
555 2.27786494 1.80882674 2.74690314
556 2.28981583 1.82021828 2.75941337
557 2.30176671 1.83160982 2.77192360
558 2.31371760 1.84300136 2.78443383
559 2.32566849 1.85439291 2.79694407
560 2.33761937 1.86578445 2.80945430
561 2.34957026 1.87717599 2.82196453
562 2.36152115 1.88856753 2.83447476
563 2.37347203 1.89995907 2.84698499
564 2.38542292 1.91135061 2.85949523
565 2.39737381 1.92274216 2.87200546
566 2.40932469 1.93413370 2.88451569
567 2.42127558 1.94552524 2.89702592
568 2.43322647 1.95691678 2.90953615
569 2.44517735 1.96830832 2.92204638
570 2.45712824 1.97969986 2.93455662
571 2.46907913 1.99109141 2.94706685
572 2.48103001 2.00248295 2.95957708
573 2.49298090 2.01387449 2.97208731
574 2.50493179 2.02526603 2.98459754
575 2.51688267 2.03665757 2.99710778
576 2.52883356 2.04804911 3.00961801
577 2.54078445 2.05944065 3.02212824
578 2.55273533 2.07083220 3.03463847
579 2.56468622 2.08222374 3.04714870
580 2.57663711 2.09361528 3.05965894
581 2.58858799 2.10500682 3.07216917
582 2.60053888 2.11639836 3.08467940
583 2.61248977 2.12778990 3.09718963
584 2.62444065 2.13918145 3.10969986
585 2.63639154 2.15057299 3.12221010
586 2.64834243 2.16196453 3.13472033
587 2.66029332 2.17335607 3.14723056
588 2.67224420 2.18474761 3.15974079
589 2.68419509 2.19613915 3.17225102
590 2.69614598 2.20753070 3.18476126
591 2.70809686 2.21892224 3.19727149
592 2.72004775 2.23031378 3.20978172
593 2.73199864 2.24170532 3.22229195
594 2.74394952 2.25309686 3.23480218
595 2.75590041 2.26448840 3.24731241
596 2.76785130 2.27587995 3.25982265
597 2.77980218 2.28727149 3.27233288
598 2.79175307 2.29866303 3.28484311
599 2.80370396 2.31005457 3.29735334
600 2.81565484 2.32144611 3.30986357
601 2.82760573 2.33283765 3.32237381
602 2.83955662 2.34422920 3.33488404
603 2.85150750 2.35562074 3.34739427
604 2.86345839 2.36701228 3.35990450
605 2.87540928 2.37840382 3.37241473
606 2.88736016 2.38979536 3.38492497
607 2.89931105 2.40118690 3.39743520
608 2.91126194 2.41257844 3.40994543
609 2.92321282 2.42396999 3.42245566
610 2.93516371 2.43536153 3.43496589
611 2.94711460 2.44675307 3.44747613
612 2.95906548 2.45814461 3.45998636
613 2.97101637 2.46953615 3.47249659
614 2.98296726 2.48092769 3.48500682
615 2.99491814 2.49231924 3.49751705
616 3.00686903 2.50371078 3.51002729
617 3.01881992 2.51510232 3.52253752
618 3.03077080 2.52649386 3.53504775
619 3.04272169 2.53788540 3.54755798
620 3.05467258 2.54927694 3.56006821
621 3.06662347 2.56066849 3.57257844
622 3.07857435 2.57206003 3.58508868
623 3.09052524 2.58345157 3.59759891
624 3.10247613 2.59484311 3.61010914
625 3.11442701 2.60623465 3.62261937
626 3.12637790 2.61762619 3.63512960
627 3.13832879 2.62901774 3.64763984
628 3.15027967 2.64040928 3.66015007
629 3.16223056 2.65180082 3.67266030
630 3.17418145 2.66319236 3.68517053
631 3.18613233 2.67458390 3.69768076
632 3.19808322 2.68597544 3.71019100
633 3.21003411 2.69736699 3.72270123
634 3.22198499 2.70875853 3.73521146
635 3.23393588 2.72015007 3.74772169
636 3.24588677 2.73154161 3.76023192
637 3.25783765 2.74293315 3.77274216
638 3.26978854 2.75432469 3.78525239
639 3.28173943 2.76571623 3.79776262
640 3.29369031 2.77710778 3.81027285
641 3.30564120 2.78849932 3.82278308
642 3.31759209 2.79989086 3.83529332
643 3.32954297 2.81128240 3.84780355
644 3.34149386 2.82267394 3.86031378
645 3.35344475 2.83406548 3.87282401
646 3.36539563 2.84545703 3.88533424
647 3.37734652 2.85684857 3.89784447
648 3.38929741 2.86824011 3.91035471
649 3.40124829 2.87963165 3.92286494
650 3.41319918 2.89102319 3.93537517
651 3.42515007 2.90241473 3.94788540
652 3.43710096 2.91380628 3.96039563
653 3.44905184 2.92519782 3.97290587
654 3.46100273 2.93658936 3.98541610
655 3.47295362 2.94798090 3.99792633
656 3.48490450 2.95937244 4.01043656
657 3.49685539 2.97076398 4.02294679
658 3.50880628 2.98215553 4.03545703
659 3.52075716 2.99354707 4.04796726
660 3.53270805 3.00493861 4.06047749
661 3.54465894 3.01633015 4.07298772
662 3.55660982 3.02772169 4.08549795
663 3.56856071 3.03911323 4.09800819
664 3.58051160 3.05050477 4.11051842
665 3.59246248 3.06189632 4.12302865
666 3.60441337 3.07328786 4.13553888
667 3.61636426 3.08467940 4.14804911
668 3.62831514 3.09607094 4.16055935
669 3.64026603 3.10746248 4.17306958
670 3.65221692 3.11885402 4.18557981
671 3.66416780 3.13024557 4.19809004
672 3.67611869 3.14163711 4.21060027
673 3.68806958 3.15302865 4.22311050
674 3.70002046 3.16442019 4.23562074
675 3.71197135 3.17581173 4.24813097
676 3.72392224 3.18720327 4.26064120
677 3.73587312 3.19859482 4.27315143
678 3.74782401 3.20998636 4.28566166
679 3.75977490 3.22137790 4.29817190
680 3.77172578 3.23276944 4.31068213
681 3.78367667 3.24416098 4.32319236
682 3.79562756 3.25555252 4.33570259
683 3.80757844 3.26694407 4.34821282
684 3.81952933 3.27833561 4.36072306
685 3.83148022 3.28972715 4.37323329
686 3.84343111 3.30111869 4.38574352
687 3.85538199 3.31251023 4.39825375
688 3.86733288 3.32390177 4.41076398
689 3.87928377 3.33529332 4.42327422
690 3.89123465 3.34668486 4.43578445
691 3.90318554 3.35807640 4.44829468
692 3.91513643 3.36946794 4.46080491
693 3.92708731 3.38085948 4.47331514
694 3.93903820 3.39225102 4.48582538
695 3.95098909 3.40364256 4.49833561
696 3.96293997 3.41503411 4.51084584
697 3.97489086 3.42642565 4.52335607
698 3.98684175 3.43781719 4.53586630
699 3.99879263 3.44920873 4.54837653
700 4.01074352 3.46060027 4.56088677
701 4.02269441 3.47199181 4.57339700
702 4.03464529 3.48338336 4.58590723
703 4.04659618 3.49477490 4.59841746
704 4.05854707 3.50616644 4.61092769
705 4.07049795 3.51755798 4.62343793
706 4.08244884 3.52894952 4.63594816
707 4.09439973 3.54034106 4.64845839
708 4.10635061 3.55173261 4.66096862
709 4.11830150 3.56312415 4.67347885
710 4.13025239 3.57451569 4.68598909
711 4.14220327 3.58590723 4.69849932
712 4.15415416 3.59729877 4.71100955
713 4.16610505 3.60869031 4.72351978
714 4.17805593 3.62008186 4.73603001
715 4.19000682 3.63147340 4.74854025
716 4.20195771 3.64286494 4.76105048
717 4.21390859 3.65425648 4.77356071
718 4.22585948 3.66564802 4.78607094
719 4.23781037 3.67703956 4.79858117
720 4.24976126 3.68843111 4.81109141
721 4.26171214 3.69982265 4.82360164
722 4.27366303 3.71121419 4.83611187
723 4.28561392 3.72260573 4.84862210
724 4.29756480 3.73399727 4.86113233
725 4.30951569 3.74538881 4.87364256
726 4.32146658 3.75678035 4.88615280
727 4.33341746 3.76817190 4.89866303
728 4.34536835 3.77956344 4.91117326
729 4.35731924 3.79095498 4.92368349
730 4.36927012 3.80234652 4.93619372
731 4.38122101 3.81373806 4.94870396
732 4.39317190 3.82512960 4.96121419
733 4.40512278 3.83652115 4.97372442
734 4.41707367 3.84791269 4.98623465
735 4.42902456 3.85930423 4.99874488
736 4.44097544 3.87069577 5.01125512
737 4.45292633 3.88208731 5.02376535
738 4.46487722 3.89347885 5.03627558
739 4.47682810 3.90487040 5.04878581
740 4.48877899 3.91626194 5.06129604
741 4.50072988 3.92765348 5.07380628
742 4.51268076 3.93904502 5.08631651
743 4.52463165 3.95043656 5.09882674
744 4.53658254 3.96182810 5.11133697
745 4.54853342 3.97321965 5.12384720
746 4.56048431 3.98461119 5.13635744
747 4.57243520 3.99600273 5.14886767
748 4.58438608 4.00739427 5.16137790
749 4.59633697 4.01878581 5.17388813
750 4.60828786 4.03017735 5.18639836
751 4.62023874 4.04156890 5.19890859
752 4.63218963 4.05296044 5.21141883
753 4.64414052 4.06435198 5.22392906
754 4.65609141 4.07574352 5.23643929
755 4.66804229 4.08713506 5.24894952
756 4.67999318 4.09852660 5.26145975
757 4.69194407 4.10991814 5.27396999
758 4.70389495 4.12130969 5.28648022
759 4.71584584 4.13270123 5.29899045
760 4.72779673 4.14409277 5.31150068
761 4.73974761 4.15548431 5.32401091
762 4.75169850 4.16687585 5.33652115
763 4.76364939 4.17826739 5.34903138
764 4.77560027 4.18965894 5.36154161
765 4.78755116 4.20105048 5.37405184
766 4.79950205 4.21244202 5.38656207
767 4.81145293 4.22383356 5.39907231
768 4.82340382 4.23522510 5.41158254
769 4.83535471 4.24661664 5.42409277
770 4.84730559 4.25800819 5.43660300
771 4.85925648 4.26939973 5.44911323
772 4.87120737 4.28079127 5.46162347
773 4.88315825 4.29218281 5.47413370
774 4.89510914 4.30357435 5.48664393
775 4.90706003 4.31496589 5.49915416
776 4.91901091 4.32635744 5.51166439
777 4.93096180 4.33774898 5.52417462
778 4.94291269 4.34914052 5.53668486
779 4.95486357 4.36053206 5.54919509
780 4.96681446 4.37192360 5.56170532
781 4.97876535 4.38331514 5.57421555
782 4.99071623 4.39470668 5.58672578
783 5.00266712 4.40609823 5.59923602
784 5.01461801 4.41748977 5.61174625
785 5.02656890 4.42888131 5.62425648
786 5.03851978 4.44027285 5.63676671
787 5.05047067 4.45166439 5.64927694
788 5.06242156 4.46305593 5.66178718
789 5.07437244 4.47444748 5.67429741
790 5.08632333 4.48583902 5.68680764
791 5.09827422 4.49723056 5.69931787
792 5.11022510 4.50862210 5.71182810
793 5.12217599 4.52001364 5.72433834
794 5.13412688 4.53140518 5.73684857
795 5.14607776 4.54279673 5.74935880
796 5.15802865 4.55418827 5.76186903
797 5.16997954 4.56557981 5.77437926
798 5.18193042 4.57697135 5.78688950
799 5.19388131 4.58836289 5.79939973
800 5.20583220 4.59975443 5.81190996
801 5.21778308 4.61114598 5.82442019
802 5.22973397 4.62253752 5.83693042
803 5.24168486 4.63392906 5.84944065
804 5.25363574 4.64532060 5.86195089
805 5.26558663 4.65671214 5.87446112
806 5.27753752 4.66810368 5.88697135
807 5.28948840 4.67949523 5.89948158
808 5.30143929 4.69088677 5.91199181
809 5.31339018 4.70227831 5.92450205
810 5.32534106 4.71366985 5.93701228
811 5.33729195 4.72506139 5.94952251
812 5.34924284 4.73645293 5.96203274
813 5.36119372 4.74784447 5.97454297
814 5.37314461 4.75923602 5.98705321
815 5.38509550 4.77062756 5.99956344
816 5.39704638 4.78201910 6.01207367
817 5.40899727 4.79341064 6.02458390
818 5.42094816 4.80480218 6.03709413
819 5.43289905 4.81619372 6.04960437
820 5.44484993 4.82758527 6.06211460
821 5.45680082 4.83897681 6.07462483
822 5.46875171 4.85036835 6.08713506
823 5.48070259 4.86175989 6.09964529
824 5.49265348 4.87315143 6.11215553
825 5.50460437 4.88454297 6.12466576
826 5.51655525 4.89593452 6.13717599
827 5.52850614 4.90732606 6.14968622
828 5.54045703 4.91871760 6.16219645
829 5.55240791 4.93010914 6.17470668
830 5.56435880 4.94150068 6.18721692
831 5.57630969 4.95289222 6.19972715
832 5.58826057 4.96428377 6.21223738
833 5.60021146 4.97567531 6.22474761
834 5.61216235 4.98706685 6.23725784
835 5.62411323 4.99845839 6.24976808
836 5.63606412 5.00984993 6.26227831
837 5.64801501 5.02124147 6.27478854
838 5.65996589 5.03263302 6.28729877
839 5.67191678 5.04402456 6.29980900
840 5.68386767 5.05541610 6.31231924
841 5.69581855 5.06680764 6.32482947
842 5.70776944 5.07819918 6.33733970
843 5.71972033 5.08959072 6.34984993
844 5.73167121 5.10098226 6.36236016
845 5.74362210 5.11237381 6.37487040
846 5.75557299 5.12376535 6.38738063
847 5.76752387 5.13515689 6.39989086
848 5.77947476 5.14654843 6.41240109
849 5.79142565 5.15793997 6.42491132
850 5.80337653 5.16933151 6.43742156
851 5.81532742 5.18072306 6.44993179
852 5.82727831 5.19211460 6.46244202
853 5.83922920 5.20350614 6.47495225
854 5.85118008 5.21489768 6.48746248
855 5.86313097 5.22628922 6.49997271
856 5.87508186 5.23768076 6.51248295
857 5.88703274 5.24907231 6.52499318
858 5.89898363 5.26046385 6.53750341
859 5.91093452 5.27185539 6.55001364
860 5.92288540 5.28324693 6.56252387
861 5.93483629 5.29463847 6.57503411
862 5.94678718 5.30603001 6.58754434
863 5.95873806 5.31742156 6.60005457
864 5.97068895 5.32881310 6.61256480
865 5.98263984 5.34020464 6.62507503
866 5.99459072 5.35159618 6.63758527
867 6.00654161 5.36298772 6.65009550
868 6.01849250 5.37437926 6.66260573
869 6.03044338 5.38577080 6.67511596
870 6.04239427 5.39716235 6.68762619
871 6.05434516 5.40855389 6.70013643
872 6.06629604 5.41994543 6.71264666
873 6.07824693 5.43133697 6.72515689
874 6.09019782 5.44272851 6.73766712
875 6.10214870 5.45412005 6.75017735
876 6.11409959 5.46551160 6.76268759
877 6.12605048 5.47690314 6.77519782
878 6.13800136 5.48829468 6.78770805
879 6.14995225 5.49968622 6.80021828
880 6.16190314 5.51107776 6.81272851
881 6.17385402 5.52246930 6.82523874
882 6.18580491 5.53386085 6.83774898
883 6.19775580 5.54525239 6.85025921
884 6.20970668 5.55664393 6.86276944
885 6.22165757 5.56803547 6.87527967
886 6.23360846 5.57942701 6.88778990
887 6.24555935 5.59081855 6.90030014
888 6.25751023 5.60221010 6.91281037
889 6.26946112 5.61360164 6.92532060
890 6.28141201 5.62499318 6.93783083
891 6.29336289 5.63638472 6.95034106
892 6.30531378 5.64777626 6.96285130
893 6.31726467 5.65916780 6.97536153
894 6.32921555 5.67055935 6.98787176
895 6.34116644 5.68195089 7.00038199
896 6.35311733 5.69334243 7.01289222
897 6.36506821 5.70473397 7.02540246
898 6.37701910 5.71612551 7.03791269
899 6.38896999 5.72751705 7.05042292
900 6.40092087 5.73890859 7.06293315
901 6.41287176 5.75030014 7.07544338
902 6.42482265 5.76169168 7.08795362
903 6.43677353 5.77308322 7.10046385
904 6.44872442 5.78447476 7.11297408
905 6.46067531 5.79586630 7.12548431
906 6.47262619 5.80725784 7.13799454
907 6.48457708 5.81864939 7.15050477
908 6.49652797 5.83004093 7.16301501
909 6.50847885 5.84143247 7.17552524
910 6.52042974 5.85282401 7.18803547
911 6.53238063 5.86421555 7.20054570
912 6.54433151 5.87560709 7.21305593
913 6.55628240 5.88699864 7.22556617
914 6.56823329 5.89839018 7.23807640
915 6.58018417 5.90978172 7.25058663
916 6.59213506 5.92117326 7.26309686
917 6.60408595 5.93256480 7.27560709
918 6.61603683 5.94395634 7.28811733
919 6.62798772 5.95534789 7.30062756
920 6.63993861 5.96673943 7.31313779
921 6.65188950 5.97813097 7.32564802
922 6.66384038 5.98952251 7.33815825
923 6.67579127 6.00091405 7.35066849
924 6.68774216 6.01230559 7.36317872
925 6.69969304 6.02369714 7.37568895
926 6.71164393 6.03508868 7.38819918
927 6.72359482 6.04648022 7.40070941
928 6.73554570 6.05787176 7.41321965
929 6.74749659 6.06926330 7.42572988
930 6.75944748 6.08065484 7.43824011
931 6.77139836 6.09204638 7.45075034
932 6.78334925 6.10343793 7.46326057
933 6.79530014 6.11482947 7.47577080
934 6.80725102 6.12622101 7.48828104
935 6.81920191 6.13761255 7.50079127
936 6.83115280 6.14900409 7.51330150
937 6.84310368 6.16039563 7.52581173
938 6.85505457 6.17178718 7.53832196
939 6.86700546 6.18317872 7.55083220
940 6.87895634 6.19457026 7.56334243
941 6.89090723 6.20596180 7.57585266
942 6.90285812 6.21735334 7.58836289
943 6.91480900 6.22874488 7.60087312
944 6.92675989 6.24013643 7.61338336
945 6.93871078 6.25152797 7.62589359
946 6.95066166 6.26291951 7.63840382
947 6.96261255 6.27431105 7.65091405
948 6.97456344 6.28570259 7.66342428
949 6.98651432 6.29709413 7.67593452
950 6.99846521 6.30848568 7.68844475
951 7.01041610 6.31987722 7.70095498
952 7.02236699 6.33126876 7.71346521
953 7.03431787 6.34266030 7.72597544
954 7.04626876 6.35405184 7.73848568
955 7.05821965 6.36544338 7.75099591
956 7.07017053 6.37683493 7.76350614
957 7.08212142 6.38822647 7.77601637
958 7.09407231 6.39961801 7.78852660
959 7.10602319 6.41100955 7.80103683
960 7.11797408 6.42240109 7.81354707
961 7.12992497 6.43379263 7.82605730
962 7.14187585 6.44518417 7.83856753
963 7.15382674 6.45657572 7.85107776
964 7.16577763 6.46796726 7.86358799
965 7.17772851 6.47935880 7.87609823
966 7.18967940 6.49075034 7.88860846
967 7.20163029 6.50214188 7.90111869
968 7.21358117 6.51353342 7.91362892
969 7.22553206 6.52492497 7.92613915
970 7.23748295 6.53631651 7.93864939
971 7.24943383 6.54770805 7.95115962
972 7.26138472 6.55909959 7.96366985
973 7.27333561 6.57049113 7.97618008
974 7.28528649 6.58188267 7.98869031
975 7.29723738 6.59327422 8.00120055
976 7.30918827 6.60466576 8.01371078
977 7.32113915 6.61605730 8.02622101
978 7.33309004 6.62744884 8.03873124
979 7.34504093 6.63884038 8.05124147
980 7.35699181 6.65023192 8.06375171
981 7.36894270 6.66162347 8.07626194
982 7.38089359 6.67301501 8.08877217
983 7.39284447 6.68440655 8.10128240
984 7.40479536 6.69579809 8.11379263
985 7.41674625 6.70718963 8.12630286
986 7.42869714 6.71858117 8.13881310
987 7.44064802 6.72997271 8.15132333
988 7.45259891 6.74136426 8.16383356
989 7.46454980 6.75275580 8.17634379
990 7.47650068 6.76414734 8.18885402
991 7.48845157 6.77553888 8.20136426
992 7.50040246 6.78693042 8.21387449
993 7.51235334 6.79832196 8.22638472
994 7.52430423 6.80971351 8.23889495
995 7.53625512 6.82110505 8.25140518
996 7.54820600 6.83249659 8.26391542
997 7.56015689 6.84388813 8.27642565
998 7.57210778 6.85527967 8.28893588
999 7.58405866 6.86667121 8.30144611
1000 7.59600955 6.87806276 8.31395634
1001 7.60796044 6.88945430 8.32646658
1002 7.61991132 6.90084584 8.33897681
1003 7.63186221 6.91223738 8.35148704
1004 7.64381310 6.92362892 8.36399727
1005 7.65576398 6.93502046 8.37650750
1006 7.66771487 6.94641201 8.38901774
1007 7.67966576 6.95780355 8.40152797
1008 7.69161664 6.96919509 8.41403820
1009 7.70356753 6.98058663 8.42654843
1010 7.71551842 6.99197817 8.43905866
1011 7.72746930 7.00336971 8.45156890
1012 7.73942019 7.01476126 8.46407913
1013 7.75137108 7.02615280 8.47658936
1014 7.76332196 7.03754434 8.48909959
1015 7.77527285 7.04893588 8.50160982
1016 7.78722374 7.06032742 8.51412005
1017 7.79917462 7.07171896 8.52663029
1018 7.81112551 7.08311050 8.53914052
1019 7.82307640 7.09450205 8.55165075
1020 7.83502729 7.10589359 8.56416098
1021 7.84697817 7.11728513 8.57667121
1022 7.85892906 7.12867667 8.58918145
1023 7.87087995 7.14006821 8.60169168
1024 7.88283083 7.15145975 8.61420191
1025 7.89478172 7.16285130 8.62671214
1026 7.90673261 7.17424284 8.63922237
1027 7.91868349 7.18563438 8.65173261
1028 7.93063438 7.19702592 8.66424284
1029 7.94258527 7.20841746 8.67675307
1030 7.95453615 7.21980900 8.68926330
1031 7.96648704 7.23120055 8.70177353
1032 7.97843793 7.24259209 8.71428377
1033 7.99038881 7.25398363 8.72679400
1034 8.00233970 7.26537517 8.73930423
1035 8.01429059 7.27676671 8.75181446
1036 8.02624147 7.28815825 8.76432469
1037 8.03819236 7.29954980 8.77683493
1038 8.05014325 7.31094134 8.78934516
1039 8.06209413 7.32233288 8.80185539
1040 8.07404502 7.33372442 8.81436562
1041 8.08599591 7.34511596 8.82687585
1042 8.09794679 7.35650750 8.83938608
1043 8.10989768 7.36789905 8.85189632
1044 8.12184857 7.37929059 8.86440655
1045 8.13379945 7.39068213 8.87691678
1046 8.14575034 7.40207367 8.88942701
1047 8.15770123 7.41346521 8.90193724
1048 8.16965211 7.42485675 8.91444748
1049 8.18160300 7.43624829 8.92695771
1050 8.19355389 7.44763984 8.93946794
1051 8.20550477 7.45903138 8.95197817
1052 8.21745566 7.47042292 8.96448840
1053 8.22940655 7.48181446 8.97699864
1054 8.24135744 7.49320600 8.98950887
1055 8.25330832 7.50459754 9.00201910
1056 8.26525921 7.51598909 9.01452933
1057 8.27721010 7.52738063 9.02703956
1058 8.28916098 7.53877217 9.03954980
1059 8.30111187 7.55016371 9.05206003
1060 8.31306276 7.56155525 9.06457026
1061 8.32501364 7.57294679 9.07708049
1062 8.33696453 7.58433834 9.08959072
1063 8.34891542 7.59572988 9.10210096
1064 8.36086630 7.60712142 9.11461119
1065 8.37281719 7.61851296 9.12712142
1066 8.38476808 7.62990450 9.13963165
1067 8.39671896 7.64129604 9.15214188
1068 8.40866985 7.65268759 9.16465211
1069 8.42062074 7.66407913 9.17716235
1070 8.43257162 7.67547067 9.18967258
1071 8.44452251 7.68686221 9.20218281
1072 8.45647340 7.69825375 9.21469304
1073 8.46842428 7.70964529 9.22720327
1074 8.48037517 7.72103683 9.23971351
1075 8.49232606 7.73242838 9.25222374
1076 8.50427694 7.74381992 9.26473397
1077 8.51622783 7.75521146 9.27724420
1078 8.52817872 7.76660300 9.28975443
1079 8.54012960 7.77799454 9.30226467
1080 8.55208049 7.78938608 9.31477490
1081 8.56403138 7.80077763 9.32728513
1082 8.57598226 7.81216917 9.33979536
1083 8.58793315 7.82356071 9.35230559
1084 8.59988404 7.83495225 9.36481583
1085 8.61183493 7.84634379 9.37732606
1086 8.62378581 7.85773533 9.38983629
1087 8.63573670 7.86912688 9.40234652
1088 8.64768759 7.88051842 9.41485675
1089 8.65963847 7.89190996 9.42736699
1090 8.67158936 7.90330150 9.43987722
1091 8.68354025 7.91469304 9.45238745
1092 8.69549113 7.92608458 9.46489768
1093 8.70744202 7.93747613 9.47740791
1094 8.71939291 7.94886767 9.48991814
1095 8.73134379 7.96025921 9.50242838
1096 8.74329468 7.97165075 9.51493861
1097 8.75524557 7.98304229 9.52744884
1098 8.76719645 7.99443383 9.53995907
1099 8.77914734 8.00582538 9.55246930
1100 8.79109823 8.01721692 9.56497954
1101 8.80304911 8.02860846 9.57748977
1102 8.81500000 8.04000000 9.59000000
1103 8.82789835 8.05289835 9.60289835
1104 8.84079670 8.06579670 9.61579670
1105 8.85369505 8.07869505 9.62869505
1106 8.86659341 8.09159341 9.64159341
1107 8.87949176 8.10449176 9.65449176
1108 8.89239011 8.11739011 9.66739011
1109 8.90528846 8.13028846 9.68028846
1110 8.91818681 8.14318681 9.69318681
1111 8.93108516 8.15608516 9.70608516
1112 8.94398352 8.16898352 9.71898352
1113 8.95688187 8.18188187 9.73188187
1114 8.96978022 8.19478022 9.74478022
1115 8.98267857 8.20767857 9.75767857
1116 8.99557692 8.22057692 9.77057692
1117 9.00847527 8.23347527 9.78347527
1118 9.02137363 8.24637363 9.79637363
1119 9.03427198 8.25927198 9.80927198
1120 9.04717033 8.27217033 9.82217033
1121 9.06006868 8.28506868 9.83506868
1122 9.07296703 8.29796703 9.84796703
1123 9.08586538 8.31086538 9.86086538
1124 9.09876374 8.32376374 9.87376374
1125 9.11166209 8.33666209 9.88666209
1126 9.12456044 8.34956044 9.89956044
1127 9.13745879 8.36245879 9.91245879
1128 9.15035714 8.37535714 9.92535714
1129 9.16325549 8.38825549 9.93825549
1130 9.17615385 8.40115385 9.95115385
1131 9.18905220 8.41405220 9.96405220
1132 9.20195055 8.42695055 9.97695055
1133 9.21484890 8.43984890 9.98984890
1134 9.22774725 8.45274725 10.00274725
1135 9.24064560 8.46564560 10.01564560
1136 9.25354396 8.47854396 10.02854396
1137 9.26644231 8.49144231 10.04144231
1138 9.27934066 8.50434066 10.05434066
1139 9.29223901 8.51723901 10.06723901
1140 9.30513736 8.53013736 10.08013736
1141 9.31803571 8.54303571 10.09303571
1142 9.33093407 8.55593407 10.10593407
1143 9.34383242 8.56883242 10.11883242
1144 9.35673077 8.58173077 10.13173077
1145 9.36962912 8.59462912 10.14462912
1146 9.38252747 8.60752747 10.15752747
1147 9.39542582 8.62042582 10.17042582
1148 9.40832418 8.63332418 10.18332418
1149 9.42122253 8.64622253 10.19622253
1150 9.43412088 8.65912088 10.20912088
1151 9.44701923 8.67201923 10.22201923
1152 9.45991758 8.68491758 10.23491758
1153 9.47281593 8.69781593 10.24781593
1154 9.48571429 8.71071429 10.26071429
1155 9.49861264 8.72361264 10.27361264
1156 9.51151099 8.73651099 10.28651099
1157 9.52440934 8.74940934 10.29940934
1158 9.53730769 8.76230769 10.31230769
1159 9.55020604 8.77520604 10.32520604
1160 9.56310440 8.78810440 10.33810440
1161 9.57600275 8.80100275 10.35100275
1162 9.58890110 8.81390110 10.36390110
1163 9.60179945 8.82679945 10.37679945
1164 9.61469780 8.83969780 10.38969780
1165 9.62759615 8.85259615 10.40259615
1166 9.64049451 8.86549451 10.41549451
1167 9.65339286 8.87839286 10.42839286
1168 9.66629121 8.89129121 10.44129121
1169 9.67918956 8.90418956 10.45418956
1170 9.69208791 8.91708791 10.46708791
1171 9.70498626 8.92998626 10.47998626
1172 9.71788462 8.94288462 10.49288462
1173 9.73078297 8.95578297 10.50578297
1174 9.74368132 8.96868132 10.51868132
1175 9.75657967 8.98157967 10.53157967
1176 9.76947802 8.99447802 10.54447802
1177 9.78237637 9.00737637 10.55737637
1178 9.79527473 9.02027473 10.57027473
1179 9.80817308 9.03317308 10.58317308
1180 9.82107143 9.04607143 10.59607143
1181 9.83396978 9.05896978 10.60896978
1182 9.84686813 9.07186813 10.62186813
1183 9.85976648 9.08476648 10.63476648
1184 9.87266484 9.09766484 10.64766484
1185 9.88556319 9.11056319 10.66056319
1186 9.89846154 9.12346154 10.67346154
1187 9.91135989 9.13635989 10.68635989
1188 9.92425824 9.14925824 10.69925824
1189 9.93715659 9.16215659 10.71215659
1190 9.95005495 9.17505495 10.72505495
1191 9.96295330 9.18795330 10.73795330
1192 9.97585165 9.20085165 10.75085165
1193 9.98875000 9.21375000 10.76375000
1194 10.00164835 9.22664835 10.77664835
1195 10.01454670 9.23954670 10.78954670
1196 10.02744505 9.25244505 10.80244505
1197 10.04034341 9.26534341 10.81534341
1198 10.05324176 9.27824176 10.82824176
1199 10.06614011 9.29114011 10.84114011
1200 10.07903846 9.30403846 10.85403846
1201 10.09193681 9.31693681 10.86693681
1202 10.10483516 9.32983516 10.87983516
1203 10.11773352 9.34273352 10.89273352
1204 10.13063187 9.35563187 10.90563187
1205 10.14353022 9.36853022 10.91853022
1206 10.15642857 9.38142857 10.93142857
1207 10.16932692 9.39432692 10.94432692
1208 10.18222527 9.40722527 10.95722527
1209 10.19512363 9.42012363 10.97012363
1210 10.20802198 9.43302198 10.98302198
1211 10.22092033 9.44592033 10.99592033
1212 10.23381868 9.45881868 11.00881868
1213 10.24671703 9.47171703 11.02171703
1214 10.25961538 9.48461538 11.03461538
1215 10.27251374 9.49751374 11.04751374
1216 10.28541209 9.51041209 11.06041209
1217 10.29831044 9.52331044 11.07331044
1218 10.31120879 9.53620879 11.08620879
1219 10.32410714 9.54910714 11.09910714
1220 10.33700549 9.56200549 11.11200549
1221 10.34990385 9.57490385 11.12490385
1222 10.36280220 9.58780220 11.13780220
1223 10.37570055 9.60070055 11.15070055
1224 10.38859890 9.61359890 11.16359890
1225 10.40149725 9.62649725 11.17649725
1226 10.41439560 9.63939560 11.18939560
1227 10.42729396 9.65229396 11.20229396
1228 10.44019231 9.66519231 11.21519231
1229 10.45309066 9.67809066 11.22809066
1230 10.46598901 9.69098901 11.24098901
1231 10.47888736 9.70388736 11.25388736
1232 10.49178571 9.71678571 11.26678571
1233 10.50468407 9.72968407 11.27968407
1234 10.51758242 9.74258242 11.29258242
1235 10.53048077 9.75548077 11.30548077
1236 10.54337912 9.76837912 11.31837912
1237 10.55627747 9.78127747 11.33127747
1238 10.56917582 9.79417582 11.34417582
1239 10.58207418 9.80707418 11.35707418
1240 10.59497253 9.81997253 11.36997253
1241 10.60787088 9.83287088 11.38287088
1242 10.62076923 9.84576923 11.39576923
1243 10.63366758 9.85866758 11.40866758
1244 10.64656593 9.87156593 11.42156593
1245 10.65946429 9.88446429 11.43446429
1246 10.67236264 9.89736264 11.44736264
1247 10.68526099 9.91026099 11.46026099
1248 10.69815934 9.92315934 11.47315934
1249 10.71105769 9.93605769 11.48605769
1250 10.72395604 9.94895604 11.49895604
1251 10.73685440 9.96185440 11.51185440
1252 10.74975275 9.97475275 11.52475275
1253 10.76265110 9.98765110 11.53765110
1254 10.77554945 10.00054945 11.55054945
1255 10.78844780 10.01344780 11.56344780
1256 10.80134615 10.02634615 11.57634615
1257 10.81424451 10.03924451 11.58924451
1258 10.82714286 10.05214286 11.60214286
1259 10.84004121 10.06504121 11.61504121
1260 10.85293956 10.07793956 11.62793956
1261 10.86583791 10.09083791 11.64083791
1262 10.87873626 10.10373626 11.65373626
1263 10.89163462 10.11663462 11.66663462
1264 10.90453297 10.12953297 11.67953297
1265 10.91743132 10.14243132 11.69243132
1266 10.93032967 10.15532967 11.70532967
1267 10.94322802 10.16822802 11.71822802
1268 10.95612637 10.18112637 11.73112637
1269 10.96902473 10.19402473 11.74402473
1270 10.98192308 10.20692308 11.75692308
1271 10.99482143 10.21982143 11.76982143
1272 11.00771978 10.23271978 11.78271978
1273 11.02061813 10.24561813 11.79561813
1274 11.03351648 10.25851648 11.80851648
1275 11.04641484 10.27141484 11.82141484
1276 11.05931319 10.28431319 11.83431319
1277 11.07221154 10.29721154 11.84721154
1278 11.08510989 10.31010989 11.86010989
1279 11.09800824 10.32300824 11.87300824
1280 11.11090659 10.33590659 11.88590659
1281 11.12380495 10.34880495 11.89880495
1282 11.13670330 10.36170330 11.91170330
1283 11.14960165 10.37460165 11.92460165
1284 11.16250000 10.38750000 11.93750000
1285 11.17539835 10.40039835 11.95039835
1286 11.18829670 10.41329670 11.96329670
1287 11.20119505 10.42619505 11.97619505
1288 11.21409341 10.43909341 11.98909341
1289 11.22699176 10.45199176 12.00199176
1290 11.23989011 10.46489011 12.01489011
1291 11.25278846 10.47778846 12.02778846
1292 11.26568681 10.49068681 12.04068681
1293 11.27858516 10.50358516 12.05358516
1294 11.29148352 10.51648352 12.06648352
1295 11.30438187 10.52938187 12.07938187
1296 11.31728022 10.54228022 12.09228022
1297 11.33017857 10.55517857 12.10517857
1298 11.34307692 10.56807692 12.11807692
1299 11.35597527 10.58097527 12.13097527
1300 11.36887363 10.59387363 12.14387363
1301 11.38177198 10.60677198 12.15677198
1302 11.39467033 10.61967033 12.16967033
1303 11.40756868 10.63256868 12.18256868
1304 11.42046703 10.64546703 12.19546703
1305 11.43336538 10.65836538 12.20836538
1306 11.44626374 10.67126374 12.22126374
1307 11.45916209 10.68416209 12.23416209
1308 11.47206044 10.69706044 12.24706044
1309 11.48495879 10.70995879 12.25995879
1310 11.49785714 10.72285714 12.27285714
1311 11.51075549 10.73575549 12.28575549
1312 11.52365385 10.74865385 12.29865385
1313 11.53655220 10.76155220 12.31155220
1314 11.54945055 10.77445055 12.32445055
1315 11.56234890 10.78734890 12.33734890
1316 11.57524725 10.80024725 12.35024725
1317 11.58814560 10.81314560 12.36314560
1318 11.60104396 10.82604396 12.37604396
1319 11.61394231 10.83894231 12.38894231
1320 11.62684066 10.85184066 12.40184066
1321 11.63973901 10.86473901 12.41473901
1322 11.65263736 10.87763736 12.42763736
1323 11.66553571 10.89053571 12.44053571
1324 11.67843407 10.90343407 12.45343407
1325 11.69133242 10.91633242 12.46633242
1326 11.70423077 10.92923077 12.47923077
1327 11.71712912 10.94212912 12.49212912
1328 11.73002747 10.95502747 12.50502747
1329 11.74292582 10.96792582 12.51792582
1330 11.75582418 10.98082418 12.53082418
1331 11.76872253 10.99372253 12.54372253
1332 11.78162088 11.00662088 12.55662088
1333 11.79451923 11.01951923 12.56951923
1334 11.80741758 11.03241758 12.58241758
1335 11.82031593 11.04531593 12.59531593
1336 11.83321429 11.05821429 12.60821429
1337 11.84611264 11.07111264 12.62111264
1338 11.85901099 11.08401099 12.63401099
1339 11.87190934 11.09690934 12.64690934
1340 11.88480769 11.10980769 12.65980769
1341 11.89770604 11.12270604 12.67270604
1342 11.91060440 11.13560440 12.68560440
1343 11.92350275 11.14850275 12.69850275
1344 11.93640110 11.16140110 12.71140110
1345 11.94929945 11.17429945 12.72429945
1346 11.96219780 11.18719780 12.73719780
1347 11.97509615 11.20009615 12.75009615
1348 11.98799451 11.21299451 12.76299451
1349 12.00089286 11.22589286 12.77589286
1350 12.01379121 11.23879121 12.78879121
1351 12.02668956 11.25168956 12.80168956
1352 12.03958791 11.26458791 12.81458791
1353 12.05248626 11.27748626 12.82748626
1354 12.06538462 11.29038462 12.84038462
1355 12.07828297 11.30328297 12.85328297
1356 12.09118132 11.31618132 12.86618132
1357 12.10407967 11.32907967 12.87907967
1358 12.11697802 11.34197802 12.89197802
1359 12.12987637 11.35487637 12.90487637
1360 12.14277473 11.36777473 12.91777473
1361 12.15567308 11.38067308 12.93067308
1362 12.16857143 11.39357143 12.94357143
1363 12.18146978 11.40646978 12.95646978
1364 12.19436813 11.41936813 12.96936813
1365 12.20726648 11.43226648 12.98226648
1366 12.22016484 11.44516484 12.99516484
1367 12.23306319 11.45806319 13.00806319
1368 12.24596154 11.47096154 13.02096154
1369 12.25885989 11.48385989 13.03385989
1370 12.27175824 11.49675824 13.04675824
1371 12.28465659 11.50965659 13.05965659
1372 12.29755495 11.52255495 13.07255495
1373 12.31045330 11.53545330 13.08545330
1374 12.32335165 11.54835165 13.09835165
1375 12.33625000 11.56125000 13.11125000
1376 12.34914835 11.57414835 13.12414835
1377 12.36204670 11.58704670 13.13704670
1378 12.37494505 11.59994505 13.14994505
1379 12.38784341 11.61284341 13.16284341
1380 12.40074176 11.62574176 13.17574176
1381 12.41364011 11.63864011 13.18864011
1382 12.42653846 11.65153846 13.20153846
1383 12.43943681 11.66443681 13.21443681
1384 12.45233516 11.67733516 13.22733516
1385 12.46523352 11.69023352 13.24023352
1386 12.47813187 11.70313187 13.25313187
1387 12.49103022 11.71603022 13.26603022
1388 12.50392857 11.72892857 13.27892857
1389 12.51682692 11.74182692 13.29182692
1390 12.52972527 11.75472527 13.30472527
1391 12.54262363 11.76762363 13.31762363
1392 12.55552198 11.78052198 13.33052198
1393 12.56842033 11.79342033 13.34342033
1394 12.58131868 11.80631868 13.35631868
1395 12.59421703 11.81921703 13.36921703
1396 12.60711538 11.83211538 13.38211538
1397 12.62001374 11.84501374 13.39501374
1398 12.63291209 11.85791209 13.40791209
1399 12.64581044 11.87081044 13.42081044
1400 12.65870879 11.88370879 13.43370879
1401 12.67160714 11.89660714 13.44660714
1402 12.68450549 11.90950549 13.45950549
1403 12.69740385 11.92240385 13.47240385
1404 12.71030220 11.93530220 13.48530220
1405 12.72320055 11.94820055 13.49820055
1406 12.73609890 11.96109890 13.51109890
1407 12.74899725 11.97399725 13.52399725
1408 12.76189560 11.98689560 13.53689560
1409 12.77479396 11.99979396 13.54979396
1410 12.78769231 12.01269231 13.56269231
1411 12.80059066 12.02559066 13.57559066
1412 12.81348901 12.03848901 13.58848901
1413 12.82638736 12.05138736 13.60138736
1414 12.83928571 12.06428571 13.61428571
1415 12.85218407 12.07718407 13.62718407
1416 12.86508242 12.09008242 13.64008242
1417 12.87798077 12.10298077 13.65298077
1418 12.89087912 12.11587912 13.66587912
1419 12.90377747 12.12877747 13.67877747
1420 12.91667582 12.14167582 13.69167582
1421 12.92957418 12.15457418 13.70457418
1422 12.94247253 12.16747253 13.71747253
1423 12.95537088 12.18037088 13.73037088
1424 12.96826923 12.19326923 13.74326923
1425 12.98116758 12.20616758 13.75616758
1426 12.99406593 12.21906593 13.76906593
1427 13.00696429 12.23196429 13.78196429
1428 13.01986264 12.24486264 13.79486264
1429 13.03276099 12.25776099 13.80776099
1430 13.04565934 12.27065934 13.82065934
1431 13.05855769 12.28355769 13.83355769
1432 13.07145604 12.29645604 13.84645604
1433 13.08435440 12.30935440 13.85935440
1434 13.09725275 12.32225275 13.87225275
1435 13.11015110 12.33515110 13.88515110
1436 13.12304945 12.34804945 13.89804945
1437 13.13594780 12.36094780 13.91094780
1438 13.14884615 12.37384615 13.92384615
1439 13.16174451 12.38674451 13.93674451
1440 13.17464286 12.39964286 13.94964286
1441 13.18754121 12.41254121 13.96254121
1442 13.20043956 12.42543956 13.97543956
1443 13.21333791 12.43833791 13.98833791
1444 13.22623626 12.45123626 14.00123626
1445 13.23913462 12.46413462 14.01413462
1446 13.25203297 12.47703297 14.02703297
1447 13.26493132 12.48993132 14.03993132
1448 13.27782967 12.50282967 14.05282967
1449 13.29072802 12.51572802 14.06572802
1450 13.30362637 12.52862637 14.07862637
1451 13.31652473 12.54152473 14.09152473
1452 13.32942308 12.55442308 14.10442308
1453 13.34232143 12.56732143 14.11732143
1454 13.35521978 12.58021978 14.13021978
1455 13.36811813 12.59311813 14.14311813
1456 13.38101648 12.60601648 14.15601648
1457 13.39391484 12.61891484 14.16891484
1458 13.40681319 12.63181319 14.18181319
1459 13.41971154 12.64471154 14.19471154
1460 13.43260989 12.65760989 14.20760989
1461 13.44550824 12.67050824 14.22050824
1462 13.45840659 12.68340659 14.23340659
1463 13.47130495 12.69630495 14.24630495
1464 13.48420330 12.70920330 14.25920330
1465 13.49710165 12.72210165 14.27210165
1466 13.51000000 12.73500000 14.28500000
1467 13.52289835 12.74789835 14.29789835
1468 13.53579670 12.76079670 14.31079670
1469 13.54869505 12.77369505 14.32369505
1470 13.56159341 12.78659341 14.33659341
1471 13.57449176 12.79949176 14.34949176
1472 13.58739011 12.81239011 14.36239011
1473 13.60028846 12.82528846 14.37528846
1474 13.61318681 12.83818681 14.38818681
1475 13.62608516 12.85108516 14.40108516
1476 13.63898352 12.86398352 14.41398352
1477 13.65188187 12.87688187 14.42688187
1478 13.66478022 12.88978022 14.43978022
1479 13.67767857 12.90267857 14.45267857
1480 13.69057692 12.91557692 14.46557692
1481 13.70347527 12.92847527 14.47847527
1482 13.71637363 12.94137363 14.49137363
1483 13.72927198 12.95427198 14.50427198
1484 13.74217033 12.96717033 14.51717033
1485 13.75506868 12.98006868 14.53006868
1486 13.76796703 12.99296703 14.54296703
1487 13.78086538 13.00586538 14.55586538
1488 13.79376374 13.01876374 14.56876374
1489 13.80666209 13.03166209 14.58166209
1490 13.81956044 13.04456044 14.59456044
1491 13.83245879 13.05745879 14.60745879
1492 13.84535714 13.07035714 14.62035714
1493 13.85825549 13.08325549 14.63325549
1494 13.87115385 13.09615385 14.64615385
1495 13.88405220 13.10905220 14.65905220
1496 13.89695055 13.12195055 14.67195055
1497 13.90984890 13.13484890 14.68484890
1498 13.92274725 13.14774725 14.69774725
1499 13.93564560 13.16064560 14.71064560
1500 13.94854396 13.17354396 14.72354396
1501 13.96144231 13.18644231 14.73644231
1502 13.97434066 13.19934066 14.74934066
1503 13.98723901 13.21223901 14.76223901
1504 14.00013736 13.22513736 14.77513736
1505 14.01303571 13.23803571 14.78803571
1506 14.02593407 13.25093407 14.80093407
1507 14.03883242 13.26383242 14.81383242
1508 14.05173077 13.27673077 14.82673077
1509 14.06462912 13.28962912 14.83962912
1510 14.07752747 13.30252747 14.85252747
1511 14.09042582 13.31542582 14.86542582
1512 14.10332418 13.32832418 14.87832418
1513 14.11622253 13.34122253 14.89122253
1514 14.12912088 13.35412088 14.90412088
1515 14.14201923 13.36701923 14.91701923
1516 14.15491758 13.37991758 14.92991758
1517 14.16781593 13.39281593 14.94281593
1518 14.18071429 13.40571429 14.95571429
1519 14.19361264 13.41861264 14.96861264
1520 14.20651099 13.43151099 14.98151099
1521 14.21940934 13.44440934 14.99440934
1522 14.23230769 13.45730769 15.00730769
1523 14.24520604 13.47020604 15.02020604
1524 14.25810440 13.48310440 15.03310440
1525 14.27100275 13.49600275 15.04600275
1526 14.28390110 13.50890110 15.05890110
1527 14.29679945 13.52179945 15.07179945
1528 14.30969780 13.53469780 15.08469780
1529 14.32259615 13.54759615 15.09759615
1530 14.33549451 13.56049451 15.11049451
1531 14.34839286 13.57339286 15.12339286
1532 14.36129121 13.58629121 15.13629121
1533 14.37418956 13.59918956 15.14918956
1534 14.38708791 13.61208791 15.16208791
1535 14.39998626 13.62498626 15.17498626
1536 14.41288462 13.63788462 15.18788462
1537 14.42578297 13.65078297 15.20078297
1538 14.43868132 13.66368132 15.21368132
1539 14.45157967 13.67657967 15.22657967
1540 14.46447802 13.68947802 15.23947802
1541 14.47737637 13.70237637 15.25237637
1542 14.49027473 13.71527473 15.26527473
1543 14.50317308 13.72817308 15.27817308
1544 14.51607143 13.74107143 15.29107143
1545 14.52896978 13.75396978 15.30396978
1546 14.54186813 13.76686813 15.31686813
1547 14.55476648 13.77976648 15.32976648
1548 14.56766484 13.79266484 15.34266484
1549 14.58056319 13.80556319 15.35556319
1550 14.59346154 13.81846154 15.36846154
1551 14.60635989 13.83135989 15.38135989
1552 14.61925824 13.84425824 15.39425824
1553 14.63215659 13.85715659 15.40715659
1554 14.64505495 13.87005495 15.42005495
1555 14.65795330 13.88295330 15.43295330
1556 14.67085165 13.89585165 15.44585165
1557 14.68375000 13.90875000 15.45875000
1558 14.69664835 13.92164835 15.47164835
1559 14.70954670 13.93454670 15.48454670
1560 14.72244505 13.94744505 15.49744505
1561 14.73534341 13.96034341 15.51034341
1562 14.74824176 13.97324176 15.52324176
1563 14.76114011 13.98614011 15.53614011
1564 14.77403846 13.99903846 15.54903846
1565 14.78693681 14.01193681 15.56193681
1566 14.79983516 14.02483516 15.57483516
1567 14.81273352 14.03773352 15.58773352
1568 14.82563187 14.05063187 15.60063187
1569 14.83853022 14.06353022 15.61353022
1570 14.85142857 14.07642857 15.62642857
1571 14.86432692 14.08932692 15.63932692
1572 14.87722527 14.10222527 15.65222527
1573 14.89012363 14.11512363 15.66512363
1574 14.90302198 14.12802198 15.67802198
1575 14.91592033 14.14092033 15.69092033
1576 14.92881868 14.15381868 15.70381868
1577 14.94171703 14.16671703 15.71671703
1578 14.95461538 14.17961538 15.72961538
1579 14.96751374 14.19251374 15.74251374
1580 14.98041209 14.20541209 15.75541209
1581 14.99331044 14.21831044 15.76831044
1582 15.00620879 14.23120879 15.78120879
1583 15.01910714 14.24410714 15.79410714
1584 15.03200549 14.25700549 15.80700549
1585 15.04490385 14.26990385 15.81990385
1586 15.05780220 14.28280220 15.83280220
1587 15.07070055 14.29570055 15.84570055
1588 15.08359890 14.30859890 15.85859890
1589 15.09649725 14.32149725 15.87149725
1590 15.10939560 14.33439560 15.88439560
1591 15.12229396 14.34729396 15.89729396
1592 15.13519231 14.36019231 15.91019231
1593 15.14809066 14.37309066 15.92309066
1594 15.16098901 14.38598901 15.93598901
1595 15.17388736 14.39888736 15.94888736
1596 15.18678571 14.41178571 15.96178571
1597 15.19968407 14.42468407 15.97468407
1598 15.21258242 14.43758242 15.98758242
1599 15.22548077 14.45048077 16.00048077
1600 15.23837912 14.46337912 16.01337912
1601 15.25127747 14.47627747 16.02627747
1602 15.26417582 14.48917582 16.03917582
1603 15.27707418 14.50207418 16.05207418
1604 15.28997253 14.51497253 16.06497253
1605 15.30287088 14.52787088 16.07787088
1606 15.31576923 14.54076923 16.09076923
1607 15.32866758 14.55366758 16.10366758
1608 15.34156593 14.56656593 16.11656593
1609 15.35446429 14.57946429 16.12946429
1610 15.36736264 14.59236264 16.14236264
1611 15.38026099 14.60526099 16.15526099
1612 15.39315934 14.61815934 16.16815934
1613 15.40605769 14.63105769 16.18105769
1614 15.41895604 14.64395604 16.19395604
1615 15.43185440 14.65685440 16.20685440
1616 15.44475275 14.66975275 16.21975275
1617 15.45765110 14.68265110 16.23265110
1618 15.47054945 14.69554945 16.24554945
1619 15.48344780 14.70844780 16.25844780
1620 15.49634615 14.72134615 16.27134615
1621 15.50924451 14.73424451 16.28424451
1622 15.52214286 14.74714286 16.29714286
1623 15.53504121 14.76004121 16.31004121
1624 15.54793956 14.77293956 16.32293956
1625 15.56083791 14.78583791 16.33583791
1626 15.57373626 14.79873626 16.34873626
1627 15.58663462 14.81163462 16.36163462
1628 15.59953297 14.82453297 16.37453297
1629 15.61243132 14.83743132 16.38743132
1630 15.62532967 14.85032967 16.40032967
1631 15.63822802 14.86322802 16.41322802
1632 15.65112637 14.87612637 16.42612637
1633 15.66402473 14.88902473 16.43902473
1634 15.67692308 14.90192308 16.45192308
1635 15.68982143 14.91482143 16.46482143
1636 15.70271978 14.92771978 16.47771978
1637 15.71561813 14.94061813 16.49061813
1638 15.72851648 14.95351648 16.50351648
1639 15.74141484 14.96641484 16.51641484
1640 15.75431319 14.97931319 16.52931319
1641 15.76721154 14.99221154 16.54221154
1642 15.78010989 15.00510989 16.55510989
1643 15.79300824 15.01800824 16.56800824
1644 15.80590659 15.03090659 16.58090659
1645 15.81880495 15.04380495 16.59380495
1646 15.83170330 15.05670330 16.60670330
1647 15.84460165 15.06960165 16.61960165
1648 15.85750000 15.08250000 16.63250000
1649 15.87039835 15.09539835 16.64539835
1650 15.88329670 15.10829670 16.65829670
1651 15.89619505 15.12119505 16.67119505
1652 15.90909341 15.13409341 16.68409341
1653 15.92199176 15.14699176 16.69699176
1654 15.93489011 15.15989011 16.70989011
1655 15.94778846 15.17278846 16.72278846
1656 15.96068681 15.18568681 16.73568681
1657 15.97358516 15.19858516 16.74858516
1658 15.98648352 15.21148352 16.76148352
1659 15.99938187 15.22438187 16.77438187
1660 16.01228022 15.23728022 16.78728022
1661 16.02517857 15.25017857 16.80017857
1662 16.03807692 15.26307692 16.81307692
1663 16.05097527 15.27597527 16.82597527
1664 16.06387363 15.28887363 16.83887363
1665 16.07677198 15.30177198 16.85177198
1666 16.08967033 15.31467033 16.86467033
1667 16.10256868 15.32756868 16.87756868
1668 16.11546703 15.34046703 16.89046703
1669 16.12836538 15.35336538 16.90336538
1670 16.14126374 15.36626374 16.91626374
1671 16.15416209 15.37916209 16.92916209
1672 16.16706044 15.39206044 16.94206044
1673 16.17995879 15.40495879 16.95495879
1674 16.19285714 15.41785714 16.96785714
1675 16.20575549 15.43075549 16.98075549
1676 16.21865385 15.44365385 16.99365385
1677 16.23155220 15.45655220 17.00655220
1678 16.24445055 15.46945055 17.01945055
1679 16.25734890 15.48234890 17.03234890
1680 16.27024725 15.49524725 17.04524725
1681 16.28314560 15.50814560 17.05814560
1682 16.29604396 15.52104396 17.07104396
1683 16.30894231 15.53394231 17.08394231
1684 16.32184066 15.54684066 17.09684066
1685 16.33473901 15.55973901 17.10973901
1686 16.34763736 15.57263736 17.12263736
1687 16.36053571 15.58553571 17.13553571
1688 16.37343407 15.59843407 17.14843407
1689 16.38633242 15.61133242 17.16133242
1690 16.39923077 15.62423077 17.17423077
1691 16.41212912 15.63712912 17.18712912
1692 16.42502747 15.65002747 17.20002747
1693 16.43792582 15.66292582 17.21292582
1694 16.45082418 15.67582418 17.22582418
1695 16.46372253 15.68872253 17.23872253
1696 16.47662088 15.70162088 17.25162088
1697 16.48951923 15.71451923 17.26451923
1698 16.50241758 15.72741758 17.27741758
1699 16.51531593 15.74031593 17.29031593
1700 16.52821429 15.75321429 17.30321429
1701 16.54111264 15.76611264 17.31611264
1702 16.55401099 15.77901099 17.32901099
1703 16.56690934 15.79190934 17.34190934
1704 16.57980769 15.80480769 17.35480769
1705 16.59270604 15.81770604 17.36770604
1706 16.60560440 15.83060440 17.38060440
1707 16.61850275 15.84350275 17.39350275
1708 16.63140110 15.85640110 17.40640110
1709 16.64429945 15.86929945 17.41929945
1710 16.65719780 15.88219780 17.43219780
1711 16.67009615 15.89509615 17.44509615
1712 16.68299451 15.90799451 17.45799451
1713 16.69589286 15.92089286 17.47089286
1714 16.70879121 15.93379121 17.48379121
1715 16.72168956 15.94668956 17.49668956
1716 16.73458791 15.95958791 17.50958791
1717 16.74748626 15.97248626 17.52248626
1718 16.76038462 15.98538462 17.53538462
1719 16.77328297 15.99828297 17.54828297
1720 16.78618132 16.01118132 17.56118132
1721 16.79907967 16.02407967 17.57407967
1722 16.81197802 16.03697802 17.58697802
1723 16.82487637 16.04987637 17.59987637
1724 16.83777473 16.06277473 17.61277473
1725 16.85067308 16.07567308 17.62567308
1726 16.86357143 16.08857143 17.63857143
1727 16.87646978 16.10146978 17.65146978
1728 16.88936813 16.11436813 17.66436813
1729 16.90226648 16.12726648 17.67726648
1730 16.91516484 16.14016484 17.69016484
1731 16.92806319 16.15306319 17.70306319
1732 16.94096154 16.16596154 17.71596154
1733 16.95385989 16.17885989 17.72885989
1734 16.96675824 16.19175824 17.74175824
1735 16.97965659 16.20465659 17.75465659
1736 16.99255495 16.21755495 17.76755495
1737 17.00545330 16.23045330 17.78045330
1738 17.01835165 16.24335165 17.79335165
1739 17.03125000 16.25625000 17.80625000
1740 17.04414835 16.26914835 17.81914835
1741 17.05704670 16.28204670 17.83204670
1742 17.06994505 16.29494505 17.84494505
1743 17.08284341 16.30784341 17.85784341
1744 17.09574176 16.32074176 17.87074176
1745 17.10864011 16.33364011 17.88364011
1746 17.12153846 16.34653846 17.89653846
1747 17.13443681 16.35943681 17.90943681
1748 17.14733516 16.37233516 17.92233516
1749 17.16023352 16.38523352 17.93523352
1750 17.17313187 16.39813187 17.94813187
1751 17.18603022 16.41103022 17.96103022
1752 17.19892857 16.42392857 17.97392857
1753 17.21182692 16.43682692 17.98682692
1754 17.22472527 16.44972527 17.99972527
1755 17.23762363 16.46262363 18.01262363
1756 17.25052198 16.47552198 18.02552198
1757 17.26342033 16.48842033 18.03842033
1758 17.27631868 16.50131868 18.05131868
1759 17.28921703 16.51421703 18.06421703
1760 17.30211538 16.52711538 18.07711538
1761 17.31501374 16.54001374 18.09001374
1762 17.32791209 16.55291209 18.10291209
1763 17.34081044 16.56581044 18.11581044
1764 17.35370879 16.57870879 18.12870879
1765 17.36660714 16.59160714 18.14160714
1766 17.37950549 16.60450549 18.15450549
1767 17.39240385 16.61740385 18.16740385
1768 17.40530220 16.63030220 18.18030220
1769 17.41820055 16.64320055 18.19320055
1770 17.43109890 16.65609890 18.20609890
1771 17.44399725 16.66899725 18.21899725
1772 17.45689560 16.68189560 18.23189560
1773 17.46979396 16.69479396 18.24479396
1774 17.48269231 16.70769231 18.25769231
1775 17.49559066 16.72059066 18.27059066
1776 17.50848901 16.73348901 18.28348901
1777 17.52138736 16.74638736 18.29638736
1778 17.53428571 16.75928571 18.30928571
1779 17.54718407 16.77218407 18.32218407
1780 17.56008242 16.78508242 18.33508242
1781 17.57298077 16.79798077 18.34798077
1782 17.58587912 16.81087912 18.36087912
1783 17.59877747 16.82377747 18.37377747
1784 17.61167582 16.83667582 18.38667582
1785 17.62457418 16.84957418 18.39957418
1786 17.63747253 16.86247253 18.41247253
1787 17.65037088 16.87537088 18.42537088
1788 17.66326923 16.88826923 18.43826923
1789 17.67616758 16.90116758 18.45116758
1790 17.68906593 16.91406593 18.46406593
1791 17.70196429 16.92696429 18.47696429
1792 17.71486264 16.93986264 18.48986264
1793 17.72776099 16.95276099 18.50276099
1794 17.74065934 16.96565934 18.51565934
1795 17.75355769 16.97855769 18.52855769
1796 17.76645604 16.99145604 18.54145604
1797 17.77935440 17.00435440 18.55435440
1798 17.79225275 17.01725275 18.56725275
1799 17.80515110 17.03015110 18.58015110
1800 17.81804945 17.04304945 18.59304945
1801 17.83094780 17.05594780 18.60594780
1802 17.84384615 17.06884615 18.61884615
1803 17.85674451 17.08174451 18.63174451
1804 17.86964286 17.09464286 18.64464286
1805 17.88254121 17.10754121 18.65754121
1806 17.89543956 17.12043956 18.67043956
1807 17.90833791 17.13333791 18.68333791
1808 17.92123626 17.14623626 18.69623626
1809 17.93413462 17.15913462 18.70913462
1810 17.94703297 17.17203297 18.72203297
1811 17.95993132 17.18493132 18.73493132
1812 17.97282967 17.19782967 18.74782967
1813 17.98572802 17.21072802 18.76072802
1814 17.99862637 17.22362637 18.77362637
1815 18.01152473 17.23652473 18.78652473
1816 18.02442308 17.24942308 18.79942308
1817 18.03732143 17.26232143 18.81232143
1818 18.05021978 17.27521978 18.82521978
1819 18.06311813 17.28811813 18.83811813
1820 18.07601648 17.30101648 18.85101648
1821 18.08891484 17.31391484 18.86391484
1822 18.10181319 17.32681319 18.87681319
1823 18.11471154 17.33971154 18.88971154
1824 18.12760989 17.35260989 18.90260989
1825 18.14050824 17.36550824 18.91550824
1826 18.15340659 17.37840659 18.92840659
1827 18.16630495 17.39130495 18.94130495
1828 18.17920330 17.40420330 18.95420330
1829 18.19210165 17.41710165 18.96710165
1830 18.20500000 17.43000000 18.98000000
