1 -0.63733333 -0.80266667 -0.47200000
2 -0.31866666 -0.40133333 -0.23600000
3 0.00000000 0.00000000 0.00000000
4 -0.58100000 -0.63200000 -0.53000000
5 -1.16250000 -1.21500000 -1.11000000
6 -1.74400000 -1.79800000 -1.69000000
7 -2.32550000 -2.38100000 -2.27000000
8 -2.90700000 -2.96400000 -2.85000000
9 -3.48850000 -3.54700000 -3.43000000
10 -4.07000000 -4.13000000 -4.01000000
11 -4.64642857 -4.70714285 -4.58571428
12 -5.22285714 -5.28428571 -5.16142857
13 -5.79928571 -5.86142857 -5.73714285
14 -6.37571428 -6.43857142 -6.31285714
15 -6.95214285 -7.01571428 -6.88857142
16 -7.52857142 -7.59285714 -7.46428571
17 -8.10500000 -8.17000000 -8.04000000
18 -8.68642857 -8.75142857 -8.62142857
19 -9.26785714 -9.33285714 -9.20285714
20 -9.84928571 -9.91428571 -9.78428571
21 -10.43071428 -10.49571428 -10.36571428
22 -11.01214285 -11.07714285 -10.94714285
23 -11.59357142 -11.65857142 -11.52857142
24 -12.17500000 -12.24000000 -12.11000000
25 -12.77050000 -12.84300000 -12.69800000
26 -13.36600000 -13.44600000 -13.28600000
27 -13.96150000 -14.04900000 -13.87400000
28 -14.55700000 -14.65200000 -14.46200000
29 -15.15250000 -15.25500000 -15.05000000
30 -15.74800000 -15.85800000 -15.63800000
31 -16.34350000 -16.46100000 -16.22600000
32 -16.93900000 -17.06400000 -16.81400000
33 -17.53450000 -17.66700000 -17.40200000
34 -18.13000000 -18.27000000 -17.99000000
35 -18.70727272 -18.84909090 -18.56545454
36 -19.28454545 -19.42818181 -19.14090909
37 -19.86181818 -20.00727272 -19.71636363
38 -20.43909090 -20.58636363 -20.29181818
39 -21.01636363 -21.16545454 -20.86727272
40 -21.59363636 -21.74454545 -21.44272727
41 -22.17090909 -22.32363636 -22.01818181
42 -22.74818181 -22.90272727 -22.59363636
43 -23.32545454 -23.48181818 -23.16909090
44 -23.90272727 -24.06090909 -23.74454545
45 -24.48000000 -24.64000000 -24.32000000
46 -25.05727272 -25.21909090 -24.89545454
47 -25.63454545 -25.79818181 -25.47090909
48 -26.21181818 -26.37727272 -26.04636363
49 -26.78909090 -26.95636363 -26.62181818
50 -27.36636363 -27.53545454 -27.19727272
51 -27.94363636 -28.11454545 -27.77272727
52 -28.52090909 -28.69363636 -28.34818181
53 -29.09818181 -29.27272727 -28.92363636
54 -29.67545454 -29.85181818 -29.49909090
55 -30.25272727 -30.43090909 -30.07454545
56 -30.83000000 -31.01000000 -30.65000000
57 -31.40727272 -31.58909090 -31.22545454
58 -31.98454545 -32.16818181 -31.80090909
59 -32.56181818 -32.74727272 -32.37636363
60 -33.13909090 -33.32636363 -32.95181818
61 -33.71636363 -33.90545454 -33.52727272
62 -34.29363636 -34.48454545 -34.10272727
63 -34.87090909 -35.06363636 -34.67818181
64 -35.44818181 -35.64272727 -35.25363636
65 -36.02545454 -36.22181818 -35.82909090
66 -36.60272727 -36.80090909 -36.40454545
67 -37.18000000 -37.38000000 -36.98000000
68 -37.76267857 -37.96535714 -37.56000000
69 -38.34535714 -38.55071428 -38.14000000
70 -38.92803571 -39.13607142 -38.72000000
71 -39.51071428 -39.72142857 -39.30000000
72 -40.09339285 -40.30678571 -39.88000000
73 -40.67607142 -40.89214285 -40.46000000
74 -41.25875000 -41.47750000 -41.04000000
75 -41.84142857 -42.06285714 -41.62000000
76 -42.42410714 -42.64821428 -42.20000000
77 -43.00678571 -43.23357142 -42.78000000
78 -43.58946428 -43.81892857 -43.36000000
79 -44.17214285 -44.40428571 -43.94000000
80 -44.75482142 -44.98964285 -44.52000000
81 -45.33750000 -45.57500000 -45.10000000
82 -45.92017857 -46.16035714 -45.68000000
83 -46.50285714 -46.74571428 -46.26000000
84 -47.08553571 -47.33107142 -46.84000000
85 -47.66821428 -47.91642857 -47.42000000
86 -48.25089285 -48.50178571 -48.00000000
87 -48.83357142 -49.08714285 -48.58000000
88 -49.41625000 -49.67250000 -49.16000000
89 -49.99892857 -50.25785714 -49.74000000
90 -50.58160714 -50.84321428 -50.32000000
91 -51.16428571 -51.42857142 -50.90000000
92 -51.74696428 -52.01392857 -51.48000000
93 -52.32964285 -52.59928571 -52.06000000
94 -52.91232142 -53.18464285 -52.64000000
95 -53.49500000 -53.77000000 -53.22000000
96 -54.06533333 -54.34533333 -53.78533333
97 -54.63566666 -54.92066666 -54.35066666
98 -55.20600000 -55.49600000 -54.91600000
99 -55.77633333 -56.07133333 -55.48133333
100 -56.34666666 -56.64666666 -56.04666666
101 -56.91700000 -57.22200000 -56.61200000
102 -57.48733333 -57.79733333 -57.17733333
103 -58.05766666 -58.37266666 -57.74266666
104 -58.62800000 -58.94800000 -58.30800000
105 -59.19833333 -59.52333333 -58.87333333
106 -59.76866666 -60.09866666 -59.43866666
107 -60.33900000 -60.67400000 -60.00400000
108 -60.90933333 -61.24933333 -60.56933333
109 -61.47966666 -61.82466666 -61.13466666
110 -62.05000000 -62.40000000 -61.70000000
111 -62.62033333 -62.97533333 -62.26533333
112 -63.19066666 -63.55066666 -62.83066666
113 -63.76100000 -64.12600000 -63.39600000
114 -64.33133333 -64.70133333 -63.96133333
115 -64.90166666 -65.27666666 -64.52666666
116 -65.47200000 -65.85200000 -65.09200000
117 -66.04233333 -66.42733333 -65.65733333
118 -66.61266666 -67.00266666 -66.22266666
119 -67.18300000 -67.57800000 -66.78800000
120 -67.75333333 -68.15333333 -67.35333333
121 -68.32366666 -68.72866666 -67.91866666
122 -68.89400000 -69.30400000 -68.48400000
123 -69.46433333 -69.87933333 -69.04933333
124 -70.03466666 -70.45466666 -69.61466666
125 -70.60500000 -71.03000000 -70.18000000
126 -71.17015625 -71.59437500 -70.74593750
127 -71.73531250 -72.15875000 -71.31187500
128 -72.30046875 -72.72312500 -71.87781250
129 -72.86562500 -73.28750000 -72.44375000
130 -73.43078125 -73.85187500 -73.00968750
131 -73.99593750 -74.41625000 -73.57562500
132 -74.56109375 -74.98062500 -74.14156250
133 -75.12625000 -75.54500000 -74.70750000
134 -75.69140625 -76.10937500 -75.27343750
135 -76.25656250 -76.67375000 -75.83937500
136 -76.82171875 -77.23812500 -76.40531250
137 -77.38687500 -77.80250000 -76.97125000
138 -77.95203125 -78.36687500 -77.53718750
139 -78.51718750 -78.93125000 -78.10312500
140 -79.08234375 -79.49562500 -78.66906250
141 -79.64750000 -80.06000000 -79.23500000
142 -80.21265625 -80.62437500 -79.80093750
143 -80.77781250 -81.18875000 -80.36687500
144 -81.34296875 -81.75312500 -80.93281250
145 -81.90812500 -82.31750000 -81.49875000
146 -82.47328125 -82.88187500 -82.06468750
147 -83.03843750 -83.44625000 -82.63062500
148 -83.60359375 -84.01062500 -83.19656250
149 -84.16875000 -84.57500000 -83.76250000
150 -84.73390625 -85.13937500 -84.32843750
151 -85.29906250 -85.70375000 -84.89437500
152 -85.86421875 -86.26812500 -85.46031250
153 -86.42937500 -86.83250000 -86.02625000
154 -86.99453125 -87.39687500 -86.59218750
155 -87.55968750 -87.96125000 -87.15812500
156 -88.12484375 -88.52562500 -87.72406250
157 -88.69000000 -89.09000000 -88.29000000
158 -89.23534482 -89.64206896 -88.82862068
159 -89.78068965 -90.19413793 -89.36724137
160 -90.32603448 -90.74620689 -89.90586206
161 -90.87137931 -91.29827586 -90.44448275
162 -91.41672413 -91.85034482 -90.98310344
163 -91.96206896 -92.40241379 -91.52172413
164 -92.50741379 -92.95448275 -92.06034482
165 -93.05275862 -93.50655172 -92.59896551
166 -93.59810344 -94.05862068 -93.13758620
167 -94.14344827 -94.61068965 -93.67620689
168 -94.68879310 -95.16275862 -94.21482758
169 -95.23413793 -95.71482758 -94.75344827
170 -95.77948275 -96.26689655 -95.29206896
171 -96.32482758 -96.81896551 -95.83068965
172 -96.87017241 -97.37103448 -96.36931034
173 -97.41551724 -97.92310344 -96.90793103
174 -97.96086206 -98.47517241 -97.44655172
175 -98.50620689 -99.02724137 -97.98517241
176 -99.05155172 -99.57931034 -98.52379310
177 -99.59689655 -100.13137931 -99.06241379
178 -100.14224137 -100.68344827 -99.60103448
179 -100.68758620 -101.23551724 -100.13965517
180 -101.23293103 -101.78758620 -100.67827586
181 -101.77827586 -102.33965517 -101.21689655
182 -102.32362068 -102.89172413 -101.75551724
183 -102.86896551 -103.44379310 -102.29413793
184 -103.41431034 -103.99586206 -102.83275862
185 -103.95965517 -104.54793103 -103.37137931
186 -104.50500000 -105.10000000 -103.91000000
187 -105.06161764 -105.68676470 -104.43647058
188 -105.61823529 -106.27352941 -104.96294117
189 -106.17485294 -106.86029411 -105.48941176
190 -106.73147058 -107.44705882 -106.01588235
191 -107.28808823 -108.03382352 -106.54235294
192 -107.84470588 -108.62058823 -107.06882352
193 -108.40132352 -109.20735294 -107.59529411
194 -108.95794117 -109.79411764 -108.12176470
195 -109.51455882 -110.38088235 -108.64823529
196 -110.07117647 -110.96764705 -109.17470588
197 -110.62779411 -111.55441176 -109.70117647
198 -111.18441176 -112.14117647 -110.22764705
199 -111.74102941 -112.72794117 -110.75411764
200 -112.29764705 -113.31470588 -111.28058823
201 -112.85426470 -113.90147058 -111.80705882
202 -113.41088235 -114.48823529 -112.33352941
203 -113.96750000 -115.07500000 -112.86000000
204 -114.52411764 -115.66176470 -113.38647058
205 -115.08073529 -116.24852941 -113.91294117
206 -115.63735294 -116.83529411 -114.43941176
207 -116.19397058 -117.42205882 -114.96588235
208 -116.75058823 -118.00882352 -115.49235294
209 -117.30720588 -118.59558823 -116.01882352
210 -117.86382352 -119.18235294 -116.54529411
211 -118.42044117 -119.76911764 -117.07176470
212 -118.97705882 -120.35588235 -117.59823529
213 -119.53367647 -120.94264705 -118.12470588
214 -120.09029411 -121.52941176 -118.65117647
215 -120.64691176 -122.11617647 -119.17764705
216 -121.20352941 -122.70294117 -119.70411764
217 -121.76014705 -123.28970588 -120.23058823
218 -122.31676470 -123.87647058 -120.75705882
219 -122.87338235 -124.46323529 -121.28352941
220 -123.43000000 -125.05000000 -121.81000000
221 -123.96017857 -125.55750000 -122.36285714
222 -124.49035714 -126.06500000 -122.91571428
223 -125.02053571 -126.57250000 -123.46857142
224 -125.55071428 -127.08000000 -124.02142857
225 -126.08089285 -127.58750000 -124.57428571
226 -126.61107142 -128.09500000 -125.12714285
227 -127.14125000 -128.60250000 -125.68000000
228 -127.67142857 -129.11000000 -126.23285714
229 -128.20160714 -129.61750000 -126.78571428
230 -128.73178571 -130.12500000 -127.33857142
231 -129.26196428 -130.63250000 -127.89142857
232 -129.79214285 -131.14000000 -128.44428571
233 -130.32232142 -131.64750000 -128.99714285
234 -130.85250000 -132.15500000 -129.55000000
235 -131.38267857 -132.66250000 -130.10285714
236 -131.91285714 -133.17000000 -130.65571428
237 -132.44303571 -133.67750000 -131.20857142
238 -132.97321428 -134.18500000 -131.76142857
239 -133.50339285 -134.69250000 -132.31428571
240 -134.03357142 -135.20000000 -132.86714285
241 -134.56375000 -135.70750000 -133.42000000
242 -135.09392857 -136.21500000 -133.97285714
243 -135.62410714 -136.72250000 -134.52571428
244 -136.15428571 -137.23000000 -135.07857142
245 -136.68446428 -137.73750000 -135.63142857
246 -137.21464285 -138.24500000 -136.18428571
247 -137.74482142 -138.75250000 -136.73714285
248 -138.27500000 -139.26000000 -137.29000000
249 -138.77982142 -139.77964285 -137.78000000
250 -139.28464285 -140.29928571 -138.27000000
251 -139.78946428 -140.81892857 -138.76000000
252 -140.29428571 -141.33857142 -139.25000000
253 -140.79910714 -141.85821428 -139.74000000
254 -141.30392857 -142.37785714 -140.23000000
255 -141.80875000 -142.89750000 -140.72000000
256 -142.31357142 -143.41714285 -141.21000000
257 -142.81839285 -143.93678571 -141.70000000
258 -143.32321428 -144.45642857 -142.19000000
259 -143.82803571 -144.97607142 -142.68000000
260 -144.33285714 -145.49571428 -143.17000000
261 -144.83767857 -146.01535714 -143.66000000
262 -145.34250000 -146.53500000 -144.15000000
263 -145.84732142 -147.05464285 -144.64000000
264 -146.35214285 -147.57428571 -145.13000000
265 -146.85696428 -148.09392857 -145.62000000
266 -147.36178571 -148.61357142 -146.11000000
267 -147.86660714 -149.13321428 -146.60000000
268 -148.37142857 -149.65285714 -147.09000000
269 -148.87625000 -150.17250000 -147.58000000
270 -149.38107142 -150.69214285 -148.07000000
271 -149.88589285 -151.21178571 -148.56000000
272 -150.39071428 -151.73142857 -149.05000000
273 -150.89553571 -152.25107142 -149.54000000
274 -151.40035714 -152.77071428 -150.03000000
275 -151.90517857 -153.29035714 -150.52000000
276 -152.41000000 -153.81000000 -151.01000000
277 -152.91500000 -154.31548387 -151.51451612
278 -153.42000000 -154.82096774 -152.01903225
279 -153.92500000 -155.32645161 -152.52354838
280 -154.43000000 -155.83193548 -153.02806451
281 -154.93500000 -156.33741935 -153.53258064
282 -155.44000000 -156.84290322 -154.03709677
283 -155.94500000 -157.34838709 -154.54161290
284 -156.45000000 -157.85387096 -155.04612903
285 -156.95500000 -158.35935483 -155.55064516
286 -157.46000000 -158.86483870 -156.05516129
287 -157.96500000 -159.37032258 -156.55967741
288 -158.47000000 -159.87580645 -157.06419354
289 -158.97500000 -160.38129032 -157.56870967
290 -159.48000000 -160.88677419 -158.07322580
291 -159.98500000 -161.39225806 -158.57774193
292 -160.49000000 -161.89774193 -159.08225806
293 -160.99500000 -162.40322580 -159.58677419
294 -161.50000000 -162.90870967 -160.09129032
295 -162.00500000 -163.41419354 -160.59580645
296 -162.51000000 -163.91967741 -161.10032258
297 -163.01500000 -164.42516129 -161.60483870
298 -163.52000000 -164.93064516 -162.10935483
299 -164.02500000 -165.43612903 -162.61387096
300 -164.53000000 -165.94161290 -163.11838709
301 -165.03500000 -166.44709677 -163.62290322
302 -165.54000000 -166.95258064 -164.12741935
303 -166.04500000 -167.45806451 -164.63193548
304 -166.55000000 -167.96354838 -165.13645161
305 -167.05500000 -168.46903225 -165.64096774
306 -167.56000000 -168.97451612 -166.14548387
307 -168.06500000 -169.48000000 -166.65000000
308 -168.52953125 -169.95656250 -167.10250000
309 -168.99406250 -170.43312500 -167.55500000
310 -169.45859375 -170.90968750 -168.00750000
311 -169.92312500 -171.38625000 -168.46000000
312 -170.38765625 -171.86281250 -168.91250000
313 -170.85218750 -172.33937500 -169.36500000
314 -171.31671875 -172.81593750 -169.81750000
315 -171.78125000 -173.29250000 -170.27000000
316 -172.24578125 -173.76906250 -170.72250000
317 -172.71031250 -174.24562500 -171.17500000
318 -173.17484375 -174.72218750 -171.62750000
319 -173.63937500 -175.19875000 -172.08000000
320 -174.10390625 -175.67531250 -172.53250000
321 -174.56843750 -176.15187500 -172.98500000
322 -175.03296875 -176.62843750 -173.43750000
323 -175.49750000 -177.10500000 -173.89000000
324 -175.96203125 -177.58156250 -174.34250000
325 -176.42656250 -178.05812500 -174.79500000
326 -176.89109375 -178.53468750 -175.24750000
327 -177.35562500 -179.01125000 -175.70000000
328 -177.82015625 -179.48781250 -176.15250000
329 -178.28468750 -179.96437500 -176.60500000
330 -178.74921875 -180.44093750 -177.05750000
331 -179.21375000 -180.91750000 -177.51000000
332 -179.67828125 -181.39406250 -177.96250000
333 -180.14281250 -181.87062500 -178.41500000
334 -180.60734375 -182.34718750 -178.86750000
335 -181.07187500 -182.82375000 -179.32000000
336 -181.53640625 -183.30031250 -179.77250000
337 -182.00093750 -183.77687500 -180.22500000
338 -182.46546875 -184.25343750 -180.67750000
339 -182.93000000 -184.73000000 -181.13000000
340 -183.42086206 -185.22586206 -181.61586206
341 -183.91172413 -185.72172413 -182.10172413
342 -184.40258620 -186.21758620 -182.58758620
343 -184.89344827 -186.71344827 -183.07344827
344 -185.38431034 -187.20931034 -183.55931034
345 -185.87517241 -187.70517241 -184.04517241
346 -186.36603448 -188.20103448 -184.53103448
347 -186.85689655 -188.69689655 -185.01689655
348 -187.34775862 -189.19275862 -185.50275862
349 -187.83862068 -189.68862068 -185.98862068
350 -188.32948275 -190.18448275 -186.47448275
351 -188.82034482 -190.68034482 -186.96034482
352 -189.31120689 -191.17620689 -187.44620689
353 -189.80206896 -191.67206896 -187.93206896
354 -190.29293103 -192.16793103 -188.41793103
355 -190.78379310 -192.66379310 -188.90379310
356 -191.27465517 -193.15965517 -189.38965517
357 -191.76551724 -193.65551724 -189.87551724
358 -192.25637931 -194.15137931 -190.36137931
359 -192.74724137 -194.64724137 -190.84724137
360 -193.23810344 -195.14310344 -191.33310344
361 -193.72896551 -195.63896551 -191.81896551
362 -194.21982758 -196.13482758 -192.30482758
363 -194.71068965 -196.63068965 -192.79068965
364 -195.20155172 -197.12655172 -193.27655172
365 -195.69241379 -197.62241379 -193.76241379
366 -196.18327586 -198.11827586 -194.24827586
367 -196.67413793 -198.61413793 -194.73413793
368 -197.16500000 -199.11000000 -195.22000000
369 -197.61560869 -199.58254347 -195.64867391
370 -198.06621739 -200.05508695 -196.07734782
371 -198.51682608 -200.52763043 -196.50602173
372 -198.96743478 -201.00017391 -196.93469565
373 -199.41804347 -201.47271739 -197.36336956
374 -199.86865217 -201.94526086 -197.79204347
375 -200.31926086 -202.41780434 -198.22071739
376 -200.76986956 -202.89034782 -198.64939130
377 -201.22047826 -203.36289130 -199.07806521
378 -201.67108695 -203.83543478 -199.50673913
379 -202.12169565 -204.30797826 -199.93541304
380 -202.57230434 -204.78052173 -200.36408695
381 -203.02291304 -205.25306521 -200.79276086
382 -203.47352173 -205.72560869 -201.22143478
383 -203.92413043 -206.19815217 -201.65010869
384 -204.37473913 -206.67069565 -202.07878260
385 -204.82534782 -207.14323913 -202.50745652
386 -205.27595652 -207.61578260 -202.93613043
387 -205.72656521 -208.08832608 -203.36480434
388 -206.17717391 -208.56086956 -203.79347826
389 -206.62778260 -209.03341304 -204.22215217
390 -207.07839130 -209.50595652 -204.65082608
391 -207.52900000 -209.97850000 -205.07950000
392 -207.97960869 -210.45104347 -205.50817391
393 -208.43021739 -210.92358695 -205.93684782
394 -208.88082608 -211.39613043 -206.36552173
395 -209.33143478 -211.86867391 -206.79419565
396 -209.78204347 -212.34121739 -207.22286956
397 -210.23265217 -212.81376086 -207.65154347
398 -210.68326086 -213.28630434 -208.08021739
399 -211.13386956 -213.75884782 -208.50889130
400 -211.58447826 -214.23139130 -208.93756521
401 -212.03508695 -214.70393478 -209.36623913
402 -212.48569565 -215.17647826 -209.79491304
403 -212.93630434 -215.64902173 -210.22358695
404 -213.38691304 -216.12156521 -210.65226086
405 -213.83752173 -216.59410869 -211.08093478
406 -214.28813043 -217.06665217 -211.50960869
407 -214.73873913 -217.53919565 -211.93828260
408 -215.18934782 -218.01173913 -212.36695652
409 -215.63995652 -218.48428260 -212.79563043
410 -216.09056521 -218.95682608 -213.22430434
411 -216.54117391 -219.42936956 -213.65297826
412 -216.99178260 -219.90191304 -214.08165217
413 -217.44239130 -220.37445652 -214.51032608
414 -217.89300000 -220.84700000 -214.93900000
415 -218.34360869 -221.31954347 -215.36767391
416 -218.79421739 -221.79208695 -215.79634782
417 -219.24482608 -222.26463043 -216.22502173
418 -219.69543478 -222.73717391 -216.65369565
419 -220.14604347 -223.20971739 -217.08236956
420 -220.59665217 -223.68226086 -217.51104347
421 -221.04726086 -224.15480434 -217.93971739
422 -221.49786956 -224.62734782 -218.36839130
423 -221.94847826 -225.09989130 -218.79706521
424 -222.39908695 -225.57243478 -219.22573913
425 -222.84969565 -226.04497826 -219.65441304
426 -223.30030434 -226.51752173 -220.08308695
427 -223.75091304 -226.99006521 -220.51176086
428 -224.20152173 -227.46260869 -220.94043478
429 -224.65213043 -227.93515217 -221.36910869
430 -225.10273913 -228.40769565 -221.79778260
431 -225.55334782 -228.88023913 -222.22645652
432 -226.00395652 -229.35278260 -222.65513043
433 -226.45456521 -229.82532608 -223.08380434
434 -226.90517391 -230.29786956 -223.51247826
435 -227.35578260 -230.77041304 -223.94115217
436 -227.80639130 -231.24295652 -224.36982608
437 -228.25700000 -231.71550000 -224.79850000
438 -228.70760869 -232.18804347 -225.22717391
439 -229.15821739 -232.66058695 -225.65584782
440 -229.60882608 -233.13313043 -226.08452173
441 -230.05943478 -233.60567391 -226.51319565
442 -230.51004347 -234.07821739 -226.94186956
443 -230.96065217 -234.55076086 -227.37054347
444 -231.41126086 -235.02330434 -227.79921739
445 -231.86186956 -235.49584782 -228.22789130
446 -232.31247826 -235.96839130 -228.65656521
447 -232.76308695 -236.44093478 -229.08523913
448 -233.21369565 -236.91347826 -229.51391304
449 -233.66430434 -237.38602173 -229.94258695
450 -234.11491304 -237.85856521 -230.37126086
451 -234.56552173 -238.33110869 -230.79993478
452 -235.01613043 -238.80365217 -231.22860869
453 -235.46673913 -239.27619565 -231.65728260
454 -235.91734782 -239.74873913 -232.08595652
455 -236.36795652 -240.22128260 -232.51463043
456 -236.81856521 -240.69382608 -232.94330434
457 -237.26917391 -241.16636956 -233.37197826
458 -237.71978260 -241.63891304 -233.80065217
459 -238.17039130 -242.11145652 -234.22932608
460 -238.62100000 -242.58400000 -234.65800000
461 -239.03730769 -243.00054945 -235.07406593
462 -239.45361538 -243.41709890 -235.49013186
463 -239.86992307 -243.83364835 -235.90619780
464 -240.28623076 -244.25019780 -236.32226373
465 -240.70253846 -244.66674725 -236.73832967
466 -241.11884615 -245.08329670 -237.15439560
467 -241.53515384 -245.49984615 -237.57046153
468 -241.95146153 -245.91639560 -237.98652747
469 -242.36776923 -246.33294505 -238.40259340
470 -242.78407692 -246.74949450 -238.81865934
471 -243.20038461 -247.16604395 -239.23472527
472 -243.61669230 -247.58259340 -239.65079120
473 -244.03300000 -247.99914285 -240.06685714
474 -244.44930769 -248.41569230 -240.48292307
475 -244.86561538 -248.83224175 -240.89898901
476 -245.28192307 -249.24879120 -241.31505494
477 -245.69823076 -249.66534065 -241.73112087
478 -246.11453846 -250.08189010 -242.14718681
479 -246.53084615 -250.49843956 -242.56325274
480 -246.94715384 -250.91498901 -242.97931868
481 -247.36346153 -251.33153846 -243.39538461
482 -247.77976923 -251.74808791 -243.81145054
483 -248.19607692 -252.16463736 -244.22751648
484 -248.61238461 -252.58118681 -244.64358241
485 -249.02869230 -252.99773626 -245.05964835
486 -249.44500000 -253.41428571 -245.47571428
487 -249.86130769 -253.83083516 -245.89178021
488 -250.27761538 -254.24738461 -246.30784615
489 -250.69392307 -254.66393406 -246.72391208
490 -251.11023076 -255.08048351 -247.13997802
491 -251.52653846 -255.49703296 -247.55604395
492 -251.94284615 -255.91358241 -247.97210989
493 -252.35915384 -256.33013186 -248.38817582
494 -252.77546153 -256.74668131 -248.80424175
495 -253.19176923 -257.16323076 -249.22030769
496 -253.60807692 -257.57978021 -249.63637362
497 -254.02438461 -257.99632967 -250.05243956
498 -254.44069230 -258.41287912 -250.46850549
499 -254.85700000 -258.82942857 -250.88457142
500 -255.27330769 -259.24597802 -251.30063736
501 -255.68961538 -259.66252747 -251.71670329
502 -256.10592307 -260.07907692 -252.13276923
503 -256.52223076 -260.49562637 -252.54883516
504 -256.93853846 -260.91217582 -252.96490109
505 -257.35484615 -261.32872527 -253.38096703
506 -257.77115384 -261.74527472 -253.79703296
507 -258.18746153 -262.16182417 -254.21309890
508 -258.60376923 -262.57837362 -254.62916483
509 -259.02007692 -262.99492307 -255.04523076
510 -259.43638461 -263.41147252 -255.46129670
511 -259.85269230 -263.82802197 -255.87736263
512 -260.26900000 -264.24457142 -256.29342857
513 -260.68530769 -264.66112087 -256.70949450
514 -261.10161538 -265.07767032 -257.12556043
515 -261.51792307 -265.49421978 -257.54162637
516 -261.93423076 -265.91076923 -257.95769230
517 -262.35053846 -266.32731868 -258.37375824
518 -262.76684615 -266.74386813 -258.78982417
519 -263.18315384 -267.16041758 -259.20589010
520 -263.59946153 -267.57696703 -259.62195604
521 -264.01576923 -267.99351648 -260.03802197
522 -264.43207692 -268.41006593 -260.45408791
523 -264.84838461 -268.82661538 -260.87015384
524 -265.26469230 -269.24316483 -261.28621978
525 -265.68100000 -269.65971428 -261.70228571
526 -266.09730769 -270.07626373 -262.11835164
527 -266.51361538 -270.49281318 -262.53441758
528 -266.92992307 -270.90936263 -262.95048351
529 -267.34623076 -271.32591208 -263.36654945
530 -267.76253846 -271.74246153 -263.78261538
531 -268.17884615 -272.15901098 -264.19868131
532 -268.59515384 -272.57556043 -264.61474725
533 -269.01146153 -272.99210989 -265.03081318
534 -269.42776923 -273.40865934 -265.44687912
535 -269.84407692 -273.82520879 -265.86294505
536 -270.26038461 -274.24175824 -266.27901098
537 -270.67669230 -274.65830769 -266.69507692
538 -271.09300000 -275.07485714 -267.11114285
539 -271.50930769 -275.49140659 -267.52720879
540 -271.92561538 -275.90795604 -267.94327472
541 -272.34192307 -276.32450549 -268.35934065
542 -272.75823076 -276.74105494 -268.77540659
543 -273.17453846 -277.15760439 -269.19147252
544 -273.59084615 -277.57415384 -269.60753846
545 -274.00715384 -277.99070329 -270.02360439
546 -274.42346153 -278.40725274 -270.43967032
547 -274.83976923 -278.82380219 -270.85573626
548 -275.25607692 -279.24035164 -271.27180219
549 -275.67238461 -279.65690109 -271.68786813
550 -276.08869230 -280.07345054 -272.10393406
551 -276.50500000 -280.49000000 -272.52000000
552 -276.87583516 -280.89538461 -272.85628571
553 -277.24667032 -281.30076923 -273.19257142
554 -277.61750549 -281.70615384 -273.52885714
555 -277.98834065 -282.11153846 -273.86514285
556 -278.35917582 -282.51692307 -274.20142857
557 -278.73001098 -282.92230769 -274.53771428
558 -279.10084615 -283.32769230 -274.87400000
559 -279.47168131 -283.73307692 -275.21028571
560 -279.84251648 -284.13846153 -275.54657142
561 -280.21335164 -284.54384615 -275.88285714
562 -280.58418681 -284.94923076 -276.21914285
563 -280.95502197 -285.35461538 -276.55542857
564 -281.32585714 -285.76000000 -276.89171428
565 -281.69669230 -286.16538461 -277.22800000
566 -282.06752747 -286.57076923 -277.56428571
567 -282.43836263 -286.97615384 -277.90057142
568 -282.80919780 -287.38153846 -278.23685714
569 -283.18003296 -287.78692307 -278.57314285
570 -283.55086813 -288.19230769 -278.90942857
571 -283.92170329 -288.59769230 -279.24571428
572 -284.29253846 -289.00307692 -279.58200000
573 -284.66337362 -289.40846153 -279.91828571
574 -285.03420879 -289.81384615 -280.25457142
575 -285.40504395 -290.21923076 -280.59085714
576 -285.77587912 -290.62461538 -280.92714285
577 -286.14671428 -291.03000000 -281.26342857
578 -286.51754945 -291.43538461 -281.59971428
579 -286.88838461 -291.84076923 -281.93600000
580 -287.25921978 -292.24615384 -282.27228571
581 -287.63005494 -292.65153846 -282.60857142
582 -288.00089010 -293.05692307 -282.94485714
583 -288.37172527 -293.46230769 -283.28114285
584 -288.74256043 -293.86769230 -283.61742857
585 -289.11339560 -294.27307692 -283.95371428
586 -289.48423076 -294.67846153 -284.29000000
587 -289.85506593 -295.08384615 -284.62628571
588 -290.22590109 -295.48923076 -284.96257142
589 -290.59673626 -295.89461538 -285.29885714
590 -290.96757142 -296.30000000 -285.63514285
591 -291.33840659 -296.70538461 -285.97142857
592 -291.70924175 -297.11076923 -286.30771428
593 -292.08007692 -297.51615384 -286.64400000
594 -292.45091208 -297.92153846 -286.98028571
595 -292.82174725 -298.32692307 -287.31657142
596 -293.19258241 -298.73230769 -287.65285714
597 -293.56341758 -299.13769230 -287.98914285
598 -293.93425274 -299.54307692 -288.32542857
599 -294.30508791 -299.94846153 -288.66171428
600 -294.67592307 -300.35384615 -288.99800000
601 -295.04675824 -300.75923076 -289.33428571
602 -295.41759340 -301.16461538 -289.67057142
603 -295.78842857 -301.57000000 -290.00685714
604 -296.15926373 -301.97538461 -290.34314285
605 -296.53009890 -302.38076923 -290.67942857
606 -296.90093406 -302.78615384 -291.01571428
607 -297.27176923 -303.19153846 -291.35200000
608 -297.64260439 -303.59692307 -291.68828571
609 -298.01343956 -304.00230769 -292.02457142
610 -298.38427472 -304.40769230 -292.36085714
611 -298.75510989 -304.81307692 -292.69714285
612 -299.12594505 -305.21846153 -293.03342857
613 -299.49678021 -305.62384615 -293.36971428
614 -299.86761538 -306.02923076 -293.70600000
615 -300.23845054 -306.43461538 -294.04228571
616 -300.60928571 -306.84000000 -294.37857142
617 -300.98012087 -307.24538461 -294.71485714
618 -301.35095604 -307.65076923 -295.05114285
619 -301.72179120 -308.05615384 -295.38742857
620 -302.09262637 -308.46153846 -295.72371428
621 -302.46346153 -308.86692307 -296.06000000
622 -302.83429670 -309.27230769 -296.39628571
623 -303.20513186 -309.67769230 -296.73257142
624 -303.57596703 -310.08307692 -297.06885714
625 -303.94680219 -310.48846153 -297.40514285
626 -304.31763736 -310.89384615 -297.74142857
627 -304.68847252 -311.29923076 -298.07771428
628 -305.05930769 -311.70461538 -298.41400000
629 -305.43014285 -312.11000000 -298.75028571
630 -305.80097802 -312.51538461 -299.08657142
631 -306.17181318 -312.92076923 -299.42285714
632 -306.54264835 -313.32615384 -299.75914285
633 -306.91348351 -313.73153846 -300.09542857
634 -307.28431868 -314.13692307 -300.43171428
635 -307.65515384 -314.54230769 -300.76800000
636 -308.02598901 -314.94769230 -301.10428571
637 -308.39682417 -315.35307692 -301.44057142
638 -308.76765934 -315.75846153 -301.77685714
639 -309.13849450 -316.16384615 -302.11314285
640 -309.50932967 -316.56923076 -302.44942857
641 -309.88016483 -316.97461538 -302.78571428
642 -310.25100000 -317.38000000 -303.12200000
643 -310.62848913 -317.77521739 -303.48176086
644 -311.00597826 -318.17043478 -303.84152173
645 -311.38346739 -318.56565217 -304.20128260
646 -311.76095652 -318.96086956 -304.56104347
647 -312.13844565 -319.35608695 -304.92080434
648 -312.51593478 -319.75130434 -305.28056521
649 -312.89342391 -320.14652173 -305.64032608
650 -313.27091304 -320.54173913 -306.00008695
651 -313.64840217 -320.93695652 -306.35984782
652 -314.02589130 -321.33217391 -306.71960869
653 -314.40338043 -321.72739130 -307.07936956
654 -314.78086956 -322.12260869 -307.43913043
655 -315.15835869 -322.51782608 -307.79889130
656 -315.53584782 -322.91304347 -308.15865217
657 -315.91333695 -323.30826086 -308.51841304
658 -316.29082608 -323.70347826 -308.87817391
659 -316.66831521 -324.09869565 -309.23793478
660 -317.04580434 -324.49391304 -309.59769565
661 -317.42329347 -324.88913043 -309.95745652
662 -317.80078260 -325.28434782 -310.31721739
663 -318.17827173 -325.67956521 -310.67697826
664 -318.55576086 -326.07478260 -311.03673913
665 -318.93325000 -326.47000000 -311.39650000
666 -319.31073913 -326.86521739 -311.75626086
667 -319.68822826 -327.26043478 -312.11602173
668 -320.06571739 -327.65565217 -312.47578260
669 -320.44320652 -328.05086956 -312.83554347
670 -320.82069565 -328.44608695 -313.19530434
671 -321.19818478 -328.84130434 -313.55506521
672 -321.57567391 -329.23652173 -313.91482608
673 -321.95316304 -329.63173913 -314.27458695
674 -322.33065217 -330.02695652 -314.63434782
675 -322.70814130 -330.42217391 -314.99410869
676 -323.08563043 -330.81739130 -315.35386956
677 -323.46311956 -331.21260869 -315.71363043
678 -323.84060869 -331.60782608 -316.07339130
679 -324.21809782 -332.00304347 -316.43315217
680 -324.59558695 -332.39826086 -316.79291304
681 -324.97307608 -332.79347826 -317.15267391
682 -325.35056521 -333.18869565 -317.51243478
683 -325.72805434 -333.58391304 -317.87219565
684 -326.10554347 -333.97913043 -318.23195652
685 -326.48303260 -334.37434782 -318.59171739
686 -326.86052173 -334.76956521 -318.95147826
687 -327.23801086 -335.16478260 -319.31123913
688 -327.61550000 -335.56000000 -319.67100000
689 -327.99298913 -335.95521739 -320.03076086
690 -328.37047826 -336.35043478 -320.39052173
691 -328.74796739 -336.74565217 -320.75028260
692 -329.12545652 -337.14086956 -321.11004347
693 -329.50294565 -337.53608695 -321.46980434
694 -329.88043478 -337.93130434 -321.82956521
695 -330.25792391 -338.32652173 -322.18932608
696 -330.63541304 -338.72173913 -322.54908695
697 -331.01290217 -339.11695652 -322.90884782
698 -331.39039130 -339.51217391 -323.26860869
699 -331.76788043 -339.90739130 -323.62836956
700 -332.14536956 -340.30260869 -323.98813043
701 -332.52285869 -340.69782608 -324.34789130
702 -332.90034782 -341.09304347 -324.70765217
703 -333.27783695 -341.48826086 -325.06741304
704 -333.65532608 -341.88347826 -325.42717391
705 -334.03281521 -342.27869565 -325.78693478
706 -334.41030434 -342.67391304 -326.14669565
707 -334.78779347 -343.06913043 -326.50645652
708 -335.16528260 -343.46434782 -326.86621739
709 -335.54277173 -343.85956521 -327.22597826
710 -335.92026086 -344.25478260 -327.58573913
711 -336.29775000 -344.65000000 -327.94550000
712 -336.67523913 -345.04521739 -328.30526086
713 -337.05272826 -345.44043478 -328.66502173
714 -337.43021739 -345.83565217 -329.02478260
715 -337.80770652 -346.23086956 -329.38454347
716 -338.18519565 -346.62608695 -329.74430434
717 -338.56268478 -347.02130434 -330.10406521
718 -338.94017391 -347.41652173 -330.46382608
719 -339.31766304 -347.81173913 -330.82358695
720 -339.69515217 -348.20695652 -331.18334782
721 -340.07264130 -348.60217391 -331.54310869
722 -340.45013043 -348.99739130 -331.90286956
723 -340.82761956 -349.39260869 -332.26263043
724 -341.20510869 -349.78782608 -332.62239130
725 -341.58259782 -350.18304347 -332.98215217
726 -341.96008695 -350.57826086 -333.34191304
727 -342.33757608 -350.97347826 -333.70167391
728 -342.71506521 -351.36869565 -334.06143478
729 -343.09255434 -351.76391304 -334.42119565
730 -343.47004347 -352.15913043 -334.78095652
731 -343.84753260 -352.55434782 -335.14071739
732 -344.22502173 -352.94956521 -335.50047826
733 -344.60251086 -353.34478260 -335.86023913
734 -344.98000000 -353.74000000 -336.22000000
735 -345.29117808 -354.05106849 -336.53128767
736 -345.60235616 -354.36213698 -336.84257534
737 -345.91353424 -354.67320547 -337.15386301
738 -346.22471232 -354.98427397 -337.46515068
739 -346.53589041 -355.29534246 -337.77643835
740 -346.84706849 -355.60641095 -338.08772602
741 -347.15824657 -355.91747945 -338.39901369
742 -347.46942465 -356.22854794 -338.71030136
743 -347.78060273 -356.53961643 -339.02158904
744 -348.09178082 -356.85068493 -339.33287671
745 -348.40295890 -357.16175342 -339.64416438
746 -348.71413698 -357.47282191 -339.95545205
747 -349.02531506 -357.78389041 -340.26673972
748 -349.33649315 -358.09495890 -340.57802739
749 -349.64767123 -358.40602739 -340.88931506
750 -349.95884931 -358.71709589 -341.20060273
751 -350.27002739 -359.02816438 -341.51189041
752 -350.58120547 -359.33923287 -341.82317808
753 -350.89238356 -359.65030136 -342.13446575
754 -351.20356164 -359.96136986 -342.44575342
755 -351.51473972 -360.27243835 -342.75704109
756 -351.82591780 -360.58350684 -343.06832876
757 -352.13709589 -360.89457534 -343.37961643
758 -352.44827397 -361.20564383 -343.69090410
759 -352.75945205 -361.51671232 -344.00219178
760 -353.07063013 -361.82778082 -344.31347945
761 -353.38180821 -362.13884931 -344.62476712
762 -353.69298630 -362.44991780 -344.93605479
763 -354.00416438 -362.76098630 -345.24734246
764 -354.31534246 -363.07205479 -345.55863013
765 -354.62652054 -363.38312328 -345.86991780
766 -354.93769863 -363.69419178 -346.18120547
767 -355.24887671 -364.00526027 -346.49249315
768 -355.56005479 -364.31632876 -346.80378082
769 -355.87123287 -364.62739726 -347.11506849
770 -356.18241095 -364.93846575 -347.42635616
771 -356.49358904 -365.24953424 -347.73764383
772 -356.80476712 -365.56060273 -348.04893150
773 -357.11594520 -365.87167123 -348.36021917
774 -357.42712328 -366.18273972 -348.67150684
775 -357.73830136 -366.49380821 -348.98279452
776 -358.04947945 -366.80487671 -349.29408219
777 -358.36065753 -367.11594520 -349.60536986
778 -358.67183561 -367.42701369 -349.91665753
779 -358.98301369 -367.73808219 -350.22794520
780 -359.29419178 -368.04915068 -350.53923287
781 -359.60536986 -368.36021917 -350.85052054
782 -359.91654794 -368.67128767 -351.16180821
783 -360.22772602 -368.98235616 -351.47309589
784 -360.53890410 -369.29342465 -351.78438356
785 -360.85008219 -369.60449315 -352.09567123
786 -361.16126027 -369.91556164 -352.40695890
787 -361.47243835 -370.22663013 -352.71824657
788 -361.78361643 -370.53769863 -353.02953424
789 -362.09479452 -370.84876712 -353.34082191
790 -362.40597260 -371.15983561 -353.65210958
791 -362.71715068 -371.47090410 -353.96339726
792 -363.02832876 -371.78197260 -354.27468493
793 -363.33950684 -372.09304109 -354.58597260
794 -363.65068493 -372.40410958 -354.89726027
795 -363.96186301 -372.71517808 -355.20854794
796 -364.27304109 -373.02624657 -355.51983561
797 -364.58421917 -373.33731506 -355.83112328
798 -364.89539726 -373.64838356 -356.14241095
799 -365.20657534 -373.95945205 -356.45369863
800 -365.51775342 -374.27052054 -356.76498630
801 -365.82893150 -374.58158904 -357.07627397
802 -366.14010958 -374.89265753 -357.38756164
803 -366.45128767 -375.20372602 -357.69884931
804 -366.76246575 -375.51479452 -358.01013698
805 -367.07364383 -375.82586301 -358.32142465
806 -367.38482191 -376.13693150 -358.63271232
807 -367.69600000 -376.44800000 -358.94400000
808 -368.00717808 -376.75906849 -359.25528767
809 -368.31835616 -377.07013698 -359.56657534
810 -368.62953424 -377.38120547 -359.87786301
811 -368.94071232 -377.69227397 -360.18915068
812 -369.25189041 -378.00334246 -360.50043835
813 -369.56306849 -378.31441095 -360.81172602
814 -369.87424657 -378.62547945 -361.12301369
815 -370.18542465 -378.93654794 -361.43430136
816 -370.49660273 -379.24761643 -361.74558904
817 -370.80778082 -379.55868493 -362.05687671
818 -371.11895890 -379.86975342 -362.36816438
819 -371.43013698 -380.18082191 -362.67945205
820 -371.74131506 -380.49189041 -362.99073972
821 -372.05249315 -380.80295890 -363.30202739
822 -372.36367123 -381.11402739 -363.61331506
823 -372.67484931 -381.42509589 -363.92460273
824 -372.98602739 -381.73616438 -364.23589041
825 -373.29720547 -382.04723287 -364.54717808
826 -373.60838356 -382.35830136 -364.85846575
827 -373.91956164 -382.66936986 -365.16975342
828 -374.23073972 -382.98043835 -365.48104109
829 -374.54191780 -383.29150684 -365.79232876
830 -374.85309589 -383.60257534 -366.10361643
831 -375.16427397 -383.91364383 -366.41490410
832 -375.47545205 -384.22471232 -366.72619178
833 -375.78663013 -384.53578082 -367.03747945
834 -376.09780821 -384.84684931 -367.34876712
835 -376.40898630 -385.15791780 -367.66005479
836 -376.72016438 -385.46898630 -367.97134246
837 -377.03134246 -385.78005479 -368.28263013
838 -377.34252054 -386.09112328 -368.59391780
839 -377.65369863 -386.40219178 -368.90520547
840 -377.96487671 -386.71326027 -369.21649315
841 -378.27605479 -387.02432876 -369.52778082
842 -378.58723287 -387.33539726 -369.83906849
843 -378.89841095 -387.64646575 -370.15035616
844 -379.20958904 -387.95753424 -370.46164383
845 -379.52076712 -388.26860273 -370.77293150
846 -379.83194520 -388.57967123 -371.08421917
847 -380.14312328 -388.89073972 -371.39550684
848 -380.45430136 -389.20180821 -371.70679452
849 -380.76547945 -389.51287671 -372.01808219
850 -381.07665753 -389.82394520 -372.32936986
851 -381.38783561 -390.13501369 -372.64065753
852 -381.69901369 -390.44608219 -372.95194520
853 -382.01019178 -390.75715068 -373.26323287
854 -382.32136986 -391.06821917 -373.57452054
855 -382.63254794 -391.37928767 -373.88580821
856 -382.94372602 -391.69035616 -374.19709589
857 -383.25490410 -392.00142465 -374.50838356
858 -383.56608219 -392.31249315 -374.81967123
859 -383.87726027 -392.62356164 -375.13095890
860 -384.18843835 -392.93463013 -375.44224657
861 -384.49961643 -393.24569863 -375.75353424
862 -384.81079452 -393.55676712 -376.06482191
863 -385.12197260 -393.86783561 -376.37610958
864 -385.43315068 -394.17890410 -376.68739726
865 -385.74432876 -394.48997260 -376.99868493
866 -386.05550684 -394.80104109 -377.30997260
867 -386.36668493 -395.11210958 -377.62126027
868 -386.67786301 -395.42317808 -377.93254794
869 -386.98904109 -395.73424657 -378.24383561
870 -387.30021917 -396.04531506 -378.55512328
871 -387.61139726 -396.35638356 -378.86641095
872 -387.92257534 -396.66745205 -379.17769863
873 -388.23375342 -396.97852054 -379.48898630
874 -388.54493150 -397.28958904 -379.80027397
875 -388.85610958 -397.60065753 -380.11156164
876 -389.16728767 -397.91172602 -380.42284931
877 -389.47846575 -398.22279452 -380.73413698
878 -389.78964383 -398.53386301 -381.04542465
879 -390.10082191 -398.84493150 -381.35671232
880 -390.41200000 -399.15600000 -381.66800000
881 -390.72317808 -399.46706849 -381.97928767
882 -391.03435616 -399.77813698 -382.29057534
883 -391.34553424 -400.08920547 -382.60186301
884 -391.65671232 -400.40027397 -382.91315068
885 -391.96789041 -400.71134246 -383.22443835
886 -392.27906849 -401.02241095 -383.53572602
887 -392.59024657 -401.33347945 -383.84701369
888 -392.90142465 -401.64454794 -384.15830136
889 -393.21260273 -401.95561643 -384.46958904
890 -393.52378082 -402.26668493 -384.78087671
891 -393.83495890 -402.57775342 -385.09216438
892 -394.14613698 -402.88882191 -385.40345205
893 -394.45731506 -403.19989041 -385.71473972
894 -394.76849315 -403.51095890 -386.02602739
895 -395.07967123 -403.82202739 -386.33731506
896 -395.39084931 -404.13309589 -386.64860273
897 -395.70202739 -404.44416438 -386.95989041
898 -396.01320547 -404.75523287 -387.27117808
899 -396.32438356 -405.06630136 -387.58246575
900 -396.63556164 -405.37736986 -387.89375342
901 -396.94673972 -405.68843835 -388.20504109
902 -397.25791780 -405.99950684 -388.51632876
903 -397.56909589 -406.31057534 -388.82761643
904 -397.88027397 -406.62164383 -389.13890410
905 -398.19145205 -406.93271232 -389.45019178
906 -398.50263013 -407.24378082 -389.76147945
907 -398.81380821 -407.55484931 -390.07276712
908 -399.12498630 -407.86591780 -390.38405479
909 -399.43616438 -408.17698630 -390.69534246
910 -399.74734246 -408.48805479 -391.00663013
911 -400.05852054 -408.79912328 -391.31791780
912 -400.36969863 -409.11019178 -391.62920547
913 -400.68087671 -409.42126027 -391.94049315
914 -400.99205479 -409.73232876 -392.25178082
915 -401.30323287 -410.04339726 -392.56306849
916 -401.61441095 -410.35446575 -392.87435616
917 -401.92558904 -410.66553424 -393.18564383
918 -402.23676712 -410.97660273 -393.49693150
919 -402.54794520 -411.28767123 -393.80821917
920 -402.85912328 -411.59873972 -394.11950684
921 -403.17030136 -411.90980821 -394.43079452
922 -403.48147945 -412.22087671 -394.74208219
923 -403.79265753 -412.53194520 -395.05336986
924 -404.10383561 -412.84301369 -395.36465753
925 -404.41501369 -413.15408219 -395.67594520
926 -404.72619178 -413.46515068 -395.98723287
927 -405.03736986 -413.77621917 -396.29852054
928 -405.34854794 -414.08728767 -396.60980821
929 -405.65972602 -414.39835616 -396.92109589
930 -405.97090410 -414.70942465 -397.23238356
931 -406.28208219 -415.02049315 -397.54367123
932 -406.59326027 -415.33156164 -397.85495890
933 -406.90443835 -415.64263013 -398.16624657
934 -407.21561643 -415.95369863 -398.47753424
935 -407.52679452 -416.26476712 -398.78882191
936 -407.83797260 -416.57583561 -399.10010958
937 -408.14915068 -416.88690410 -399.41139726
938 -408.46032876 -417.19797260 -399.72268493
939 -408.77150684 -417.50904109 -400.03397260
940 -409.08268493 -417.82010958 -400.34526027
941 -409.39386301 -418.13117808 -400.65654794
942 -409.70504109 -418.44224657 -400.96783561
943 -410.01621917 -418.75331506 -401.27912328
944 -410.32739726 -419.06438356 -401.59041095
945 -410.63857534 -419.37545205 -401.90169863
946 -410.94975342 -419.68652054 -402.21298630
947 -411.26093150 -419.99758904 -402.52427397
948 -411.57210958 -420.30865753 -402.83556164
949 -411.88328767 -420.61972602 -403.14684931
950 -412.19446575 -420.93079452 -403.45813698
951 -412.50564383 -421.24186301 -403.76942465
952 -412.81682191 -421.55293150 -404.08071232
953 -413.12800000 -421.86400000 -404.39200000
954 -413.43917808 -422.17506849 -404.70328767
955 -413.75035616 -422.48613698 -405.01457534
956 -414.06153424 -422.79720547 -405.32586301
957 -414.37271232 -423.10827397 -405.63715068
958 -414.68389041 -423.41934246 -405.94843835
959 -414.99506849 -423.73041095 -406.25972602
960 -415.30624657 -424.04147945 -406.57101369
961 -415.61742465 -424.35254794 -406.88230136
962 -415.92860273 -424.66361643 -407.19358904
963 -416.23978082 -424.97468493 -407.50487671
964 -416.55095890 -425.28575342 -407.81616438
965 -416.86213698 -425.59682191 -408.12745205
966 -417.17331506 -425.90789041 -408.43873972
967 -417.48449315 -426.21895890 -408.75002739
968 -417.79567123 -426.53002739 -409.06131506
969 -418.10684931 -426.84109589 -409.37260273
970 -418.41802739 -427.15216438 -409.68389041
971 -418.72920547 -427.46323287 -409.99517808
972 -419.04038356 -427.77430136 -410.30646575
973 -419.35156164 -428.08536986 -410.61775342
974 -419.66273972 -428.39643835 -410.92904109
975 -419.97391780 -428.70750684 -411.24032876
976 -420.28509589 -429.01857534 -411.55161643
977 -420.59627397 -429.32964383 -411.86290410
978 -420.90745205 -429.64071232 -412.17419178
979 -421.21863013 -429.95178082 -412.48547945
980 -421.52980821 -430.26284931 -412.79676712
981 -421.84098630 -430.57391780 -413.10805479
982 -422.15216438 -430.88498630 -413.41934246
983 -422.46334246 -431.19605479 -413.73063013
984 -422.77452054 -431.50712328 -414.04191780
985 -423.08569863 -431.81819178 -414.35320547
986 -423.39687671 -432.12926027 -414.66449315
987 -423.70805479 -432.44032876 -414.97578082
988 -424.01923287 -432.75139726 -415.28706849
989 -424.33041095 -433.06246575 -415.59835616
990 -424.64158904 -433.37353424 -415.90964383
991 -424.95276712 -433.68460273 -416.22093150
992 -425.26394520 -433.99567123 -416.53221917
993 -425.57512328 -434.30673972 -416.84350684
994 -425.88630136 -434.61780821 -417.15479452
995 -426.19747945 -434.92887671 -417.46608219
996 -426.50865753 -435.23994520 -417.77736986
997 -426.81983561 -435.55101369 -418.08865753
998 -427.13101369 -435.86208219 -418.39994520
999 -427.44219178 -436.17315068 -418.71123287
1000 -427.75336986 -436.48421917 -419.02252054
1001 -428.06454794 -436.79528767 -419.33380821
1002 -428.37572602 -437.10635616 -419.64509589
1003 -428.68690410 -437.41742465 -419.95638356
1004 -428.99808219 -437.72849315 -420.26767123
1005 -429.30926027 -438.03956164 -420.57895890
1006 -429.62043835 -438.35063013 -420.89024657
1007 -429.93161643 -438.66169863 -421.20153424
1008 -430.24279452 -438.97276712 -421.51282191
1009 -430.55397260 -439.28383561 -421.82410958
1010 -430.86515068 -439.59490410 -422.13539726
1011 -431.17632876 -439.90597260 -422.44668493
1012 -431.48750684 -440.21704109 -422.75797260
1013 -431.79868493 -440.52810958 -423.06926027
1014 -432.10986301 -440.83917808 -423.38054794
1015 -432.42104109 -441.15024657 -423.69183561
1016 -432.73221917 -441.46131506 -424.00312328
1017 -433.04339726 -441.77238356 -424.31441095
1018 -433.35457534 -442.08345205 -424.62569863
1019 -433.66575342 -442.39452054 -424.93698630
1020 -433.97693150 -442.70558904 -425.24827397
1021 -434.28810958 -443.01665753 -425.55956164
1022 -434.59928767 -443.32772602 -425.87084931
1023 -434.91046575 -443.63879452 -426.18213698
1024 -435.22164383 -443.94986301 -426.49342465
1025 -435.53282191 -444.26093150 -426.80471232
1026 -435.84400000 -444.57200000 -427.11600000
1027 -436.15517808 -444.88306849 -427.42728767
1028 -436.46635616 -445.19413698 -427.73857534
1029 -436.77753424 -445.50520547 -428.04986301
1030 -437.08871232 -445.81627397 -428.36115068
1031 -437.39989041 -446.12734246 -428.67243835
1032 -437.71106849 -446.43841095 -428.98372602
1033 -438.02224657 -446.74947945 -429.29501369
1034 -438.33342465 -447.06054794 -429.60630136
1035 -438.64460273 -447.37161643 -429.91758904
1036 -438.95578082 -447.68268493 -430.22887671
1037 -439.26695890 -447.99375342 -430.54016438
1038 -439.57813698 -448.30482191 -430.85145205
1039 -439.88931506 -448.61589041 -431.16273972
1040 -440.20049315 -448.92695890 -431.47402739
1041 -440.51167123 -449.23802739 -431.78531506
1042 -440.82284931 -449.54909589 -432.09660273
1043 -441.13402739 -449.86016438 -432.40789041
1044 -441.44520547 -450.17123287 -432.71917808
1045 -441.75638356 -450.48230136 -433.03046575
1046 -442.06756164 -450.79336986 -433.34175342
1047 -442.37873972 -451.10443835 -433.65304109
1048 -442.68991780 -451.41550684 -433.96432876
1049 -443.00109589 -451.72657534 -434.27561643
1050 -443.31227397 -452.03764383 -434.58690410
1051 -443.62345205 -452.34871232 -434.89819178
1052 -443.93463013 -452.65978082 -435.20947945
1053 -444.24580821 -452.97084931 -435.52076712
1054 -444.55698630 -453.28191780 -435.83205479
1055 -444.86816438 -453.59298630 -436.14334246
1056 -445.17934246 -453.90405479 -436.45463013
1057 -445.49052054 -454.21512328 -436.76591780
1058 -445.80169863 -454.52619178 -437.07720547
1059 -446.11287671 -454.83726027 -437.38849315
1060 -446.42405479 -455.14832876 -437.69978082
1061 -446.73523287 -455.45939726 -438.01106849
1062 -447.04641095 -455.77046575 -438.32235616
1063 -447.35758904 -456.08153424 -438.63364383
1064 -447.66876712 -456.39260273 -438.94493150
1065 -447.97994520 -456.70367123 -439.25621917
1066 -448.29112328 -457.01473972 -439.56750684
1067 -448.60230136 -457.32580821 -439.87879452
1068 -448.91347945 -457.63687671 -440.19008219
1069 -449.22465753 -457.94794520 -440.50136986
1070 -449.53583561 -458.25901369 -440.81265753
1071 -449.84701369 -458.57008219 -441.12394520
1072 -450.15819178 -458.88115068 -441.43523287
1073 -450.46936986 -459.19221917 -441.74652054
1074 -450.78054794 -459.50328767 -442.05780821
1075 -451.09172602 -459.81435616 -442.36909589
1076 -451.40290410 -460.12542465 -442.68038356
1077 -451.71408219 -460.43649315 -442.99167123
1078 -452.02526027 -460.74756164 -443.30295890
1079 -452.33643835 -461.05863013 -443.61424657
1080 -452.64761643 -461.36969863 -443.92553424
1081 -452.95879452 -461.68076712 -444.23682191
1082 -453.26997260 -461.99183561 -444.54810958
1083 -453.58115068 -462.30290410 -444.85939726
1084 -453.89232876 -462.61397260 -445.17068493
1085 -454.20350684 -462.92504109 -445.48197260
1086 -454.51468493 -463.23610958 -445.79326027
1087 -454.82586301 -463.54717808 -446.10454794
1088 -455.13704109 -463.85824657 -446.41583561
1089 -455.44821917 -464.16931506 -446.72712328
1090 -455.75939726 -464.48038356 -447.03841095
1091 -456.07057534 -464.79145205 -447.34969863
1092 -456.38175342 -465.10252054 -447.66098630
1093 -456.69293150 -465.41358904 -447.97227397
1094 -457.00410958 -465.72465753 -448.28356164
1095 -457.31528767 -466.03572602 -448.59484931
1096 -457.62646575 -466.34679452 -448.90613698
1097 -457.93764383 -466.65786301 -449.21742465
1098 -458.24882191 -466.96893150 -449.52871232
1099 -458.56000000 -467.28000000 -449.84000000
1100 -458.85769346 -467.59361035 -450.12177656
1101 -459.15538692 -467.90722070 -450.40355313
1102 -459.45308038 -468.22083106 -450.68532970
1103 -459.75077384 -468.53444141 -450.96710626
1104 -460.04846730 -468.84805177 -451.24888283
1105 -460.34616076 -469.16166212 -451.53065940
1106 -460.64385422 -469.47527247 -451.81243596
1107 -460.94154768 -469.78888283 -452.09421253
1108 -461.23924114 -470.10249318 -452.37598910
1109 -461.53693460 -470.41610354 -452.65776566
1110 -461.83462806 -470.72971389 -452.93954223
1111 -462.13232152 -471.04332425 -453.22131880
1112 -462.43001498 -471.35693460 -453.50309536
1113 -462.72770844 -471.67054495 -453.78487193
1114 -463.02540190 -471.98415531 -454.06664850
1115 -463.32309536 -472.29776566 -454.34842506
1116 -463.62078882 -472.61137602 -454.63020163
1117 -463.91848228 -472.92498637 -454.91197820
1118 -464.21617574 -473.23859673 -455.19375476
1119 -464.51386920 -473.55220708 -455.47553133
1120 -464.81156267 -473.86581743 -455.75730790
1121 -465.10925613 -474.17942779 -456.03908446
1122 -465.40694959 -474.49303814 -456.32086103
1123 -465.70464305 -474.80664850 -456.60263760
1124 -466.00233651 -475.12025885 -456.88441416
1125 -466.30002997 -475.43386920 -457.16619073
1126 -466.59772343 -475.74747956 -457.44796730
1127 -466.89541689 -476.06108991 -457.72974386
1128 -467.19311035 -476.37470027 -458.01152043
1129 -467.49080381 -476.68831062 -458.29329700
1130 -467.78849727 -477.00192098 -458.57507356
1131 -468.08619073 -477.31553133 -458.85685013
1132 -468.38388419 -477.62914168 -459.13862670
1133 -468.68157765 -477.94275204 -459.42040326
1134 -468.97927111 -478.25636239 -459.70217983
1135 -469.27696457 -478.56997275 -459.98395640
1136 -469.57465803 -478.88358310 -460.26573297
1137 -469.87235149 -479.19719346 -460.54750953
1138 -470.17004495 -479.51080381 -460.82928610
1139 -470.46773841 -479.82441416 -461.11106267
1140 -470.76543188 -480.13802452 -461.39283923
1141 -471.06312534 -480.45163487 -461.67461580
1142 -471.36081880 -480.76524523 -461.95639237
1143 -471.65851226 -481.07885558 -462.23816893
1144 -471.95620572 -481.39246594 -462.51994550
1145 -472.25389918 -481.70607629 -462.80172207
1146 -472.55159264 -482.01968664 -463.08349863
1147 -472.84928610 -482.33329700 -463.36527520
1148 -473.14697956 -482.64690735 -463.64705177
1149 -473.44467302 -482.96051771 -463.92882833
1150 -473.74236648 -483.27412806 -464.21060490
1151 -474.04005994 -483.58773841 -464.49238147
1152 -474.33775340 -483.90134877 -464.77415803
1153 -474.63544686 -484.21495912 -465.05593460
1154 -474.93314032 -484.52856948 -465.33771117
1155 -475.23083378 -484.84217983 -465.61948773
1156 -475.52852724 -485.15579019 -465.90126430
1157 -475.82622070 -485.46940054 -466.18304087
1158 -476.12391416 -485.78301089 -466.46481743
1159 -476.42160762 -486.09662125 -466.74659400
1160 -476.71930108 -486.41023160 -467.02837057
1161 -477.01699455 -486.72384196 -467.31014713
1162 -477.31468801 -487.03745231 -467.59192370
1163 -477.61238147 -487.35106267 -467.87370027
1164 -477.91007493 -487.66467302 -468.15547683
1165 -478.20776839 -487.97828337 -468.43725340
1166 -478.50546185 -488.29189373 -468.71902997
1167 -478.80315531 -488.60550408 -469.00080653
1168 -479.10084877 -488.91911444 -469.28258310
1169 -479.39854223 -489.23272479 -469.56435967
1170 -479.69623569 -489.54633514 -469.84613623
1171 -479.99392915 -489.85994550 -470.12791280
1172 -480.29162261 -490.17355585 -470.40968937
1173 -480.58931607 -490.48716621 -470.69146594
1174 -480.88700953 -490.80077656 -470.97324250
1175 -481.18470299 -491.11438692 -471.25501907
1176 -481.48239645 -491.42799727 -471.53679564
1177 -481.78008991 -491.74160762 -471.81857220
1178 -482.07778337 -492.05521798 -472.10034877
1179 -482.37547683 -492.36882833 -472.38212534
1180 -482.67317029 -492.68243869 -472.66390190
1181 -482.97086376 -492.99604904 -472.94567847
1182 -483.26855722 -493.30965940 -473.22745504
1183 -483.56625068 -493.62326975 -473.50923160
1184 -483.86394414 -493.93688010 -473.79100817
1185 -484.16163760 -494.25049046 -474.07278474
1186 -484.45933106 -494.56410081 -474.35456130
1187 -484.75702452 -494.87771117 -474.63633787
1188 -485.05471798 -495.19132152 -474.91811444
1189 -485.35241144 -495.50493188 -475.19989100
1190 -485.65010490 -495.81854223 -475.48166757
1191 -485.94779836 -496.13215258 -475.76344414
1192 -486.24549182 -496.44576294 -476.04522070
1193 -486.54318528 -496.75937329 -476.32699727
1194 -486.84087874 -497.07298365 -476.60877384
1195 -487.13857220 -497.38659400 -476.89055040
1196 -487.43626566 -497.70020435 -477.17232697
1197 -487.73395912 -498.01381471 -477.45410354
1198 -488.03165258 -498.32742506 -477.73588010
1199 -488.32934604 -498.64103542 -478.01765667
1200 -488.62703950 -498.95464577 -478.29943324
1201 -488.92473297 -499.26825613 -478.58120980
1202 -489.22242643 -499.58186648 -478.86298637
1203 -489.52011989 -499.89547683 -479.14476294
1204 -489.81781335 -500.20908719 -479.42653950
1205 -490.11550681 -500.52269754 -479.70831607
1206 -490.41320027 -500.83630790 -479.99009264
1207 -490.71089373 -501.14991825 -480.27186920
1208 -491.00858719 -501.46352861 -480.55364577
1209 -491.30628065 -501.77713896 -480.83542234
1210 -491.60397411 -502.09074931 -481.11719891
1211 -491.90166757 -502.40435967 -481.39897547
1212 -492.19936103 -502.71797002 -481.68075204
1213 -492.49705449 -503.03158038 -481.96252861
1214 -492.79474795 -503.34519073 -482.24430517
1215 -493.09244141 -503.65880108 -482.52608174
1216 -493.39013487 -503.97241144 -482.80785831
1217 -493.68782833 -504.28602179 -483.08963487
1218 -493.98552179 -504.59963215 -483.37141144
1219 -494.28321525 -504.91324250 -483.65318801
1220 -494.58090871 -505.22685286 -483.93496457
1221 -494.87860217 -505.54046321 -484.21674114
1222 -495.17629564 -505.85407356 -484.49851771
1223 -495.47398910 -506.16768392 -484.78029427
1224 -495.77168256 -506.48129427 -485.06207084
1225 -496.06937602 -506.79490463 -485.34384741
1226 -496.36706948 -507.10851498 -485.62562397
1227 -496.66476294 -507.42212534 -485.90740054
1228 -496.96245640 -507.73573569 -486.18917711
1229 -497.26014986 -508.04934604 -486.47095367
1230 -497.55784332 -508.36295640 -486.75273024
1231 -497.85553678 -508.67656675 -487.03450681
1232 -498.15323024 -508.99017711 -487.31628337
1233 -498.45092370 -509.30378746 -487.59805994
1234 -498.74861716 -509.61739782 -487.87983651
1235 -499.04631062 -509.93100817 -488.16161307
1236 -499.34400408 -510.24461852 -488.44338964
1237 -499.64169754 -510.55822888 -488.72516621
1238 -499.93939100 -510.87183923 -489.00694277
1239 -500.23708446 -511.18544959 -489.28871934
1240 -500.53477792 -511.49905994 -489.57049591
1241 -500.83247138 -511.81267029 -489.85227247
1242 -501.13016485 -512.12628065 -490.13404904
1243 -501.42785831 -512.43989100 -490.41582561
1244 -501.72555177 -512.75350136 -490.69760217
1245 -502.02324523 -513.06711171 -490.97937874
1246 -502.32093869 -513.38072207 -491.26115531
1247 -502.61863215 -513.69433242 -491.54293188
1248 -502.91632561 -514.00794277 -491.82470844
1249 -503.21401907 -514.32155313 -492.10648501
1250 -503.51171253 -514.63516348 -492.38826158
1251 -503.80940599 -514.94877384 -492.67003814
1252 -504.10709945 -515.26238419 -492.95181471
1253 -504.40479291 -515.57599455 -493.23359128
1254 -504.70248637 -515.88960490 -493.51536784
1255 -505.00017983 -516.20321525 -493.79714441
1256 -505.29787329 -516.51682561 -494.07892098
1257 -505.59556675 -516.83043596 -494.36069754
1258 -505.89326021 -517.14404632 -494.64247411
1259 -506.19095367 -517.45765667 -494.92425068
1260 -506.48864713 -517.77126703 -495.20602724
1261 -506.78634059 -518.08487738 -495.48780381
1262 -507.08403405 -518.39848773 -495.76958038
1263 -507.38172752 -518.71209809 -496.05135694
1264 -507.67942098 -519.02570844 -496.33313351
1265 -507.97711444 -519.33931880 -496.61491008
1266 -508.27480790 -519.65292915 -496.89668664
1267 -508.57250136 -519.96653950 -497.17846321
1268 -508.87019482 -520.28014986 -497.46023978
1269 -509.16788828 -520.59376021 -497.74201634
1270 -509.46558174 -520.90737057 -498.02379291
1271 -509.76327520 -521.22098092 -498.30556948
1272 -510.06096866 -521.53459128 -498.58734604
1273 -510.35866212 -521.84820163 -498.86912261
1274 -510.65635558 -522.16181198 -499.15089918
1275 -510.95404904 -522.47542234 -499.43267574
1276 -511.25174250 -522.78903269 -499.71445231
1277 -511.54943596 -523.10264305 -499.99622888
1278 -511.84712942 -523.41625340 -500.27800544
1279 -512.14482288 -523.72986376 -500.55978201
1280 -512.44251634 -524.04347411 -500.84155858
1281 -512.74020980 -524.35708446 -501.12333514
1282 -513.03790326 -524.67069482 -501.40511171
1283 -513.33559673 -524.98430517 -501.68688828
1284 -513.63329019 -525.29791553 -501.96866485
1285 -513.93098365 -525.61152588 -502.25044141
1286 -514.22867711 -525.92513623 -502.53221798
1287 -514.52637057 -526.23874659 -502.81399455
1288 -514.82406403 -526.55235694 -503.09577111
1289 -515.12175749 -526.86596730 -503.37754768
1290 -515.41945095 -527.17957765 -503.65932425
1291 -515.71714441 -527.49318801 -503.94110081
1292 -516.01483787 -527.80679836 -504.22287738
1293 -516.31253133 -528.12040871 -504.50465395
1294 -516.61022479 -528.43401907 -504.78643051
1295 -516.90791825 -528.74762942 -505.06820708
1296 -517.20561171 -529.06123978 -505.34998365
1297 -517.50330517 -529.37485013 -505.63176021
1298 -517.80099863 -529.68846049 -505.91353678
1299 -518.09869209 -530.00207084 -506.19531335
1300 -518.39638555 -530.31568119 -506.47708991
1301 -518.69407901 -530.62929155 -506.75886648
1302 -518.99177247 -530.94290190 -507.04064305
1303 -519.28946594 -531.25651226 -507.32241961
1304 -519.58715940 -531.57012261 -507.60419618
1305 -519.88485286 -531.88373297 -507.88597275
1306 -520.18254632 -532.19734332 -508.16774931
1307 -520.48023978 -532.51095367 -508.44952588
1308 -520.77793324 -532.82456403 -508.73130245
1309 -521.07562670 -533.13817438 -509.01307901
1310 -521.37332016 -533.45178474 -509.29485558
1311 -521.67101362 -533.76539509 -509.57663215
1312 -521.96870708 -534.07900544 -509.85840871
1313 -522.26640054 -534.39261580 -510.14018528
1314 -522.56409400 -534.70622615 -510.42196185
1315 -522.86178746 -535.01983651 -510.70373841
1316 -523.15948092 -535.33344686 -510.98551498
1317 -523.45717438 -535.64705722 -511.26729155
1318 -523.75486784 -535.96066757 -511.54906811
1319 -524.05256130 -536.27427792 -511.83084468
1320 -524.35025476 -536.58788828 -512.11262125
1321 -524.64794822 -536.90149863 -512.39439782
1322 -524.94564168 -537.21510899 -512.67617438
1323 -525.24333514 -537.52871934 -512.95795095
1324 -525.54102861 -537.84232970 -513.23972752
1325 -525.83872207 -538.15594005 -513.52150408
1326 -526.13641553 -538.46955040 -513.80328065
1327 -526.43410899 -538.78316076 -514.08505722
1328 -526.73180245 -539.09677111 -514.36683378
1329 -527.02949591 -539.41038147 -514.64861035
1330 -527.32718937 -539.72399182 -514.93038692
1331 -527.62488283 -540.03760217 -515.21216348
1332 -527.92257629 -540.35121253 -515.49394005
1333 -528.22026975 -540.66482288 -515.77571662
1334 -528.51796321 -540.97843324 -516.05749318
1335 -528.81565667 -541.29204359 -516.33926975
1336 -529.11335013 -541.60565395 -516.62104632
1337 -529.41104359 -541.91926430 -516.90282288
1338 -529.70873705 -542.23287465 -517.18459945
1339 -530.00643051 -542.54648501 -517.46637602
1340 -530.30412397 -542.86009536 -517.74815258
1341 -530.60181743 -543.17370572 -518.02992915
1342 -530.89951089 -543.48731607 -518.31170572
1343 -531.19720435 -543.80092643 -518.59348228
1344 -531.49489782 -544.11453678 -518.87525885
1345 -531.79259128 -544.42814713 -519.15703542
1346 -532.09028474 -544.74175749 -519.43881198
1347 -532.38797820 -545.05536784 -519.72058855
1348 -532.68567166 -545.36897820 -520.00236512
1349 -532.98336512 -545.68258855 -520.28414168
1350 -533.28105858 -545.99619891 -520.56591825
1351 -533.57875204 -546.30980926 -520.84769482
1352 -533.87644550 -546.62341961 -521.12947138
1353 -534.17413896 -546.93702997 -521.41124795
1354 -534.47183242 -547.25064032 -521.69302452
1355 -534.76952588 -547.56425068 -521.97480108
1356 -535.06721934 -547.87786103 -522.25657765
1357 -535.36491280 -548.19147138 -522.53835422
1358 -535.66260626 -548.50508174 -522.82013079
1359 -535.96029972 -548.81869209 -523.10190735
1360 -536.25799318 -549.13230245 -523.38368392
1361 -536.55568664 -549.44591280 -523.66546049
1362 -536.85338010 -549.75952316 -523.94723705
1363 -537.15107356 -550.07313351 -524.22901362
1364 -537.44876703 -550.38674386 -524.51079019
1365 -537.74646049 -550.70035422 -524.79256675
1366 -538.04415395 -551.01396457 -525.07434332
1367 -538.34184741 -551.32757493 -525.35611989
1368 -538.63954087 -551.64118528 -525.63789645
1369 -538.93723433 -551.95479564 -525.91967302
1370 -539.23492779 -552.26840599 -526.20144959
1371 -539.53262125 -552.58201634 -526.48322615
1372 -539.83031471 -552.89562670 -526.76500272
1373 -540.12800817 -553.20923705 -527.04677929
1374 -540.42570163 -553.52284741 -527.32855585
1375 -540.72339509 -553.83645776 -527.61033242
1376 -541.02108855 -554.15006811 -527.89210899
1377 -541.31878201 -554.46367847 -528.17388555
1378 -541.61647547 -554.77728882 -528.45566212
1379 -541.91416893 -555.09089918 -528.73743869
1380 -542.21186239 -555.40450953 -529.01921525
1381 -542.50955585 -555.71811989 -529.30099182
1382 -542.80724931 -556.03173024 -529.58276839
1383 -543.10494277 -556.34534059 -529.86454495
1384 -543.40263623 -556.65895095 -530.14632152
1385 -543.70032970 -556.97256130 -530.42809809
1386 -543.99802316 -557.28617166 -530.70987465
1387 -544.29571662 -557.59978201 -530.99165122
1388 -544.59341008 -557.91339237 -531.27342779
1389 -544.89110354 -558.22700272 -531.55520435
1390 -545.18879700 -558.54061307 -531.83698092
1391 -545.48649046 -558.85422343 -532.11875749
1392 -545.78418392 -559.16783378 -532.40053405
1393 -546.08187738 -559.48144414 -532.68231062
1394 -546.37957084 -559.79505449 -532.96408719
1395 -546.67726430 -560.10866485 -533.24586376
1396 -546.97495776 -560.42227520 -533.52764032
1397 -547.27265122 -560.73588555 -533.80941689
1398 -547.57034468 -561.04949591 -534.09119346
1399 -547.86803814 -561.36310626 -534.37297002
1400 -548.16573160 -561.67671662 -534.65474659
1401 -548.46342506 -561.99032697 -534.93652316
1402 -548.76111852 -562.30393732 -535.21829972
1403 -549.05881198 -562.61754768 -535.50007629
1404 -549.35650544 -562.93115803 -535.78185286
1405 -549.65419891 -563.24476839 -536.06362942
1406 -549.95189237 -563.55837874 -536.34540599
1407 -550.24958583 -563.87198910 -536.62718256
1408 -550.54727929 -564.18559945 -536.90895912
1409 -550.84497275 -564.49920980 -537.19073569
1410 -551.14266621 -564.81282016 -537.47251226
1411 -551.44035967 -565.12643051 -537.75428882
1412 -551.73805313 -565.44004087 -538.03606539
1413 -552.03574659 -565.75365122 -538.31784196
1414 -552.33344005 -566.06726158 -538.59961852
1415 -552.63113351 -566.38087193 -538.88139509
1416 -552.92882697 -566.69448228 -539.16317166
1417 -553.22652043 -567.00809264 -539.44494822
1418 -553.52421389 -567.32170299 -539.72672479
1419 -553.82190735 -567.63531335 -540.00850136
1420 -554.11960081 -567.94892370 -540.29027792
1421 -554.41729427 -568.26253405 -540.57205449
1422 -554.71498773 -568.57614441 -540.85383106
1423 -555.01268119 -568.88975476 -541.13560762
1424 -555.31037465 -569.20336512 -541.41738419
1425 -555.60806811 -569.51697547 -541.69916076
1426 -555.90576158 -569.83058583 -541.98093732
1427 -556.20345504 -570.14419618 -542.26271389
1428 -556.50114850 -570.45780653 -542.54449046
1429 -556.79884196 -570.77141689 -542.82626703
1430 -557.09653542 -571.08502724 -543.10804359
1431 -557.39422888 -571.39863760 -543.38982016
1432 -557.69192234 -571.71224795 -543.67159673
1433 -557.98961580 -572.02585831 -543.95337329
1434 -558.28730926 -572.33946866 -544.23514986
1435 -558.58500272 -572.65307901 -544.51692643
1436 -558.88269618 -572.96668937 -544.79870299
1437 -559.18038964 -573.28029972 -545.08047956
1438 -559.47808310 -573.59391008 -545.36225613
1439 -559.77577656 -573.90752043 -545.64403269
1440 -560.07347002 -574.22113079 -545.92580926
1441 -560.37116348 -574.53474114 -546.20758583
1442 -560.66885694 -574.84835149 -546.48936239
1443 -560.96655040 -575.16196185 -546.77113896
1444 -561.26424386 -575.47557220 -547.05291553
1445 -561.56193732 -575.78918256 -547.33469209
1446 -561.85963079 -576.10279291 -547.61646866
1447 -562.15732425 -576.41640326 -547.89824523
1448 -562.45501771 -576.73001362 -548.18002179
1449 -562.75271117 -577.04362397 -548.46179836
1450 -563.05040463 -577.35723433 -548.74357493
1451 -563.34809809 -577.67084468 -549.02535149
1452 -563.64579155 -577.98445504 -549.30712806
1453 -563.94348501 -578.29806539 -549.58890463
1454 -564.24117847 -578.61167574 -549.87068119
1455 -564.53887193 -578.92528610 -550.15245776
1456 -564.83656539 -579.23889645 -550.43423433
1457 -565.13425885 -579.55250681 -550.71601089
1458 -565.43195231 -579.86611716 -550.99778746
1459 -565.72964577 -580.17972752 -551.27956403
1460 -566.02733923 -580.49333787 -551.56134059
1461 -566.32503269 -580.80694822 -551.84311716
1462 -566.62272615 -581.12055858 -552.12489373
1463 -566.92041961 -581.43416893 -552.40667029
1464 -567.21811307 -581.74777929 -552.68844686
1465 -567.51580653 -582.06138964 -552.97022343
1466 -567.81350000 -582.37500000 -553.25200000
1467 -568.11653434 -582.68280769 -553.55026098
1468 -568.41956868 -582.99061538 -553.84852197
1469 -568.72260302 -583.29842307 -554.14678296
1470 -569.02563736 -583.60623076 -554.44504395
1471 -569.32867170 -583.91403846 -554.74330494
1472 -569.63170604 -584.22184615 -555.04156593
1473 -569.93474038 -584.52965384 -555.33982692
1474 -570.23777472 -584.83746153 -555.63808791
1475 -570.54080906 -585.14526923 -555.93634890
1476 -570.84384340 -585.45307692 -556.23460989
1477 -571.14687774 -585.76088461 -556.53287087
1478 -571.44991208 -586.06869230 -556.83113186
1479 -571.75294642 -586.37650000 -557.12939285
1480 -572.05598076 -586.68430769 -557.42765384
1481 -572.35901510 -586.99211538 -557.72591483
1482 -572.66204945 -587.29992307 -558.02417582
1483 -572.96508379 -587.60773076 -558.32243681
1484 -573.26811813 -587.91553846 -558.62069780
1485 -573.57115247 -588.22334615 -558.91895879
1486 -573.87418681 -588.53115384 -559.21721978
1487 -574.17722115 -588.83896153 -559.51548076
1488 -574.48025549 -589.14676923 -559.81374175
1489 -574.78328983 -589.45457692 -560.11200274
1490 -575.08632417 -589.76238461 -560.41026373
1491 -575.38935851 -590.07019230 -560.70852472
1492 -575.69239285 -590.37800000 -561.00678571
1493 -575.99542719 -590.68580769 -561.30504670
1494 -576.29846153 -590.99361538 -561.60330769
1495 -576.60149587 -591.30142307 -561.90156868
1496 -576.90453021 -591.60923076 -562.19982967
1497 -577.20756456 -591.91703846 -562.49809065
1498 -577.51059890 -592.22484615 -562.79635164
1499 -577.81363324 -592.53265384 -563.09461263
1500 -578.11666758 -592.84046153 -563.39287362
1501 -578.41970192 -593.14826923 -563.69113461
1502 -578.72273626 -593.45607692 -563.98939560
1503 -579.02577060 -593.76388461 -564.28765659
1504 -579.32880494 -594.07169230 -564.58591758
1505 -579.63183928 -594.37950000 -564.88417857
1506 -579.93487362 -594.68730769 -565.18243956
1507 -580.23790796 -594.99511538 -565.48070054
1508 -580.54094230 -595.30292307 -565.77896153
1509 -580.84397664 -595.61073076 -566.07722252
1510 -581.14701098 -595.91853846 -566.37548351
1511 -581.45004532 -596.22634615 -566.67374450
1512 -581.75307967 -596.53415384 -566.97200549
1513 -582.05611401 -596.84196153 -567.27026648
1514 -582.35914835 -597.14976923 -567.56852747
1515 -582.66218269 -597.45757692 -567.86678846
1516 -582.96521703 -597.76538461 -568.16504945
1517 -583.26825137 -598.07319230 -568.46331043
1518 -583.57128571 -598.38100000 -568.76157142
1519 -583.87432005 -598.68880769 -569.05983241
1520 -584.17735439 -598.99661538 -569.35809340
1521 -584.48038873 -599.30442307 -569.65635439
1522 -584.78342307 -599.61223076 -569.95461538
1523 -585.08645741 -599.92003846 -570.25287637
1524 -585.38949175 -600.22784615 -570.55113736
1525 -585.69252609 -600.53565384 -570.84939835
1526 -585.99556043 -600.84346153 -571.14765934
1527 -586.29859478 -601.15126923 -571.44592032
1528 -586.60162912 -601.45907692 -571.74418131
1529 -586.90466346 -601.76688461 -572.04244230
1530 -587.20769780 -602.07469230 -572.34070329
1531 -587.51073214 -602.38250000 -572.63896428
1532 -587.81376648 -602.69030769 -572.93722527
1533 -588.11680082 -602.99811538 -573.23548626
1534 -588.41983516 -603.30592307 -573.53374725
1535 -588.72286950 -603.61373076 -573.83200824
1536 -589.02590384 -603.92153846 -574.13026923
1537 -589.32893818 -604.22934615 -574.42853021
1538 -589.63197252 -604.53715384 -574.72679120
1539 -589.93500686 -604.84496153 -575.02505219
1540 -590.23804120 -605.15276923 -575.32331318
1541 -590.54107554 -605.46057692 -575.62157417
1542 -590.84410989 -605.76838461 -575.91983516
1543 -591.14714423 -606.07619230 -576.21809615
1544 -591.45017857 -606.38400000 -576.51635714
1545 -591.75321291 -606.69180769 -576.81461813
1546 -592.05624725 -606.99961538 -577.11287912
1547 -592.35928159 -607.30742307 -577.41114010
1548 -592.66231593 -607.61523076 -577.70940109
1549 -592.96535027 -607.92303846 -578.00766208
1550 -593.26838461 -608.23084615 -578.30592307
1551 -593.57141895 -608.53865384 -578.60418406
1552 -593.87445329 -608.84646153 -578.90244505
1553 -594.17748763 -609.15426923 -579.20070604
1554 -594.48052197 -609.46207692 -579.49896703
1555 -594.78355631 -609.76988461 -579.79722802
1556 -595.08659065 -610.07769230 -580.09548901
1557 -595.38962500 -610.38550000 -580.39375000
1558 -595.69265934 -610.69330769 -580.69201098
1559 -595.99569368 -611.00111538 -580.99027197
1560 -596.29872802 -611.30892307 -581.28853296
1561 -596.60176236 -611.61673076 -581.58679395
1562 -596.90479670 -611.92453846 -581.88505494
1563 -597.20783104 -612.23234615 -582.18331593
1564 -597.51086538 -612.54015384 -582.48157692
1565 -597.81389972 -612.84796153 -582.77983791
1566 -598.11693406 -613.15576923 -583.07809890
1567 -598.41996840 -613.46357692 -583.37635989
1568 -598.72300274 -613.77138461 -583.67462087
1569 -599.02603708 -614.07919230 -583.97288186
1570 -599.32907142 -614.38700000 -584.27114285
1571 -599.63210576 -614.69480769 -584.56940384
1572 -599.93514010 -615.00261538 -584.86766483
1573 -600.23817445 -615.31042307 -585.16592582
1574 -600.54120879 -615.61823076 -585.46418681
1575 -600.84424313 -615.92603846 -585.76244780
1576 -601.14727747 -616.23384615 -586.06070879
1577 -601.45031181 -616.54165384 -586.35896978
1578 -601.75334615 -616.84946153 -586.65723076
1579 -602.05638049 -617.15726923 -586.95549175
1580 -602.35941483 -617.46507692 -587.25375274
1581 -602.66244917 -617.77288461 -587.55201373
1582 -602.96548351 -618.08069230 -587.85027472
1583 -603.26851785 -618.38850000 -588.14853571
1584 -603.57155219 -618.69630769 -588.44679670
1585 -603.87458653 -619.00411538 -588.74505769
1586 -604.17762087 -619.31192307 -589.04331868
1587 -604.48065521 -619.61973076 -589.34157967
1588 -604.78368956 -619.92753846 -589.63984065
1589 -605.08672390 -620.23534615 -589.93810164
1590 -605.38975824 -620.54315384 -590.23636263
1591 -605.69279258 -620.85096153 -590.53462362
1592 -605.99582692 -621.15876923 -590.83288461
1593 -606.29886126 -621.46657692 -591.13114560
1594 -606.60189560 -621.77438461 -591.42940659
1595 -606.90492994 -622.08219230 -591.72766758
1596 -607.20796428 -622.39000000 -592.02592857
1597 -607.51099862 -622.69780769 -592.32418956
1598 -607.81403296 -623.00561538 -592.62245054
1599 -608.11706730 -623.31342307 -592.92071153
1600 -608.42010164 -623.62123076 -593.21897252
1601 -608.72313598 -623.92903846 -593.51723351
1602 -609.02617032 -624.23684615 -593.81549450
1603 -609.32920467 -624.54465384 -594.11375549
1604 -609.63223901 -624.85246153 -594.41201648
1605 -609.93527335 -625.16026923 -594.71027747
1606 -610.23830769 -625.46807692 -595.00853846
1607 -610.54134203 -625.77588461 -595.30679945
1608 -610.84437637 -626.08369230 -595.60506043
1609 -611.14741071 -626.39150000 -595.90332142
1610 -611.45044505 -626.69930769 -596.20158241
1611 -611.75347939 -627.00711538 -596.49984340
1612 -612.05651373 -627.31492307 -596.79810439
1613 -612.35954807 -627.62273076 -597.09636538
1614 -612.66258241 -627.93053846 -597.39462637
1615 -612.96561675 -628.23834615 -597.69288736
1616 -613.26865109 -628.54615384 -597.99114835
1617 -613.57168543 -628.85396153 -598.28940934
1618 -613.87471978 -629.16176923 -598.58767032
1619 -614.17775412 -629.46957692 -598.88593131
1620 -614.48078846 -629.77738461 -599.18419230
1621 -614.78382280 -630.08519230 -599.48245329
1622 -615.08685714 -630.39300000 -599.78071428
1623 -615.38989148 -630.70080769 -600.07897527
1624 -615.69292582 -631.00861538 -600.37723626
1625 -615.99596016 -631.31642307 -600.67549725
1626 -616.29899450 -631.62423076 -600.97375824
1627 -616.60202884 -631.93203846 -601.27201923
1628 -616.90506318 -632.23984615 -601.57028021
1629 -617.20809752 -632.54765384 -601.86854120
1630 -617.51113186 -632.85546153 -602.16680219
1631 -617.81416620 -633.16326923 -602.46506318
1632 -618.11720054 -633.47107692 -602.76332417
1633 -618.42023489 -633.77888461 -603.06158516
1634 -618.72326923 -634.08669230 -603.35984615
1635 -619.02630357 -634.39450000 -603.65810714
1636 -619.32933791 -634.70230769 -603.95636813
1637 -619.63237225 -635.01011538 -604.25462912
1638 -619.93540659 -635.31792307 -604.55289010
1639 -620.23844093 -635.62573076 -604.85115109
1640 -620.54147527 -635.93353846 -605.14941208
1641 -620.84450961 -636.24134615 -605.44767307
1642 -621.14754395 -636.54915384 -605.74593406
1643 -621.45057829 -636.85696153 -606.04419505
1644 -621.75361263 -637.16476923 -606.34245604
1645 -622.05664697 -637.47257692 -606.64071703
1646 -622.35968131 -637.78038461 -606.93897802
1647 -622.66271565 -638.08819230 -607.23723901
1648 -622.96575000 -638.39600000 -607.53550000
1649 -623.26878434 -638.70380769 -607.83376098
1650 -623.57181868 -639.01161538 -608.13202197
1651 -623.87485302 -639.31942307 -608.43028296
1652 -624.17788736 -639.62723076 -608.72854395
1653 -624.48092170 -639.93503846 -609.02680494
1654 -624.78395604 -640.24284615 -609.32506593
1655 -625.08699038 -640.55065384 -609.62332692
1656 -625.39002472 -640.85846153 -609.92158791
1657 -625.69305906 -641.16626923 -610.21984890
1658 -625.99609340 -641.47407692 -610.51810989
1659 -626.29912774 -641.78188461 -610.81637087
1660 -626.60216208 -642.08969230 -611.11463186
1661 -626.90519642 -642.39750000 -611.41289285
1662 -627.20823076 -642.70530769 -611.71115384
1663 -627.51126510 -643.01311538 -612.00941483
1664 -627.81429945 -643.32092307 -612.30767582
1665 -628.11733379 -643.62873076 -612.60593681
1666 -628.42036813 -643.93653846 -612.90419780
1667 -628.72340247 -644.24434615 -613.20245879
1668 -629.02643681 -644.55215384 -613.50071978
1669 -629.32947115 -644.85996153 -613.79898076
1670 -629.63250549 -645.16776923 -614.09724175
1671 -629.93553983 -645.47557692 -614.39550274
1672 -630.23857417 -645.78338461 -614.69376373
1673 -630.54160851 -646.09119230 -614.99202472
1674 -630.84464285 -646.39900000 -615.29028571
1675 -631.14767719 -646.70680769 -615.58854670
1676 -631.45071153 -647.01461538 -615.88680769
1677 -631.75374587 -647.32242307 -616.18506868
1678 -632.05678021 -647.63023076 -616.48332967
1679 -632.35981456 -647.93803846 -616.78159065
1680 -632.66284890 -648.24584615 -617.07985164
1681 -632.96588324 -648.55365384 -617.37811263
1682 -633.26891758 -648.86146153 -617.67637362
1683 -633.57195192 -649.16926923 -617.97463461
1684 -633.87498626 -649.47707692 -618.27289560
1685 -634.17802060 -649.78488461 -618.57115659
1686 -634.48105494 -650.09269230 -618.86941758
1687 -634.78408928 -650.40050000 -619.16767857
1688 -635.08712362 -650.70830769 -619.46593956
1689 -635.39015796 -651.01611538 -619.76420054
1690 -635.69319230 -651.32392307 -620.06246153
1691 -635.99622664 -651.63173076 -620.36072252
1692 -636.29926098 -651.93953846 -620.65898351
1693 -636.60229532 -652.24734615 -620.95724450
1694 -636.90532967 -652.55515384 -621.25550549
1695 -637.20836401 -652.86296153 -621.55376648
1696 -637.51139835 -653.17076923 -621.85202747
1697 -637.81443269 -653.47857692 -622.15028846
1698 -638.11746703 -653.78638461 -622.44854945
1699 -638.42050137 -654.09419230 -622.74681043
1700 -638.72353571 -654.40200000 -623.04507142
1701 -639.02657005 -654.70980769 -623.34333241
1702 -639.32960439 -655.01761538 -623.64159340
1703 -639.63263873 -655.32542307 -623.93985439
1704 -639.93567307 -655.63323076 -624.23811538
1705 -640.23870741 -655.94103846 -624.53637637
1706 -640.54174175 -656.24884615 -624.83463736
1707 -640.84477609 -656.55665384 -625.13289835
1708 -641.14781043 -656.86446153 -625.43115934
1709 -641.45084478 -657.17226923 -625.72942032
1710 -641.75387912 -657.48007692 -626.02768131
1711 -642.05691346 -657.78788461 -626.32594230
1712 -642.35994780 -658.09569230 -626.62420329
1713 -642.66298214 -658.40350000 -626.92246428
1714 -642.96601648 -658.71130769 -627.22072527
1715 -643.26905082 -659.01911538 -627.51898626
1716 -643.57208516 -659.32692307 -627.81724725
1717 -643.87511950 -659.63473076 -628.11550824
1718 -644.17815384 -659.94253846 -628.41376923
1719 -644.48118818 -660.25034615 -628.71203021
1720 -644.78422252 -660.55815384 -629.01029120
1721 -645.08725686 -660.86596153 -629.30855219
1722 -645.39029120 -661.17376923 -629.60681318
1723 -645.69332554 -661.48157692 -629.90507417
1724 -645.99635989 -661.78938461 -630.20333516
1725 -646.29939423 -662.09719230 -630.50159615
1726 -646.60242857 -662.40500000 -630.79985714
1727 -646.90546291 -662.71280769 -631.09811813
1728 -647.20849725 -663.02061538 -631.39637912
1729 -647.51153159 -663.32842307 -631.69464010
1730 -647.81456593 -663.63623076 -631.99290109
1731 -648.11760027 -663.94403846 -632.29116208
1732 -648.42063461 -664.25184615 -632.58942307
1733 -648.72366895 -664.55965384 -632.88768406
1734 -649.02670329 -664.86746153 -633.18594505
1735 -649.32973763 -665.17526923 -633.48420604
1736 -649.63277197 -665.48307692 -633.78246703
1737 -649.93580631 -665.79088461 -634.08072802
1738 -650.23884065 -666.09869230 -634.37898901
1739 -650.54187500 -666.40650000 -634.67725000
1740 -650.84490934 -666.71430769 -634.97551098
1741 -651.14794368 -667.02211538 -635.27377197
1742 -651.45097802 -667.32992307 -635.57203296
1743 -651.75401236 -667.63773076 -635.87029395
1744 -652.05704670 -667.94553846 -636.16855494
1745 -652.36008104 -668.25334615 -636.46681593
1746 -652.66311538 -668.56115384 -636.76507692
1747 -652.96614972 -668.86896153 -637.06333791
1748 -653.26918406 -669.17676923 -637.36159890
1749 -653.57221840 -669.48457692 -637.65985989
1750 -653.87525274 -669.79238461 -637.95812087
1751 -654.17828708 -670.10019230 -638.25638186
1752 -654.48132142 -670.40800000 -638.55464285
1753 -654.78435576 -670.71580769 -638.85290384
1754 -655.08739010 -671.02361538 -639.15116483
1755 -655.39042445 -671.33142307 -639.44942582
1756 -655.69345879 -671.63923076 -639.74768681
1757 -655.99649313 -671.94703846 -640.04594780
1758 -656.29952747 -672.25484615 -640.34420879
1759 -656.60256181 -672.56265384 -640.64246978
1760 -656.90559615 -672.87046153 -640.94073076
1761 -657.20863049 -673.17826923 -641.23899175
1762 -657.51166483 -673.48607692 -641.53725274
1763 -657.81469917 -673.79388461 -641.83551373
1764 -658.11773351 -674.10169230 -642.13377472
1765 -658.42076785 -674.40950000 -642.43203571
1766 -658.72380219 -674.71730769 -642.73029670
1767 -659.02683653 -675.02511538 -643.02855769
1768 -659.32987087 -675.33292307 -643.32681868
1769 -659.63290521 -675.64073076 -643.62507967
1770 -659.93593956 -675.94853846 -643.92334065
1771 -660.23897390 -676.25634615 -644.22160164
1772 -660.54200824 -676.56415384 -644.51986263
1773 -660.84504258 -676.87196153 -644.81812362
1774 -661.14807692 -677.17976923 -645.11638461
1775 -661.45111126 -677.48757692 -645.41464560
1776 -661.75414560 -677.79538461 -645.71290659
1777 -662.05717994 -678.10319230 -646.01116758
1778 -662.36021428 -678.41100000 -646.30942857
1779 -662.66324862 -678.71880769 -646.60768956
1780 -662.96628296 -679.02661538 -646.90595054
1781 -663.26931730 -679.33442307 -647.20421153
1782 -663.57235164 -679.64223076 -647.50247252
1783 -663.87538598 -679.95003846 -647.80073351
1784 -664.17842032 -680.25784615 -648.09899450
1785 -664.48145467 -680.56565384 -648.39725549
1786 -664.78448901 -680.87346153 -648.69551648
1787 -665.08752335 -681.18126923 -648.99377747
1788 -665.39055769 -681.48907692 -649.29203846
1789 -665.69359203 -681.79688461 -649.59029945
1790 -665.99662637 -682.10469230 -649.88856043
1791 -666.29966071 -682.41250000 -650.18682142
1792 -666.60269505 -682.72030769 -650.48508241
1793 -666.90572939 -683.02811538 -650.78334340
1794 -667.20876373 -683.33592307 -651.08160439
1795 -667.51179807 -683.64373076 -651.37986538
1796 -667.81483241 -683.95153846 -651.67812637
1797 -668.11786675 -684.25934615 -651.97638736
1798 -668.42090109 -684.56715384 -652.27464835
1799 -668.72393543 -684.87496153 -652.57290934
1800 -669.02696978 -685.18276923 -652.87117032
1801 -669.33000412 -685.49057692 -653.16943131
1802 -669.63303846 -685.79838461 -653.46769230
1803 -669.93607280 -686.10619230 -653.76595329
1804 -670.23910714 -686.41400000 -654.06421428
1805 -670.54214148 -686.72180769 -654.36247527
1806 -670.84517582 -687.02961538 -654.66073626
1807 -671.14821016 -687.33742307 -654.95899725
1808 -671.45124450 -687.64523076 -655.25725824
1809 -671.75427884 -687.95303846 -655.55551923
1810 -672.05731318 -688.26084615 -655.85378021
1811 -672.36034752 -688.56865384 -656.15204120
1812 -672.66338186 -688.87646153 -656.45030219
1813 -672.96641620 -689.18426923 -656.74856318
1814 -673.26945054 -689.49207692 -657.04682417
1815 -673.57248489 -689.79988461 -657.34508516
1816 -673.87551923 -690.10769230 -657.64334615
1817 -674.17855357 -690.41550000 -657.94160714
1818 -674.48158791 -690.72330769 -658.23986813
1819 -674.78462225 -691.03111538 -658.53812912
1820 -675.08765659 -691.33892307 -658.83639010
1821 -675.39069093 -691.64673076 -659.13465109
1822 -675.69372527 -691.95453846 -659.43291208
1823 -675.99675961 -692.26234615 -659.73117307
1824 -676.29979395 -692.57015384 -660.02943406
1825 -676.60282829 -692.87796153 -660.32769505
1826 -676.90586263 -693.18576923 -660.62595604
1827 -677.20889697 -693.49357692 -660.92421703
1828 -677.51193131 -693.80138461 -661.22247802
1829 -677.81496565 -694.10919230 -661.52073901
1830 -678.11800000 -694.41700000 -661.81900000
