1 -0.16066667 -0.21366667 -0.10766667
2 -0.16066667 -0.21366667 -0.10766667
3 -0.16066667 -0.21366667 -0.10766667
4 0.00000000 0.00000000 0.00000000
5 -0.13850000 -0.15700000 -0.12000000
6 -0.27958333 -0.30250000 -0.25666666
7 -0.42066666 -0.44800000 -0.39333333
8 -0.56175000 -0.59350000 -0.53000000
9 -0.70283333 -0.73900000 -0.66666666
10 -0.84391666 -0.88450000 -0.80333333
11 -0.98500000 -1.03000000 -0.94000000
12 -1.12500000 -1.17142857 -1.07857142
13 -1.26500000 -1.31285714 -1.21714285
14 -1.40500000 -1.45428571 -1.35571428
15 -1.54500000 -1.59571428 -1.49428571
16 -1.68500000 -1.73714285 -1.63285714
17 -1.82500000 -1.87857142 -1.77142857
18 -1.96500000 -2.02000000 -1.91000000
19 -2.10857142 -2.16714285 -2.05000000
20 -2.25214285 -2.31428571 -2.19000000
21 -2.39571428 -2.46142857 -2.33000000
22 -2.53928571 -2.60857142 -2.47000000
23 -2.68285714 -2.75571428 -2.61000000
24 -2.82642857 -2.90285714 -2.75000000
25 -2.97000000 -3.05000000 -2.89000000
26 -3.10888888 -3.18888888 -3.02888888
27 -3.24777777 -3.32777777 -3.16777777
28 -3.38666666 -3.46666666 -3.30666666
29 -3.52555555 -3.60555555 -3.44555555
30 -3.66444444 -3.74444444 -3.58444444
31 -3.80333333 -3.88333333 -3.72333333
32 -3.94222222 -4.02222222 -3.86222222
33 -4.08111111 -4.16111111 -4.00111111
34 -4.22000000 -4.30000000 -4.14000000
35 -4.36439393 -4.44636363 -4.28242424
36 -4.50878787 -4.59272727 -4.42484848
37 -4.65318181 -4.73909090 -4.56727272
38 -4.79757575 -4.88545454 -4.70969696
39 -4.94196969 -5.03181818 -4.85212121
40 -5.08636363 -5.17818181 -4.99454545
41 -5.23075757 -5.32454545 -5.13696969
42 -5.37515151 -5.47090909 -5.27939393
43 -5.51954545 -5.61727272 -5.42181818
44 -5.66393939 -5.76363636 -5.56424242
45 -5.80833333 -5.91000000 -5.70666666
46 -5.95272727 -6.05636363 -5.84909090
47 -6.09712121 -6.20272727 -5.99151515
48 -6.24151515 -6.34909090 -6.13393939
49 -6.38590909 -6.49545454 -6.27636363
50 -6.53030303 -6.64181818 -6.41878787
51 -6.67469696 -6.78818181 -6.56121212
52 -6.81909090 -6.93454545 -6.70363636
53 -6.96348484 -7.08090909 -6.84606060
54 -7.10787878 -7.22727272 -6.98848484
55 -7.25227272 -7.37363636 -7.13090909
56 -7.39666666 -7.52000000 -7.27333333
57 -7.54106060 -7.66636363 -7.41575757
58 -7.68545454 -7.81272727 -7.55818181
59 -7.82984848 -7.95909090 -7.70060606
60 -7.97424242 -8.10545454 -7.84303030
61 -8.11863636 -8.25181818 -7.98545454
62 -8.26303030 -8.39818181 -8.12787878
63 -8.40742424 -8.54454545 -8.27030303
64 -8.55181818 -8.69090909 -8.41272727
65 -8.69621212 -8.83727272 -8.55515151
66 -8.84060606 -8.98363636 -8.69757575
67 -8.98500000 -9.13000000 -8.84000000
68 -9.14344827 -9.29034482 -8.99655172
69 -9.30189655 -9.45068965 -9.15310344
70 -9.46034482 -9.61103448 -9.30965517
71 -9.61879310 -9.77137931 -9.46620689
72 -9.77724137 -9.93172413 -9.62275862
73 -9.93568965 -10.09206896 -9.77931034
74 -10.09413793 -10.25241379 -9.93586206
75 -10.25258620 -10.41275862 -10.09241379
76 -10.41103448 -10.57310344 -10.24896551
77 -10.56948275 -10.73344827 -10.40551724
78 -10.72793103 -10.89379310 -10.56206896
79 -10.88637931 -11.05413793 -10.71862068
80 -11.04482758 -11.21448275 -10.87517241
81 -11.20327586 -11.37482758 -11.03172413
82 -11.36172413 -11.53517241 -11.18827586
83 -11.52017241 -11.69551724 -11.34482758
84 -11.67862068 -11.85586206 -11.50137931
85 -11.83706896 -12.01620689 -11.65793103
86 -11.99551724 -12.17655172 -11.81448275
87 -12.15396551 -12.33689655 -11.97103448
88 -12.31241379 -12.49724137 -12.12758620
89 -12.47086206 -12.65758620 -12.28413793
90 -12.62931034 -12.81793103 -12.44068965
91 -12.78775862 -12.97827586 -12.59724137
92 -12.94620689 -13.13862068 -12.75379310
93 -13.10465517 -13.29896551 -12.91034482
94 -13.26310344 -13.45931034 -13.06689655
95 -13.42155172 -13.61965517 -13.22344827
96 -13.58000000 -13.78000000 -13.38000000
97 -13.73916666 -13.94100000 -13.53733333
98 -13.89833333 -14.10200000 -13.69466666
99 -14.05750000 -14.26300000 -13.85200000
100 -14.21666666 -14.42400000 -14.00933333
101 -14.37583333 -14.58500000 -14.16666666
102 -14.53500000 -14.74600000 -14.32400000
103 -14.69416666 -14.90700000 -14.48133333
104 -14.85333333 -15.06800000 -14.63866666
105 -15.01250000 -15.22900000 -14.79600000
106 -15.17166666 -15.39000000 -14.95333333
107 -15.33083333 -15.55100000 -15.11066666
108 -15.49000000 -15.71200000 -15.26800000
109 -15.64916666 -15.87300000 -15.42533333
110 -15.80833333 -16.03400000 -15.58266666
111 -15.96750000 -16.19500000 -15.74000000
112 -16.12666666 -16.35600000 -15.89733333
113 -16.28583333 -16.51700000 -16.05466666
114 -16.44500000 -16.67800000 -16.21200000
115 -16.60416666 -16.83900000 -16.36933333
116 -16.76333333 -17.00000000 -16.52666666
117 -16.92250000 -17.16100000 -16.68400000
118 -17.08166666 -17.32200000 -16.84133333
119 -17.24083333 -17.48300000 -16.99866666
120 -17.40000000 -17.64400000 -17.15600000
121 -17.55916666 -17.80500000 -17.31333333
122 -17.71833333 -17.96600000 -17.47066666
123 -17.87750000 -18.12700000 -17.62800000
124 -18.03666666 -18.28800000 -17.78533333
125 -18.19583333 -18.44900000 -17.94266666
126 -18.35500000 -18.61000000 -18.10000000
127 -18.51500000 -18.77193548 -18.25806451
128 -18.67500000 -18.93387096 -18.41612903
129 -18.83500000 -19.09580645 -18.57419354
130 -18.99500000 -19.25774193 -18.73225806
131 -19.15500000 -19.41967741 -18.89032258
132 -19.31500000 -19.58161290 -19.04838709
133 -19.47500000 -19.74354838 -19.20645161
134 -19.63500000 -19.90548387 -19.36451612
135 -19.79500000 -20.06741935 -19.52258064
136 -19.95500000 -20.22935483 -19.68064516
137 -20.11500000 -20.39129032 -19.83870967
138 -20.27500000 -20.55322580 -19.99677419
139 -20.43500000 -20.71516129 -20.15483870
140 -20.59500000 -20.87709677 -20.31290322
141 -20.75500000 -21.03903225 -20.47096774
142 -20.91500000 -21.20096774 -20.62903225
143 -21.07500000 -21.36290322 -20.78709677
144 -21.23500000 -21.52483870 -20.94516129
145 -21.39500000 -21.68677419 -21.10322580
146 -21.55500000 -21.84870967 -21.26129032
147 -21.71500000 -22.01064516 -21.41935483
148 -21.87500000 -22.17258064 -21.57741935
149 -22.03500000 -22.33451612 -21.73548387
150 -22.19500000 -22.49645161 -21.89354838
151 -22.35500000 -22.65838709 -22.05161290
152 -22.51500000 -22.82032258 -22.20967741
153 -22.67500000 -22.98225806 -22.36774193
154 -22.83500000 -23.14419354 -22.52580645
155 -22.99500000 -23.30612903 -22.68387096
156 -23.15500000 -23.46806451 -22.84193548
157 -23.31500000 -23.63000000 -23.00000000
158 -23.47916666 -23.79766666 -23.16066666
159 -23.64333333 -23.96533333 -23.32133333
160 -23.80750000 -24.13300000 -23.48200000
161 -23.97166666 -24.30066666 -23.64266666
162 -24.13583333 -24.46833333 -23.80333333
163 -24.30000000 -24.63600000 -23.96400000
164 -24.46416666 -24.80366666 -24.12466666
165 -24.62833333 -24.97133333 -24.28533333
166 -24.79250000 -25.13900000 -24.44600000
167 -24.95666666 -25.30666666 -24.60666666
168 -25.12083333 -25.47433333 -24.76733333
169 -25.28500000 -25.64200000 -24.92800000
170 -25.44916666 -25.80966666 -25.08866666
171 -25.61333333 -25.97733333 -25.24933333
172 -25.77750000 -26.14500000 -25.41000000
173 -25.94166666 -26.31266666 -25.57066666
174 -26.10583333 -26.48033333 -25.73133333
175 -26.27000000 -26.64800000 -25.89200000
176 -26.43416666 -26.81566666 -26.05266666
177 -26.59833333 -26.98333333 -26.21333333
178 -26.76250000 -27.15100000 -26.37400000
179 -26.92666666 -27.31866666 -26.53466666
180 -27.09083333 -27.48633333 -26.69533333
181 -27.25500000 -27.65400000 -26.85600000
182 -27.41916666 -27.82166666 -27.01666666
183 -27.58333333 -27.98933333 -27.17733333
184 -27.74750000 -28.15700000 -27.33800000
185 -27.91166666 -28.32466666 -27.49866666
186 -28.07583333 -28.49233333 -27.65933333
187 -28.24000000 -28.66000000 -27.82000000
188 -28.39181818 -28.81727272 -27.96636363
189 -28.54363636 -28.97454545 -28.11272727
190 -28.69545454 -29.13181818 -28.25909090
191 -28.84727272 -29.28909090 -28.40545454
192 -28.99909090 -29.44636363 -28.55181818
193 -29.15090909 -29.60363636 -28.69818181
194 -29.30272727 -29.76090909 -28.84454545
195 -29.45454545 -29.91818181 -28.99090909
196 -29.60636363 -30.07545454 -29.13727272
197 -29.75818181 -30.23272727 -29.28363636
198 -29.91000000 -30.39000000 -29.43000000
199 -30.06181818 -30.54727272 -29.57636363
200 -30.21363636 -30.70454545 -29.72272727
201 -30.36545454 -30.86181818 -29.86909090
202 -30.51727272 -31.01909090 -30.01545454
203 -30.66909090 -31.17636363 -30.16181818
204 -30.82090909 -31.33363636 -30.30818181
205 -30.97272727 -31.49090909 -30.45454545
206 -31.12454545 -31.64818181 -30.60090909
207 -31.27636363 -31.80545454 -30.74727272
208 -31.42818181 -31.96272727 -30.89363636
209 -31.58000000 -32.12000000 -31.04000000
210 -31.73181818 -32.27727272 -31.18636363
211 -31.88363636 -32.43454545 -31.33272727
212 -32.03545454 -32.59181818 -31.47909090
213 -32.18727272 -32.74909090 -31.62545454
214 -32.33909090 -32.90636363 -31.77181818
215 -32.49090909 -33.06363636 -31.91818181
216 -32.64272727 -33.22090909 -32.06454545
217 -32.79454545 -33.37818181 -32.21090909
218 -32.94636363 -33.53545454 -32.35727272
219 -33.09818181 -33.69272727 -32.50363636
220 -33.25000000 -33.85000000 -32.65000000
221 -33.40413793 -34.00586206 -32.80241379
222 -33.55827586 -34.16172413 -32.95482758
223 -33.71241379 -34.31758620 -33.10724137
224 -33.86655172 -34.47344827 -33.25965517
225 -34.02068965 -34.62931034 -33.41206896
226 -34.17482758 -34.78517241 -33.56448275
227 -34.32896551 -34.94103448 -33.71689655
228 -34.48310344 -35.09689655 -33.86931034
229 -34.63724137 -35.25275862 -34.02172413
230 -34.79137931 -35.40862068 -34.17413793
231 -34.94551724 -35.56448275 -34.32655172
232 -35.09965517 -35.72034482 -34.47896551
233 -35.25379310 -35.87620689 -34.63137931
234 -35.40793103 -36.03206896 -34.78379310
235 -35.56206896 -36.18793103 -34.93620689
236 -35.71620689 -36.34379310 -35.08862068
237 -35.87034482 -36.49965517 -35.24103448
238 -36.02448275 -36.65551724 -35.39344827
239 -36.17862068 -36.81137931 -35.54586206
240 -36.33275862 -36.96724137 -35.69827586
241 -36.48689655 -37.12310344 -35.85068965
242 -36.64103448 -37.27896551 -36.00310344
243 -36.79517241 -37.43482758 -36.15551724
244 -36.94931034 -37.59068965 -36.30793103
245 -37.10344827 -37.74655172 -36.46034482
246 -37.25758620 -37.90241379 -36.61275862
247 -37.41172413 -38.05827586 -36.76517241
248 -37.56586206 -38.21413793 -36.91758620
249 -37.72000000 -38.37000000 -37.07000000
250 -37.87071428 -38.52250000 -37.21892857
251 -38.02142857 -38.67500000 -37.36785714
252 -38.17214285 -38.82750000 -37.51678571
253 -38.32285714 -38.98000000 -37.66571428
254 -38.47357142 -39.13250000 -37.81464285
255 -38.62428571 -39.28500000 -37.96357142
256 -38.77500000 -39.43750000 -38.11250000
257 -38.92571428 -39.59000000 -38.26142857
258 -39.07642857 -39.74250000 -38.41035714
259 -39.22714285 -39.89500000 -38.55928571
260 -39.37785714 -40.04750000 -38.70821428
261 -39.52857142 -40.20000000 -38.85714285
262 -39.67928571 -40.35250000 -39.00607142
263 -39.83000000 -40.50500000 -39.15500000
264 -39.98071428 -40.65750000 -39.30392857
265 -40.13142857 -40.81000000 -39.45285714
266 -40.28214285 -40.96250000 -39.60178571
267 -40.43285714 -41.11500000 -39.75071428
268 -40.58357142 -41.26750000 -39.89964285
269 -40.73428571 -41.42000000 -40.04857142
270 -40.88500000 -41.57250000 -40.19750000
271 -41.03571428 -41.72500000 -40.34642857
272 -41.18642857 -41.87750000 -40.49535714
273 -41.33714285 -42.03000000 -40.64428571
274 -41.48785714 -42.18250000 -40.79321428
275 -41.63857142 -42.33500000 -40.94214285
276 -41.78928571 -42.48750000 -41.09107142
277 -41.94000000 -42.64000000 -41.24000000
278 -42.08951612 -42.79548387 -41.38354838
279 -42.23903225 -42.95096774 -41.52709677
280 -42.38854838 -43.10645161 -41.67064516
281 -42.53806451 -43.26193548 -41.81419354
282 -42.68758064 -43.41741935 -41.95774193
283 -42.83709677 -43.57290322 -42.10129032
284 -42.98661290 -43.72838709 -42.24483870
285 -43.13612903 -43.88387096 -42.38838709
286 -43.28564516 -44.03935483 -42.53193548
287 -43.43516129 -44.19483870 -42.67548387
288 -43.58467741 -44.35032258 -42.81903225
289 -43.73419354 -44.50580645 -42.96258064
290 -43.88370967 -44.66129032 -43.10612903
291 -44.03322580 -44.81677419 -43.24967741
292 -44.18274193 -44.97225806 -43.39322580
293 -44.33225806 -45.12774193 -43.53677419
294 -44.48177419 -45.28322580 -43.68032258
295 -44.63129032 -45.43870967 -43.82387096
296 -44.78080645 -45.59419354 -43.96741935
297 -44.93032258 -45.74967741 -44.11096774
298 -45.07983870 -45.90516129 -44.25451612
299 -45.22935483 -46.06064516 -44.39806451
300 -45.37887096 -46.21612903 -44.54161290
301 -45.52838709 -46.37161290 -44.68516129
302 -45.67790322 -46.52709677 -44.82870967
303 -45.82741935 -46.68258064 -44.97225806
304 -45.97693548 -46.83806451 -45.11580645
305 -46.12645161 -46.99354838 -45.25935483
306 -46.27596774 -47.14903225 -45.40290322
307 -46.42548387 -47.30451612 -45.54645161
308 -46.57500000 -47.46000000 -45.69000000
309 -46.71129032 -47.59387096 -45.82870967
310 -46.84758064 -47.72774193 -45.96741935
311 -46.98387096 -47.86161290 -46.10612903
312 -47.12016129 -47.99548387 -46.24483870
313 -47.25645161 -48.12935483 -46.38354838
314 -47.39274193 -48.26322580 -46.52225806
315 -47.52903225 -48.39709677 -46.66096774
316 -47.66532258 -48.53096774 -46.79967741
317 -47.80161290 -48.66483870 -46.93838709
318 -47.93790322 -48.79870967 -47.07709677
319 -48.07419354 -48.93258064 -47.21580645
320 -48.21048387 -49.06645161 -47.35451612
321 -48.34677419 -49.20032258 -47.49322580
322 -48.48306451 -49.33419354 -47.63193548
323 -48.61935483 -49.46806451 -47.77064516
324 -48.75564516 -49.60193548 -47.90935483
325 -48.89193548 -49.73580645 -48.04806451
326 -49.02822580 -49.86967741 -48.18677419
327 -49.16451612 -50.00354838 -48.32548387
328 -49.30080645 -50.13741935 -48.46419354
329 -49.43709677 -50.27129032 -48.60290322
330 -49.57338709 -50.40516129 -48.74161290
331 -49.70967741 -50.53903225 -48.88032258
332 -49.84596774 -50.67290322 -49.01903225
333 -49.98225806 -50.80677419 -49.15774193
334 -50.11854838 -50.94064516 -49.29645161
335 -50.25483870 -51.07451612 -49.43516129
336 -50.39112903 -51.20838709 -49.57387096
337 -50.52741935 -51.34225806 -49.71258064
338 -50.66370967 -51.47612903 -49.85129032
339 -50.80000000 -51.61000000 -49.99000000
340 -50.94166666 -51.75666666 -50.12666666
341 -51.08333333 -51.90333333 -50.26333333
342 -51.22500000 -52.05000000 -50.40000000
343 -51.36666666 -52.19666666 -50.53666666
344 -51.50833333 -52.34333333 -50.67333333
345 -51.65000000 -52.49000000 -50.81000000
346 -51.79166666 -52.63666666 -50.94666666
347 -51.93333333 -52.78333333 -51.08333333
348 -52.07500000 -52.93000000 -51.22000000
349 -52.21666666 -53.07666666 -51.35666666
350 -52.35833333 -53.22333333 -51.49333333
351 -52.50000000 -53.37000000 -51.63000000
352 -52.64166666 -53.51666666 -51.76666666
353 -52.78333333 -53.66333333 -51.90333333
354 -52.92500000 -53.81000000 -52.04000000
355 -53.06666666 -53.95666666 -52.17666666
356 -53.20833333 -54.10333333 -52.31333333
357 -53.35000000 -54.25000000 -52.45000000
358 -53.49166666 -54.39666666 -52.58666666
359 -53.63333333 -54.54333333 -52.72333333
360 -53.77500000 -54.69000000 -52.86000000
361 -53.91666666 -54.83666666 -52.99666666
362 -54.05833333 -54.98333333 -53.13333333
363 -54.20000000 -55.13000000 -53.27000000
364 -54.34166666 -55.27666666 -53.40666666
365 -54.48333333 -55.42333333 -53.54333333
366 -54.62500000 -55.57000000 -53.68000000
367 -54.76666666 -55.71666666 -53.81666666
368 -54.90833333 -55.86333333 -53.95333333
369 -55.05000000 -56.01000000 -54.09000000
370 -55.17222826 -56.13891304 -54.20554347
371 -55.29445652 -56.26782608 -54.32108695
372 -55.41668478 -56.39673913 -54.43663043
373 -55.53891304 -56.52565217 -54.55217391
374 -55.66114130 -56.65456521 -54.66771739
375 -55.78336956 -56.78347826 -54.78326086
376 -55.90559782 -56.91239130 -54.89880434
377 -56.02782608 -57.04130434 -55.01434782
378 -56.15005434 -57.17021739 -55.12989130
379 -56.27228260 -57.29913043 -55.24543478
380 -56.39451086 -57.42804347 -55.36097826
381 -56.51673913 -57.55695652 -55.47652173
382 -56.63896739 -57.68586956 -55.59206521
383 -56.76119565 -57.81478260 -55.70760869
384 -56.88342391 -57.94369565 -55.82315217
385 -57.00565217 -58.07260869 -55.93869565
386 -57.12788043 -58.20152173 -56.05423913
387 -57.25010869 -58.33043478 -56.16978260
388 -57.37233695 -58.45934782 -56.28532608
389 -57.49456521 -58.58826086 -56.40086956
390 -57.61679347 -58.71717391 -56.51641304
391 -57.73902173 -58.84608695 -56.63195652
392 -57.86125000 -58.97500000 -56.74750000
393 -57.98347826 -59.10391304 -56.86304347
394 -58.10570652 -59.23282608 -56.97858695
395 -58.22793478 -59.36173913 -57.09413043
396 -58.35016304 -59.49065217 -57.20967391
397 -58.47239130 -59.61956521 -57.32521739
398 -58.59461956 -59.74847826 -57.44076086
399 -58.71684782 -59.87739130 -57.55630434
400 -58.83907608 -60.00630434 -57.67184782
401 -58.96130434 -60.13521739 -57.78739130
402 -59.08353260 -60.26413043 -57.90293478
403 -59.20576086 -60.39304347 -58.01847826
404 -59.32798913 -60.52195652 -58.13402173
405 -59.45021739 -60.65086956 -58.24956521
406 -59.57244565 -60.77978260 -58.36510869
407 -59.69467391 -60.90869565 -58.48065217
408 -59.81690217 -61.03760869 -58.59619565
409 -59.93913043 -61.16652173 -58.71173913
410 -60.06135869 -61.29543478 -58.82728260
411 -60.18358695 -61.42434782 -58.94282608
412 -60.30581521 -61.55326086 -59.05836956
413 -60.42804347 -61.68217391 -59.17391304
414 -60.55027173 -61.81108695 -59.28945652
415 -60.67250000 -61.94000000 -59.40500000
416 -60.79472826 -62.06891304 -59.52054347
417 -60.91695652 -62.19782608 -59.63608695
418 -61.03918478 -62.32673913 -59.75163043
419 -61.16141304 -62.45565217 -59.86717391
420 -61.28364130 -62.58456521 -59.98271739
421 -61.40586956 -62.71347826 -60.09826086
422 -61.52809782 -62.84239130 -60.21380434
423 -61.65032608 -62.97130434 -60.32934782
424 -61.77255434 -63.10021739 -60.44489130
425 -61.89478260 -63.22913043 -60.56043478
426 -62.01701086 -63.35804347 -60.67597826
427 -62.13923913 -63.48695652 -60.79152173
428 -62.26146739 -63.61586956 -60.90706521
429 -62.38369565 -63.74478260 -61.02260869
430 -62.50592391 -63.87369565 -61.13815217
431 -62.62815217 -64.00260869 -61.25369565
432 -62.75038043 -64.13152173 -61.36923913
433 -62.87260869 -64.26043478 -61.48478260
434 -62.99483695 -64.38934782 -61.60032608
435 -63.11706521 -64.51826086 -61.71586956
436 -63.23929347 -64.64717391 -61.83141304
437 -63.36152173 -64.77608695 -61.94695652
438 -63.48375000 -64.90500000 -62.06250000
439 -63.60597826 -65.03391304 -62.17804347
440 -63.72820652 -65.16282608 -62.29358695
441 -63.85043478 -65.29173913 -62.40913043
442 -63.97266304 -65.42065217 -62.52467391
443 -64.09489130 -65.54956521 -62.64021739
444 -64.21711956 -65.67847826 -62.75576086
445 -64.33934782 -65.80739130 -62.87130434
446 -64.46157608 -65.93630434 -62.98684782
447 -64.58380434 -66.06521739 -63.10239130
448 -64.70603260 -66.19413043 -63.21793478
449 -64.82826086 -66.32304347 -63.33347826
450 -64.95048913 -66.45195652 -63.44902173
451 -65.07271739 -66.58086956 -63.56456521
452 -65.19494565 -66.70978260 -63.68010869
453 -65.31717391 -66.83869565 -63.79565217
454 -65.43940217 -66.96760869 -63.91119565
455 -65.56163043 -67.09652173 -64.02673913
456 -65.68385869 -67.22543478 -64.14228260
457 -65.80608695 -67.35434782 -64.25782608
458 -65.92831521 -67.48326086 -64.37336956
459 -66.05054347 -67.61217391 -64.48891304
460 -66.17277173 -67.74108695 -64.60445652
461 -66.29500000 -67.87000000 -64.72000000
462 -66.40961538 -67.99384615 -64.82538461
463 -66.52423076 -68.11769230 -64.93076923
464 -66.63884615 -68.24153846 -65.03615384
465 -66.75346153 -68.36538461 -65.14153846
466 -66.86807692 -68.48923076 -65.24692307
467 -66.98269230 -68.61307692 -65.35230769
468 -67.09730769 -68.73692307 -65.45769230
469 -67.21192307 -68.86076923 -65.56307692
470 -67.32653846 -68.98461538 -65.66846153
471 -67.44115384 -69.10846153 -65.77384615
472 -67.55576923 -69.23230769 -65.87923076
473 -67.67038461 -69.35615384 -65.98461538
474 -67.78500000 -69.48000000 -66.09000000
475 -67.89961538 -69.60384615 -66.19538461
476 -68.01423076 -69.72769230 -66.30076923
477 -68.12884615 -69.85153846 -66.40615384
478 -68.24346153 -69.97538461 -66.51153846
479 -68.35807692 -70.09923076 -66.61692307
480 -68.47269230 -70.22307692 -66.72230769
481 -68.58730769 -70.34692307 -66.82769230
482 -68.70192307 -70.47076923 -66.93307692
483 -68.81653846 -70.59461538 -67.03846153
484 -68.93115384 -70.71846153 -67.14384615
485 -69.04576923 -70.84230769 -67.24923076
486 -69.16038461 -70.96615384 -67.35461538
487 -69.27500000 -71.09000000 -67.46000000
488 -69.38961538 -71.21384615 -67.56538461
489 -69.50423076 -71.33769230 -67.67076923
490 -69.61884615 -71.46153846 -67.77615384
491 -69.73346153 -71.58538461 -67.88153846
492 -69.84807692 -71.70923076 -67.98692307
493 -69.96269230 -71.83307692 -68.09230769
494 -70.07730769 -71.95692307 -68.19769230
495 -70.19192307 -72.08076923 -68.30307692
496 -70.30653846 -72.20461538 -68.40846153
497 -70.42115384 -72.32846153 -68.51384615
498 -70.53576923 -72.45230769 -68.61923076
499 -70.65038461 -72.57615384 -68.72461538
500 -70.76500000 -72.70000000 -68.83000000
501 -70.87961538 -72.82384615 -68.93538461
502 -70.99423076 -72.94769230 -69.04076923
503 -71.10884615 -73.07153846 -69.14615384
504 -71.22346153 -73.19538461 -69.25153846
505 -71.33807692 -73.31923076 -69.35692307
506 -71.45269230 -73.44307692 -69.46230769
507 -71.56730769 -73.56692307 -69.56769230
508 -71.68192307 -73.69076923 -69.67307692
509 -71.79653846 -73.81461538 -69.77846153
510 -71.91115384 -73.93846153 -69.88384615
511 -72.02576923 -74.06230769 -69.98923076
512 -72.14038461 -74.18615384 -70.09461538
513 -72.25500000 -74.31000000 -70.20000000
514 -72.36961538 -74.43384615 -70.30538461
515 -72.48423076 -74.55769230 -70.41076923
516 -72.59884615 -74.68153846 -70.51615384
517 -72.71346153 -74.80538461 -70.62153846
518 -72.82807692 -74.92923076 -70.72692307
519 -72.94269230 -75.05307692 -70.83230769
520 -73.05730769 -75.17692307 -70.93769230
521 -73.17192307 -75.30076923 -71.04307692
522 -73.28653846 -75.42461538 -71.14846153
523 -73.40115384 -75.54846153 -71.25384615
524 -73.51576923 -75.67230769 -71.35923076
525 -73.63038461 -75.79615384 -71.46461538
526 -73.74500000 -75.92000000 -71.57000000
527 -73.85961538 -76.04384615 -71.67538461
528 -73.97423076 -76.16769230 -71.78076923
529 -74.08884615 -76.29153846 -71.88615384
530 -74.20346153 -76.41538461 -71.99153846
531 -74.31807692 -76.53923076 -72.09692307
532 -74.43269230 -76.66307692 -72.20230769
533 -74.54730769 -76.78692307 -72.30769230
534 -74.66192307 -76.91076923 -72.41307692
535 -74.77653846 -77.03461538 -72.51846153
536 -74.89115384 -77.15846153 -72.62384615
537 -75.00576923 -77.28230769 -72.72923076
538 -75.12038461 -77.40615384 -72.83461538
539 -75.23500000 -77.53000000 -72.94000000
540 -75.34961538 -77.65384615 -73.04538461
541 -75.46423076 -77.77769230 -73.15076923
542 -75.57884615 -77.90153846 -73.25615384
543 -75.69346153 -78.02538461 -73.36153846
544 -75.80807692 -78.14923076 -73.46692307
545 -75.92269230 -78.27307692 -73.57230769
546 -76.03730769 -78.39692307 -73.67769230
547 -76.15192307 -78.52076923 -73.78307692
548 -76.26653846 -78.64461538 -73.88846153
549 -76.38115384 -78.76846153 -73.99384615
550 -76.49576923 -78.89230769 -74.09923076
551 -76.61038461 -79.01615384 -74.20461538
552 -76.72500000 -79.14000000 -74.31000000
553 -76.83840659 -79.25824175 -74.41857142
554 -76.95181318 -79.37648351 -74.52714285
555 -77.06521978 -79.49472527 -74.63571428
556 -77.17862637 -79.61296703 -74.74428571
557 -77.29203296 -79.73120879 -74.85285714
558 -77.40543956 -79.84945054 -74.96142857
559 -77.51884615 -79.96769230 -75.07000000
560 -77.63225274 -80.08593406 -75.17857142
561 -77.74565934 -80.20417582 -75.28714285
562 -77.85906593 -80.32241758 -75.39571428
563 -77.97247252 -80.44065934 -75.50428571
564 -78.08587912 -80.55890109 -75.61285714
565 -78.19928571 -80.67714285 -75.72142857
566 -78.31269230 -80.79538461 -75.83000000
567 -78.42609890 -80.91362637 -75.93857142
568 -78.53950549 -81.03186813 -76.04714285
569 -78.65291208 -81.15010989 -76.15571428
570 -78.76631868 -81.26835164 -76.26428571
571 -78.87972527 -81.38659340 -76.37285714
572 -78.99313186 -81.50483516 -76.48142857
573 -79.10653846 -81.62307692 -76.59000000
574 -79.21994505 -81.74131868 -76.69857142
575 -79.33335164 -81.85956043 -76.80714285
576 -79.44675824 -81.97780219 -76.91571428
577 -79.56016483 -82.09604395 -77.02428571
578 -79.67357142 -82.21428571 -77.13285714
579 -79.78697802 -82.33252747 -77.24142857
580 -79.90038461 -82.45076923 -77.35000000
581 -80.01379120 -82.56901098 -77.45857142
582 -80.12719780 -82.68725274 -77.56714285
583 -80.24060439 -82.80549450 -77.67571428
584 -80.35401098 -82.92373626 -77.78428571
585 -80.46741758 -83.04197802 -77.89285714
586 -80.58082417 -83.16021978 -78.00142857
587 -80.69423076 -83.27846153 -78.11000000
588 -80.80763736 -83.39670329 -78.21857142
589 -80.92104395 -83.51494505 -78.32714285
590 -81.03445054 -83.63318681 -78.43571428
591 -81.14785714 -83.75142857 -78.54428571
592 -81.26126373 -83.86967032 -78.65285714
593 -81.37467032 -83.98791208 -78.76142857
594 -81.48807692 -84.10615384 -78.87000000
595 -81.60148351 -84.22439560 -78.97857142
596 -81.71489010 -84.34263736 -79.08714285
597 -81.82829670 -84.46087912 -79.19571428
598 -81.94170329 -84.57912087 -79.30428571
599 -82.05510989 -84.69736263 -79.41285714
600 -82.16851648 -84.81560439 -79.52142857
601 -82.28192307 -84.93384615 -79.63000000
602 -82.39532967 -85.05208791 -79.73857142
603 -82.50873626 -85.17032967 -79.84714285
604 -82.62214285 -85.28857142 -79.95571428
605 -82.73554945 -85.40681318 -80.06428571
606 -82.84895604 -85.52505494 -80.17285714
607 -82.96236263 -85.64329670 -80.28142857
608 -83.07576923 -85.76153846 -80.39000000
609 -83.18917582 -85.87978021 -80.49857142
610 -83.30258241 -85.99802197 -80.60714285
611 -83.41598901 -86.11626373 -80.71571428
612 -83.52939560 -86.23450549 -80.82428571
613 -83.64280219 -86.35274725 -80.93285714
614 -83.75620879 -86.47098901 -81.04142857
615 -83.86961538 -86.58923076 -81.15000000
616 -83.98302197 -86.70747252 -81.25857142
617 -84.09642857 -86.82571428 -81.36714285
618 -84.20983516 -86.94395604 -81.47571428
619 -84.32324175 -87.06219780 -81.58428571
620 -84.43664835 -87.18043956 -81.69285714
621 -84.55005494 -87.29868131 -81.80142857
622 -84.66346153 -87.41692307 -81.91000000
623 -84.77686813 -87.53516483 -82.01857142
624 -84.89027472 -87.65340659 -82.12714285
625 -85.00368131 -87.77164835 -82.23571428
626 -85.11708791 -87.88989010 -82.34428571
627 -85.23049450 -88.00813186 -82.45285714
628 -85.34390109 -88.12637362 -82.56142857
629 -85.45730769 -88.24461538 -82.67000000
630 -85.57071428 -88.36285714 -82.77857142
631 -85.68412087 -88.48109890 -82.88714285
632 -85.79752747 -88.59934065 -82.99571428
633 -85.91093406 -88.71758241 -83.10428571
634 -86.02434065 -88.83582417 -83.21285714
635 -86.13774725 -88.95406593 -83.32142857
636 -86.25115384 -89.07230769 -83.43000000
637 -86.36456043 -89.19054945 -83.53857142
638 -86.47796703 -89.30879120 -83.64714285
639 -86.59137362 -89.42703296 -83.75571428
640 -86.70478021 -89.54527472 -83.86428571
641 -86.81818681 -89.66351648 -83.97285714
642 -86.93159340 -89.78175824 -84.08142857
643 -87.04500000 -89.90000000 -84.19000000
644 -87.16021739 -90.02228260 -84.29815217
645 -87.27543478 -90.14456521 -84.40630434
646 -87.39065217 -90.26684782 -84.51445652
647 -87.50586956 -90.38913043 -84.62260869
648 -87.62108695 -90.51141304 -84.73076086
649 -87.73630434 -90.63369565 -84.83891304
650 -87.85152173 -90.75597826 -84.94706521
651 -87.96673913 -90.87826086 -85.05521739
652 -88.08195652 -91.00054347 -85.16336956
653 -88.19717391 -91.12282608 -85.27152173
654 -88.31239130 -91.24510869 -85.37967391
655 -88.42760869 -91.36739130 -85.48782608
656 -88.54282608 -91.48967391 -85.59597826
657 -88.65804347 -91.61195652 -85.70413043
658 -88.77326086 -91.73423913 -85.81228260
659 -88.88847826 -91.85652173 -85.92043478
660 -89.00369565 -91.97880434 -86.02858695
661 -89.11891304 -92.10108695 -86.13673913
662 -89.23413043 -92.22336956 -86.24489130
663 -89.34934782 -92.34565217 -86.35304347
664 -89.46456521 -92.46793478 -86.46119565
665 -89.57978260 -92.59021739 -86.56934782
666 -89.69500000 -92.71250000 -86.67750000
667 -89.81021739 -92.83478260 -86.78565217
668 -89.92543478 -92.95706521 -86.89380434
669 -90.04065217 -93.07934782 -87.00195652
670 -90.15586956 -93.20163043 -87.11010869
671 -90.27108695 -93.32391304 -87.21826086
672 -90.38630434 -93.44619565 -87.32641304
673 -90.50152173 -93.56847826 -87.43456521
674 -90.61673913 -93.69076086 -87.54271739
675 -90.73195652 -93.81304347 -87.65086956
676 -90.84717391 -93.93532608 -87.75902173
677 -90.96239130 -94.05760869 -87.86717391
678 -91.07760869 -94.17989130 -87.97532608
679 -91.19282608 -94.30217391 -88.08347826
680 -91.30804347 -94.42445652 -88.19163043
681 -91.42326086 -94.54673913 -88.29978260
682 -91.53847826 -94.66902173 -88.40793478
683 -91.65369565 -94.79130434 -88.51608695
684 -91.76891304 -94.91358695 -88.62423913
685 -91.88413043 -95.03586956 -88.73239130
686 -91.99934782 -95.15815217 -88.84054347
687 -92.11456521 -95.28043478 -88.94869565
688 -92.22978260 -95.40271739 -89.05684782
689 -92.34500000 -95.52500000 -89.16500000
690 -92.46021739 -95.64728260 -89.27315217
691 -92.57543478 -95.76956521 -89.38130434
692 -92.69065217 -95.89184782 -89.48945652
693 -92.80586956 -96.01413043 -89.59760869
694 -92.92108695 -96.13641304 -89.70576086
695 -93.03630434 -96.25869565 -89.81391304
696 -93.15152173 -96.38097826 -89.92206521
697 -93.26673913 -96.50326086 -90.03021739
698 -93.38195652 -96.62554347 -90.13836956
699 -93.49717391 -96.74782608 -90.24652173
700 -93.61239130 -96.87010869 -90.35467391
701 -93.72760869 -96.99239130 -90.46282608
702 -93.84282608 -97.11467391 -90.57097826
703 -93.95804347 -97.23695652 -90.67913043
704 -94.07326086 -97.35923913 -90.78728260
705 -94.18847826 -97.48152173 -90.89543478
706 -94.30369565 -97.60380434 -91.00358695
707 -94.41891304 -97.72608695 -91.11173913
708 -94.53413043 -97.84836956 -91.21989130
709 -94.64934782 -97.97065217 -91.32804347
710 -94.76456521 -98.09293478 -91.43619565
711 -94.87978260 -98.21521739 -91.54434782
712 -94.99500000 -98.33750000 -91.65250000
713 -95.11021739 -98.45978260 -91.76065217
714 -95.22543478 -98.58206521 -91.86880434
715 -95.34065217 -98.70434782 -91.97695652
716 -95.45586956 -98.82663043 -92.08510869
717 -95.57108695 -98.94891304 -92.19326086
718 -95.68630434 -99.07119565 -92.30141304
719 -95.80152173 -99.19347826 -92.40956521
720 -95.91673913 -99.31576086 -92.51771739
721 -96.03195652 -99.43804347 -92.62586956
722 -96.14717391 -99.56032608 -92.73402173
723 -96.26239130 -99.68260869 -92.84217391
724 -96.37760869 -99.80489130 -92.95032608
725 -96.49282608 -99.92717391 -93.05847826
726 -96.60804347 -100.04945652 -93.16663043
727 -96.72326086 -100.17173913 -93.27478260
728 -96.83847826 -100.29402173 -93.38293478
729 -96.95369565 -100.41630434 -93.49108695
730 -97.06891304 -100.53858695 -93.59923913
731 -97.18413043 -100.66086956 -93.70739130
732 -97.29934782 -100.78315217 -93.81554347
733 -97.41456521 -100.90543478 -93.92369565
734 -97.52978260 -101.02771739 -94.03184782
735 -97.64500000 -101.15000000 -94.14000000
736 -97.76320163 -101.28980926 -94.23659400
737 -97.88140326 -101.42961852 -94.33318801
738 -97.99960490 -101.56942779 -94.42978201
739 -98.11780653 -101.70923705 -94.52637602
740 -98.23600817 -101.84904632 -94.62297002
741 -98.35420980 -101.98885558 -94.71956403
742 -98.47241144 -102.12866485 -94.81615803
743 -98.59061307 -102.26847411 -94.91275204
744 -98.70881471 -102.40828337 -95.00934604
745 -98.82701634 -102.54809264 -95.10594005
746 -98.94521798 -102.68790190 -95.20253405
747 -99.06341961 -102.82771117 -95.29912806
748 -99.18162125 -102.96752043 -95.39572207
749 -99.29982288 -103.10732970 -95.49231607
750 -99.41802452 -103.24713896 -95.58891008
751 -99.53622615 -103.38694822 -95.68550408
752 -99.65442779 -103.52675749 -95.78209809
753 -99.77262942 -103.66656675 -95.87869209
754 -99.89083106 -103.80637602 -95.97528610
755 -100.00903269 -103.94618528 -96.07188010
756 -100.12723433 -104.08599455 -96.16847411
757 -100.24543596 -104.22580381 -96.26506811
758 -100.36363760 -104.36561307 -96.36166212
759 -100.48183923 -104.50542234 -96.45825613
760 -100.60004087 -104.64523160 -96.55485013
761 -100.71824250 -104.78504087 -96.65144414
762 -100.83644414 -104.92485013 -96.74803814
763 -100.95464577 -105.06465940 -96.84463215
764 -101.07284741 -105.20446866 -96.94122615
765 -101.19104904 -105.34427792 -97.03782016
766 -101.30925068 -105.48408719 -97.13441416
767 -101.42745231 -105.62389645 -97.23100817
768 -101.54565395 -105.76370572 -97.32760217
769 -101.66385558 -105.90351498 -97.42419618
770 -101.78205722 -106.04332425 -97.52079019
771 -101.90025885 -106.18313351 -97.61738419
772 -102.01846049 -106.32294277 -97.71397820
773 -102.13666212 -106.46275204 -97.81057220
774 -102.25486376 -106.60256130 -97.90716621
775 -102.37306539 -106.74237057 -98.00376021
776 -102.49126703 -106.88217983 -98.10035422
777 -102.60946866 -107.02198910 -98.19694822
778 -102.72767029 -107.16179836 -98.29354223
779 -102.84587193 -107.30160762 -98.39013623
780 -102.96407356 -107.44141689 -98.48673024
781 -103.08227520 -107.58122615 -98.58332425
782 -103.20047683 -107.72103542 -98.67991825
783 -103.31867847 -107.86084468 -98.77651226
784 -103.43688010 -108.00065395 -98.87310626
785 -103.55508174 -108.14046321 -98.96970027
786 -103.67328337 -108.28027247 -99.06629427
787 -103.79148501 -108.42008174 -99.16288828
788 -103.90968664 -108.55989100 -99.25948228
789 -104.02788828 -108.69970027 -99.35607629
790 -104.14608991 -108.83950953 -99.45267029
791 -104.26429155 -108.97931880 -99.54926430
792 -104.38249318 -109.11912806 -99.64585831
793 -104.50069482 -109.25893732 -99.74245231
794 -104.61889645 -109.39874659 -99.83904632
795 -104.73709809 -109.53855585 -99.93564032
796 -104.85529972 -109.67836512 -100.03223433
797 -104.97350136 -109.81817438 -100.12882833
798 -105.09170299 -109.95798365 -100.22542234
799 -105.20990463 -110.09779291 -100.32201634
800 -105.32810626 -110.23760217 -100.41861035
801 -105.44630790 -110.37741144 -100.51520435
802 -105.56450953 -110.51722070 -100.61179836
803 -105.68271117 -110.65702997 -100.70839237
804 -105.80091280 -110.79683923 -100.80498637
805 -105.91911444 -110.93664850 -100.90158038
806 -106.03731607 -111.07645776 -100.99817438
807 -106.15551771 -111.21626703 -101.09476839
808 -106.27371934 -111.35607629 -101.19136239
809 -106.39192098 -111.49588555 -101.28795640
810 -106.51012261 -111.63569482 -101.38455040
811 -106.62832425 -111.77550408 -101.48114441
812 -106.74652588 -111.91531335 -101.57773841
813 -106.86472752 -112.05512261 -101.67433242
814 -106.98292915 -112.19493188 -101.77092643
815 -107.10113079 -112.33474114 -101.86752043
816 -107.21933242 -112.47455040 -101.96411444
817 -107.33753405 -112.61435967 -102.06070844
818 -107.45573569 -112.75416893 -102.15730245
819 -107.57393732 -112.89397820 -102.25389645
820 -107.69213896 -113.03378746 -102.35049046
821 -107.81034059 -113.17359673 -102.44708446
822 -107.92854223 -113.31340599 -102.54367847
823 -108.04674386 -113.45321525 -102.64027247
824 -108.16494550 -113.59302452 -102.73686648
825 -108.28314713 -113.73283378 -102.83346049
826 -108.40134877 -113.87264305 -102.93005449
827 -108.51955040 -114.01245231 -103.02664850
828 -108.63775204 -114.15226158 -103.12324250
829 -108.75595367 -114.29207084 -103.21983651
830 -108.87415531 -114.43188010 -103.31643051
831 -108.99235694 -114.57168937 -103.41302452
832 -109.11055858 -114.71149863 -103.50961852
833 -109.22876021 -114.85130790 -103.60621253
834 -109.34696185 -114.99111716 -103.70280653
835 -109.46516348 -115.13092643 -103.79940054
836 -109.58336512 -115.27073569 -103.89599455
837 -109.70156675 -115.41054495 -103.99258855
838 -109.81976839 -115.55035422 -104.08918256
839 -109.93797002 -115.69016348 -104.18577656
840 -110.05617166 -115.82997275 -104.28237057
841 -110.17437329 -115.96978201 -104.37896457
842 -110.29257493 -116.10959128 -104.47555858
843 -110.41077656 -116.24940054 -104.57215258
844 -110.52897820 -116.38920980 -104.66874659
845 -110.64717983 -116.52901907 -104.76534059
846 -110.76538147 -116.66882833 -104.86193460
847 -110.88358310 -116.80863760 -104.95852861
848 -111.00178474 -116.94844686 -105.05512261
849 -111.11998637 -117.08825613 -105.15171662
850 -111.23818801 -117.22806539 -105.24831062
851 -111.35638964 -117.36787465 -105.34490463
852 -111.47459128 -117.50768392 -105.44149863
853 -111.59279291 -117.64749318 -105.53809264
854 -111.71099455 -117.78730245 -105.63468664
855 -111.82919618 -117.92711171 -105.73128065
856 -111.94739782 -118.06692098 -105.82787465
857 -112.06559945 -118.20673024 -105.92446866
858 -112.18380108 -118.34653950 -106.02106267
859 -112.30200272 -118.48634877 -106.11765667
860 -112.42020435 -118.62615803 -106.21425068
861 -112.53840599 -118.76596730 -106.31084468
862 -112.65660762 -118.90577656 -106.40743869
863 -112.77480926 -119.04558583 -106.50403269
864 -112.89301089 -119.18539509 -106.60062670
865 -113.01121253 -119.32520435 -106.69722070
866 -113.12941416 -119.46501362 -106.79381471
867 -113.24761580 -119.60482288 -106.89040871
868 -113.36581743 -119.74463215 -106.98700272
869 -113.48401907 -119.88444141 -107.08359673
870 -113.60222070 -120.02425068 -107.18019073
871 -113.72042234 -120.16405994 -107.27678474
872 -113.83862397 -120.30386920 -107.37337874
873 -113.95682561 -120.44367847 -107.46997275
874 -114.07502724 -120.58348773 -107.56656675
875 -114.19322888 -120.72329700 -107.66316076
876 -114.31143051 -120.86310626 -107.75975476
877 -114.42963215 -121.00291553 -107.85634877
878 -114.54783378 -121.14272479 -107.95294277
879 -114.66603542 -121.28253405 -108.04953678
880 -114.78423705 -121.42234332 -108.14613079
881 -114.90243869 -121.56215258 -108.24272479
882 -115.02064032 -121.70196185 -108.33931880
883 -115.13884196 -121.84177111 -108.43591280
884 -115.25704359 -121.98158038 -108.53250681
885 -115.37524523 -122.12138964 -108.62910081
886 -115.49344686 -122.26119891 -108.72569482
887 -115.61164850 -122.40100817 -108.82228882
888 -115.72985013 -122.54081743 -108.91888283
889 -115.84805177 -122.68062670 -109.01547683
890 -115.96625340 -122.82043596 -109.11207084
891 -116.08445504 -122.96024523 -109.20866485
892 -116.20265667 -123.10005449 -109.30525885
893 -116.32085831 -123.23986376 -109.40185286
894 -116.43905994 -123.37967302 -109.49844686
895 -116.55726158 -123.51948228 -109.59504087
896 -116.67546321 -123.65929155 -109.69163487
897 -116.79366485 -123.79910081 -109.78822888
898 -116.91186648 -123.93891008 -109.88482288
899 -117.03006811 -124.07871934 -109.98141689
900 -117.14826975 -124.21852861 -110.07801089
901 -117.26647138 -124.35833787 -110.17460490
902 -117.38467302 -124.49814713 -110.27119891
903 -117.50287465 -124.63795640 -110.36779291
904 -117.62107629 -124.77776566 -110.46438692
905 -117.73927792 -124.91757493 -110.56098092
906 -117.85747956 -125.05738419 -110.65757493
907 -117.97568119 -125.19719346 -110.75416893
908 -118.09388283 -125.33700272 -110.85076294
909 -118.21208446 -125.47681198 -110.94735694
910 -118.33028610 -125.61662125 -111.04395095
911 -118.44848773 -125.75643051 -111.14054495
912 -118.56668937 -125.89623978 -111.23713896
913 -118.68489100 -126.03604904 -111.33373297
914 -118.80309264 -126.17585831 -111.43032697
915 -118.92129427 -126.31566757 -111.52692098
916 -119.03949591 -126.45547683 -111.62351498
917 -119.15769754 -126.59528610 -111.72010899
918 -119.27589918 -126.73509536 -111.81670299
919 -119.39410081 -126.87490463 -111.91329700
920 -119.51230245 -127.01471389 -112.00989100
921 -119.63050408 -127.15452316 -112.10648501
922 -119.74870572 -127.29433242 -112.20307901
923 -119.86690735 -127.43414168 -112.29967302
924 -119.98510899 -127.57395095 -112.39626703
925 -120.10331062 -127.71376021 -112.49286103
926 -120.22151226 -127.85356948 -112.58945504
927 -120.33971389 -127.99337874 -112.68604904
928 -120.45791553 -128.13318801 -112.78264305
929 -120.57611716 -128.27299727 -112.87923705
930 -120.69431880 -128.41280653 -112.97583106
931 -120.81252043 -128.55261580 -113.07242506
932 -120.93072207 -128.69242506 -113.16901907
933 -121.04892370 -128.83223433 -113.26561307
934 -121.16712534 -128.97204359 -113.36220708
935 -121.28532697 -129.11185286 -113.45880108
936 -121.40352861 -129.25166212 -113.55539509
937 -121.52173024 -129.39147138 -113.65198910
938 -121.63993188 -129.53128065 -113.74858310
939 -121.75813351 -129.67108991 -113.84517711
940 -121.87633514 -129.81089918 -113.94177111
941 -121.99453678 -129.95070844 -114.03836512
942 -122.11273841 -130.09051771 -114.13495912
943 -122.23094005 -130.23032697 -114.23155313
944 -122.34914168 -130.37013623 -114.32814713
945 -122.46734332 -130.50994550 -114.42474114
946 -122.58554495 -130.64975476 -114.52133514
947 -122.70374659 -130.78956403 -114.61792915
948 -122.82194822 -130.92937329 -114.71452316
949 -122.94014986 -131.06918256 -114.81111716
950 -123.05835149 -131.20899182 -114.90771117
951 -123.17655313 -131.34880108 -115.00430517
952 -123.29475476 -131.48861035 -115.10089918
953 -123.41295640 -131.62841961 -115.19749318
954 -123.53115803 -131.76822888 -115.29408719
955 -123.64935967 -131.90803814 -115.39068119
956 -123.76756130 -132.04784741 -115.48727520
957 -123.88576294 -132.18765667 -115.58386920
958 -124.00396457 -132.32746594 -115.68046321
959 -124.12216621 -132.46727520 -115.77705722
960 -124.24036784 -132.60708446 -115.87365122
961 -124.35856948 -132.74689373 -115.97024523
962 -124.47677111 -132.88670299 -116.06683923
963 -124.59497275 -133.02651226 -116.16343324
964 -124.71317438 -133.16632152 -116.26002724
965 -124.83137602 -133.30613079 -116.35662125
966 -124.94957765 -133.44594005 -116.45321525
967 -125.06777929 -133.58574931 -116.54980926
968 -125.18598092 -133.72555858 -116.64640326
969 -125.30418256 -133.86536784 -116.74299727
970 -125.42238419 -134.00517711 -116.83959128
971 -125.54058583 -134.14498637 -116.93618528
972 -125.65878746 -134.28479564 -117.03277929
973 -125.77698910 -134.42460490 -117.12937329
974 -125.89519073 -134.56441416 -117.22596730
975 -126.01339237 -134.70422343 -117.32256130
976 -126.13159400 -134.84403269 -117.41915531
977 -126.24979564 -134.98384196 -117.51574931
978 -126.36799727 -135.12365122 -117.61234332
979 -126.48619891 -135.26346049 -117.70893732
980 -126.60440054 -135.40326975 -117.80553133
981 -126.72260217 -135.54307901 -117.90212534
982 -126.84080381 -135.68288828 -117.99871934
983 -126.95900544 -135.82269754 -118.09531335
984 -127.07720708 -135.96250681 -118.19190735
985 -127.19540871 -136.10231607 -118.28850136
986 -127.31361035 -136.24212534 -118.38509536
987 -127.43181198 -136.38193460 -118.48168937
988 -127.55001362 -136.52174386 -118.57828337
989 -127.66821525 -136.66155313 -118.67487738
990 -127.78641689 -136.80136239 -118.77147138
991 -127.90461852 -136.94117166 -118.86806539
992 -128.02282016 -137.08098092 -118.96465940
993 -128.14102179 -137.22079019 -119.06125340
994 -128.25922343 -137.36059945 -119.15784741
995 -128.37742506 -137.50040871 -119.25444141
996 -128.49562670 -137.64021798 -119.35103542
997 -128.61382833 -137.78002724 -119.44762942
998 -128.73202997 -137.91983651 -119.54422343
999 -128.85023160 -138.05964577 -119.64081743
1000 -128.96843324 -138.19945504 -119.73741144
1001 -129.08663487 -138.33926430 -119.83400544
1002 -129.20483651 -138.47907356 -119.93059945
1003 -129.32303814 -138.61888283 -120.02719346
1004 -129.44123978 -138.75869209 -120.12378746
1005 -129.55944141 -138.89850136 -120.22038147
1006 -129.67764305 -139.03831062 -120.31697547
1007 -129.79584468 -139.17811989 -120.41356948
1008 -129.91404632 -139.31792915 -120.51016348
1009 -130.03224795 -139.45773841 -120.60675749
1010 -130.15044959 -139.59754768 -120.70335149
1011 -130.26865122 -139.73735694 -120.79994550
1012 -130.38685286 -139.87716621 -120.89653950
1013 -130.50505449 -140.01697547 -120.99313351
1014 -130.62325613 -140.15678474 -121.08972752
1015 -130.74145776 -140.29659400 -121.18632152
1016 -130.85965940 -140.43640326 -121.28291553
1017 -130.97786103 -140.57621253 -121.37950953
1018 -131.09606267 -140.71602179 -121.47610354
1019 -131.21426430 -140.85583106 -121.57269754
1020 -131.33246594 -140.99564032 -121.66929155
1021 -131.45066757 -141.13544959 -121.76588555
1022 -131.56886920 -141.27525885 -121.86247956
1023 -131.68707084 -141.41506811 -121.95907356
1024 -131.80527247 -141.55487738 -122.05566757
1025 -131.92347411 -141.69468664 -122.15226158
1026 -132.04167574 -141.83449591 -122.24885558
1027 -132.15987738 -141.97430517 -122.34544959
1028 -132.27807901 -142.11411444 -122.44204359
1029 -132.39628065 -142.25392370 -122.53863760
1030 -132.51448228 -142.39373297 -122.63523160
1031 -132.63268392 -142.53354223 -122.73182561
1032 -132.75088555 -142.67335149 -122.82841961
1033 -132.86908719 -142.81316076 -122.92501362
1034 -132.98728882 -142.95297002 -123.02160762
1035 -133.10549046 -143.09277929 -123.11820163
1036 -133.22369209 -143.23258855 -123.21479564
1037 -133.34189373 -143.37239782 -123.31138964
1038 -133.46009536 -143.51220708 -123.40798365
1039 -133.57829700 -143.65201634 -123.50457765
1040 -133.69649863 -143.79182561 -123.60117166
1041 -133.81470027 -143.93163487 -123.69776566
1042 -133.93290190 -144.07144414 -123.79435967
1043 -134.05110354 -144.21125340 -123.89095367
1044 -134.16930517 -144.35106267 -123.98754768
1045 -134.28750681 -144.49087193 -124.08414168
1046 -134.40570844 -144.63068119 -124.18073569
1047 -134.52391008 -144.77049046 -124.27732970
1048 -134.64211171 -144.91029972 -124.37392370
1049 -134.76031335 -145.05010899 -124.47051771
1050 -134.87851498 -145.18991825 -124.56711171
1051 -134.99671662 -145.32972752 -124.66370572
1052 -135.11491825 -145.46953678 -124.76029972
1053 -135.23311989 -145.60934604 -124.85689373
1054 -135.35132152 -145.74915531 -124.95348773
1055 -135.46952316 -145.88896457 -125.05008174
1056 -135.58772479 -146.02877384 -125.14667574
1057 -135.70592643 -146.16858310 -125.24326975
1058 -135.82412806 -146.30839237 -125.33986376
1059 -135.94232970 -146.44820163 -125.43645776
1060 -136.06053133 -146.58801089 -125.53305177
1061 -136.17873297 -146.72782016 -125.62964577
1062 -136.29693460 -146.86762942 -125.72623978
1063 -136.41513623 -147.00743869 -125.82283378
1064 -136.53333787 -147.14724795 -125.91942779
1065 -136.65153950 -147.28705722 -126.01602179
1066 -136.76974114 -147.42686648 -126.11261580
1067 -136.88794277 -147.56667574 -126.20920980
1068 -137.00614441 -147.70648501 -126.30580381
1069 -137.12434604 -147.84629427 -126.40239782
1070 -137.24254768 -147.98610354 -126.49899182
1071 -137.36074931 -148.12591280 -126.59558583
1072 -137.47895095 -148.26572207 -126.69217983
1073 -137.59715258 -148.40553133 -126.78877384
1074 -137.71535422 -148.54534059 -126.88536784
1075 -137.83355585 -148.68514986 -126.98196185
1076 -137.95175749 -148.82495912 -127.07855585
1077 -138.06995912 -148.96476839 -127.17514986
1078 -138.18816076 -149.10457765 -127.27174386
1079 -138.30636239 -149.24438692 -127.36833787
1080 -138.42456403 -149.38419618 -127.46493188
1081 -138.54276566 -149.52400544 -127.56152588
1082 -138.66096730 -149.66381471 -127.65811989
1083 -138.77916893 -149.80362397 -127.75471389
1084 -138.89737057 -149.94343324 -127.85130790
1085 -139.01557220 -150.08324250 -127.94790190
1086 -139.13377384 -150.22305177 -128.04449591
1087 -139.25197547 -150.36286103 -128.14108991
1088 -139.37017711 -150.50267029 -128.23768392
1089 -139.48837874 -150.64247956 -128.33427792
1090 -139.60658038 -150.78228882 -128.43087193
1091 -139.72478201 -150.92209809 -128.52746594
1092 -139.84298365 -151.06190735 -128.62405994
1093 -139.96118528 -151.20171662 -128.72065395
1094 -140.07938692 -151.34152588 -128.81724795
1095 -140.19758855 -151.48133514 -128.91384196
1096 -140.31579019 -151.62114441 -129.01043596
1097 -140.43399182 -151.76095367 -129.10702997
1098 -140.55219346 -151.90076294 -129.20362397
1099 -140.67039509 -152.04057220 -129.30021798
1100 -140.78859673 -152.18038147 -129.39681198
1101 -140.90679836 -152.32019073 -129.49340599
1102 -141.02500000 -152.46000000 -129.59000000
1103 -141.14737637 -152.59167582 -129.70307692
1104 -141.26975274 -152.72335164 -129.81615384
1105 -141.39212912 -152.85502747 -129.92923076
1106 -141.51450549 -152.98670329 -130.04230769
1107 -141.63688186 -153.11837912 -130.15538461
1108 -141.75925824 -153.25005494 -130.26846153
1109 -141.88163461 -153.38173076 -130.38153846
1110 -142.00401098 -153.51340659 -130.49461538
1111 -142.12638736 -153.64508241 -130.60769230
1112 -142.24876373 -153.77675824 -130.72076923
1113 -142.37114010 -153.90843406 -130.83384615
1114 -142.49351648 -154.04010989 -130.94692307
1115 -142.61589285 -154.17178571 -131.06000000
1116 -142.73826923 -154.30346153 -131.17307692
1117 -142.86064560 -154.43513736 -131.28615384
1118 -142.98302197 -154.56681318 -131.39923076
1119 -143.10539835 -154.69848901 -131.51230769
1120 -143.22777472 -154.83016483 -131.62538461
1121 -143.35015109 -154.96184065 -131.73846153
1122 -143.47252747 -155.09351648 -131.85153846
1123 -143.59490384 -155.22519230 -131.96461538
1124 -143.71728021 -155.35686813 -132.07769230
1125 -143.83965659 -155.48854395 -132.19076923
1126 -143.96203296 -155.62021978 -132.30384615
1127 -144.08440934 -155.75189560 -132.41692307
1128 -144.20678571 -155.88357142 -132.53000000
1129 -144.32916208 -156.01524725 -132.64307692
1130 -144.45153846 -156.14692307 -132.75615384
1131 -144.57391483 -156.27859890 -132.86923076
1132 -144.69629120 -156.41027472 -132.98230769
1133 -144.81866758 -156.54195054 -133.09538461
1134 -144.94104395 -156.67362637 -133.20846153
1135 -145.06342032 -156.80530219 -133.32153846
1136 -145.18579670 -156.93697802 -133.43461538
1137 -145.30817307 -157.06865384 -133.54769230
1138 -145.43054945 -157.20032967 -133.66076923
1139 -145.55292582 -157.33200549 -133.77384615
1140 -145.67530219 -157.46368131 -133.88692307
1141 -145.79767857 -157.59535714 -134.00000000
1142 -145.92005494 -157.72703296 -134.11307692
1143 -146.04243131 -157.85870879 -134.22615384
1144 -146.16480769 -157.99038461 -134.33923076
1145 -146.28718406 -158.12206043 -134.45230769
1146 -146.40956043 -158.25373626 -134.56538461
1147 -146.53193681 -158.38541208 -134.67846153
1148 -146.65431318 -158.51708791 -134.79153846
1149 -146.77668956 -158.64876373 -134.90461538
1150 -146.89906593 -158.78043956 -135.01769230
1151 -147.02144230 -158.91211538 -135.13076923
1152 -147.14381868 -159.04379120 -135.24384615
1153 -147.26619505 -159.17546703 -135.35692307
1154 -147.38857142 -159.30714285 -135.47000000
1155 -147.51094780 -159.43881868 -135.58307692
1156 -147.63332417 -159.57049450 -135.69615384
1157 -147.75570054 -159.70217032 -135.80923076
1158 -147.87807692 -159.83384615 -135.92230769
1159 -148.00045329 -159.96552197 -136.03538461
1160 -148.12282967 -160.09719780 -136.14846153
1161 -148.24520604 -160.22887362 -136.26153846
1162 -148.36758241 -160.36054945 -136.37461538
1163 -148.48995879 -160.49222527 -136.48769230
1164 -148.61233516 -160.62390109 -136.60076923
1165 -148.73471153 -160.75557692 -136.71384615
1166 -148.85708791 -160.88725274 -136.82692307
1167 -148.97946428 -161.01892857 -136.94000000
1168 -149.10184065 -161.15060439 -137.05307692
1169 -149.22421703 -161.28228021 -137.16615384
1170 -149.34659340 -161.41395604 -137.27923076
1171 -149.46896978 -161.54563186 -137.39230769
1172 -149.59134615 -161.67730769 -137.50538461
1173 -149.71372252 -161.80898351 -137.61846153
1174 -149.83609890 -161.94065934 -137.73153846
1175 -149.95847527 -162.07233516 -137.84461538
1176 -150.08085164 -162.20401098 -137.95769230
1177 -150.20322802 -162.33568681 -138.07076923
1178 -150.32560439 -162.46736263 -138.18384615
1179 -150.44798076 -162.59903846 -138.29692307
1180 -150.57035714 -162.73071428 -138.41000000
1181 -150.69273351 -162.86239010 -138.52307692
1182 -150.81510989 -162.99406593 -138.63615384
1183 -150.93748626 -163.12574175 -138.74923076
1184 -151.05986263 -163.25741758 -138.86230769
1185 -151.18223901 -163.38909340 -138.97538461
1186 -151.30461538 -163.52076923 -139.08846153
1187 -151.42699175 -163.65244505 -139.20153846
1188 -151.54936813 -163.78412087 -139.31461538
1189 -151.67174450 -163.91579670 -139.42769230
1190 -151.79412087 -164.04747252 -139.54076923
1191 -151.91649725 -164.17914835 -139.65384615
1192 -152.03887362 -164.31082417 -139.76692307
1193 -152.16125000 -164.44250000 -139.88000000
1194 -152.28362637 -164.57417582 -139.99307692
1195 -152.40600274 -164.70585164 -140.10615384
1196 -152.52837912 -164.83752747 -140.21923076
1197 -152.65075549 -164.96920329 -140.33230769
1198 -152.77313186 -165.10087912 -140.44538461
1199 -152.89550824 -165.23255494 -140.55846153
1200 -153.01788461 -165.36423076 -140.67153846
1201 -153.14026098 -165.49590659 -140.78461538
1202 -153.26263736 -165.62758241 -140.89769230
1203 -153.38501373 -165.75925824 -141.01076923
1204 -153.50739010 -165.89093406 -141.12384615
1205 -153.62976648 -166.02260989 -141.23692307
1206 -153.75214285 -166.15428571 -141.35000000
1207 -153.87451923 -166.28596153 -141.46307692
1208 -153.99689560 -166.41763736 -141.57615384
1209 -154.11927197 -166.54931318 -141.68923076
1210 -154.24164835 -166.68098901 -141.80230769
1211 -154.36402472 -166.81266483 -141.91538461
1212 -154.48640109 -166.94434065 -142.02846153
1213 -154.60877747 -167.07601648 -142.14153846
1214 -154.73115384 -167.20769230 -142.25461538
1215 -154.85353021 -167.33936813 -142.36769230
1216 -154.97590659 -167.47104395 -142.48076923
1217 -155.09828296 -167.60271978 -142.59384615
1218 -155.22065934 -167.73439560 -142.70692307
1219 -155.34303571 -167.86607142 -142.82000000
1220 -155.46541208 -167.99774725 -142.93307692
1221 -155.58778846 -168.12942307 -143.04615384
1222 -155.71016483 -168.26109890 -143.15923076
1223 -155.83254120 -168.39277472 -143.27230769
1224 -155.95491758 -168.52445054 -143.38538461
1225 -156.07729395 -168.65612637 -143.49846153
1226 -156.19967032 -168.78780219 -143.61153846
1227 -156.32204670 -168.91947802 -143.72461538
1228 -156.44442307 -169.05115384 -143.83769230
1229 -156.56679945 -169.18282967 -143.95076923
1230 -156.68917582 -169.31450549 -144.06384615
1231 -156.81155219 -169.44618131 -144.17692307
1232 -156.93392857 -169.57785714 -144.29000000
1233 -157.05630494 -169.70953296 -144.40307692
1234 -157.17868131 -169.84120879 -144.51615384
1235 -157.30105769 -169.97288461 -144.62923076
1236 -157.42343406 -170.10456043 -144.74230769
1237 -157.54581043 -170.23623626 -144.85538461
1238 -157.66818681 -170.36791208 -144.96846153
1239 -157.79056318 -170.49958791 -145.08153846
1240 -157.91293956 -170.63126373 -145.19461538
1241 -158.03531593 -170.76293956 -145.30769230
1242 -158.15769230 -170.89461538 -145.42076923
1243 -158.28006868 -171.02629120 -145.53384615
1244 -158.40244505 -171.15796703 -145.64692307
1245 -158.52482142 -171.28964285 -145.76000000
1246 -158.64719780 -171.42131868 -145.87307692
1247 -158.76957417 -171.55299450 -145.98615384
1248 -158.89195054 -171.68467032 -146.09923076
1249 -159.01432692 -171.81634615 -146.21230769
1250 -159.13670329 -171.94802197 -146.32538461
1251 -159.25907967 -172.07969780 -146.43846153
1252 -159.38145604 -172.21137362 -146.55153846
1253 -159.50383241 -172.34304945 -146.66461538
1254 -159.62620879 -172.47472527 -146.77769230
1255 -159.74858516 -172.60640109 -146.89076923
1256 -159.87096153 -172.73807692 -147.00384615
1257 -159.99333791 -172.86975274 -147.11692307
1258 -160.11571428 -173.00142857 -147.23000000
1259 -160.23809065 -173.13310439 -147.34307692
1260 -160.36046703 -173.26478021 -147.45615384
1261 -160.48284340 -173.39645604 -147.56923076
1262 -160.60521978 -173.52813186 -147.68230769
1263 -160.72759615 -173.65980769 -147.79538461
1264 -160.84997252 -173.79148351 -147.90846153
1265 -160.97234890 -173.92315934 -148.02153846
1266 -161.09472527 -174.05483516 -148.13461538
1267 -161.21710164 -174.18651098 -148.24769230
1268 -161.33947802 -174.31818681 -148.36076923
1269 -161.46185439 -174.44986263 -148.47384615
1270 -161.58423076 -174.58153846 -148.58692307
1271 -161.70660714 -174.71321428 -148.70000000
1272 -161.82898351 -174.84489010 -148.81307692
1273 -161.95135989 -174.97656593 -148.92615384
1274 -162.07373626 -175.10824175 -149.03923076
1275 -162.19611263 -175.23991758 -149.15230769
1276 -162.31848901 -175.37159340 -149.26538461
1277 -162.44086538 -175.50326923 -149.37846153
1278 -162.56324175 -175.63494505 -149.49153846
1279 -162.68561813 -175.76662087 -149.60461538
1280 -162.80799450 -175.89829670 -149.71769230
1281 -162.93037087 -176.02997252 -149.83076923
1282 -163.05274725 -176.16164835 -149.94384615
1283 -163.17512362 -176.29332417 -150.05692307
1284 -163.29750000 -176.42500000 -150.17000000
1285 -163.41987637 -176.55667582 -150.28307692
1286 -163.54225274 -176.68835164 -150.39615384
1287 -163.66462912 -176.82002747 -150.50923076
1288 -163.78700549 -176.95170329 -150.62230769
1289 -163.90938186 -177.08337912 -150.73538461
1290 -164.03175824 -177.21505494 -150.84846153
1291 -164.15413461 -177.34673076 -150.96153846
1292 -164.27651098 -177.47840659 -151.07461538
1293 -164.39888736 -177.61008241 -151.18769230
1294 -164.52126373 -177.74175824 -151.30076923
1295 -164.64364010 -177.87343406 -151.41384615
1296 -164.76601648 -178.00510989 -151.52692307
1297 -164.88839285 -178.13678571 -151.64000000
1298 -165.01076923 -178.26846153 -151.75307692
1299 -165.13314560 -178.40013736 -151.86615384
1300 -165.25552197 -178.53181318 -151.97923076
1301 -165.37789835 -178.66348901 -152.09230769
1302 -165.50027472 -178.79516483 -152.20538461
1303 -165.62265109 -178.92684065 -152.31846153
1304 -165.74502747 -179.05851648 -152.43153846
1305 -165.86740384 -179.19019230 -152.54461538
1306 -165.98978021 -179.32186813 -152.65769230
1307 -166.11215659 -179.45354395 -152.77076923
1308 -166.23453296 -179.58521978 -152.88384615
1309 -166.35690934 -179.71689560 -152.99692307
1310 -166.47928571 -179.84857142 -153.11000000
1311 -166.60166208 -179.98024725 -153.22307692
1312 -166.72403846 -180.11192307 -153.33615384
1313 -166.84641483 -180.24359890 -153.44923076
1314 -166.96879120 -180.37527472 -153.56230769
1315 -167.09116758 -180.50695054 -153.67538461
1316 -167.21354395 -180.63862637 -153.78846153
1317 -167.33592032 -180.77030219 -153.90153846
1318 -167.45829670 -180.90197802 -154.01461538
1319 -167.58067307 -181.03365384 -154.12769230
1320 -167.70304945 -181.16532967 -154.24076923
1321 -167.82542582 -181.29700549 -154.35384615
1322 -167.94780219 -181.42868131 -154.46692307
1323 -168.07017857 -181.56035714 -154.58000000
1324 -168.19255494 -181.69203296 -154.69307692
1325 -168.31493131 -181.82370879 -154.80615384
1326 -168.43730769 -181.95538461 -154.91923076
1327 -168.55968406 -182.08706043 -155.03230769
1328 -168.68206043 -182.21873626 -155.14538461
1329 -168.80443681 -182.35041208 -155.25846153
1330 -168.92681318 -182.48208791 -155.37153846
1331 -169.04918956 -182.61376373 -155.48461538
1332 -169.17156593 -182.74543956 -155.59769230
1333 -169.29394230 -182.87711538 -155.71076923
1334 -169.41631868 -183.00879120 -155.82384615
1335 -169.53869505 -183.14046703 -155.93692307
1336 -169.66107142 -183.27214285 -156.05000000
1337 -169.78344780 -183.40381868 -156.16307692
1338 -169.90582417 -183.53549450 -156.27615384
1339 -170.02820054 -183.66717032 -156.38923076
1340 -170.15057692 -183.79884615 -156.50230769
1341 -170.27295329 -183.93052197 -156.61538461
1342 -170.39532967 -184.06219780 -156.72846153
1343 -170.51770604 -184.19387362 -156.84153846
1344 -170.64008241 -184.32554945 -156.95461538
1345 -170.76245879 -184.45722527 -157.06769230
1346 -170.88483516 -184.58890109 -157.18076923
1347 -171.00721153 -184.72057692 -157.29384615
1348 -171.12958791 -184.85225274 -157.40692307
1349 -171.25196428 -184.98392857 -157.52000000
1350 -171.37434065 -185.11560439 -157.63307692
1351 -171.49671703 -185.24728021 -157.74615384
1352 -171.61909340 -185.37895604 -157.85923076
1353 -171.74146978 -185.51063186 -157.97230769
1354 -171.86384615 -185.64230769 -158.08538461
1355 -171.98622252 -185.77398351 -158.19846153
1356 -172.10859890 -185.90565934 -158.31153846
1357 -172.23097527 -186.03733516 -158.42461538
1358 -172.35335164 -186.16901098 -158.53769230
1359 -172.47572802 -186.30068681 -158.65076923
1360 -172.59810439 -186.43236263 -158.76384615
1361 -172.72048076 -186.56403846 -158.87692307
1362 -172.84285714 -186.69571428 -158.99000000
1363 -172.96523351 -186.82739010 -159.10307692
1364 -173.08760989 -186.95906593 -159.21615384
1365 -173.20998626 -187.09074175 -159.32923076
1366 -173.33236263 -187.22241758 -159.44230769
1367 -173.45473901 -187.35409340 -159.55538461
1368 -173.57711538 -187.48576923 -159.66846153
1369 -173.69949175 -187.61744505 -159.78153846
1370 -173.82186813 -187.74912087 -159.89461538
1371 -173.94424450 -187.88079670 -160.00769230
1372 -174.06662087 -188.01247252 -160.12076923
1373 -174.18899725 -188.14414835 -160.23384615
1374 -174.31137362 -188.27582417 -160.34692307
1375 -174.43375000 -188.40750000 -160.46000000
1376 -174.55612637 -188.53917582 -160.57307692
1377 -174.67850274 -188.67085164 -160.68615384
1378 -174.80087912 -188.80252747 -160.79923076
1379 -174.92325549 -188.93420329 -160.91230769
1380 -175.04563186 -189.06587912 -161.02538461
1381 -175.16800824 -189.19755494 -161.13846153
1382 -175.29038461 -189.32923076 -161.25153846
1383 -175.41276098 -189.46090659 -161.36461538
1384 -175.53513736 -189.59258241 -161.47769230
1385 -175.65751373 -189.72425824 -161.59076923
1386 -175.77989010 -189.85593406 -161.70384615
1387 -175.90226648 -189.98760989 -161.81692307
1388 -176.02464285 -190.11928571 -161.93000000
1389 -176.14701923 -190.25096153 -162.04307692
1390 -176.26939560 -190.38263736 -162.15615384
1391 -176.39177197 -190.51431318 -162.26923076
1392 -176.51414835 -190.64598901 -162.38230769
1393 -176.63652472 -190.77766483 -162.49538461
1394 -176.75890109 -190.90934065 -162.60846153
1395 -176.88127747 -191.04101648 -162.72153846
1396 -177.00365384 -191.17269230 -162.83461538
1397 -177.12603021 -191.30436813 -162.94769230
1398 -177.24840659 -191.43604395 -163.06076923
1399 -177.37078296 -191.56771978 -163.17384615
1400 -177.49315934 -191.69939560 -163.28692307
1401 -177.61553571 -191.83107142 -163.40000000
1402 -177.73791208 -191.96274725 -163.51307692
1403 -177.86028846 -192.09442307 -163.62615384
1404 -177.98266483 -192.22609890 -163.73923076
1405 -178.10504120 -192.35777472 -163.85230769
1406 -178.22741758 -192.48945054 -163.96538461
1407 -178.34979395 -192.62112637 -164.07846153
1408 -178.47217032 -192.75280219 -164.19153846
1409 -178.59454670 -192.88447802 -164.30461538
1410 -178.71692307 -193.01615384 -164.41769230
1411 -178.83929945 -193.14782967 -164.53076923
1412 -178.96167582 -193.27950549 -164.64384615
1413 -179.08405219 -193.41118131 -164.75692307
1414 -179.20642857 -193.54285714 -164.87000000
1415 -179.32880494 -193.67453296 -164.98307692
1416 -179.45118131 -193.80620879 -165.09615384
1417 -179.57355769 -193.93788461 -165.20923076
1418 -179.69593406 -194.06956043 -165.32230769
1419 -179.81831043 -194.20123626 -165.43538461
1420 -179.94068681 -194.33291208 -165.54846153
1421 -180.06306318 -194.46458791 -165.66153846
1422 -180.18543956 -194.59626373 -165.77461538
1423 -180.30781593 -194.72793956 -165.88769230
1424 -180.43019230 -194.85961538 -166.00076923
1425 -180.55256868 -194.99129120 -166.11384615
1426 -180.67494505 -195.12296703 -166.22692307
1427 -180.79732142 -195.25464285 -166.34000000
1428 -180.91969780 -195.38631868 -166.45307692
1429 -181.04207417 -195.51799450 -166.56615384
1430 -181.16445054 -195.64967032 -166.67923076
1431 -181.28682692 -195.78134615 -166.79230769
1432 -181.40920329 -195.91302197 -166.90538461
1433 -181.53157967 -196.04469780 -167.01846153
1434 -181.65395604 -196.17637362 -167.13153846
1435 -181.77633241 -196.30804945 -167.24461538
1436 -181.89870879 -196.43972527 -167.35769230
1437 -182.02108516 -196.57140109 -167.47076923
1438 -182.14346153 -196.70307692 -167.58384615
1439 -182.26583791 -196.83475274 -167.69692307
1440 -182.38821428 -196.96642857 -167.81000000
1441 -182.51059065 -197.09810439 -167.92307692
1442 -182.63296703 -197.22978021 -168.03615384
1443 -182.75534340 -197.36145604 -168.14923076
1444 -182.87771978 -197.49313186 -168.26230769
1445 -183.00009615 -197.62480769 -168.37538461
1446 -183.12247252 -197.75648351 -168.48846153
1447 -183.24484890 -197.88815934 -168.60153846
1448 -183.36722527 -198.01983516 -168.71461538
1449 -183.48960164 -198.15151098 -168.82769230
1450 -183.61197802 -198.28318681 -168.94076923
1451 -183.73435439 -198.41486263 -169.05384615
1452 -183.85673076 -198.54653846 -169.16692307
1453 -183.97910714 -198.67821428 -169.28000000
1454 -184.10148351 -198.80989010 -169.39307692
1455 -184.22385989 -198.94156593 -169.50615384
1456 -184.34623626 -199.07324175 -169.61923076
1457 -184.46861263 -199.20491758 -169.73230769
1458 -184.59098901 -199.33659340 -169.84538461
1459 -184.71336538 -199.46826923 -169.95846153
1460 -184.83574175 -199.59994505 -170.07153846
1461 -184.95811813 -199.73162087 -170.18461538
1462 -185.08049450 -199.86329670 -170.29769230
1463 -185.20287087 -199.99497252 -170.41076923
1464 -185.32524725 -200.12664835 -170.52384615
1465 -185.44762362 -200.25832417 -170.63692307
1466 -185.57000000 -200.39000000 -170.75000000
1467 -185.71167582 -200.53730769 -170.88604395
1468 -185.85335164 -200.68461538 -171.02208791
1469 -185.99502747 -200.83192307 -171.15813186
1470 -186.13670329 -200.97923076 -171.29417582
1471 -186.27837912 -201.12653846 -171.43021978
1472 -186.42005494 -201.27384615 -171.56626373
1473 -186.56173076 -201.42115384 -171.70230769
1474 -186.70340659 -201.56846153 -171.83835164
1475 -186.84508241 -201.71576923 -171.97439560
1476 -186.98675824 -201.86307692 -172.11043956
1477 -187.12843406 -202.01038461 -172.24648351
1478 -187.27010989 -202.15769230 -172.38252747
1479 -187.41178571 -202.30500000 -172.51857142
1480 -187.55346153 -202.45230769 -172.65461538
1481 -187.69513736 -202.59961538 -172.79065934
1482 -187.83681318 -202.74692307 -172.92670329
1483 -187.97848901 -202.89423076 -173.06274725
1484 -188.12016483 -203.04153846 -173.19879120
1485 -188.26184065 -203.18884615 -173.33483516
1486 -188.40351648 -203.33615384 -173.47087912
1487 -188.54519230 -203.48346153 -173.60692307
1488 -188.68686813 -203.63076923 -173.74296703
1489 -188.82854395 -203.77807692 -173.87901098
1490 -188.97021978 -203.92538461 -174.01505494
1491 -189.11189560 -204.07269230 -174.15109890
1492 -189.25357142 -204.22000000 -174.28714285
1493 -189.39524725 -204.36730769 -174.42318681
1494 -189.53692307 -204.51461538 -174.55923076
1495 -189.67859890 -204.66192307 -174.69527472
1496 -189.82027472 -204.80923076 -174.83131868
1497 -189.96195054 -204.95653846 -174.96736263
1498 -190.10362637 -205.10384615 -175.10340659
1499 -190.24530219 -205.25115384 -175.23945054
1500 -190.38697802 -205.39846153 -175.37549450
1501 -190.52865384 -205.54576923 -175.51153846
1502 -190.67032967 -205.69307692 -175.64758241
1503 -190.81200549 -205.84038461 -175.78362637
1504 -190.95368131 -205.98769230 -175.91967032
1505 -191.09535714 -206.13500000 -176.05571428
1506 -191.23703296 -206.28230769 -176.19175824
1507 -191.37870879 -206.42961538 -176.32780219
1508 -191.52038461 -206.57692307 -176.46384615
1509 -191.66206043 -206.72423076 -176.59989010
1510 -191.80373626 -206.87153846 -176.73593406
1511 -191.94541208 -207.01884615 -176.87197802
1512 -192.08708791 -207.16615384 -177.00802197
1513 -192.22876373 -207.31346153 -177.14406593
1514 -192.37043956 -207.46076923 -177.28010989
1515 -192.51211538 -207.60807692 -177.41615384
1516 -192.65379120 -207.75538461 -177.55219780
1517 -192.79546703 -207.90269230 -177.68824175
1518 -192.93714285 -208.05000000 -177.82428571
1519 -193.07881868 -208.19730769 -177.96032967
1520 -193.22049450 -208.34461538 -178.09637362
1521 -193.36217032 -208.49192307 -178.23241758
1522 -193.50384615 -208.63923076 -178.36846153
1523 -193.64552197 -208.78653846 -178.50450549
1524 -193.78719780 -208.93384615 -178.64054945
1525 -193.92887362 -209.08115384 -178.77659340
1526 -194.07054945 -209.22846153 -178.91263736
1527 -194.21222527 -209.37576923 -179.04868131
1528 -194.35390109 -209.52307692 -179.18472527
1529 -194.49557692 -209.67038461 -179.32076923
1530 -194.63725274 -209.81769230 -179.45681318
1531 -194.77892857 -209.96500000 -179.59285714
1532 -194.92060439 -210.11230769 -179.72890109
1533 -195.06228021 -210.25961538 -179.86494505
1534 -195.20395604 -210.40692307 -180.00098901
1535 -195.34563186 -210.55423076 -180.13703296
1536 -195.48730769 -210.70153846 -180.27307692
1537 -195.62898351 -210.84884615 -180.40912087
1538 -195.77065934 -210.99615384 -180.54516483
1539 -195.91233516 -211.14346153 -180.68120879
1540 -196.05401098 -211.29076923 -180.81725274
1541 -196.19568681 -211.43807692 -180.95329670
1542 -196.33736263 -211.58538461 -181.08934065
1543 -196.47903846 -211.73269230 -181.22538461
1544 -196.62071428 -211.88000000 -181.36142857
1545 -196.76239010 -212.02730769 -181.49747252
1546 -196.90406593 -212.17461538 -181.63351648
1547 -197.04574175 -212.32192307 -181.76956043
1548 -197.18741758 -212.46923076 -181.90560439
1549 -197.32909340 -212.61653846 -182.04164835
1550 -197.47076923 -212.76384615 -182.17769230
1551 -197.61244505 -212.91115384 -182.31373626
1552 -197.75412087 -213.05846153 -182.44978021
1553 -197.89579670 -213.20576923 -182.58582417
1554 -198.03747252 -213.35307692 -182.72186813
1555 -198.17914835 -213.50038461 -182.85791208
1556 -198.32082417 -213.64769230 -182.99395604
1557 -198.46250000 -213.79500000 -183.13000000
1558 -198.60417582 -213.94230769 -183.26604395
1559 -198.74585164 -214.08961538 -183.40208791
1560 -198.88752747 -214.23692307 -183.53813186
1561 -199.02920329 -214.38423076 -183.67417582
1562 -199.17087912 -214.53153846 -183.81021978
1563 -199.31255494 -214.67884615 -183.94626373
1564 -199.45423076 -214.82615384 -184.08230769
1565 -199.59590659 -214.97346153 -184.21835164
1566 -199.73758241 -215.12076923 -184.35439560
1567 -199.87925824 -215.26807692 -184.49043956
1568 -200.02093406 -215.41538461 -184.62648351
1569 -200.16260989 -215.56269230 -184.76252747
1570 -200.30428571 -215.71000000 -184.89857142
1571 -200.44596153 -215.85730769 -185.03461538
1572 -200.58763736 -216.00461538 -185.17065934
1573 -200.72931318 -216.15192307 -185.30670329
1574 -200.87098901 -216.29923076 -185.44274725
1575 -201.01266483 -216.44653846 -185.57879120
1576 -201.15434065 -216.59384615 -185.71483516
1577 -201.29601648 -216.74115384 -185.85087912
1578 -201.43769230 -216.88846153 -185.98692307
1579 -201.57936813 -217.03576923 -186.12296703
1580 -201.72104395 -217.18307692 -186.25901098
1581 -201.86271978 -217.33038461 -186.39505494
1582 -202.00439560 -217.47769230 -186.53109890
1583 -202.14607142 -217.62500000 -186.66714285
1584 -202.28774725 -217.77230769 -186.80318681
1585 -202.42942307 -217.91961538 -186.93923076
1586 -202.57109890 -218.06692307 -187.07527472
1587 -202.71277472 -218.21423076 -187.21131868
1588 -202.85445054 -218.36153846 -187.34736263
1589 -202.99612637 -218.50884615 -187.48340659
1590 -203.13780219 -218.65615384 -187.61945054
1591 -203.27947802 -218.80346153 -187.75549450
1592 -203.42115384 -218.95076923 -187.89153846
1593 -203.56282967 -219.09807692 -188.02758241
1594 -203.70450549 -219.24538461 -188.16362637
1595 -203.84618131 -219.39269230 -188.29967032
1596 -203.98785714 -219.54000000 -188.43571428
1597 -204.12953296 -219.68730769 -188.57175824
1598 -204.27120879 -219.83461538 -188.70780219
1599 -204.41288461 -219.98192307 -188.84384615
1600 -204.55456043 -220.12923076 -188.97989010
1601 -204.69623626 -220.27653846 -189.11593406
1602 -204.83791208 -220.42384615 -189.25197802
1603 -204.97958791 -220.57115384 -189.38802197
1604 -205.12126373 -220.71846153 -189.52406593
1605 -205.26293956 -220.86576923 -189.66010989
1606 -205.40461538 -221.01307692 -189.79615384
1607 -205.54629120 -221.16038461 -189.93219780
1608 -205.68796703 -221.30769230 -190.06824175
1609 -205.82964285 -221.45500000 -190.20428571
1610 -205.97131868 -221.60230769 -190.34032967
1611 -206.11299450 -221.74961538 -190.47637362
1612 -206.25467032 -221.89692307 -190.61241758
1613 -206.39634615 -222.04423076 -190.74846153
1614 -206.53802197 -222.19153846 -190.88450549
1615 -206.67969780 -222.33884615 -191.02054945
1616 -206.82137362 -222.48615384 -191.15659340
1617 -206.96304945 -222.63346153 -191.29263736
1618 -207.10472527 -222.78076923 -191.42868131
1619 -207.24640109 -222.92807692 -191.56472527
1620 -207.38807692 -223.07538461 -191.70076923
1621 -207.52975274 -223.22269230 -191.83681318
1622 -207.67142857 -223.37000000 -191.97285714
1623 -207.81310439 -223.51730769 -192.10890109
1624 -207.95478021 -223.66461538 -192.24494505
1625 -208.09645604 -223.81192307 -192.38098901
1626 -208.23813186 -223.95923076 -192.51703296
1627 -208.37980769 -224.10653846 -192.65307692
1628 -208.52148351 -224.25384615 -192.78912087
1629 -208.66315934 -224.40115384 -192.92516483
1630 -208.80483516 -224.54846153 -193.06120879
1631 -208.94651098 -224.69576923 -193.19725274
1632 -209.08818681 -224.84307692 -193.33329670
1633 -209.22986263 -224.99038461 -193.46934065
1634 -209.37153846 -225.13769230 -193.60538461
1635 -209.51321428 -225.28500000 -193.74142857
1636 -209.65489010 -225.43230769 -193.87747252
1637 -209.79656593 -225.57961538 -194.01351648
1638 -209.93824175 -225.72692307 -194.14956043
1639 -210.07991758 -225.87423076 -194.28560439
1640 -210.22159340 -226.02153846 -194.42164835
1641 -210.36326923 -226.16884615 -194.55769230
1642 -210.50494505 -226.31615384 -194.69373626
1643 -210.64662087 -226.46346153 -194.82978021
1644 -210.78829670 -226.61076923 -194.96582417
1645 -210.92997252 -226.75807692 -195.10186813
1646 -211.07164835 -226.90538461 -195.23791208
1647 -211.21332417 -227.05269230 -195.37395604
1648 -211.35500000 -227.20000000 -195.51000000
1649 -211.49667582 -227.34730769 -195.64604395
1650 -211.63835164 -227.49461538 -195.78208791
1651 -211.78002747 -227.64192307 -195.91813186
1652 -211.92170329 -227.78923076 -196.05417582
1653 -212.06337912 -227.93653846 -196.19021978
1654 -212.20505494 -228.08384615 -196.32626373
1655 -212.34673076 -228.23115384 -196.46230769
1656 -212.48840659 -228.37846153 -196.59835164
1657 -212.63008241 -228.52576923 -196.73439560
1658 -212.77175824 -228.67307692 -196.87043956
1659 -212.91343406 -228.82038461 -197.00648351
1660 -213.05510989 -228.96769230 -197.14252747
1661 -213.19678571 -229.11500000 -197.27857142
1662 -213.33846153 -229.26230769 -197.41461538
1663 -213.48013736 -229.40961538 -197.55065934
1664 -213.62181318 -229.55692307 -197.68670329
1665 -213.76348901 -229.70423076 -197.82274725
1666 -213.90516483 -229.85153846 -197.95879120
1667 -214.04684065 -229.99884615 -198.09483516
1668 -214.18851648 -230.14615384 -198.23087912
1669 -214.33019230 -230.29346153 -198.36692307
1670 -214.47186813 -230.44076923 -198.50296703
1671 -214.61354395 -230.58807692 -198.63901098
1672 -214.75521978 -230.73538461 -198.77505494
1673 -214.89689560 -230.88269230 -198.91109890
1674 -215.03857142 -231.03000000 -199.04714285
1675 -215.18024725 -231.17730769 -199.18318681
1676 -215.32192307 -231.32461538 -199.31923076
1677 -215.46359890 -231.47192307 -199.45527472
1678 -215.60527472 -231.61923076 -199.59131868
1679 -215.74695054 -231.76653846 -199.72736263
1680 -215.88862637 -231.91384615 -199.86340659
1681 -216.03030219 -232.06115384 -199.99945054
1682 -216.17197802 -232.20846153 -200.13549450
1683 -216.31365384 -232.35576923 -200.27153846
1684 -216.45532967 -232.50307692 -200.40758241
1685 -216.59700549 -232.65038461 -200.54362637
1686 -216.73868131 -232.79769230 -200.67967032
1687 -216.88035714 -232.94500000 -200.81571428
1688 -217.02203296 -233.09230769 -200.95175824
1689 -217.16370879 -233.23961538 -201.08780219
1690 -217.30538461 -233.38692307 -201.22384615
1691 -217.44706043 -233.53423076 -201.35989010
1692 -217.58873626 -233.68153846 -201.49593406
1693 -217.73041208 -233.82884615 -201.63197802
1694 -217.87208791 -233.97615384 -201.76802197
1695 -218.01376373 -234.12346153 -201.90406593
1696 -218.15543956 -234.27076923 -202.04010989
1697 -218.29711538 -234.41807692 -202.17615384
1698 -218.43879120 -234.56538461 -202.31219780
1699 -218.58046703 -234.71269230 -202.44824175
1700 -218.72214285 -234.86000000 -202.58428571
1701 -218.86381868 -235.00730769 -202.72032967
1702 -219.00549450 -235.15461538 -202.85637362
1703 -219.14717032 -235.30192307 -202.99241758
1704 -219.28884615 -235.44923076 -203.12846153
1705 -219.43052197 -235.59653846 -203.26450549
1706 -219.57219780 -235.74384615 -203.40054945
1707 -219.71387362 -235.89115384 -203.53659340
1708 -219.85554945 -236.03846153 -203.67263736
1709 -219.99722527 -236.18576923 -203.80868131
1710 -220.13890109 -236.33307692 -203.94472527
1711 -220.28057692 -236.48038461 -204.08076923
1712 -220.42225274 -236.62769230 -204.21681318
1713 -220.56392857 -236.77500000 -204.35285714
1714 -220.70560439 -236.92230769 -204.48890109
1715 -220.84728021 -237.06961538 -204.62494505
1716 -220.98895604 -237.21692307 -204.76098901
1717 -221.13063186 -237.36423076 -204.89703296
1718 -221.27230769 -237.51153846 -205.03307692
1719 -221.41398351 -237.65884615 -205.16912087
1720 -221.55565934 -237.80615384 -205.30516483
1721 -221.69733516 -237.95346153 -205.44120879
1722 -221.83901098 -238.10076923 -205.57725274
1723 -221.98068681 -238.24807692 -205.71329670
1724 -222.12236263 -238.39538461 -205.84934065
1725 -222.26403846 -238.54269230 -205.98538461
1726 -222.40571428 -238.69000000 -206.12142857
1727 -222.54739010 -238.83730769 -206.25747252
1728 -222.68906593 -238.98461538 -206.39351648
1729 -222.83074175 -239.13192307 -206.52956043
1730 -222.97241758 -239.27923076 -206.66560439
1731 -223.11409340 -239.42653846 -206.80164835
1732 -223.25576923 -239.57384615 -206.93769230
1733 -223.39744505 -239.72115384 -207.07373626
1734 -223.53912087 -239.86846153 -207.20978021
1735 -223.68079670 -240.01576923 -207.34582417
1736 -223.82247252 -240.16307692 -207.48186813
1737 -223.96414835 -240.31038461 -207.61791208
1738 -224.10582417 -240.45769230 -207.75395604
1739 -224.24750000 -240.60500000 -207.89000000
1740 -224.38917582 -240.75230769 -208.02604395
1741 -224.53085164 -240.89961538 -208.16208791
1742 -224.67252747 -241.04692307 -208.29813186
1743 -224.81420329 -241.19423076 -208.43417582
1744 -224.95587912 -241.34153846 -208.57021978
1745 -225.09755494 -241.48884615 -208.70626373
1746 -225.23923076 -241.63615384 -208.84230769
1747 -225.38090659 -241.78346153 -208.97835164
1748 -225.52258241 -241.93076923 -209.11439560
1749 -225.66425824 -242.07807692 -209.25043956
1750 -225.80593406 -242.22538461 -209.38648351
1751 -225.94760989 -242.37269230 -209.52252747
1752 -226.08928571 -242.52000000 -209.65857142
1753 -226.23096153 -242.66730769 -209.79461538
1754 -226.37263736 -242.81461538 -209.93065934
1755 -226.51431318 -242.96192307 -210.06670329
1756 -226.65598901 -243.10923076 -210.20274725
1757 -226.79766483 -243.25653846 -210.33879120
1758 -226.93934065 -243.40384615 -210.47483516
1759 -227.08101648 -243.55115384 -210.61087912
1760 -227.22269230 -243.69846153 -210.74692307
1761 -227.36436813 -243.84576923 -210.88296703
1762 -227.50604395 -243.99307692 -211.01901098
1763 -227.64771978 -244.14038461 -211.15505494
1764 -227.78939560 -244.28769230 -211.29109890
1765 -227.93107142 -244.43500000 -211.42714285
1766 -228.07274725 -244.58230769 -211.56318681
1767 -228.21442307 -244.72961538 -211.69923076
1768 -228.35609890 -244.87692307 -211.83527472
1769 -228.49777472 -245.02423076 -211.97131868
1770 -228.63945054 -245.17153846 -212.10736263
1771 -228.78112637 -245.31884615 -212.24340659
1772 -228.92280219 -245.46615384 -212.37945054
1773 -229.06447802 -245.61346153 -212.51549450
1774 -229.20615384 -245.76076923 -212.65153846
1775 -229.34782967 -245.90807692 -212.78758241
1776 -229.48950549 -246.05538461 -212.92362637
1777 -229.63118131 -246.20269230 -213.05967032
1778 -229.77285714 -246.35000000 -213.19571428
1779 -229.91453296 -246.49730769 -213.33175824
1780 -230.05620879 -246.64461538 -213.46780219
1781 -230.19788461 -246.79192307 -213.60384615
1782 -230.33956043 -246.93923076 -213.73989010
1783 -230.48123626 -247.08653846 -213.87593406
1784 -230.62291208 -247.23384615 -214.01197802
1785 -230.76458791 -247.38115384 -214.14802197
1786 -230.90626373 -247.52846153 -214.28406593
1787 -231.04793956 -247.67576923 -214.42010989
1788 -231.18961538 -247.82307692 -214.55615384
1789 -231.33129120 -247.97038461 -214.69219780
1790 -231.47296703 -248.11769230 -214.82824175
1791 -231.61464285 -248.26500000 -214.96428571
1792 -231.75631868 -248.41230769 -215.10032967
1793 -231.89799450 -248.55961538 -215.23637362
1794 -232.03967032 -248.70692307 -215.37241758
1795 -232.18134615 -248.85423076 -215.50846153
1796 -232.32302197 -249.00153846 -215.64450549
1797 -232.46469780 -249.14884615 -215.78054945
1798 -232.60637362 -249.29615384 -215.91659340
1799 -232.74804945 -249.44346153 -216.05263736
1800 -232.88972527 -249.59076923 -216.18868131
1801 -233.03140109 -249.73807692 -216.32472527
1802 -233.17307692 -249.88538461 -216.46076923
1803 -233.31475274 -250.03269230 -216.59681318
1804 -233.45642857 -250.18000000 -216.73285714
1805 -233.59810439 -250.32730769 -216.86890109
1806 -233.73978021 -250.47461538 -217.00494505
1807 -233.88145604 -250.62192307 -217.14098901
1808 -234.02313186 -250.76923076 -217.27703296
1809 -234.16480769 -250.91653846 -217.41307692
1810 -234.30648351 -251.06384615 -217.54912087
1811 -234.44815934 -251.21115384 -217.68516483
1812 -234.58983516 -251.35846153 -217.82120879
1813 -234.73151098 -251.50576923 -217.95725274
1814 -234.87318681 -251.65307692 -218.09329670
1815 -235.01486263 -251.80038461 -218.22934065
1816 -235.15653846 -251.94769230 -218.36538461
1817 -235.29821428 -252.09500000 -218.50142857
1818 -235.43989010 -252.24230769 -218.63747252
1819 -235.58156593 -252.38961538 -218.77351648
1820 -235.72324175 -252.53692307 -218.90956043
1821 -235.86491758 -252.68423076 -219.04560439
1822 -236.00659340 -252.83153846 -219.18164835
1823 -236.14826923 -252.97884615 -219.31769230
1824 -236.28994505 -253.12615384 -219.45373626
1825 -236.43162087 -253.27346153 -219.58978021
1826 -236.57329670 -253.42076923 -219.72582417
1827 -236.71497252 -253.56807692 -219.86186813
1828 -236.85664835 -253.71538461 -219.99791208
1829 -236.99832417 -253.86269230 -220.13395604
1830 -237.14000000 -254.01000000 -220.27000000
