1 -1.15966667 -1.18533333 -1.13400000
2 -1.15966667 -1.18533333 -1.13400000
3 -1.15966667 -1.18533333 -1.13400000
4 0.00000000 0.00000000 0.00000000
5 -0.82800000 -0.84300000 -0.81300000
6 -1.66033333 -1.67716666 -1.64350000
7 -2.49266666 -2.51133333 -2.47400000
8 -3.32500000 -3.34550000 -3.30450000
9 -4.15733333 -4.17966666 -4.13500000
10 -4.98966666 -5.01383333 -4.96550000
11 -5.82200000 -5.84800000 -5.79600000
12 -6.65235714 -6.70928571 -6.59542857
13 -7.48271428 -7.57057142 -7.39485714
14 -8.31307142 -8.43185714 -8.19428571
15 -9.14342857 -9.29314285 -8.99371428
16 -9.97378571 -10.15442857 -9.79314285
17 -10.80414285 -11.01571428 -10.59257142
18 -11.63450000 -11.87700000 -11.39200000
19 -12.47271428 -12.68728571 -12.25814285
20 -13.31092857 -13.49757142 -13.12428571
21 -14.14914285 -14.30785714 -13.99042857
22 -14.98735714 -15.11814285 -14.85657142
23 -15.82557142 -15.92842857 -15.72271428
24 -16.66378571 -16.73871428 -16.58885714
25 -17.50200000 -17.54900000 -17.45500000
26 -18.34927777 -18.39955555 -18.29900000
27 -19.19655555 -19.25011111 -19.14300000
28 -20.04383333 -20.10066666 -19.98700000
29 -20.89111111 -20.95122222 -20.83100000
30 -21.73838888 -21.80177777 -21.67500000
31 -22.58566666 -22.65233333 -22.51900000
32 -23.43294444 -23.50288888 -23.36300000
33 -24.28022222 -24.35344444 -24.20700000
34 -25.12750000 -25.20400000 -25.05100000
35 -25.95973437 -26.04131250 -25.87815625
36 -26.79196875 -26.87862500 -26.70531250
37 -27.62420312 -27.71593750 -27.53246875
38 -28.45643750 -28.55325000 -28.35962500
39 -29.28867187 -29.39056250 -29.18678125
40 -30.12090625 -30.22787500 -30.01393750
41 -30.95314062 -31.06518750 -30.84109375
42 -31.78537500 -31.90250000 -31.66825000
43 -32.61760937 -32.73981250 -32.49540625
44 -33.44984375 -33.57712500 -33.32256250
45 -34.28207812 -34.41443750 -34.14971875
46 -35.11431250 -35.25175000 -34.97687500
47 -35.94654687 -36.08906250 -35.80403125
48 -36.77878125 -36.92637500 -36.63118750
49 -37.61101562 -37.76368750 -37.45834375
50 -38.44325000 -38.60100000 -38.28550000
51 -39.27548437 -39.43831250 -39.11265625
52 -40.10771875 -40.27562500 -39.93981250
53 -40.93995312 -41.11293750 -40.76696875
54 -41.77218750 -41.95025000 -41.59412500
55 -42.60442187 -42.78756250 -42.42128125
56 -43.43665625 -43.62487500 -43.24843750
57 -44.26889062 -44.46218750 -44.07559375
58 -45.10112500 -45.29950000 -44.90275000
59 -45.93335937 -46.13681250 -45.72990625
60 -46.76559375 -46.97412500 -46.55706250
61 -47.59782812 -47.81143750 -47.38421875
62 -48.43006250 -48.64875000 -48.21137500
63 -49.26229687 -49.48606250 -49.03853125
64 -50.09453125 -50.32337500 -49.86568750
65 -50.92676562 -51.16068750 -50.69284375
66 -51.75900000 -51.99800000 -51.52000000
67 -52.58391666 -52.82733333 -52.34050000
68 -53.40883333 -53.65666666 -53.16100000
69 -54.23375000 -54.48600000 -53.98150000
70 -55.05866666 -55.31533333 -54.80200000
71 -55.88358333 -56.14466666 -55.62250000
72 -56.70850000 -56.97400000 -56.44300000
73 -57.53341666 -57.80333333 -57.26350000
74 -58.35833333 -58.63266666 -58.08400000
75 -59.18325000 -59.46200000 -58.90450000
76 -60.00816666 -60.29133333 -59.72500000
77 -60.83308333 -61.12066666 -60.54550000
78 -61.65800000 -61.95000000 -61.36600000
79 -62.48291666 -62.77933333 -62.18650000
80 -63.30783333 -63.60866666 -63.00700000
81 -64.13275000 -64.43800000 -63.82750000
82 -64.95766666 -65.26733333 -64.64800000
83 -65.78258333 -66.09666666 -65.46850000
84 -66.60750000 -66.92600000 -66.28900000
85 -67.43241666 -67.75533333 -67.10950000
86 -68.25733333 -68.58466666 -67.93000000
87 -69.08225000 -69.41400000 -68.75050000
88 -69.90716666 -70.24333333 -69.57100000
89 -70.73208333 -71.07266666 -70.39150000
90 -71.55700000 -71.90200000 -71.21200000
91 -72.38191666 -72.73133333 -72.03250000
92 -73.20683333 -73.56066666 -72.85300000
93 -74.03175000 -74.39000000 -73.67350000
94 -74.85666666 -75.21933333 -74.49400000
95 -75.68158333 -76.04866666 -75.31450000
96 -76.50650000 -76.87800000 -76.13500000
97 -77.34070000 -77.71580000 -76.96560000
98 -78.17490000 -78.55360000 -77.79620000
99 -79.00910000 -79.39140000 -78.62680000
100 -79.84330000 -80.22920000 -79.45740000
101 -80.67750000 -81.06700000 -80.28800000
102 -81.51170000 -81.90480000 -81.11860000
103 -82.34590000 -82.74260000 -81.94920000
104 -83.18010000 -83.58040000 -82.77980000
105 -84.01430000 -84.41820000 -83.61040000
106 -84.84850000 -85.25600000 -84.44100000
107 -85.68270000 -86.09380000 -85.27160000
108 -86.51690000 -86.93160000 -86.10220000
109 -87.35110000 -87.76940000 -86.93280000
110 -88.18530000 -88.60720000 -87.76340000
111 -89.01950000 -89.44500000 -88.59400000
112 -89.85370000 -90.28280000 -89.42460000
113 -90.68790000 -91.12060000 -90.25520000
114 -91.52210000 -91.95840000 -91.08580000
115 -92.35630000 -92.79620000 -91.91640000
116 -93.19050000 -93.63400000 -92.74700000
117 -94.02470000 -94.47180000 -93.57760000
118 -94.85890000 -95.30960000 -94.40820000
119 -95.69310000 -96.14740000 -95.23880000
120 -96.52730000 -96.98520000 -96.06940000
121 -97.36150000 -97.82300000 -96.90000000
122 -98.19570000 -98.66080000 -97.73060000
123 -99.02990000 -99.49860000 -98.56120000
124 -99.86410000 -100.33640000 -99.39180000
125 -100.69830000 -101.17420000 -100.22240000
126 -101.53250000 -102.01200000 -101.05300000
127 -102.35545161 -102.82974193 -101.88116129
128 -103.17840322 -103.64748387 -102.70932258
129 -104.00135483 -104.46522580 -103.53748387
130 -104.82430645 -105.28296774 -104.36564516
131 -105.64725806 -106.10070967 -105.19380645
132 -106.47020967 -106.91845161 -106.02196774
133 -107.29316129 -107.73619354 -106.85012903
134 -108.11611290 -108.55393548 -107.67829032
135 -108.93906451 -109.37167741 -108.50645161
136 -109.76201612 -110.18941935 -109.33461290
137 -110.58496774 -111.00716129 -110.16277419
138 -111.40791935 -111.82490322 -110.99093548
139 -112.23087096 -112.64264516 -111.81909677
140 -113.05382258 -113.46038709 -112.64725806
141 -113.87677419 -114.27812903 -113.47541935
142 -114.69972580 -115.09587096 -114.30358064
143 -115.52267741 -115.91361290 -115.13174193
144 -116.34562903 -116.73135483 -115.95990322
145 -117.16858064 -117.54909677 -116.78806451
146 -117.99153225 -118.36683870 -117.61622580
147 -118.81448387 -119.18458064 -118.44438709
148 -119.63743548 -120.00232258 -119.27254838
149 -120.46038709 -120.82006451 -120.10070967
150 -121.28333870 -121.63780645 -120.92887096
151 -122.10629032 -122.45554838 -121.75703225
152 -122.92924193 -123.27329032 -122.58519354
153 -123.75219354 -124.09103225 -123.41335483
154 -124.57514516 -124.90877419 -124.24151612
155 -125.39809677 -125.72651612 -125.06967741
156 -126.22104838 -126.54425806 -125.89783870
157 -127.04400000 -127.36200000 -126.72600000
158 -127.86990000 -128.20086666 -127.53893333
159 -128.69580000 -129.03973333 -128.35186666
160 -129.52170000 -129.87860000 -129.16480000
161 -130.34760000 -130.71746666 -129.97773333
162 -131.17350000 -131.55633333 -130.79066666
163 -131.99940000 -132.39520000 -131.60360000
164 -132.82530000 -133.23406666 -132.41653333
165 -133.65120000 -134.07293333 -133.22946666
166 -134.47710000 -134.91180000 -134.04240000
167 -135.30300000 -135.75066666 -134.85533333
168 -136.12890000 -136.58953333 -135.66826666
169 -136.95480000 -137.42840000 -136.48120000
170 -137.78070000 -138.26726666 -137.29413333
171 -138.60660000 -139.10613333 -138.10706666
172 -139.43250000 -139.94500000 -138.92000000
173 -140.25840000 -140.78386666 -139.73293333
174 -141.08430000 -141.62273333 -140.54586666
175 -141.91020000 -142.46160000 -141.35880000
176 -142.73610000 -143.30046666 -142.17173333
177 -143.56200000 -144.13933333 -142.98466666
178 -144.38790000 -144.97820000 -143.79760000
179 -145.21380000 -145.81706666 -144.61053333
180 -146.03970000 -146.65593333 -145.42346666
181 -146.86560000 -147.49480000 -146.23640000
182 -147.69150000 -148.33366666 -147.04933333
183 -148.51740000 -149.17253333 -147.86226666
184 -149.34330000 -150.01140000 -148.67520000
185 -150.16920000 -150.85026666 -149.48813333
186 -150.99510000 -151.68913333 -150.30106666
187 -151.82100000 -152.52800000 -151.11400000
188 -152.66946969 -153.36672727 -151.97221212
189 -153.51793939 -154.20545454 -152.83042424
190 -154.36640909 -155.04418181 -153.68863636
191 -155.21487878 -155.88290909 -154.54684848
192 -156.06334848 -156.72163636 -155.40506060
193 -156.91181818 -157.56036363 -156.26327272
194 -157.76028787 -158.39909090 -157.12148484
195 -158.60875757 -159.23781818 -157.97969696
196 -159.45722727 -160.07654545 -158.83790909
197 -160.30569696 -160.91527272 -159.69612121
198 -161.15416666 -161.75400000 -160.55433333
199 -162.00263636 -162.59272727 -161.41254545
200 -162.85110606 -163.43145454 -162.27075757
201 -163.69957575 -164.27018181 -163.12896969
202 -164.54804545 -165.10890909 -163.98718181
203 -165.39651515 -165.94763636 -164.84539393
204 -166.24498484 -166.78636363 -165.70360606
205 -167.09345454 -167.62509090 -166.56181818
206 -167.94192424 -168.46381818 -167.42003030
207 -168.79039393 -169.30254545 -168.27824242
208 -169.63886363 -170.14127272 -169.13645454
209 -170.48733333 -170.98000000 -169.99466666
210 -171.33580303 -171.81872727 -170.85287878
211 -172.18427272 -172.65745454 -171.71109090
212 -173.03274242 -173.49618181 -172.56930303
213 -173.88121212 -174.33490909 -173.42751515
214 -174.72968181 -175.17363636 -174.28572727
215 -175.57815151 -176.01236363 -175.14393939
216 -176.42662121 -176.85109090 -176.00215151
217 -177.27509090 -177.68981818 -176.86036363
218 -178.12356060 -178.52854545 -177.71857575
219 -178.97203030 -179.36727272 -178.57678787
220 -179.82050000 -180.20600000 -179.43500000
221 -180.64384482 -181.03189655 -180.25579310
222 -181.46718965 -181.85779310 -181.07658620
223 -182.29053448 -182.68368965 -181.89737931
224 -183.11387931 -183.50958620 -182.71817241
225 -183.93722413 -184.33548275 -183.53896551
226 -184.76056896 -185.16137931 -184.35975862
227 -185.58391379 -185.98727586 -185.18055172
228 -186.40725862 -186.81317241 -186.00134482
229 -187.23060344 -187.63906896 -186.82213793
230 -188.05394827 -188.46496551 -187.64293103
231 -188.87729310 -189.29086206 -188.46372413
232 -189.70063793 -190.11675862 -189.28451724
233 -190.52398275 -190.94265517 -190.10531034
234 -191.34732758 -191.76855172 -190.92610344
235 -192.17067241 -192.59444827 -191.74689655
236 -192.99401724 -193.42034482 -192.56768965
237 -193.81736206 -194.24624137 -193.38848275
238 -194.64070689 -195.07213793 -194.20927586
239 -195.46405172 -195.89803448 -195.03006896
240 -196.28739655 -196.72393103 -195.85086206
241 -197.11074137 -197.54982758 -196.67165517
242 -197.93408620 -198.37572413 -197.49244827
243 -198.75743103 -199.20162068 -198.31324137
244 -199.58077586 -200.02751724 -199.13403448
245 -200.40412068 -200.85341379 -199.95482758
246 -201.22746551 -201.67931034 -200.77562068
247 -202.05081034 -202.50520689 -201.59641379
248 -202.87415517 -203.33110344 -202.41720689
249 -203.69750000 -204.15700000 -203.23800000
250 -204.51207142 -204.98157142 -204.04257142
251 -205.32664285 -205.80614285 -204.84714285
252 -206.14121428 -206.63071428 -205.65171428
253 -206.95578571 -207.45528571 -206.45628571
254 -207.77035714 -208.27985714 -207.26085714
255 -208.58492857 -209.10442857 -208.06542857
256 -209.39950000 -209.92900000 -208.87000000
257 -210.21407142 -210.75357142 -209.67457142
258 -211.02864285 -211.57814285 -210.47914285
259 -211.84321428 -212.40271428 -211.28371428
260 -212.65778571 -213.22728571 -212.08828571
261 -213.47235714 -214.05185714 -212.89285714
262 -214.28692857 -214.87642857 -213.69742857
263 -215.10150000 -215.70100000 -214.50200000
264 -215.91607142 -216.52557142 -215.30657142
265 -216.73064285 -217.35014285 -216.11114285
266 -217.54521428 -218.17471428 -216.91571428
267 -218.35978571 -218.99928571 -217.72028571
268 -219.17435714 -219.82385714 -218.52485714
269 -219.98892857 -220.64842857 -219.32942857
270 -220.80350000 -221.47300000 -220.13400000
271 -221.61807142 -222.29757142 -220.93857142
272 -222.43264285 -223.12214285 -221.74314285
273 -223.24721428 -223.94671428 -222.54771428
274 -224.06178571 -224.77128571 -223.35228571
275 -224.87635714 -225.59585714 -224.15685714
276 -225.69092857 -226.42042857 -224.96142857
277 -226.50550000 -227.24500000 -225.76600000
278 -227.32829032 -228.06432258 -226.59225806
279 -228.15108064 -228.88364516 -227.41851612
280 -228.97387096 -229.70296774 -228.24477419
281 -229.79666129 -230.52229032 -229.07103225
282 -230.61945161 -231.34161290 -229.89729032
283 -231.44224193 -232.16093548 -230.72354838
284 -232.26503225 -232.98025806 -231.54980645
285 -233.08782258 -233.79958064 -232.37606451
286 -233.91061290 -234.61890322 -233.20232258
287 -234.73340322 -235.43822580 -234.02858064
288 -235.55619354 -236.25754838 -234.85483870
289 -236.37898387 -237.07687096 -235.68109677
290 -237.20177419 -237.89619354 -236.50735483
291 -238.02456451 -238.71551612 -237.33361290
292 -238.84735483 -239.53483870 -238.15987096
293 -239.67014516 -240.35416129 -238.98612903
294 -240.49293548 -241.17348387 -239.81238709
295 -241.31572580 -241.99280645 -240.63864516
296 -242.13851612 -242.81212903 -241.46490322
297 -242.96130645 -243.63145161 -242.29116129
298 -243.78409677 -244.45077419 -243.11741935
299 -244.60688709 -245.27009677 -243.94367741
300 -245.42967741 -246.08941935 -244.76993548
301 -246.25246774 -246.90874193 -245.59619354
302 -247.07525806 -247.72806451 -246.42245161
303 -247.89804838 -248.54738709 -247.24870967
304 -248.72083870 -249.36670967 -248.07496774
305 -249.54362903 -250.18603225 -248.90122580
306 -250.36641935 -251.00535483 -249.72748387
307 -251.18920967 -251.82467741 -250.55374193
308 -252.01200000 -252.64400000 -251.38000000
309 -252.80930645 -253.44122580 -252.17738709
310 -253.60661290 -254.23845161 -252.97477419
311 -254.40391935 -255.03567741 -253.77216129
312 -255.20122580 -255.83290322 -254.56954838
313 -255.99853225 -256.63012903 -255.36693548
314 -256.79583870 -257.42735483 -256.16432258
315 -257.59314516 -258.22458064 -256.96170967
316 -258.39045161 -259.02180645 -257.75909677
317 -259.18775806 -259.81903225 -258.55648387
318 -259.98506451 -260.61625806 -259.35387096
319 -260.78237096 -261.41348387 -260.15125806
320 -261.57967741 -262.21070967 -260.94864516
321 -262.37698387 -263.00793548 -261.74603225
322 -263.17429032 -263.80516129 -262.54341935
323 -263.97159677 -264.60238709 -263.34080645
324 -264.76890322 -265.39961290 -264.13819354
325 -265.56620967 -266.19683870 -264.93558064
326 -266.36351612 -266.99406451 -265.73296774
327 -267.16082258 -267.79129032 -266.53035483
328 -267.95812903 -268.58851612 -267.32774193
329 -268.75543548 -269.38574193 -268.12512903
330 -269.55274193 -270.18296774 -268.92251612
331 -270.35004838 -270.98019354 -269.71990322
332 -271.14735483 -271.77741935 -270.51729032
333 -271.94466129 -272.57464516 -271.31467741
334 -272.74196774 -273.37187096 -272.11206451
335 -273.53927419 -274.16909677 -272.90945161
336 -274.33658064 -274.96632258 -273.70683870
337 -275.13388709 -275.76354838 -274.50422580
338 -275.93119354 -276.56077419 -275.30161290
339 -276.72850000 -277.35800000 -276.09900000
340 -277.52785000 -278.26583333 -276.78986666
341 -278.32720000 -279.17366666 -277.48073333
342 -279.12655000 -280.08150000 -278.17160000
343 -279.92590000 -280.98933333 -278.86246666
344 -280.72525000 -281.89716666 -279.55333333
345 -281.52460000 -282.80500000 -280.24420000
346 -282.32395000 -283.71283333 -280.93506666
347 -283.12330000 -284.62066666 -281.62593333
348 -283.92265000 -285.52850000 -282.31680000
349 -284.72200000 -286.43633333 -283.00766666
350 -285.52135000 -287.34416666 -283.69853333
351 -286.32070000 -288.25200000 -284.38940000
352 -287.12005000 -289.15983333 -285.08026666
353 -287.91940000 -290.06766666 -285.77113333
354 -288.71875000 -290.97550000 -286.46200000
355 -289.51810000 -291.88333333 -287.15286666
356 -290.31745000 -292.79116666 -287.84373333
357 -291.11680000 -293.69900000 -288.53460000
358 -291.91615000 -294.60683333 -289.22546666
359 -292.71550000 -295.51466666 -289.91633333
360 -293.51485000 -296.42250000 -290.60720000
361 -294.31420000 -297.33033333 -291.29806666
362 -295.11355000 -298.23816666 -291.98893333
363 -295.91290000 -299.14600000 -292.67980000
364 -296.71225000 -300.05383333 -293.37066666
365 -297.51160000 -300.96166666 -294.06153333
366 -298.31095000 -301.86950000 -294.75240000
367 -299.11030000 -302.77733333 -295.44326666
368 -299.90965000 -303.68516666 -296.13413333
369 -300.70900000 -304.59300000 -296.82500000
370 -301.48845652 -305.36428260 -297.61263043
371 -302.26791304 -306.13556521 -298.40026086
372 -303.04736956 -306.90684782 -299.18789130
373 -303.82682608 -307.67813043 -299.97552173
374 -304.60628260 -308.44941304 -300.76315217
375 -305.38573913 -309.22069565 -301.55078260
376 -306.16519565 -309.99197826 -302.33841304
377 -306.94465217 -310.76326086 -303.12604347
378 -307.72410869 -311.53454347 -303.91367391
379 -308.50356521 -312.30582608 -304.70130434
380 -309.28302173 -313.07710869 -305.48893478
381 -310.06247826 -313.84839130 -306.27656521
382 -310.84193478 -314.61967391 -307.06419565
383 -311.62139130 -315.39095652 -307.85182608
384 -312.40084782 -316.16223913 -308.63945652
385 -313.18030434 -316.93352173 -309.42708695
386 -313.95976086 -317.70480434 -310.21471739
387 -314.73921739 -318.47608695 -311.00234782
388 -315.51867391 -319.24736956 -311.78997826
389 -316.29813043 -320.01865217 -312.57760869
390 -317.07758695 -320.78993478 -313.36523913
391 -317.85704347 -321.56121739 -314.15286956
392 -318.63650000 -322.33250000 -314.94050000
393 -319.41595652 -323.10378260 -315.72813043
394 -320.19541304 -323.87506521 -316.51576086
395 -320.97486956 -324.64634782 -317.30339130
396 -321.75432608 -325.41763043 -318.09102173
397 -322.53378260 -326.18891304 -318.87865217
398 -323.31323913 -326.96019565 -319.66628260
399 -324.09269565 -327.73147826 -320.45391304
400 -324.87215217 -328.50276086 -321.24154347
401 -325.65160869 -329.27404347 -322.02917391
402 -326.43106521 -330.04532608 -322.81680434
403 -327.21052173 -330.81660869 -323.60443478
404 -327.98997826 -331.58789130 -324.39206521
405 -328.76943478 -332.35917391 -325.17969565
406 -329.54889130 -333.13045652 -325.96732608
407 -330.32834782 -333.90173913 -326.75495652
408 -331.10780434 -334.67302173 -327.54258695
409 -331.88726086 -335.44430434 -328.33021739
410 -332.66671739 -336.21558695 -329.11784782
411 -333.44617391 -336.98686956 -329.90547826
412 -334.22563043 -337.75815217 -330.69310869
413 -335.00508695 -338.52943478 -331.48073913
414 -335.78454347 -339.30071739 -332.26836956
415 -336.56400000 -340.07200000 -333.05600000
416 -337.34345652 -340.84328260 -333.84363043
417 -338.12291304 -341.61456521 -334.63126086
418 -338.90236956 -342.38584782 -335.41889130
419 -339.68182608 -343.15713043 -336.20652173
420 -340.46128260 -343.92841304 -336.99415217
421 -341.24073913 -344.69969565 -337.78178260
422 -342.02019565 -345.47097826 -338.56941304
423 -342.79965217 -346.24226086 -339.35704347
424 -343.57910869 -347.01354347 -340.14467391
425 -344.35856521 -347.78482608 -340.93230434
426 -345.13802173 -348.55610869 -341.71993478
427 -345.91747826 -349.32739130 -342.50756521
428 -346.69693478 -350.09867391 -343.29519565
429 -347.47639130 -350.86995652 -344.08282608
430 -348.25584782 -351.64123913 -344.87045652
431 -349.03530434 -352.41252173 -345.65808695
432 -349.81476086 -353.18380434 -346.44571739
433 -350.59421739 -353.95508695 -347.23334782
434 -351.37367391 -354.72636956 -348.02097826
435 -352.15313043 -355.49765217 -348.80860869
436 -352.93258695 -356.26893478 -349.59623913
437 -353.71204347 -357.04021739 -350.38386956
438 -354.49150000 -357.81150000 -351.17150000
439 -355.27095652 -358.58278260 -351.95913043
440 -356.05041304 -359.35406521 -352.74676086
441 -356.82986956 -360.12534782 -353.53439130
442 -357.60932608 -360.89663043 -354.32202173
443 -358.38878260 -361.66791304 -355.10965217
444 -359.16823913 -362.43919565 -355.89728260
445 -359.94769565 -363.21047826 -356.68491304
446 -360.72715217 -363.98176086 -357.47254347
447 -361.50660869 -364.75304347 -358.26017391
448 -362.28606521 -365.52432608 -359.04780434
449 -363.06552173 -366.29560869 -359.83543478
450 -363.84497826 -367.06689130 -360.62306521
451 -364.62443478 -367.83817391 -361.41069565
452 -365.40389130 -368.60945652 -362.19832608
453 -366.18334782 -369.38073913 -362.98595652
454 -366.96280434 -370.15202173 -363.77358695
455 -367.74226086 -370.92330434 -364.56121739
456 -368.52171739 -371.69458695 -365.34884782
457 -369.30117391 -372.46586956 -366.13647826
458 -370.08063043 -373.23715217 -366.92410869
459 -370.86008695 -374.00843478 -367.71173913
460 -371.63954347 -374.77971739 -368.49936956
461 -372.41900000 -375.55100000 -369.28700000
462 -373.19635714 -376.32509890 -370.06761538
463 -373.97371428 -377.09919780 -370.84823076
464 -374.75107142 -377.87329670 -371.62884615
465 -375.52842857 -378.64739560 -372.40946153
466 -376.30578571 -379.42149450 -373.19007692
467 -377.08314285 -380.19559340 -373.97069230
468 -377.86050000 -380.96969230 -374.75130769
469 -378.63785714 -381.74379120 -375.53192307
470 -379.41521428 -382.51789010 -376.31253846
471 -380.19257142 -383.29198901 -377.09315384
472 -380.96992857 -384.06608791 -377.87376923
473 -381.74728571 -384.84018681 -378.65438461
474 -382.52464285 -385.61428571 -379.43500000
475 -383.30200000 -386.38838461 -380.21561538
476 -384.07935714 -387.16248351 -380.99623076
477 -384.85671428 -387.93658241 -381.77684615
478 -385.63407142 -388.71068131 -382.55746153
479 -386.41142857 -389.48478021 -383.33807692
480 -387.18878571 -390.25887912 -384.11869230
481 -387.96614285 -391.03297802 -384.89930769
482 -388.74350000 -391.80707692 -385.67992307
483 -389.52085714 -392.58117582 -386.46053846
484 -390.29821428 -393.35527472 -387.24115384
485 -391.07557142 -394.12937362 -388.02176923
486 -391.85292857 -394.90347252 -388.80238461
487 -392.63028571 -395.67757142 -389.58300000
488 -393.40764285 -396.45167032 -390.36361538
489 -394.18500000 -397.22576923 -391.14423076
490 -394.96235714 -397.99986813 -391.92484615
491 -395.73971428 -398.77396703 -392.70546153
492 -396.51707142 -399.54806593 -393.48607692
493 -397.29442857 -400.32216483 -394.26669230
494 -398.07178571 -401.09626373 -395.04730769
495 -398.84914285 -401.87036263 -395.82792307
496 -399.62650000 -402.64446153 -396.60853846
497 -400.40385714 -403.41856043 -397.38915384
498 -401.18121428 -404.19265934 -398.16976923
499 -401.95857142 -404.96675824 -398.95038461
500 -402.73592857 -405.74085714 -399.73100000
501 -403.51328571 -406.51495604 -400.51161538
502 -404.29064285 -407.28905494 -401.29223076
503 -405.06800000 -408.06315384 -402.07284615
504 -405.84535714 -408.83725274 -402.85346153
505 -406.62271428 -409.61135164 -403.63407692
506 -407.40007142 -410.38545054 -404.41469230
507 -408.17742857 -411.15954945 -405.19530769
508 -408.95478571 -411.93364835 -405.97592307
509 -409.73214285 -412.70774725 -406.75653846
510 -410.50950000 -413.48184615 -407.53715384
511 -411.28685714 -414.25594505 -408.31776923
512 -412.06421428 -415.03004395 -409.09838461
513 -412.84157142 -415.80414285 -409.87900000
514 -413.61892857 -416.57824175 -410.65961538
515 -414.39628571 -417.35234065 -411.44023076
516 -415.17364285 -418.12643956 -412.22084615
517 -415.95100000 -418.90053846 -413.00146153
518 -416.72835714 -419.67463736 -413.78207692
519 -417.50571428 -420.44873626 -414.56269230
520 -418.28307142 -421.22283516 -415.34330769
521 -419.06042857 -421.99693406 -416.12392307
522 -419.83778571 -422.77103296 -416.90453846
523 -420.61514285 -423.54513186 -417.68515384
524 -421.39250000 -424.31923076 -418.46576923
525 -422.16985714 -425.09332967 -419.24638461
526 -422.94721428 -425.86742857 -420.02700000
527 -423.72457142 -426.64152747 -420.80761538
528 -424.50192857 -427.41562637 -421.58823076
529 -425.27928571 -428.18972527 -422.36884615
530 -426.05664285 -428.96382417 -423.14946153
531 -426.83400000 -429.73792307 -423.93007692
532 -427.61135714 -430.51202197 -424.71069230
533 -428.38871428 -431.28612087 -425.49130769
534 -429.16607142 -432.06021978 -426.27192307
535 -429.94342857 -432.83431868 -427.05253846
536 -430.72078571 -433.60841758 -427.83315384
537 -431.49814285 -434.38251648 -428.61376923
538 -432.27550000 -435.15661538 -429.39438461
539 -433.05285714 -435.93071428 -430.17500000
540 -433.83021428 -436.70481318 -430.95561538
541 -434.60757142 -437.47891208 -431.73623076
542 -435.38492857 -438.25301098 -432.51684615
543 -436.16228571 -439.02710989 -433.29746153
544 -436.93964285 -439.80120879 -434.07807692
545 -437.71700000 -440.57530769 -434.85869230
546 -438.49435714 -441.34940659 -435.63930769
547 -439.27171428 -442.12350549 -436.41992307
548 -440.04907142 -442.89760439 -437.20053846
549 -440.82642857 -443.67170329 -437.98115384
550 -441.60378571 -444.44580219 -438.76176923
551 -442.38114285 -445.21990109 -439.54238461
552 -443.15850000 -445.99400000 -440.32300000
553 -443.90621978 -446.76214285 -441.05029670
554 -444.65393956 -447.53028571 -441.77759340
555 -445.40165934 -448.29842857 -442.50489010
556 -446.14937912 -449.06657142 -443.23218681
557 -446.89709890 -449.83471428 -443.95948351
558 -447.64481868 -450.60285714 -444.68678021
559 -448.39253846 -451.37100000 -445.41407692
560 -449.14025824 -452.13914285 -446.14137362
561 -449.88797802 -452.90728571 -446.86867032
562 -450.63569780 -453.67542857 -447.59596703
563 -451.38341758 -454.44357142 -448.32326373
564 -452.13113736 -455.21171428 -449.05056043
565 -452.87885714 -455.97985714 -449.77785714
566 -453.62657692 -456.74800000 -450.50515384
567 -454.37429670 -457.51614285 -451.23245054
568 -455.12201648 -458.28428571 -451.95974725
569 -455.86973626 -459.05242857 -452.68704395
570 -456.61745604 -459.82057142 -453.41434065
571 -457.36517582 -460.58871428 -454.14163736
572 -458.11289560 -461.35685714 -454.86893406
573 -458.86061538 -462.12500000 -455.59623076
574 -459.60833516 -462.89314285 -456.32352747
575 -460.35605494 -463.66128571 -457.05082417
576 -461.10377472 -464.42942857 -457.77812087
577 -461.85149450 -465.19757142 -458.50541758
578 -462.59921428 -465.96571428 -459.23271428
579 -463.34693406 -466.73385714 -459.96001098
580 -464.09465384 -467.50200000 -460.68730769
581 -464.84237362 -468.27014285 -461.41460439
582 -465.59009340 -469.03828571 -462.14190109
583 -466.33781318 -469.80642857 -462.86919780
584 -467.08553296 -470.57457142 -463.59649450
585 -467.83325274 -471.34271428 -464.32379120
586 -468.58097252 -472.11085714 -465.05108791
587 -469.32869230 -472.87900000 -465.77838461
588 -470.07641208 -473.64714285 -466.50568131
589 -470.82413186 -474.41528571 -467.23297802
590 -471.57185164 -475.18342857 -467.96027472
591 -472.31957142 -475.95157142 -468.68757142
592 -473.06729120 -476.71971428 -469.41486813
593 -473.81501098 -477.48785714 -470.14216483
594 -474.56273076 -478.25600000 -470.86946153
595 -475.31045054 -479.02414285 -471.59675824
596 -476.05817032 -479.79228571 -472.32405494
597 -476.80589010 -480.56042857 -473.05135164
598 -477.55360989 -481.32857142 -473.77864835
599 -478.30132967 -482.09671428 -474.50594505
600 -479.04904945 -482.86485714 -475.23324175
601 -479.79676923 -483.63300000 -475.96053846
602 -480.54448901 -484.40114285 -476.68783516
603 -481.29220879 -485.16928571 -477.41513186
604 -482.03992857 -485.93742857 -478.14242857
605 -482.78764835 -486.70557142 -478.86972527
606 -483.53536813 -487.47371428 -479.59702197
607 -484.28308791 -488.24185714 -480.32431868
608 -485.03080769 -489.01000000 -481.05161538
609 -485.77852747 -489.77814285 -481.77891208
610 -486.52624725 -490.54628571 -482.50620879
611 -487.27396703 -491.31442857 -483.23350549
612 -488.02168681 -492.08257142 -483.96080219
613 -488.76940659 -492.85071428 -484.68809890
614 -489.51712637 -493.61885714 -485.41539560
615 -490.26484615 -494.38700000 -486.14269230
616 -491.01256593 -495.15514285 -486.86998901
617 -491.76028571 -495.92328571 -487.59728571
618 -492.50800549 -496.69142857 -488.32458241
619 -493.25572527 -497.45957142 -489.05187912
620 -494.00344505 -498.22771428 -489.77917582
621 -494.75116483 -498.99585714 -490.50647252
622 -495.49888461 -499.76400000 -491.23376923
623 -496.24660439 -500.53214285 -491.96106593
624 -496.99432417 -501.30028571 -492.68836263
625 -497.74204395 -502.06842857 -493.41565934
626 -498.48976373 -502.83657142 -494.14295604
627 -499.23748351 -503.60471428 -494.87025274
628 -499.98520329 -504.37285714 -495.59754945
629 -500.73292307 -505.14100000 -496.32484615
630 -501.48064285 -505.90914285 -497.05214285
631 -502.22836263 -506.67728571 -497.77943956
632 -502.97608241 -507.44542857 -498.50673626
633 -503.72380219 -508.21357142 -499.23403296
634 -504.47152197 -508.98171428 -499.96132967
635 -505.21924175 -509.74985714 -500.68862637
636 -505.96696153 -510.51800000 -501.41592307
637 -506.71468131 -511.28614285 -502.14321978
638 -507.46240109 -512.05428571 -502.87051648
639 -508.21012087 -512.82242857 -503.59781318
640 -508.95784065 -513.59057142 -504.32510989
641 -509.70556043 -514.35871428 -505.05240659
642 -510.45328021 -515.12685714 -505.77970329
643 -511.20100000 -515.89500000 -506.50700000
644 -511.94520108 -516.65016304 -507.24023913
645 -512.68940217 -517.40532608 -507.97347826
646 -513.43360326 -518.16048913 -508.70671739
647 -514.17780434 -518.91565217 -509.43995652
648 -514.92200543 -519.67081521 -510.17319565
649 -515.66620652 -520.42597826 -510.90643478
650 -516.41040760 -521.18114130 -511.63967391
651 -517.15460869 -521.93630434 -512.37291304
652 -517.89880978 -522.69146739 -513.10615217
653 -518.64301086 -523.44663043 -513.83939130
654 -519.38721195 -524.20179347 -514.57263043
655 -520.13141304 -524.95695652 -515.30586956
656 -520.87561413 -525.71211956 -516.03910869
657 -521.61981521 -526.46728260 -516.77234782
658 -522.36401630 -527.22244565 -517.50558695
659 -523.10821739 -527.97760869 -518.23882608
660 -523.85241847 -528.73277173 -518.97206521
661 -524.59661956 -529.48793478 -519.70530434
662 -525.34082065 -530.24309782 -520.43854347
663 -526.08502173 -530.99826086 -521.17178260
664 -526.82922282 -531.75342391 -521.90502173
665 -527.57342391 -532.50858695 -522.63826086
666 -528.31762500 -533.26375000 -523.37150000
667 -529.06182608 -534.01891304 -524.10473913
668 -529.80602717 -534.77407608 -524.83797826
669 -530.55022826 -535.52923913 -525.57121739
670 -531.29442934 -536.28440217 -526.30445652
671 -532.03863043 -537.03956521 -527.03769565
672 -532.78283152 -537.79472826 -527.77093478
673 -533.52703260 -538.54989130 -528.50417391
674 -534.27123369 -539.30505434 -529.23741304
675 -535.01543478 -540.06021739 -529.97065217
676 -535.75963586 -540.81538043 -530.70389130
677 -536.50383695 -541.57054347 -531.43713043
678 -537.24803804 -542.32570652 -532.17036956
679 -537.99223913 -543.08086956 -532.90360869
680 -538.73644021 -543.83603260 -533.63684782
681 -539.48064130 -544.59119565 -534.37008695
682 -540.22484239 -545.34635869 -535.10332608
683 -540.96904347 -546.10152173 -535.83656521
684 -541.71324456 -546.85668478 -536.56980434
685 -542.45744565 -547.61184782 -537.30304347
686 -543.20164673 -548.36701086 -538.03628260
687 -543.94584782 -549.12217391 -538.76952173
688 -544.69004891 -549.87733695 -539.50276086
689 -545.43425000 -550.63250000 -540.23600000
690 -546.17845108 -551.38766304 -540.96923913
691 -546.92265217 -552.14282608 -541.70247826
692 -547.66685326 -552.89798913 -542.43571739
693 -548.41105434 -553.65315217 -543.16895652
694 -549.15525543 -554.40831521 -543.90219565
695 -549.89945652 -555.16347826 -544.63543478
696 -550.64365760 -555.91864130 -545.36867391
697 -551.38785869 -556.67380434 -546.10191304
698 -552.13205978 -557.42896739 -546.83515217
699 -552.87626086 -558.18413043 -547.56839130
700 -553.62046195 -558.93929347 -548.30163043
701 -554.36466304 -559.69445652 -549.03486956
702 -555.10886413 -560.44961956 -549.76810869
703 -555.85306521 -561.20478260 -550.50134782
704 -556.59726630 -561.95994565 -551.23458695
705 -557.34146739 -562.71510869 -551.96782608
706 -558.08566847 -563.47027173 -552.70106521
707 -558.82986956 -564.22543478 -553.43430434
708 -559.57407065 -564.98059782 -554.16754347
709 -560.31827173 -565.73576086 -554.90078260
710 -561.06247282 -566.49092391 -555.63402173
711 -561.80667391 -567.24608695 -556.36726086
712 -562.55087500 -568.00125000 -557.10050000
713 -563.29507608 -568.75641304 -557.83373913
714 -564.03927717 -569.51157608 -558.56697826
715 -564.78347826 -570.26673913 -559.30021739
716 -565.52767934 -571.02190217 -560.03345652
717 -566.27188043 -571.77706521 -560.76669565
718 -567.01608152 -572.53222826 -561.49993478
719 -567.76028260 -573.28739130 -562.23317391
720 -568.50448369 -574.04255434 -562.96641304
721 -569.24868478 -574.79771739 -563.69965217
722 -569.99288586 -575.55288043 -564.43289130
723 -570.73708695 -576.30804347 -565.16613043
724 -571.48128804 -577.06320652 -565.89936956
725 -572.22548913 -577.81836956 -566.63260869
726 -572.96969021 -578.57353260 -567.36584782
727 -573.71389130 -579.32869565 -568.09908695
728 -574.45809239 -580.08385869 -568.83232608
729 -575.20229347 -580.83902173 -569.56556521
730 -575.94649456 -581.59418478 -570.29880434
731 -576.69069565 -582.34934782 -571.03204347
732 -577.43489673 -583.10451086 -571.76528260
733 -578.17909782 -583.85967391 -572.49852173
734 -578.92329891 -584.61483695 -573.23176086
735 -579.66750000 -585.37000000 -573.96500000
736 -580.35684604 -586.08622615 -574.62746594
737 -581.04619209 -586.80245231 -575.28993188
738 -581.73553814 -587.51867847 -575.95239782
739 -582.42488419 -588.23490463 -576.61486376
740 -583.11423024 -588.95113079 -577.27732970
741 -583.80357629 -589.66735694 -577.93979564
742 -584.49292234 -590.38358310 -578.60226158
743 -585.18226839 -591.09980926 -579.26472752
744 -585.87161444 -591.81603542 -579.92719346
745 -586.56096049 -592.53226158 -580.58965940
746 -587.25030653 -593.24848773 -581.25212534
747 -587.93965258 -593.96471389 -581.91459128
748 -588.62899863 -594.68094005 -582.57705722
749 -589.31834468 -595.39716621 -583.23952316
750 -590.00769073 -596.11339237 -583.90198910
751 -590.69703678 -596.82961852 -584.56445504
752 -591.38638283 -597.54584468 -585.22692098
753 -592.07572888 -598.26207084 -585.88938692
754 -592.76507493 -598.97829700 -586.55185286
755 -593.45442098 -599.69452316 -587.21431880
756 -594.14376703 -600.41074931 -587.87678474
757 -594.83311307 -601.12697547 -588.53925068
758 -595.52245912 -601.84320163 -589.20171662
759 -596.21180517 -602.55942779 -589.86418256
760 -596.90115122 -603.27565395 -590.52664850
761 -597.59049727 -603.99188010 -591.18911444
762 -598.27984332 -604.70810626 -591.85158038
763 -598.96918937 -605.42433242 -592.51404632
764 -599.65853542 -606.14055858 -593.17651226
765 -600.34788147 -606.85678474 -593.83897820
766 -601.03722752 -607.57301089 -594.50144414
767 -601.72657356 -608.28923705 -595.16391008
768 -602.41591961 -609.00546321 -595.82637602
769 -603.10526566 -609.72168937 -596.48884196
770 -603.79461171 -610.43791553 -597.15130790
771 -604.48395776 -611.15414168 -597.81377384
772 -605.17330381 -611.87036784 -598.47623978
773 -605.86264986 -612.58659400 -599.13870572
774 -606.55199591 -613.30282016 -599.80117166
775 -607.24134196 -614.01904632 -600.46363760
776 -607.93068801 -614.73527247 -601.12610354
777 -608.62003405 -615.45149863 -601.78856948
778 -609.30938010 -616.16772479 -602.45103542
779 -609.99872615 -616.88395095 -603.11350136
780 -610.68807220 -617.60017711 -603.77596730
781 -611.37741825 -618.31640326 -604.43843324
782 -612.06676430 -619.03262942 -605.10089918
783 -612.75611035 -619.74885558 -605.76336512
784 -613.44545640 -620.46508174 -606.42583106
785 -614.13480245 -621.18130790 -607.08829700
786 -614.82414850 -621.89753405 -607.75076294
787 -615.51349455 -622.61376021 -608.41322888
788 -616.20284059 -623.32998637 -609.07569482
789 -616.89218664 -624.04621253 -609.73816076
790 -617.58153269 -624.76243869 -610.40062670
791 -618.27087874 -625.47866485 -611.06309264
792 -618.96022479 -626.19489100 -611.72555858
793 -619.64957084 -626.91111716 -612.38802452
794 -620.33891689 -627.62734332 -613.05049046
795 -621.02826294 -628.34356948 -613.71295640
796 -621.71760899 -629.05979564 -614.37542234
797 -622.40695504 -629.77602179 -615.03788828
798 -623.09630108 -630.49224795 -615.70035422
799 -623.78564713 -631.20847411 -616.36282016
800 -624.47499318 -631.92470027 -617.02528610
801 -625.16433923 -632.64092643 -617.68775204
802 -625.85368528 -633.35715258 -618.35021798
803 -626.54303133 -634.07337874 -619.01268392
804 -627.23237738 -634.78960490 -619.67514986
805 -627.92172343 -635.50583106 -620.33761580
806 -628.61106948 -636.22205722 -621.00008174
807 -629.30041553 -636.93828337 -621.66254768
808 -629.98976158 -637.65450953 -622.32501362
809 -630.67910762 -638.37073569 -622.98747956
810 -631.36845367 -639.08696185 -623.64994550
811 -632.05779972 -639.80318801 -624.31241144
812 -632.74714577 -640.51941416 -624.97487738
813 -633.43649182 -641.23564032 -625.63734332
814 -634.12583787 -641.95186648 -626.29980926
815 -634.81518392 -642.66809264 -626.96227520
816 -635.50452997 -643.38431880 -627.62474114
817 -636.19387602 -644.10054495 -628.28720708
818 -636.88322207 -644.81677111 -628.94967302
819 -637.57256811 -645.53299727 -629.61213896
820 -638.26191416 -646.24922343 -630.27460490
821 -638.95126021 -646.96544959 -630.93707084
822 -639.64060626 -647.68167574 -631.59953678
823 -640.32995231 -648.39790190 -632.26200272
824 -641.01929836 -649.11412806 -632.92446866
825 -641.70864441 -649.83035422 -633.58693460
826 -642.39799046 -650.54658038 -634.24940054
827 -643.08733651 -651.26280653 -634.91186648
828 -643.77668256 -651.97903269 -635.57433242
829 -644.46602861 -652.69525885 -636.23679836
830 -645.15537465 -653.41148501 -636.89926430
831 -645.84472070 -654.12771117 -637.56173024
832 -646.53406675 -654.84393732 -638.22419618
833 -647.22341280 -655.56016348 -638.88666212
834 -647.91275885 -656.27638964 -639.54912806
835 -648.60210490 -656.99261580 -640.21159400
836 -649.29145095 -657.70884196 -640.87405994
837 -649.98079700 -658.42506811 -641.53652588
838 -650.67014305 -659.14129427 -642.19899182
839 -651.35948910 -659.85752043 -642.86145776
840 -652.04883514 -660.57374659 -643.52392370
841 -652.73818119 -661.28997275 -644.18638964
842 -653.42752724 -662.00619891 -644.84885558
843 -654.11687329 -662.72242506 -645.51132152
844 -654.80621934 -663.43865122 -646.17378746
845 -655.49556539 -664.15487738 -646.83625340
846 -656.18491144 -664.87110354 -647.49871934
847 -656.87425749 -665.58732970 -648.16118528
848 -657.56360354 -666.30355585 -648.82365122
849 -658.25294959 -667.01978201 -649.48611716
850 -658.94229564 -667.73600817 -650.14858310
851 -659.63164168 -668.45223433 -650.81104904
852 -660.32098773 -669.16846049 -651.47351498
853 -661.01033378 -669.88468664 -652.13598092
854 -661.69967983 -670.60091280 -652.79844686
855 -662.38902588 -671.31713896 -653.46091280
856 -663.07837193 -672.03336512 -654.12337874
857 -663.76771798 -672.74959128 -654.78584468
858 -664.45706403 -673.46581743 -655.44831062
859 -665.14641008 -674.18204359 -656.11077656
860 -665.83575613 -674.89826975 -656.77324250
861 -666.52510217 -675.61449591 -657.43570844
862 -667.21444822 -676.33072207 -658.09817438
863 -667.90379427 -677.04694822 -658.76064032
864 -668.59314032 -677.76317438 -659.42310626
865 -669.28248637 -678.47940054 -660.08557220
866 -669.97183242 -679.19562670 -660.74803814
867 -670.66117847 -679.91185286 -661.41050408
868 -671.35052452 -680.62807901 -662.07297002
869 -672.03987057 -681.34430517 -662.73543596
870 -672.72921662 -682.06053133 -663.39790190
871 -673.41856267 -682.77675749 -664.06036784
872 -674.10790871 -683.49298365 -664.72283378
873 -674.79725476 -684.20920980 -665.38529972
874 -675.48660081 -684.92543596 -666.04776566
875 -676.17594686 -685.64166212 -666.71023160
876 -676.86529291 -686.35788828 -667.37269754
877 -677.55463896 -687.07411444 -668.03516348
878 -678.24398501 -687.79034059 -668.69762942
879 -678.93333106 -688.50656675 -669.36009536
880 -679.62267711 -689.22279291 -670.02256130
881 -680.31202316 -689.93901907 -670.68502724
882 -681.00136920 -690.65524523 -671.34749318
883 -681.69071525 -691.37147138 -672.00995912
884 -682.38006130 -692.08769754 -672.67242506
885 -683.06940735 -692.80392370 -673.33489100
886 -683.75875340 -693.52014986 -673.99735694
887 -684.44809945 -694.23637602 -674.65982288
888 -685.13744550 -694.95260217 -675.32228882
889 -685.82679155 -695.66882833 -675.98475476
890 -686.51613760 -696.38505449 -676.64722070
891 -687.20548365 -697.10128065 -677.30968664
892 -687.89482970 -697.81750681 -677.97215258
893 -688.58417574 -698.53373297 -678.63461852
894 -689.27352179 -699.24995912 -679.29708446
895 -689.96286784 -699.96618528 -679.95955040
896 -690.65221389 -700.68241144 -680.62201634
897 -691.34155994 -701.39863760 -681.28448228
898 -692.03090599 -702.11486376 -681.94694822
899 -692.72025204 -702.83108991 -682.60941416
900 -693.40959809 -703.54731607 -683.27188010
901 -694.09894414 -704.26354223 -683.93434604
902 -694.78829019 -704.97976839 -684.59681198
903 -695.47763623 -705.69599455 -685.25927792
904 -696.16698228 -706.41222070 -685.92174386
905 -696.85632833 -707.12844686 -686.58420980
906 -697.54567438 -707.84467302 -687.24667574
907 -698.23502043 -708.56089918 -687.90914168
908 -698.92436648 -709.27712534 -688.57160762
909 -699.61371253 -709.99335149 -689.23407356
910 -700.30305858 -710.70957765 -689.89653950
911 -700.99240463 -711.42580381 -690.55900544
912 -701.68175068 -712.14202997 -691.22147138
913 -702.37109673 -712.85825613 -691.88393732
914 -703.06044277 -713.57448228 -692.54640326
915 -703.74978882 -714.29070844 -693.20886920
916 -704.43913487 -715.00693460 -693.87133514
917 -705.12848092 -715.72316076 -694.53380108
918 -705.81782697 -716.43938692 -695.19626703
919 -706.50717302 -717.15561307 -695.85873297
920 -707.19651907 -717.87183923 -696.52119891
921 -707.88586512 -718.58806539 -697.18366485
922 -708.57521117 -719.30429155 -697.84613079
923 -709.26455722 -720.02051771 -698.50859673
924 -709.95390326 -720.73674386 -699.17106267
925 -710.64324931 -721.45297002 -699.83352861
926 -711.33259536 -722.16919618 -700.49599455
927 -712.02194141 -722.88542234 -701.15846049
928 -712.71128746 -723.60164850 -701.82092643
929 -713.40063351 -724.31787465 -702.48339237
930 -714.08997956 -725.03410081 -703.14585831
931 -714.77932561 -725.75032697 -703.80832425
932 -715.46867166 -726.46655313 -704.47079019
933 -716.15801771 -727.18277929 -705.13325613
934 -716.84736376 -727.89900544 -705.79572207
935 -717.53670980 -728.61523160 -706.45818801
936 -718.22605585 -729.33145776 -707.12065395
937 -718.91540190 -730.04768392 -707.78311989
938 -719.60474795 -730.76391008 -708.44558583
939 -720.29409400 -731.48013623 -709.10805177
940 -720.98344005 -732.19636239 -709.77051771
941 -721.67278610 -732.91258855 -710.43298365
942 -722.36213215 -733.62881471 -711.09544959
943 -723.05147820 -734.34504087 -711.75791553
944 -723.74082425 -735.06126703 -712.42038147
945 -724.43017029 -735.77749318 -713.08284741
946 -725.11951634 -736.49371934 -713.74531335
947 -725.80886239 -737.20994550 -714.40777929
948 -726.49820844 -737.92617166 -715.07024523
949 -727.18755449 -738.64239782 -715.73271117
950 -727.87690054 -739.35862397 -716.39517711
951 -728.56624659 -740.07485013 -717.05764305
952 -729.25559264 -740.79107629 -717.72010899
953 -729.94493869 -741.50730245 -718.38257493
954 -730.63428474 -742.22352861 -719.04504087
955 -731.32363079 -742.93975476 -719.70750681
956 -732.01297683 -743.65598092 -720.36997275
957 -732.70232288 -744.37220708 -721.03243869
958 -733.39166893 -745.08843324 -721.69490463
959 -734.08101498 -745.80465940 -722.35737057
960 -734.77036103 -746.52088555 -723.01983651
961 -735.45970708 -747.23711171 -723.68230245
962 -736.14905313 -747.95333787 -724.34476839
963 -736.83839918 -748.66956403 -725.00723433
964 -737.52774523 -749.38579019 -725.66970027
965 -738.21709128 -750.10201634 -726.33216621
966 -738.90643732 -750.81824250 -726.99463215
967 -739.59578337 -751.53446866 -727.65709809
968 -740.28512942 -752.25069482 -728.31956403
969 -740.97447547 -752.96692098 -728.98202997
970 -741.66382152 -753.68314713 -729.64449591
971 -742.35316757 -754.39937329 -730.30696185
972 -743.04251362 -755.11559945 -730.96942779
973 -743.73185967 -755.83182561 -731.63189373
974 -744.42120572 -756.54805177 -732.29435967
975 -745.11055177 -757.26427792 -732.95682561
976 -745.79989782 -757.98050408 -733.61929155
977 -746.48924386 -758.69673024 -734.28175749
978 -747.17858991 -759.41295640 -734.94422343
979 -747.86793596 -760.12918256 -735.60668937
980 -748.55728201 -760.84540871 -736.26915531
981 -749.24662806 -761.56163487 -736.93162125
982 -749.93597411 -762.27786103 -737.59408719
983 -750.62532016 -762.99408719 -738.25655313
984 -751.31466621 -763.71031335 -738.91901907
985 -752.00401226 -764.42653950 -739.58148501
986 -752.69335831 -765.14276566 -740.24395095
987 -753.38270435 -765.85899182 -740.90641689
988 -754.07205040 -766.57521798 -741.56888283
989 -754.76139645 -767.29144414 -742.23134877
990 -755.45074250 -768.00767029 -742.89381471
991 -756.14008855 -768.72389645 -743.55628065
992 -756.82943460 -769.44012261 -744.21874659
993 -757.51878065 -770.15634877 -744.88121253
994 -758.20812670 -770.87257493 -745.54367847
995 -758.89747275 -771.58880108 -746.20614441
996 -759.58681880 -772.30502724 -746.86861035
997 -760.27616485 -773.02125340 -747.53107629
998 -760.96551089 -773.73747956 -748.19354223
999 -761.65485694 -774.45370572 -748.85600817
1000 -762.34420299 -775.16993188 -749.51847411
1001 -763.03354904 -775.88615803 -750.18094005
1002 -763.72289509 -776.60238419 -750.84340599
1003 -764.41224114 -777.31861035 -751.50587193
1004 -765.10158719 -778.03483651 -752.16833787
1005 -765.79093324 -778.75106267 -752.83080381
1006 -766.48027929 -779.46728882 -753.49326975
1007 -767.16962534 -780.18351498 -754.15573569
1008 -767.85897138 -780.89974114 -754.81820163
1009 -768.54831743 -781.61596730 -755.48066757
1010 -769.23766348 -782.33219346 -756.14313351
1011 -769.92700953 -783.04841961 -756.80559945
1012 -770.61635558 -783.76464577 -757.46806539
1013 -771.30570163 -784.48087193 -758.13053133
1014 -771.99504768 -785.19709809 -758.79299727
1015 -772.68439373 -785.91332425 -759.45546321
1016 -773.37373978 -786.62955040 -760.11792915
1017 -774.06308583 -787.34577656 -760.78039509
1018 -774.75243188 -788.06200272 -761.44286103
1019 -775.44177792 -788.77822888 -762.10532697
1020 -776.13112397 -789.49445504 -762.76779291
1021 -776.82047002 -790.21068119 -763.43025885
1022 -777.50981607 -790.92690735 -764.09272479
1023 -778.19916212 -791.64313351 -764.75519073
1024 -778.88850817 -792.35935967 -765.41765667
1025 -779.57785422 -793.07558583 -766.08012261
1026 -780.26720027 -793.79181198 -766.74258855
1027 -780.95654632 -794.50803814 -767.40505449
1028 -781.64589237 -795.22426430 -768.06752043
1029 -782.33523841 -795.94049046 -768.72998637
1030 -783.02458446 -796.65671662 -769.39245231
1031 -783.71393051 -797.37294277 -770.05491825
1032 -784.40327656 -798.08916893 -770.71738419
1033 -785.09262261 -798.80539509 -771.37985013
1034 -785.78196866 -799.52162125 -772.04231607
1035 -786.47131471 -800.23784741 -772.70478201
1036 -787.16066076 -800.95407356 -773.36724795
1037 -787.85000681 -801.67029972 -774.02971389
1038 -788.53935286 -802.38652588 -774.69217983
1039 -789.22869891 -803.10275204 -775.35464577
1040 -789.91804495 -803.81897820 -776.01711171
1041 -790.60739100 -804.53520435 -776.67957765
1042 -791.29673705 -805.25143051 -777.34204359
1043 -791.98608310 -805.96765667 -778.00450953
1044 -792.67542915 -806.68388283 -778.66697547
1045 -793.36477520 -807.40010899 -779.32944141
1046 -794.05412125 -808.11633514 -779.99190735
1047 -794.74346730 -808.83256130 -780.65437329
1048 -795.43281335 -809.54878746 -781.31683923
1049 -796.12215940 -810.26501362 -781.97930517
1050 -796.81150544 -810.98123978 -782.64177111
1051 -797.50085149 -811.69746594 -783.30423705
1052 -798.19019754 -812.41369209 -783.96670299
1053 -798.87954359 -813.12991825 -784.62916893
1054 -799.56888964 -813.84614441 -785.29163487
1055 -800.25823569 -814.56237057 -785.95410081
1056 -800.94758174 -815.27859673 -786.61656675
1057 -801.63692779 -815.99482288 -787.27903269
1058 -802.32627384 -816.71104904 -787.94149863
1059 -803.01561989 -817.42727520 -788.60396457
1060 -803.70496594 -818.14350136 -789.26643051
1061 -804.39431198 -818.85972752 -789.92889645
1062 -805.08365803 -819.57595367 -790.59136239
1063 -805.77300408 -820.29217983 -791.25382833
1064 -806.46235013 -821.00840599 -791.91629427
1065 -807.15169618 -821.72463215 -792.57876021
1066 -807.84104223 -822.44085831 -793.24122615
1067 -808.53038828 -823.15708446 -793.90369209
1068 -809.21973433 -823.87331062 -794.56615803
1069 -809.90908038 -824.58953678 -795.22862397
1070 -810.59842643 -825.30576294 -795.89108991
1071 -811.28777247 -826.02198910 -796.55355585
1072 -811.97711852 -826.73821525 -797.21602179
1073 -812.66646457 -827.45444141 -797.87848773
1074 -813.35581062 -828.17066757 -798.54095367
1075 -814.04515667 -828.88689373 -799.20341961
1076 -814.73450272 -829.60311989 -799.86588555
1077 -815.42384877 -830.31934604 -800.52835149
1078 -816.11319482 -831.03557220 -801.19081743
1079 -816.80254087 -831.75179836 -801.85328337
1080 -817.49188692 -832.46802452 -802.51574931
1081 -818.18123297 -833.18425068 -803.17821525
1082 -818.87057901 -833.90047683 -803.84068119
1083 -819.55992506 -834.61670299 -804.50314713
1084 -820.24927111 -835.33292915 -805.16561307
1085 -820.93861716 -836.04915531 -805.82807901
1086 -821.62796321 -836.76538147 -806.49054495
1087 -822.31730926 -837.48160762 -807.15301089
1088 -823.00665531 -838.19783378 -807.81547683
1089 -823.69600136 -838.91405994 -808.47794277
1090 -824.38534741 -839.63028610 -809.14040871
1091 -825.07469346 -840.34651226 -809.80287465
1092 -825.76403950 -841.06273841 -810.46534059
1093 -826.45338555 -841.77896457 -811.12780653
1094 -827.14273160 -842.49519073 -811.79027247
1095 -827.83207765 -843.21141689 -812.45273841
1096 -828.52142370 -843.92764305 -813.11520435
1097 -829.21076975 -844.64386920 -813.77767029
1098 -829.90011580 -845.36009536 -814.44013623
1099 -830.58946185 -846.07632152 -815.10260217
1100 -831.27880790 -846.79254768 -815.76506811
1101 -831.96815395 -847.50877384 -816.42753405
1102 -832.65750000 -848.22500000 -817.09000000
1103 -833.30683104 -848.86618681 -817.74747527
1104 -833.95616208 -849.50737362 -818.40495054
1105 -834.60549313 -850.14856043 -819.06242582
1106 -835.25482417 -850.78974725 -819.71990109
1107 -835.90415521 -851.43093406 -820.37737637
1108 -836.55348626 -852.07212087 -821.03485164
1109 -837.20281730 -852.71330769 -821.69232692
1110 -837.85214835 -853.35449450 -822.34980219
1111 -838.50147939 -853.99568131 -823.00727747
1112 -839.15081043 -854.63686813 -823.66475274
1113 -839.80014148 -855.27805494 -824.32222802
1114 -840.44947252 -855.91924175 -824.97970329
1115 -841.09880357 -856.56042857 -825.63717857
1116 -841.74813461 -857.20161538 -826.29465384
1117 -842.39746565 -857.84280219 -826.95212912
1118 -843.04679670 -858.48398901 -827.60960439
1119 -843.69612774 -859.12517582 -828.26707967
1120 -844.34545879 -859.76636263 -828.92455494
1121 -844.99478983 -860.40754945 -829.58203021
1122 -845.64412087 -861.04873626 -830.23950549
1123 -846.29345192 -861.68992307 -830.89698076
1124 -846.94278296 -862.33110989 -831.55445604
1125 -847.59211401 -862.97229670 -832.21193131
1126 -848.24144505 -863.61348351 -832.86940659
1127 -848.89077609 -864.25467032 -833.52688186
1128 -849.54010714 -864.89585714 -834.18435714
1129 -850.18943818 -865.53704395 -834.84183241
1130 -850.83876923 -866.17823076 -835.49930769
1131 -851.48810027 -866.81941758 -836.15678296
1132 -852.13743131 -867.46060439 -836.81425824
1133 -852.78676236 -868.10179120 -837.47173351
1134 -853.43609340 -868.74297802 -838.12920879
1135 -854.08542445 -869.38416483 -838.78668406
1136 -854.73475549 -870.02535164 -839.44415934
1137 -855.38408653 -870.66653846 -840.10163461
1138 -856.03341758 -871.30772527 -840.75910989
1139 -856.68274862 -871.94891208 -841.41658516
1140 -857.33207967 -872.59009890 -842.07406043
1141 -857.98141071 -873.23128571 -842.73153571
1142 -858.63074175 -873.87247252 -843.38901098
1143 -859.28007280 -874.51365934 -844.04648626
1144 -859.92940384 -875.15484615 -844.70396153
1145 -860.57873489 -875.79603296 -845.36143681
1146 -861.22806593 -876.43721978 -846.01891208
1147 -861.87739697 -877.07840659 -846.67638736
1148 -862.52672802 -877.71959340 -847.33386263
1149 -863.17605906 -878.36078021 -847.99133791
1150 -863.82539010 -879.00196703 -848.64881318
1151 -864.47472115 -879.64315384 -849.30628846
1152 -865.12405219 -880.28434065 -849.96376373
1153 -865.77338324 -880.92552747 -850.62123901
1154 -866.42271428 -881.56671428 -851.27871428
1155 -867.07204532 -882.20790109 -851.93618956
1156 -867.72137637 -882.84908791 -852.59366483
1157 -868.37070741 -883.49027472 -853.25114010
1158 -869.02003846 -884.13146153 -853.90861538
1159 -869.66936950 -884.77264835 -854.56609065
1160 -870.31870054 -885.41383516 -855.22356593
1161 -870.96803159 -886.05502197 -855.88104120
1162 -871.61736263 -886.69620879 -856.53851648
1163 -872.26669368 -887.33739560 -857.19599175
1164 -872.91602472 -887.97858241 -857.85346703
1165 -873.56535576 -888.61976923 -858.51094230
1166 -874.21468681 -889.26095604 -859.16841758
1167 -874.86401785 -889.90214285 -859.82589285
1168 -875.51334890 -890.54332967 -860.48336813
1169 -876.16267994 -891.18451648 -861.14084340
1170 -876.81201098 -891.82570329 -861.79831868
1171 -877.46134203 -892.46689010 -862.45579395
1172 -878.11067307 -893.10807692 -863.11326923
1173 -878.76000412 -893.74926373 -863.77074450
1174 -879.40933516 -894.39045054 -864.42821978
1175 -880.05866620 -895.03163736 -865.08569505
1176 -880.70799725 -895.67282417 -865.74317032
1177 -881.35732829 -896.31401098 -866.40064560
1178 -882.00665934 -896.95519780 -867.05812087
1179 -882.65599038 -897.59638461 -867.71559615
1180 -883.30532142 -898.23757142 -868.37307142
1181 -883.95465247 -898.87875824 -869.03054670
1182 -884.60398351 -899.51994505 -869.68802197
1183 -885.25331456 -900.16113186 -870.34549725
1184 -885.90264560 -900.80231868 -871.00297252
1185 -886.55197664 -901.44350549 -871.66044780
1186 -887.20130769 -902.08469230 -872.31792307
1187 -887.85063873 -902.72587912 -872.97539835
1188 -888.49996978 -903.36706593 -873.63287362
1189 -889.14930082 -904.00825274 -874.29034890
1190 -889.79863186 -904.64943956 -874.94782417
1191 -890.44796291 -905.29062637 -875.60529945
1192 -891.09729395 -905.93181318 -876.26277472
1193 -891.74662500 -906.57300000 -876.92025000
1194 -892.39595604 -907.21418681 -877.57772527
1195 -893.04528708 -907.85537362 -878.23520054
1196 -893.69461813 -908.49656043 -878.89267582
1197 -894.34394917 -909.13774725 -879.55015109
1198 -894.99328021 -909.77893406 -880.20762637
1199 -895.64261126 -910.42012087 -880.86510164
1200 -896.29194230 -911.06130769 -881.52257692
1201 -896.94127335 -911.70249450 -882.18005219
1202 -897.59060439 -912.34368131 -882.83752747
1203 -898.23993543 -912.98486813 -883.49500274
1204 -898.88926648 -913.62605494 -884.15247802
1205 -899.53859752 -914.26724175 -884.80995329
1206 -900.18792857 -914.90842857 -885.46742857
1207 -900.83725961 -915.54961538 -886.12490384
1208 -901.48659065 -916.19080219 -886.78237912
1209 -902.13592170 -916.83198901 -887.43985439
1210 -902.78525274 -917.47317582 -888.09732967
1211 -903.43458379 -918.11436263 -888.75480494
1212 -904.08391483 -918.75554945 -889.41228021
1213 -904.73324587 -919.39673626 -890.06975549
1214 -905.38257692 -920.03792307 -890.72723076
1215 -906.03190796 -920.67910989 -891.38470604
1216 -906.68123901 -921.32029670 -892.04218131
1217 -907.33057005 -921.96148351 -892.69965659
1218 -907.97990109 -922.60267032 -893.35713186
1219 -908.62923214 -923.24385714 -894.01460714
1220 -909.27856318 -923.88504395 -894.67208241
1221 -909.92789423 -924.52623076 -895.32955769
1222 -910.57722527 -925.16741758 -895.98703296
1223 -911.22655631 -925.80860439 -896.64450824
1224 -911.87588736 -926.44979120 -897.30198351
1225 -912.52521840 -927.09097802 -897.95945879
1226 -913.17454945 -927.73216483 -898.61693406
1227 -913.82388049 -928.37335164 -899.27440934
1228 -914.47321153 -929.01453846 -899.93188461
1229 -915.12254258 -929.65572527 -900.58935989
1230 -915.77187362 -930.29691208 -901.24683516
1231 -916.42120467 -930.93809890 -901.90431043
1232 -917.07053571 -931.57928571 -902.56178571
1233 -917.71986675 -932.22047252 -903.21926098
1234 -918.36919780 -932.86165934 -903.87673626
1235 -919.01852884 -933.50284615 -904.53421153
1236 -919.66785989 -934.14403296 -905.19168681
1237 -920.31719093 -934.78521978 -905.84916208
1238 -920.96652197 -935.42640659 -906.50663736
1239 -921.61585302 -936.06759340 -907.16411263
1240 -922.26518406 -936.70878021 -907.82158791
1241 -922.91451510 -937.34996703 -908.47906318
1242 -923.56384615 -937.99115384 -909.13653846
1243 -924.21317719 -938.63234065 -909.79401373
1244 -924.86250824 -939.27352747 -910.45148901
1245 -925.51183928 -939.91471428 -911.10896428
1246 -926.16117032 -940.55590109 -911.76643956
1247 -926.81050137 -941.19708791 -912.42391483
1248 -927.45983241 -941.83827472 -913.08139010
1249 -928.10916346 -942.47946153 -913.73886538
1250 -928.75849450 -943.12064835 -914.39634065
1251 -929.40782554 -943.76183516 -915.05381593
1252 -930.05715659 -944.40302197 -915.71129120
1253 -930.70648763 -945.04420879 -916.36876648
1254 -931.35581868 -945.68539560 -917.02624175
1255 -932.00514972 -946.32658241 -917.68371703
1256 -932.65448076 -946.96776923 -918.34119230
1257 -933.30381181 -947.60895604 -918.99866758
1258 -933.95314285 -948.25014285 -919.65614285
1259 -934.60247390 -948.89132967 -920.31361813
1260 -935.25180494 -949.53251648 -920.97109340
1261 -935.90113598 -950.17370329 -921.62856868
1262 -936.55046703 -950.81489010 -922.28604395
1263 -937.19979807 -951.45607692 -922.94351923
1264 -937.84912912 -952.09726373 -923.60099450
1265 -938.49846016 -952.73845054 -924.25846978
1266 -939.14779120 -953.37963736 -924.91594505
1267 -939.79712225 -954.02082417 -925.57342032
1268 -940.44645329 -954.66201098 -926.23089560
1269 -941.09578434 -955.30319780 -926.88837087
1270 -941.74511538 -955.94438461 -927.54584615
1271 -942.39444642 -956.58557142 -928.20332142
1272 -943.04377747 -957.22675824 -928.86079670
1273 -943.69310851 -957.86794505 -929.51827197
1274 -944.34243956 -958.50913186 -930.17574725
1275 -944.99177060 -959.15031868 -930.83322252
1276 -945.64110164 -959.79150549 -931.49069780
1277 -946.29043269 -960.43269230 -932.14817307
1278 -946.93976373 -961.07387912 -932.80564835
1279 -947.58909478 -961.71506593 -933.46312362
1280 -948.23842582 -962.35625274 -934.12059890
1281 -948.88775686 -962.99743956 -934.77807417
1282 -949.53708791 -963.63862637 -935.43554945
1283 -950.18641895 -964.27981318 -936.09302472
1284 -950.83575000 -964.92100000 -936.75050000
1285 -951.48508104 -965.56218681 -937.40797527
1286 -952.13441208 -966.20337362 -938.06545054
1287 -952.78374313 -966.84456043 -938.72292582
1288 -953.43307417 -967.48574725 -939.38040109
1289 -954.08240521 -968.12693406 -940.03787637
1290 -954.73173626 -968.76812087 -940.69535164
1291 -955.38106730 -969.40930769 -941.35282692
1292 -956.03039835 -970.05049450 -942.01030219
1293 -956.67972939 -970.69168131 -942.66777747
1294 -957.32906043 -971.33286813 -943.32525274
1295 -957.97839148 -971.97405494 -943.98272802
1296 -958.62772252 -972.61524175 -944.64020329
1297 -959.27705357 -973.25642857 -945.29767857
1298 -959.92638461 -973.89761538 -945.95515384
1299 -960.57571565 -974.53880219 -946.61262912
1300 -961.22504670 -975.17998901 -947.27010439
1301 -961.87437774 -975.82117582 -947.92757967
1302 -962.52370879 -976.46236263 -948.58505494
1303 -963.17303983 -977.10354945 -949.24253021
1304 -963.82237087 -977.74473626 -949.90000549
1305 -964.47170192 -978.38592307 -950.55748076
1306 -965.12103296 -979.02710989 -951.21495604
1307 -965.77036401 -979.66829670 -951.87243131
1308 -966.41969505 -980.30948351 -952.52990659
1309 -967.06902609 -980.95067032 -953.18738186
1310 -967.71835714 -981.59185714 -953.84485714
1311 -968.36768818 -982.23304395 -954.50233241
1312 -969.01701923 -982.87423076 -955.15980769
1313 -969.66635027 -983.51541758 -955.81728296
1314 -970.31568131 -984.15660439 -956.47475824
1315 -970.96501236 -984.79779120 -957.13223351
1316 -971.61434340 -985.43897802 -957.78970879
1317 -972.26367445 -986.08016483 -958.44718406
1318 -972.91300549 -986.72135164 -959.10465934
1319 -973.56233653 -987.36253846 -959.76213461
1320 -974.21166758 -988.00372527 -960.41960989
1321 -974.86099862 -988.64491208 -961.07708516
1322 -975.51032967 -989.28609890 -961.73456043
1323 -976.15966071 -989.92728571 -962.39203571
1324 -976.80899175 -990.56847252 -963.04951098
1325 -977.45832280 -991.20965934 -963.70698626
1326 -978.10765384 -991.85084615 -964.36446153
1327 -978.75698489 -992.49203296 -965.02193681
1328 -979.40631593 -993.13321978 -965.67941208
1329 -980.05564697 -993.77440659 -966.33688736
1330 -980.70497802 -994.41559340 -966.99436263
1331 -981.35430906 -995.05678021 -967.65183791
1332 -982.00364010 -995.69796703 -968.30931318
1333 -982.65297115 -996.33915384 -968.96678846
1334 -983.30230219 -996.98034065 -969.62426373
1335 -983.95163324 -997.62152747 -970.28173901
1336 -984.60096428 -998.26271428 -970.93921428
1337 -985.25029532 -998.90390109 -971.59668956
1338 -985.89962637 -999.54508791 -972.25416483
1339 -986.54895741 -1000.18627472 -972.91164010
1340 -987.19828846 -1000.82746153 -973.56911538
1341 -987.84761950 -1001.46864835 -974.22659065
1342 -988.49695054 -1002.10983516 -974.88406593
1343 -989.14628159 -1002.75102197 -975.54154120
1344 -989.79561263 -1003.39220879 -976.19901648
1345 -990.44494368 -1004.03339560 -976.85649175
1346 -991.09427472 -1004.67458241 -977.51396703
1347 -991.74360576 -1005.31576923 -978.17144230
1348 -992.39293681 -1005.95695604 -978.82891758
1349 -993.04226785 -1006.59814285 -979.48639285
1350 -993.69159890 -1007.23932967 -980.14386813
1351 -994.34092994 -1007.88051648 -980.80134340
1352 -994.99026098 -1008.52170329 -981.45881868
1353 -995.63959203 -1009.16289010 -982.11629395
1354 -996.28892307 -1009.80407692 -982.77376923
1355 -996.93825412 -1010.44526373 -983.43124450
1356 -997.58758516 -1011.08645054 -984.08871978
1357 -998.23691620 -1011.72763736 -984.74619505
1358 -998.88624725 -1012.36882417 -985.40367032
1359 -999.53557829 -1013.01001098 -986.06114560
1360 -1000.18490934 -1013.65119780 -986.71862087
1361 -1000.83424038 -1014.29238461 -987.37609615
1362 -1001.48357142 -1014.93357142 -988.03357142
1363 -1002.13290247 -1015.57475824 -988.69104670
1364 -1002.78223351 -1016.21594505 -989.34852197
1365 -1003.43156456 -1016.85713186 -990.00599725
1366 -1004.08089560 -1017.49831868 -990.66347252
1367 -1004.73022664 -1018.13950549 -991.32094780
1368 -1005.37955769 -1018.78069230 -991.97842307
1369 -1006.02888873 -1019.42187912 -992.63589835
1370 -1006.67821978 -1020.06306593 -993.29337362
1371 -1007.32755082 -1020.70425274 -993.95084890
1372 -1007.97688186 -1021.34543956 -994.60832417
1373 -1008.62621291 -1021.98662637 -995.26579945
1374 -1009.27554395 -1022.62781318 -995.92327472
1375 -1009.92487500 -1023.26900000 -996.58075000
1376 -1010.57420604 -1023.91018681 -997.23822527
1377 -1011.22353708 -1024.55137362 -997.89570054
1378 -1011.87286813 -1025.19256043 -998.55317582
1379 -1012.52219917 -1025.83374725 -999.21065109
1380 -1013.17153021 -1026.47493406 -999.86812637
1381 -1013.82086126 -1027.11612087 -1000.52560164
1382 -1014.47019230 -1027.75730769 -1001.18307692
1383 -1015.11952335 -1028.39849450 -1001.84055219
1384 -1015.76885439 -1029.03968131 -1002.49802747
1385 -1016.41818543 -1029.68086813 -1003.15550274
1386 -1017.06751648 -1030.32205494 -1003.81297802
1387 -1017.71684752 -1030.96324175 -1004.47045329
1388 -1018.36617857 -1031.60442857 -1005.12792857
1389 -1019.01550961 -1032.24561538 -1005.78540384
1390 -1019.66484065 -1032.88680219 -1006.44287912
1391 -1020.31417170 -1033.52798901 -1007.10035439
1392 -1020.96350274 -1034.16917582 -1007.75782967
1393 -1021.61283379 -1034.81036263 -1008.41530494
1394 -1022.26216483 -1035.45154945 -1009.07278021
1395 -1022.91149587 -1036.09273626 -1009.73025549
1396 -1023.56082692 -1036.73392307 -1010.38773076
1397 -1024.21015796 -1037.37510989 -1011.04520604
1398 -1024.85948901 -1038.01629670 -1011.70268131
1399 -1025.50882005 -1038.65748351 -1012.36015659
1400 -1026.15815109 -1039.29867032 -1013.01763186
1401 -1026.80748214 -1039.93985714 -1013.67510714
1402 -1027.45681318 -1040.58104395 -1014.33258241
1403 -1028.10614423 -1041.22223076 -1014.99005769
1404 -1028.75547527 -1041.86341758 -1015.64753296
1405 -1029.40480631 -1042.50460439 -1016.30500824
1406 -1030.05413736 -1043.14579120 -1016.96248351
1407 -1030.70346840 -1043.78697802 -1017.61995879
1408 -1031.35279945 -1044.42816483 -1018.27743406
1409 -1032.00213049 -1045.06935164 -1018.93490934
1410 -1032.65146153 -1045.71053846 -1019.59238461
1411 -1033.30079258 -1046.35172527 -1020.24985989
1412 -1033.95012362 -1046.99291208 -1020.90733516
1413 -1034.59945467 -1047.63409890 -1021.56481043
1414 -1035.24878571 -1048.27528571 -1022.22228571
1415 -1035.89811675 -1048.91647252 -1022.87976098
1416 -1036.54744780 -1049.55765934 -1023.53723626
1417 -1037.19677884 -1050.19884615 -1024.19471153
1418 -1037.84610989 -1050.84003296 -1024.85218681
1419 -1038.49544093 -1051.48121978 -1025.50966208
1420 -1039.14477197 -1052.12240659 -1026.16713736
1421 -1039.79410302 -1052.76359340 -1026.82461263
1422 -1040.44343406 -1053.40478021 -1027.48208791
1423 -1041.09276510 -1054.04596703 -1028.13956318
1424 -1041.74209615 -1054.68715384 -1028.79703846
1425 -1042.39142719 -1055.32834065 -1029.45451373
1426 -1043.04075824 -1055.96952747 -1030.11198901
1427 -1043.69008928 -1056.61071428 -1030.76946428
1428 -1044.33942032 -1057.25190109 -1031.42693956
1429 -1044.98875137 -1057.89308791 -1032.08441483
1430 -1045.63808241 -1058.53427472 -1032.74189010
1431 -1046.28741346 -1059.17546153 -1033.39936538
1432 -1046.93674450 -1059.81664835 -1034.05684065
1433 -1047.58607554 -1060.45783516 -1034.71431593
1434 -1048.23540659 -1061.09902197 -1035.37179120
1435 -1048.88473763 -1061.74020879 -1036.02926648
1436 -1049.53406868 -1062.38139560 -1036.68674175
1437 -1050.18339972 -1063.02258241 -1037.34421703
1438 -1050.83273076 -1063.66376923 -1038.00169230
1439 -1051.48206181 -1064.30495604 -1038.65916758
1440 -1052.13139285 -1064.94614285 -1039.31664285
1441 -1052.78072390 -1065.58732967 -1039.97411813
1442 -1053.43005494 -1066.22851648 -1040.63159340
1443 -1054.07938598 -1066.86970329 -1041.28906868
1444 -1054.72871703 -1067.51089010 -1041.94654395
1445 -1055.37804807 -1068.15207692 -1042.60401923
1446 -1056.02737912 -1068.79326373 -1043.26149450
1447 -1056.67671016 -1069.43445054 -1043.91896978
1448 -1057.32604120 -1070.07563736 -1044.57644505
1449 -1057.97537225 -1070.71682417 -1045.23392032
1450 -1058.62470329 -1071.35801098 -1045.89139560
1451 -1059.27403434 -1071.99919780 -1046.54887087
1452 -1059.92336538 -1072.64038461 -1047.20634615
1453 -1060.57269642 -1073.28157142 -1047.86382142
1454 -1061.22202747 -1073.92275824 -1048.52129670
1455 -1061.87135851 -1074.56394505 -1049.17877197
1456 -1062.52068956 -1075.20513186 -1049.83624725
1457 -1063.17002060 -1075.84631868 -1050.49372252
1458 -1063.81935164 -1076.48750549 -1051.15119780
1459 -1064.46868269 -1077.12869230 -1051.80867307
1460 -1065.11801373 -1077.76987912 -1052.46614835
1461 -1065.76734478 -1078.41106593 -1053.12362362
1462 -1066.41667582 -1079.05225274 -1053.78109890
1463 -1067.06600686 -1079.69343956 -1054.43857417
1464 -1067.71533791 -1080.33462637 -1055.09604945
1465 -1068.36466895 -1080.97581318 -1055.75352472
1466 -1069.01400000 -1081.61700000 -1056.41100000
1467 -1069.63379863 -1082.24752602 -1057.02007123
1468 -1070.25359726 -1082.87805205 -1057.62914246
1469 -1070.87339589 -1083.50857808 -1058.23821369
1470 -1071.49319452 -1084.13910410 -1058.84728493
1471 -1072.11299315 -1084.76963013 -1059.45635616
1472 -1072.73279178 -1085.40015616 -1060.06542739
1473 -1073.35259041 -1086.03068219 -1060.67449863
1474 -1073.97238904 -1086.66120821 -1061.28356986
1475 -1074.59218767 -1087.29173424 -1061.89264109
1476 -1075.21198630 -1087.92226027 -1062.50171232
1477 -1075.83178493 -1088.55278630 -1063.11078356
1478 -1076.45158356 -1089.18331232 -1063.71985479
1479 -1077.07138219 -1089.81383835 -1064.32892602
1480 -1077.69118082 -1090.44436438 -1064.93799726
1481 -1078.31097945 -1091.07489041 -1065.54706849
1482 -1078.93077808 -1091.70541643 -1066.15613972
1483 -1079.55057671 -1092.33594246 -1066.76521095
1484 -1080.17037534 -1092.96646849 -1067.37428219
1485 -1080.79017397 -1093.59699452 -1067.98335342
1486 -1081.40997260 -1094.22752054 -1068.59242465
1487 -1082.02977123 -1094.85804657 -1069.20149589
1488 -1082.64956986 -1095.48857260 -1069.81056712
1489 -1083.26936849 -1096.11909863 -1070.41963835
1490 -1083.88916712 -1096.74962465 -1071.02870958
1491 -1084.50896575 -1097.38015068 -1071.63778082
1492 -1085.12876438 -1098.01067671 -1072.24685205
1493 -1085.74856301 -1098.64120273 -1072.85592328
1494 -1086.36836164 -1099.27172876 -1073.46499452
1495 -1086.98816027 -1099.90225479 -1074.07406575
1496 -1087.60795890 -1100.53278082 -1074.68313698
1497 -1088.22775753 -1101.16330684 -1075.29220821
1498 -1088.84755616 -1101.79383287 -1075.90127945
1499 -1089.46735479 -1102.42435890 -1076.51035068
1500 -1090.08715342 -1103.05488493 -1077.11942191
1501 -1090.70695205 -1103.68541095 -1077.72849315
1502 -1091.32675068 -1104.31593698 -1078.33756438
1503 -1091.94654931 -1104.94646301 -1078.94663561
1504 -1092.56634794 -1105.57698904 -1079.55570684
1505 -1093.18614657 -1106.20751506 -1080.16477808
1506 -1093.80594520 -1106.83804109 -1080.77384931
1507 -1094.42574383 -1107.46856712 -1081.38292054
1508 -1095.04554246 -1108.09909315 -1081.99199178
1509 -1095.66534109 -1108.72961917 -1082.60106301
1510 -1096.28513972 -1109.36014520 -1083.21013424
1511 -1096.90493835 -1109.99067123 -1083.81920547
1512 -1097.52473698 -1110.62119726 -1084.42827671
1513 -1098.14453561 -1111.25172328 -1085.03734794
1514 -1098.76433424 -1111.88224931 -1085.64641917
1515 -1099.38413287 -1112.51277534 -1086.25549041
1516 -1100.00393150 -1113.14330136 -1086.86456164
1517 -1100.62373013 -1113.77382739 -1087.47363287
1518 -1101.24352876 -1114.40435342 -1088.08270410
1519 -1101.86332739 -1115.03487945 -1088.69177534
1520 -1102.48312602 -1115.66540547 -1089.30084657
1521 -1103.10292465 -1116.29593150 -1089.90991780
1522 -1103.72272328 -1116.92645753 -1090.51898904
1523 -1104.34252191 -1117.55698356 -1091.12806027
1524 -1104.96232054 -1118.18750958 -1091.73713150
1525 -1105.58211917 -1118.81803561 -1092.34620273
1526 -1106.20191780 -1119.44856164 -1092.95527397
1527 -1106.82171643 -1120.07908767 -1093.56434520
1528 -1107.44151506 -1120.70961369 -1094.17341643
1529 -1108.06131369 -1121.34013972 -1094.78248767
1530 -1108.68111232 -1121.97066575 -1095.39155890
1531 -1109.30091095 -1122.60119178 -1096.00063013
1532 -1109.92070958 -1123.23171780 -1096.60970136
1533 -1110.54050821 -1123.86224383 -1097.21877260
1534 -1111.16030684 -1124.49276986 -1097.82784383
1535 -1111.78010547 -1125.12329589 -1098.43691506
1536 -1112.39990410 -1125.75382191 -1099.04598630
1537 -1113.01970273 -1126.38434794 -1099.65505753
1538 -1113.63950136 -1127.01487397 -1100.26412876
1539 -1114.25930000 -1127.64540000 -1100.87320000
1540 -1114.87909863 -1128.27592602 -1101.48227123
1541 -1115.49889726 -1128.90645205 -1102.09134246
1542 -1116.11869589 -1129.53697808 -1102.70041369
1543 -1116.73849452 -1130.16750410 -1103.30948493
1544 -1117.35829315 -1130.79803013 -1103.91855616
1545 -1117.97809178 -1131.42855616 -1104.52762739
1546 -1118.59789041 -1132.05908219 -1105.13669863
1547 -1119.21768904 -1132.68960821 -1105.74576986
1548 -1119.83748767 -1133.32013424 -1106.35484109
1549 -1120.45728630 -1133.95066027 -1106.96391232
1550 -1121.07708493 -1134.58118630 -1107.57298356
1551 -1121.69688356 -1135.21171232 -1108.18205479
1552 -1122.31668219 -1135.84223835 -1108.79112602
1553 -1122.93648082 -1136.47276438 -1109.40019726
1554 -1123.55627945 -1137.10329041 -1110.00926849
1555 -1124.17607808 -1137.73381643 -1110.61833972
1556 -1124.79587671 -1138.36434246 -1111.22741095
1557 -1125.41567534 -1138.99486849 -1111.83648219
1558 -1126.03547397 -1139.62539452 -1112.44555342
1559 -1126.65527260 -1140.25592054 -1113.05462465
1560 -1127.27507123 -1140.88644657 -1113.66369589
1561 -1127.89486986 -1141.51697260 -1114.27276712
1562 -1128.51466849 -1142.14749863 -1114.88183835
1563 -1129.13446712 -1142.77802465 -1115.49090958
1564 -1129.75426575 -1143.40855068 -1116.09998082
1565 -1130.37406438 -1144.03907671 -1116.70905205
1566 -1130.99386301 -1144.66960273 -1117.31812328
1567 -1131.61366164 -1145.30012876 -1117.92719452
1568 -1132.23346027 -1145.93065479 -1118.53626575
1569 -1132.85325890 -1146.56118082 -1119.14533698
1570 -1133.47305753 -1147.19170684 -1119.75440821
1571 -1134.09285616 -1147.82223287 -1120.36347945
1572 -1134.71265479 -1148.45275890 -1120.97255068
1573 -1135.33245342 -1149.08328493 -1121.58162191
1574 -1135.95225205 -1149.71381095 -1122.19069315
1575 -1136.57205068 -1150.34433698 -1122.79976438
1576 -1137.19184931 -1150.97486301 -1123.40883561
1577 -1137.81164794 -1151.60538904 -1124.01790684
1578 -1138.43144657 -1152.23591506 -1124.62697808
1579 -1139.05124520 -1152.86644109 -1125.23604931
1580 -1139.67104383 -1153.49696712 -1125.84512054
1581 -1140.29084246 -1154.12749315 -1126.45419178
1582 -1140.91064109 -1154.75801917 -1127.06326301
1583 -1141.53043972 -1155.38854520 -1127.67233424
1584 -1142.15023835 -1156.01907123 -1128.28140547
1585 -1142.77003698 -1156.64959726 -1128.89047671
1586 -1143.38983561 -1157.28012328 -1129.49954794
1587 -1144.00963424 -1157.91064931 -1130.10861917
1588 -1144.62943287 -1158.54117534 -1130.71769041
1589 -1145.24923150 -1159.17170136 -1131.32676164
1590 -1145.86903013 -1159.80222739 -1131.93583287
1591 -1146.48882876 -1160.43275342 -1132.54490410
1592 -1147.10862739 -1161.06327945 -1133.15397534
1593 -1147.72842602 -1161.69380547 -1133.76304657
1594 -1148.34822465 -1162.32433150 -1134.37211780
1595 -1148.96802328 -1162.95485753 -1134.98118904
1596 -1149.58782191 -1163.58538356 -1135.59026027
1597 -1150.20762054 -1164.21590958 -1136.19933150
1598 -1150.82741917 -1164.84643561 -1136.80840273
1599 -1151.44721780 -1165.47696164 -1137.41747397
1600 -1152.06701643 -1166.10748767 -1138.02654520
1601 -1152.68681506 -1166.73801369 -1138.63561643
1602 -1153.30661369 -1167.36853972 -1139.24468767
1603 -1153.92641232 -1167.99906575 -1139.85375890
1604 -1154.54621095 -1168.62959178 -1140.46283013
1605 -1155.16600958 -1169.26011780 -1141.07190136
1606 -1155.78580821 -1169.89064383 -1141.68097260
1607 -1156.40560684 -1170.52116986 -1142.29004383
1608 -1157.02540547 -1171.15169589 -1142.89911506
1609 -1157.64520410 -1171.78222191 -1143.50818630
1610 -1158.26500273 -1172.41274794 -1144.11725753
1611 -1158.88480136 -1173.04327397 -1144.72632876
1612 -1159.50460000 -1173.67380000 -1145.33540000
1613 -1160.12439863 -1174.30432602 -1145.94447123
1614 -1160.74419726 -1174.93485205 -1146.55354246
1615 -1161.36399589 -1175.56537808 -1147.16261369
1616 -1161.98379452 -1176.19590410 -1147.77168493
1617 -1162.60359315 -1176.82643013 -1148.38075616
1618 -1163.22339178 -1177.45695616 -1148.98982739
1619 -1163.84319041 -1178.08748219 -1149.59889863
1620 -1164.46298904 -1178.71800821 -1150.20796986
1621 -1165.08278767 -1179.34853424 -1150.81704109
1622 -1165.70258630 -1179.97906027 -1151.42611232
1623 -1166.32238493 -1180.60958630 -1152.03518356
1624 -1166.94218356 -1181.24011232 -1152.64425479
1625 -1167.56198219 -1181.87063835 -1153.25332602
1626 -1168.18178082 -1182.50116438 -1153.86239726
1627 -1168.80157945 -1183.13169041 -1154.47146849
1628 -1169.42137808 -1183.76221643 -1155.08053972
1629 -1170.04117671 -1184.39274246 -1155.68961095
1630 -1170.66097534 -1185.02326849 -1156.29868219
1631 -1171.28077397 -1185.65379452 -1156.90775342
1632 -1171.90057260 -1186.28432054 -1157.51682465
1633 -1172.52037123 -1186.91484657 -1158.12589589
1634 -1173.14016986 -1187.54537260 -1158.73496712
1635 -1173.75996849 -1188.17589863 -1159.34403835
1636 -1174.37976712 -1188.80642465 -1159.95310958
1637 -1174.99956575 -1189.43695068 -1160.56218082
1638 -1175.61936438 -1190.06747671 -1161.17125205
1639 -1176.23916301 -1190.69800273 -1161.78032328
1640 -1176.85896164 -1191.32852876 -1162.38939452
1641 -1177.47876027 -1191.95905479 -1162.99846575
1642 -1178.09855890 -1192.58958082 -1163.60753698
1643 -1178.71835753 -1193.22010684 -1164.21660821
1644 -1179.33815616 -1193.85063287 -1164.82567945
1645 -1179.95795479 -1194.48115890 -1165.43475068
1646 -1180.57775342 -1195.11168493 -1166.04382191
1647 -1181.19755205 -1195.74221095 -1166.65289315
1648 -1181.81735068 -1196.37273698 -1167.26196438
1649 -1182.43714931 -1197.00326301 -1167.87103561
1650 -1183.05694794 -1197.63378904 -1168.48010684
1651 -1183.67674657 -1198.26431506 -1169.08917808
1652 -1184.29654520 -1198.89484109 -1169.69824931
1653 -1184.91634383 -1199.52536712 -1170.30732054
1654 -1185.53614246 -1200.15589315 -1170.91639178
1655 -1186.15594109 -1200.78641917 -1171.52546301
1656 -1186.77573972 -1201.41694520 -1172.13453424
1657 -1187.39553835 -1202.04747123 -1172.74360547
1658 -1188.01533698 -1202.67799726 -1173.35267671
1659 -1188.63513561 -1203.30852328 -1173.96174794
1660 -1189.25493424 -1203.93904931 -1174.57081917
1661 -1189.87473287 -1204.56957534 -1175.17989041
1662 -1190.49453150 -1205.20010136 -1175.78896164
1663 -1191.11433013 -1205.83062739 -1176.39803287
1664 -1191.73412876 -1206.46115342 -1177.00710410
1665 -1192.35392739 -1207.09167945 -1177.61617534
1666 -1192.97372602 -1207.72220547 -1178.22524657
1667 -1193.59352465 -1208.35273150 -1178.83431780
1668 -1194.21332328 -1208.98325753 -1179.44338904
1669 -1194.83312191 -1209.61378356 -1180.05246027
1670 -1195.45292054 -1210.24430958 -1180.66153150
1671 -1196.07271917 -1210.87483561 -1181.27060273
1672 -1196.69251780 -1211.50536164 -1181.87967397
1673 -1197.31231643 -1212.13588767 -1182.48874520
1674 -1197.93211506 -1212.76641369 -1183.09781643
1675 -1198.55191369 -1213.39693972 -1183.70688767
1676 -1199.17171232 -1214.02746575 -1184.31595890
1677 -1199.79151095 -1214.65799178 -1184.92503013
1678 -1200.41130958 -1215.28851780 -1185.53410136
1679 -1201.03110821 -1215.91904383 -1186.14317260
1680 -1201.65090684 -1216.54956986 -1186.75224383
1681 -1202.27070547 -1217.18009589 -1187.36131506
1682 -1202.89050410 -1217.81062191 -1187.97038630
1683 -1203.51030273 -1218.44114794 -1188.57945753
1684 -1204.13010136 -1219.07167397 -1189.18852876
1685 -1204.74990000 -1219.70220000 -1189.79760000
1686 -1205.36969863 -1220.33272602 -1190.40667123
1687 -1205.98949726 -1220.96325205 -1191.01574246
1688 -1206.60929589 -1221.59377808 -1191.62481369
1689 -1207.22909452 -1222.22430410 -1192.23388493
1690 -1207.84889315 -1222.85483013 -1192.84295616
1691 -1208.46869178 -1223.48535616 -1193.45202739
1692 -1209.08849041 -1224.11588219 -1194.06109863
1693 -1209.70828904 -1224.74640821 -1194.67016986
1694 -1210.32808767 -1225.37693424 -1195.27924109
1695 -1210.94788630 -1226.00746027 -1195.88831232
1696 -1211.56768493 -1226.63798630 -1196.49738356
1697 -1212.18748356 -1227.26851232 -1197.10645479
1698 -1212.80728219 -1227.89903835 -1197.71552602
1699 -1213.42708082 -1228.52956438 -1198.32459726
1700 -1214.04687945 -1229.16009041 -1198.93366849
1701 -1214.66667808 -1229.79061643 -1199.54273972
1702 -1215.28647671 -1230.42114246 -1200.15181095
1703 -1215.90627534 -1231.05166849 -1200.76088219
1704 -1216.52607397 -1231.68219452 -1201.36995342
1705 -1217.14587260 -1232.31272054 -1201.97902465
1706 -1217.76567123 -1232.94324657 -1202.58809589
1707 -1218.38546986 -1233.57377260 -1203.19716712
1708 -1219.00526849 -1234.20429863 -1203.80623835
1709 -1219.62506712 -1234.83482465 -1204.41530958
1710 -1220.24486575 -1235.46535068 -1205.02438082
1711 -1220.86466438 -1236.09587671 -1205.63345205
1712 -1221.48446301 -1236.72640273 -1206.24252328
1713 -1222.10426164 -1237.35692876 -1206.85159452
1714 -1222.72406027 -1237.98745479 -1207.46066575
1715 -1223.34385890 -1238.61798082 -1208.06973698
1716 -1223.96365753 -1239.24850684 -1208.67880821
1717 -1224.58345616 -1239.87903287 -1209.28787945
1718 -1225.20325479 -1240.50955890 -1209.89695068
1719 -1225.82305342 -1241.14008493 -1210.50602191
1720 -1226.44285205 -1241.77061095 -1211.11509315
1721 -1227.06265068 -1242.40113698 -1211.72416438
1722 -1227.68244931 -1243.03166301 -1212.33323561
1723 -1228.30224794 -1243.66218904 -1212.94230684
1724 -1228.92204657 -1244.29271506 -1213.55137808
1725 -1229.54184520 -1244.92324109 -1214.16044931
1726 -1230.16164383 -1245.55376712 -1214.76952054
1727 -1230.78144246 -1246.18429315 -1215.37859178
1728 -1231.40124109 -1246.81481917 -1215.98766301
1729 -1232.02103972 -1247.44534520 -1216.59673424
1730 -1232.64083835 -1248.07587123 -1217.20580547
1731 -1233.26063698 -1248.70639726 -1217.81487671
1732 -1233.88043561 -1249.33692328 -1218.42394794
1733 -1234.50023424 -1249.96744931 -1219.03301917
1734 -1235.12003287 -1250.59797534 -1219.64209041
1735 -1235.73983150 -1251.22850136 -1220.25116164
1736 -1236.35963013 -1251.85902739 -1220.86023287
1737 -1236.97942876 -1252.48955342 -1221.46930410
1738 -1237.59922739 -1253.12007945 -1222.07837534
1739 -1238.21902602 -1253.75060547 -1222.68744657
1740 -1238.83882465 -1254.38113150 -1223.29651780
1741 -1239.45862328 -1255.01165753 -1223.90558904
1742 -1240.07842191 -1255.64218356 -1224.51466027
1743 -1240.69822054 -1256.27270958 -1225.12373150
1744 -1241.31801917 -1256.90323561 -1225.73280273
1745 -1241.93781780 -1257.53376164 -1226.34187397
1746 -1242.55761643 -1258.16428767 -1226.95094520
1747 -1243.17741506 -1258.79481369 -1227.56001643
1748 -1243.79721369 -1259.42533972 -1228.16908767
1749 -1244.41701232 -1260.05586575 -1228.77815890
1750 -1245.03681095 -1260.68639178 -1229.38723013
1751 -1245.65660958 -1261.31691780 -1229.99630136
1752 -1246.27640821 -1261.94744383 -1230.60537260
1753 -1246.89620684 -1262.57796986 -1231.21444383
1754 -1247.51600547 -1263.20849589 -1231.82351506
1755 -1248.13580410 -1263.83902191 -1232.43258630
1756 -1248.75560273 -1264.46954794 -1233.04165753
1757 -1249.37540136 -1265.10007397 -1233.65072876
1758 -1249.99520000 -1265.73060000 -1234.25980000
1759 -1250.61499863 -1266.36112602 -1234.86887123
1760 -1251.23479726 -1266.99165205 -1235.47794246
1761 -1251.85459589 -1267.62217808 -1236.08701369
1762 -1252.47439452 -1268.25270410 -1236.69608493
1763 -1253.09419315 -1268.88323013 -1237.30515616
1764 -1253.71399178 -1269.51375616 -1237.91422739
1765 -1254.33379041 -1270.14428219 -1238.52329863
1766 -1254.95358904 -1270.77480821 -1239.13236986
1767 -1255.57338767 -1271.40533424 -1239.74144109
1768 -1256.19318630 -1272.03586027 -1240.35051232
1769 -1256.81298493 -1272.66638630 -1240.95958356
1770 -1257.43278356 -1273.29691232 -1241.56865479
1771 -1258.05258219 -1273.92743835 -1242.17772602
1772 -1258.67238082 -1274.55796438 -1242.78679726
1773 -1259.29217945 -1275.18849041 -1243.39586849
1774 -1259.91197808 -1275.81901643 -1244.00493972
1775 -1260.53177671 -1276.44954246 -1244.61401095
1776 -1261.15157534 -1277.08006849 -1245.22308219
1777 -1261.77137397 -1277.71059452 -1245.83215342
1778 -1262.39117260 -1278.34112054 -1246.44122465
1779 -1263.01097123 -1278.97164657 -1247.05029589
1780 -1263.63076986 -1279.60217260 -1247.65936712
1781 -1264.25056849 -1280.23269863 -1248.26843835
1782 -1264.87036712 -1280.86322465 -1248.87750958
1783 -1265.49016575 -1281.49375068 -1249.48658082
1784 -1266.10996438 -1282.12427671 -1250.09565205
1785 -1266.72976301 -1282.75480273 -1250.70472328
1786 -1267.34956164 -1283.38532876 -1251.31379452
1787 -1267.96936027 -1284.01585479 -1251.92286575
1788 -1268.58915890 -1284.64638082 -1252.53193698
1789 -1269.20895753 -1285.27690684 -1253.14100821
1790 -1269.82875616 -1285.90743287 -1253.75007945
1791 -1270.44855479 -1286.53795890 -1254.35915068
1792 -1271.06835342 -1287.16848493 -1254.96822191
1793 -1271.68815205 -1287.79901095 -1255.57729315
1794 -1272.30795068 -1288.42953698 -1256.18636438
1795 -1272.92774931 -1289.06006301 -1256.79543561
1796 -1273.54754794 -1289.69058904 -1257.40450684
1797 -1274.16734657 -1290.32111506 -1258.01357808
1798 -1274.78714520 -1290.95164109 -1258.62264931
1799 -1275.40694383 -1291.58216712 -1259.23172054
1800 -1276.02674246 -1292.21269315 -1259.84079178
1801 -1276.64654109 -1292.84321917 -1260.44986301
1802 -1277.26633972 -1293.47374520 -1261.05893424
1803 -1277.88613835 -1294.10427123 -1261.66800547
1804 -1278.50593698 -1294.73479726 -1262.27707671
1805 -1279.12573561 -1295.36532328 -1262.88614794
1806 -1279.74553424 -1295.99584931 -1263.49521917
1807 -1280.36533287 -1296.62637534 -1264.10429041
1808 -1280.98513150 -1297.25690136 -1264.71336164
1809 -1281.60493013 -1297.88742739 -1265.32243287
1810 -1282.22472876 -1298.51795342 -1265.93150410
1811 -1282.84452739 -1299.14847945 -1266.54057534
1812 -1283.46432602 -1299.77900547 -1267.14964657
1813 -1284.08412465 -1300.40953150 -1267.75871780
1814 -1284.70392328 -1301.04005753 -1268.36778904
1815 -1285.32372191 -1301.67058356 -1268.97686027
1816 -1285.94352054 -1302.30110958 -1269.58593150
1817 -1286.56331917 -1302.93163561 -1270.19500273
1818 -1287.18311780 -1303.56216164 -1270.80407397
1819 -1287.80291643 -1304.19268767 -1271.41314520
1820 -1288.42271506 -1304.82321369 -1272.02221643
1821 -1289.04251369 -1305.45373972 -1272.63128767
1822 -1289.66231232 -1306.08426575 -1273.24035890
1823 -1290.28211095 -1306.71479178 -1273.84943013
1824 -1290.90190958 -1307.34531780 -1274.45850136
1825 -1291.52170821 -1307.97584383 -1275.06757260
1826 -1292.14150684 -1308.60636986 -1275.67664383
1827 -1292.76130547 -1309.23689589 -1276.28571506
1828 -1293.38110410 -1309.86742191 -1276.89478630
1829 -1294.00090273 -1310.49794794 -1277.50385753
1830 -1294.62070136 -1311.12847397 -1278.11292876
1831 -1295.24050000 -1311.75900000 -1278.72200000
