1 0.76466667 0.74066667 0.78866667
2 0.76466667 0.74066667 0.78866667
3 0.76466667 0.74066667 0.78866667
4 0.00000000 0.00000000 0.00000000
5 0.53300000 0.52100000 0.54500000
6 1.07250000 1.05583333 1.08916667
7 1.61200000 1.59066667 1.63333333
8 2.15150000 2.12550000 2.17750000
9 2.69100000 2.66033333 2.72166667
10 3.23050000 3.19516667 3.26583333
11 3.77000000 3.73000000 3.81000000
12 4.31071429 4.27000000 4.35142857
13 4.85142857 4.81000000 4.89285714
14 5.39214286 5.35000000 5.43428571
15 5.93285714 5.89000000 5.97571429
16 6.47357143 6.43000000 6.51714286
17 7.01428571 6.97000000 7.05857143
18 7.55500000 7.51000000 7.60000000
19 8.03928571 7.99142857 8.08714286
20 8.52357143 8.47285714 8.57428571
21 9.00785714 8.95428571 9.06142857
22 9.49214286 9.43571429 9.54857143
23 9.97642857 9.91714286 10.03571429
24 10.46071429 10.39857143 10.52285714
25 10.94500000 10.88000000 11.01000000
26 11.43111111 11.36444444 11.49777778
27 11.91722222 11.84888889 11.98555556
28 12.40333333 12.33333333 12.47333333
29 12.88944444 12.81777778 12.96111111
30 13.37555556 13.30222222 13.44888889
31 13.86166667 13.78666667 13.93666667
32 14.34777778 14.27111111 14.42444444
33 14.83388889 14.75555556 14.91222222
34 15.32000000 15.24000000 15.40000000
35 15.79937500 15.71718750 15.88156250
36 16.27875000 16.19437500 16.36312500
37 16.75812500 16.67156250 16.84468750
38 17.23750000 17.14875000 17.32625000
39 17.71687500 17.62593750 17.80781250
40 18.19625000 18.10312500 18.28937500
41 18.67562500 18.58031250 18.77093750
42 19.15500000 19.05750000 19.25250000
43 19.63437500 19.53468750 19.73406250
44 20.11375000 20.01187500 20.21562500
45 20.59312500 20.48906250 20.69718750
46 21.07250000 20.96625000 21.17875000
47 21.55187500 21.44343750 21.66031250
48 22.03125000 21.92062500 22.14187500
49 22.51062500 22.39781250 22.62343750
50 22.99000000 22.87500000 23.10500000
51 23.46937500 23.35218750 23.58656250
52 23.94875000 23.82937500 24.06812500
53 24.42812500 24.30656250 24.54968750
54 24.90750000 24.78375000 25.03125000
55 25.38687500 25.26093750 25.51281250
56 25.86625000 25.73812500 25.99437500
57 26.34562500 26.21531250 26.47593750
58 26.82500000 26.69250000 26.95750000
59 27.30437500 27.16968750 27.43906250
60 27.78375000 27.64687500 27.92062500
61 28.26312500 28.12406250 28.40218750
62 28.74250000 28.60125000 28.88375000
63 29.22187500 29.07843750 29.36531250
64 29.70125000 29.55562500 29.84687500
65 30.18062500 30.03281250 30.32843750
66 30.66000000 30.51000000 30.81000000
67 31.12766667 30.97400000 31.28133333
68 31.59533333 31.43800000 31.75266667
69 32.06300000 31.90200000 32.22400000
70 32.53066667 32.36600000 32.69533333
71 32.99833333 32.83000000 33.16666667
72 33.46600000 33.29400000 33.63800000
73 33.93366667 33.75800000 34.10933333
74 34.40133333 34.22200000 34.58066667
75 34.86900000 34.68600000 35.05200000
76 35.33666667 35.15000000 35.52333333
77 35.80433333 35.61400000 35.99466667
78 36.27200000 36.07800000 36.46600000
79 36.73966667 36.54200000 36.93733333
80 37.20733333 37.00600000 37.40866667
81 37.67500000 37.47000000 37.88000000
82 38.14266667 37.93400000 38.35133333
83 38.61033333 38.39800000 38.82266667
84 39.07800000 38.86200000 39.29400000
85 39.54566667 39.32600000 39.76533333
86 40.01333333 39.79000000 40.23666667
87 40.48100000 40.25400000 40.70800000
88 40.94866667 40.71800000 41.17933333
89 41.41633333 41.18200000 41.65066667
90 41.88400000 41.64600000 42.12200000
91 42.35166667 42.11000000 42.59333333
92 42.81933333 42.57400000 43.06466667
93 43.28700000 43.03800000 43.53600000
94 43.75466667 43.50200000 44.00733333
95 44.22233333 43.96600000 44.47866667
96 44.69000000 44.43000000 44.95000000
97 45.14283333 44.87666667 45.40900000
98 45.59566667 45.32333333 45.86800000
99 46.04850000 45.77000000 46.32700000
100 46.50133333 46.21666667 46.78600000
101 46.95416667 46.66333333 47.24500000
102 47.40700000 47.11000000 47.70400000
103 47.85983333 47.55666667 48.16300000
104 48.31266667 48.00333333 48.62200000
105 48.76550000 48.45000000 49.08100000
106 49.21833333 48.89666667 49.54000000
107 49.67116667 49.34333333 49.99900000
108 50.12400000 49.79000000 50.45800000
109 50.57683333 50.23666667 50.91700000
110 51.02966667 50.68333333 51.37600000
111 51.48250000 51.13000000 51.83500000
112 51.93533333 51.57666667 52.29400000
113 52.38816667 52.02333333 52.75300000
114 52.84100000 52.47000000 53.21200000
115 53.29383333 52.91666667 53.67100000
116 53.74666667 53.36333333 54.13000000
117 54.19950000 53.81000000 54.58900000
118 54.65233333 54.25666667 55.04800000
119 55.10516667 54.70333333 55.50700000
120 55.55800000 55.15000000 55.96600000
121 56.01083333 55.59666667 56.42500000
122 56.46366667 56.04333333 56.88400000
123 56.91650000 56.49000000 57.34300000
124 57.36933333 56.93666667 57.80200000
125 57.82216667 57.38333333 58.26100000
126 58.27500000 57.83000000 58.72000000
127 58.71709677 58.27322581 59.16096774
128 59.15919355 58.71645161 59.60193548
129 59.60129032 59.15967742 60.04290323
130 60.04338710 59.60290323 60.48387097
131 60.48548387 60.04612903 60.92483871
132 60.92758065 60.48935484 61.36580645
133 61.36967742 60.93258065 61.80677419
134 61.81177419 61.37580645 62.24774194
135 62.25387097 61.81903226 62.68870968
136 62.69596774 62.26225806 63.12967742
137 63.13806452 62.70548387 63.57064516
138 63.58016129 63.14870968 64.01161290
139 64.02225806 63.59193548 64.45258065
140 64.46435484 64.03516129 64.89354839
141 64.90645161 64.47838710 65.33451613
142 65.34854839 64.92161290 65.77548387
143 65.79064516 65.36483871 66.21645161
144 66.23274194 65.80806452 66.65741935
145 66.67483871 66.25129032 67.09838710
146 67.11693548 66.69451613 67.53935484
147 67.55903226 67.13774194 67.98032258
148 68.00112903 67.58096774 68.42129032
149 68.44322581 68.02419355 68.86225806
150 68.88532258 68.46741935 69.30322581
151 69.32741935 68.91064516 69.74419355
152 69.76951613 69.35387097 70.18516129
153 70.21161290 69.79709677 70.62612903
154 70.65370968 70.24032258 71.06709677
155 71.09580645 70.68354839 71.50806452
156 71.53790323 71.12677419 71.94903226
157 71.98000000 71.57000000 72.39000000
158 72.41366667 71.99800000 72.82933333
159 72.84733333 72.42600000 73.26866667
160 73.28100000 72.85400000 73.70800000
161 73.71466667 73.28200000 74.14733333
162 74.14833333 73.71000000 74.58666667
163 74.58200000 74.13800000 75.02600000
164 75.01566667 74.56600000 75.46533333
165 75.44933333 74.99400000 75.90466667
166 75.88300000 75.42200000 76.34400000
167 76.31666667 75.85000000 76.78333333
168 76.75033333 76.27800000 77.22266667
169 77.18400000 76.70600000 77.66200000
170 77.61766667 77.13400000 78.10133333
171 78.05133333 77.56200000 78.54066667
172 78.48500000 77.99000000 78.98000000
173 78.91866667 78.41800000 79.41933333
174 79.35233333 78.84600000 79.85866667
175 79.78600000 79.27400000 80.29800000
176 80.21966667 79.70200000 80.73733333
177 80.65333333 80.13000000 81.17666667
178 81.08700000 80.55800000 81.61600000
179 81.52066667 80.98600000 82.05533333
180 81.95433333 81.41400000 82.49466667
181 82.38800000 81.84200000 82.93400000
182 82.82166667 82.27000000 83.37333333
183 83.25533333 82.69800000 83.81266667
184 83.68900000 83.12600000 84.25200000
185 84.12266667 83.55400000 84.69133333
186 84.55633333 83.98200000 85.13066667
187 84.99000000 84.41000000 85.57000000
188 85.45863636 84.86181818 86.05545455
189 85.92727273 85.31363636 86.54090909
190 86.39590909 85.76545455 87.02636364
191 86.86454545 86.21727273 87.51181818
192 87.33318182 86.66909091 87.99727273
193 87.80181818 87.12090909 88.48272727
194 88.27045455 87.57272727 88.96818182
195 88.73909091 88.02454545 89.45363636
196 89.20772727 88.47636364 89.93909091
197 89.67636364 88.92818182 90.42454545
198 90.14500000 89.38000000 90.91000000
199 90.61363636 89.83181818 91.39545455
200 91.08227273 90.28363636 91.88090909
201 91.55090909 90.73545455 92.36636364
202 92.01954545 91.18727273 92.85181818
203 92.48818182 91.63909091 93.33727273
204 92.95681818 92.09090909 93.82272727
205 93.42545455 92.54272727 94.30818182
206 93.89409091 92.99454545 94.79363636
207 94.36272727 93.44636364 95.27909091
208 94.83136364 93.89818182 95.76454545
209 95.30000000 94.35000000 96.25000000
210 95.76863636 94.80181818 96.73545455
211 96.23727273 95.25363636 97.22090909
212 96.70590909 95.70545455 97.70636364
213 97.17454545 96.15727273 98.19181818
214 97.64318182 96.60909091 98.67727273
215 98.11181818 97.06090909 99.16272727
216 98.58045455 97.51272727 99.64818182
217 99.04909091 97.96454545 100.13363636
218 99.51772727 98.41636364 100.61909091
219 99.98636364 98.86818182 101.10454545
220 100.45500000 99.32000000 101.59000000
221 100.89603448 99.76379310 102.02827586
222 101.33706897 100.20758621 102.46655172
223 101.77810345 100.65137931 102.90482759
224 102.21913793 101.09517241 103.34310345
225 102.66017241 101.53896552 103.78137931
226 103.10120690 101.98275862 104.21965517
227 103.54224138 102.42655172 104.65793103
228 103.98327586 102.87034483 105.09620690
229 104.42431034 103.31413793 105.53448276
230 104.86534483 103.75793103 105.97275862
231 105.30637931 104.20172414 106.41103448
232 105.74741379 104.64551724 106.84931034
233 106.18844828 105.08931034 107.28758621
234 106.62948276 105.53310345 107.72586207
235 107.07051724 105.97689655 108.16413793
236 107.51155172 106.42068966 108.60241379
237 107.95258621 106.86448276 109.04068966
238 108.39362069 107.30827586 109.47896552
239 108.83465517 107.75206897 109.91724138
240 109.27568966 108.19586207 110.35551724
241 109.71672414 108.63965517 110.79379310
242 110.15775862 109.08344828 111.23206897
243 110.59879310 109.52724138 111.67034483
244 111.03982759 109.97103448 112.10862069
245 111.48086207 110.41482759 112.54689655
246 111.92189655 110.85862069 112.98517241
247 112.36293103 111.30241379 113.42344828
248 112.80396552 111.74620690 113.86172414
249 113.24500000 112.19000000 114.30000000
250 113.68910714 112.63964286 114.73857143
251 114.13321429 113.08928571 115.17714286
252 114.57732143 113.53892857 115.61571429
253 115.02142857 113.98857143 116.05428571
254 115.46553571 114.43821429 116.49285714
255 115.90964286 114.88785714 116.93142857
256 116.35375000 115.33750000 117.37000000
257 116.79785714 115.78714286 117.80857143
258 117.24196429 116.23678571 118.24714286
259 117.68607143 116.68642857 118.68571429
260 118.13017857 117.13607143 119.12428571
261 118.57428571 117.58571429 119.56285714
262 119.01839286 118.03535714 120.00142857
263 119.46250000 118.48500000 120.44000000
264 119.90660714 118.93464286 120.87857143
265 120.35071429 119.38428571 121.31714286
266 120.79482143 119.83392857 121.75571429
267 121.23892857 120.28357143 122.19428571
268 121.68303571 120.73321429 122.63285714
269 122.12714286 121.18285714 123.07142857
270 122.57125000 121.63250000 123.51000000
271 123.01535714 122.08214286 123.94857143
272 123.45946429 122.53178571 124.38714286
273 123.90357143 122.98142857 124.82571429
274 124.34767857 123.43107143 125.26428571
275 124.79178571 123.88071429 125.70285714
276 125.23589286 124.33035714 126.14142857
277 125.68000000 124.78000000 126.58000000
278 126.12096774 125.21129032 127.03064516
279 126.56193548 125.64258065 127.48129032
280 127.00290323 126.07387097 127.93193548
281 127.44387097 126.50516129 128.38258065
282 127.88483871 126.93645161 128.83322581
283 128.32580645 127.36774194 129.28387097
284 128.76677419 127.79903226 129.73451613
285 129.20774194 128.23032258 130.18516129
286 129.64870968 128.66161290 130.63580645
287 130.08967742 129.09290323 131.08645161
288 130.53064516 129.52419355 131.53709677
289 130.97161290 129.95548387 131.98774194
290 131.41258065 130.38677419 132.43838710
291 131.85354839 130.81806452 132.88903226
292 132.29451613 131.24935484 133.33967742
293 132.73548387 131.68064516 133.79032258
294 133.17645161 132.11193548 134.24096774
295 133.61741935 132.54322581 134.69161290
296 134.05838710 132.97451613 135.14225806
297 134.49935484 133.40580645 135.59290323
298 134.94032258 133.83709677 136.04354839
299 135.38129032 134.26838710 136.49419355
300 135.82225806 134.69967742 136.94483871
301 136.26322581 135.13096774 137.39548387
302 136.70419355 135.56225806 137.84612903
303 137.14516129 135.99354839 138.29677419
304 137.58612903 136.42483871 138.74741935
305 138.02709677 136.85612903 139.19806452
306 138.46806452 137.28741935 139.64870968
307 138.90903226 137.71870968 140.09935484
308 139.35000000 138.15000000 140.55000000
309 139.79935484 138.59516129 141.00354839
310 140.24870968 139.04032258 141.45709677
311 140.69806452 139.48548387 141.91064516
312 141.14741935 139.93064516 142.36419355
313 141.59677419 140.37580645 142.81774194
314 142.04612903 140.82096774 143.27129032
315 142.49548387 141.26612903 143.72483871
316 142.94483871 141.71129032 144.17838710
317 143.39419355 142.15645161 144.63193548
318 143.84354839 142.60161290 145.08548387
319 144.29290323 143.04677419 145.53903226
320 144.74225806 143.49193548 145.99258065
321 145.19161290 143.93709677 146.44612903
322 145.64096774 144.38225806 146.89967742
323 146.09032258 144.82741935 147.35322581
324 146.53967742 145.27258065 147.80677419
325 146.98903226 145.71774194 148.26032258
326 147.43838710 146.16290323 148.71387097
327 147.88774194 146.60806452 149.16741935
328 148.33709677 147.05322581 149.62096774
329 148.78645161 147.49838710 150.07451613
330 149.23580645 147.94354839 150.52806452
331 149.68516129 148.38870968 150.98161290
332 150.13451613 148.83387097 151.43516129
333 150.58387097 149.27903226 151.88870968
334 151.03322581 149.72419355 152.34225806
335 151.48258065 150.16935484 152.79580645
336 151.93193548 150.61451613 153.24935484
337 152.38129032 151.05967742 153.70290323
338 152.83064516 151.50483871 154.15645161
339 153.28000000 151.95000000 154.61000000
340 153.73116667 152.39533333 155.06700000
341 154.18233333 152.84066667 155.52400000
342 154.63350000 153.28600000 155.98100000
343 155.08466667 153.73133333 156.43800000
344 155.53583333 154.17666667 156.89500000
345 155.98700000 154.62200000 157.35200000
346 156.43816667 155.06733333 157.80900000
347 156.88933333 155.51266667 158.26600000
348 157.34050000 155.95800000 158.72300000
349 157.79166667 156.40333333 159.18000000
350 158.24283333 156.84866667 159.63700000
351 158.69400000 157.29400000 160.09400000
352 159.14516667 157.73933333 160.55100000
353 159.59633333 158.18466667 161.00800000
354 160.04750000 158.63000000 161.46500000
355 160.49866667 159.07533333 161.92200000
356 160.94983333 159.52066667 162.37900000
357 161.40100000 159.96600000 162.83600000
358 161.85216667 160.41133333 163.29300000
359 162.30333333 160.85666667 163.75000000
360 162.75450000 161.30200000 164.20700000
361 163.20566667 161.74733333 164.66400000
362 163.65683333 162.19266667 165.12100000
363 164.10800000 162.63800000 165.57800000
364 164.55916667 163.08333333 166.03500000
365 165.01033333 163.52866667 166.49200000
366 165.46150000 163.97400000 166.94900000
367 165.91266667 164.41933333 167.40600000
368 166.36383333 164.86466667 167.86300000
369 166.81500000 165.31000000 168.32000000
370 167.27282609 165.76119565 168.78445652
371 167.73065217 166.21239130 169.24891304
372 168.18847826 166.66358696 169.71336957
373 168.64630435 167.11478261 170.17782609
374 169.10413043 167.56597826 170.64228261
375 169.56195652 168.01717391 171.10673913
376 170.01978261 168.46836957 171.57119565
377 170.47760870 168.91956522 172.03565217
378 170.93543478 169.37076087 172.50010870
379 171.39326087 169.82195652 172.96456522
380 171.85108696 170.27315217 173.42902174
381 172.30891304 170.72434783 173.89347826
382 172.76673913 171.17554348 174.35793478
383 173.22456522 171.62673913 174.82239130
384 173.68239130 172.07793478 175.28684783
385 174.14021739 172.52913043 175.75130435
386 174.59804348 172.98032609 176.21576087
387 175.05586957 173.43152174 176.68021739
388 175.51369565 173.88271739 177.14467391
389 175.97152174 174.33391304 177.60913043
390 176.42934783 174.78510870 178.07358696
391 176.88717391 175.23630435 178.53804348
392 177.34500000 175.68750000 179.00250000
393 177.80282609 176.13869565 179.46695652
394 178.26065217 176.58989130 179.93141304
395 178.71847826 177.04108696 180.39586957
396 179.17630435 177.49228261 180.86032609
397 179.63413043 177.94347826 181.32478261
398 180.09195652 178.39467391 181.78923913
399 180.54978261 178.84586957 182.25369565
400 181.00760870 179.29706522 182.71815217
401 181.46543478 179.74826087 183.18260870
402 181.92326087 180.19945652 183.64706522
403 182.38108696 180.65065217 184.11152174
404 182.83891304 181.10184783 184.57597826
405 183.29673913 181.55304348 185.04043478
406 183.75456522 182.00423913 185.50489130
407 184.21239130 182.45543478 185.96934783
408 184.67021739 182.90663043 186.43380435
409 185.12804348 183.35782609 186.89826087
410 185.58586957 183.80902174 187.36271739
411 186.04369565 184.26021739 187.82717391
412 186.50152174 184.71141304 188.29163043
413 186.95934783 185.16260870 188.75608696
414 187.41717391 185.61380435 189.22054348
415 187.87500000 186.06500000 189.68500000
416 188.33282609 186.51619565 190.14945652
417 188.79065217 186.96739130 190.61391304
418 189.24847826 187.41858696 191.07836957
419 189.70630435 187.86978261 191.54282609
420 190.16413043 188.32097826 192.00728261
421 190.62195652 188.77217391 192.47173913
422 191.07978261 189.22336957 192.93619565
423 191.53760870 189.67456522 193.40065217
424 191.99543478 190.12576087 193.86510870
425 192.45326087 190.57695652 194.32956522
426 192.91108696 191.02815217 194.79402174
427 193.36891304 191.47934783 195.25847826
428 193.82673913 191.93054348 195.72293478
429 194.28456522 192.38173913 196.18739130
430 194.74239130 192.83293478 196.65184783
431 195.20021739 193.28413043 197.11630435
432 195.65804348 193.73532609 197.58076087
433 196.11586957 194.18652174 198.04521739
434 196.57369565 194.63771739 198.50967391
435 197.03152174 195.08891304 198.97413043
436 197.48934783 195.54010870 199.43858696
437 197.94717391 195.99130435 199.90304348
438 198.40500000 196.44250000 200.36750000
439 198.86282609 196.89369565 200.83195652
440 199.32065217 197.34489130 201.29641304
441 199.77847826 197.79608696 201.76086957
442 200.23630435 198.24728261 202.22532609
443 200.69413043 198.69847826 202.68978261
444 201.15195652 199.14967391 203.15423913
445 201.60978261 199.60086957 203.61869565
446 202.06760870 200.05206522 204.08315217
447 202.52543478 200.50326087 204.54760870
448 202.98326087 200.95445652 205.01206522
449 203.44108696 201.40565217 205.47652174
450 203.89891304 201.85684783 205.94097826
451 204.35673913 202.30804348 206.40543478
452 204.81456522 202.75923913 206.86989130
453 205.27239130 203.21043478 207.33434783
454 205.73021739 203.66163043 207.79880435
455 206.18804348 204.11282609 208.26326087
456 206.64586957 204.56402174 208.72771739
457 207.10369565 205.01521739 209.19217391
458 207.56152174 205.46641304 209.65663043
459 208.01934783 205.91760870 210.12108696
460 208.47717391 206.36880435 210.58554348
461 208.93500000 206.82000000 211.05000000
462 209.39994505 207.27593407 211.52395604
463 209.86489011 207.73186813 211.99791209
464 210.32983516 208.18780220 212.47186813
465 210.79478022 208.64373626 212.94582418
466 211.25972527 209.09967033 213.41978022
467 211.72467033 209.55560440 213.89373626
468 212.18961538 210.01153846 214.36769231
469 212.65456044 210.46747253 214.84164835
470 213.11950549 210.92340659 215.31560440
471 213.58445055 211.37934066 215.78956044
472 214.04939560 211.83527473 216.26351648
473 214.51434066 212.29120879 216.73747253
474 214.97928571 212.74714286 217.21142857
475 215.44423077 213.20307692 217.68538462
476 215.90917582 213.65901099 218.15934066
477 216.37412088 214.11494505 218.63329670
478 216.83906593 214.57087912 219.10725275
479 217.30401099 215.02681319 219.58120879
480 217.76895604 215.48274725 220.05516484
481 218.23390110 215.93868132 220.52912088
482 218.69884615 216.39461538 221.00307692
483 219.16379121 216.85054945 221.47703297
484 219.62873626 217.30648352 221.95098901
485 220.09368132 217.76241758 222.42494505
486 220.55862637 218.21835165 222.89890110
487 221.02357143 218.67428571 223.37285714
488 221.48851648 219.13021978 223.84681319
489 221.95346154 219.58615385 224.32076923
490 222.41840659 220.04208791 224.79472527
491 222.88335165 220.49802198 225.26868132
492 223.34829670 220.95395604 225.74263736
493 223.81324176 221.40989011 226.21659341
494 224.27818681 221.86582418 226.69054945
495 224.74313187 222.32175824 227.16450549
496 225.20807692 222.77769231 227.63846154
497 225.67302198 223.23362637 228.11241758
498 226.13796703 223.68956044 228.58637363
499 226.60291209 224.14549451 229.06032967
500 227.06785714 224.60142857 229.53428571
501 227.53280220 225.05736264 230.00824176
502 227.99774725 225.51329670 230.48219780
503 228.46269231 225.96923077 230.95615385
504 228.92763736 226.42516484 231.43010989
505 229.39258242 226.88109890 231.90406593
506 229.85752747 227.33703297 232.37802198
507 230.32247253 227.79296703 232.85197802
508 230.78741758 228.24890110 233.32593407
509 231.25236264 228.70483516 233.79989011
510 231.71730769 229.16076923 234.27384615
511 232.18225275 229.61670330 234.74780220
512 232.64719780 230.07263736 235.22175824
513 233.11214286 230.52857143 235.69571429
514 233.57708791 230.98450549 236.16967033
515 234.04203297 231.44043956 236.64362637
516 234.50697802 231.89637363 237.11758242
517 234.97192308 232.35230769 237.59153846
518 235.43686813 232.80824176 238.06549451
519 235.90181319 233.26417582 238.53945055
520 236.36675824 233.72010989 239.01340659
521 236.83170330 234.17604396 239.48736264
522 237.29664835 234.63197802 239.96131868
523 237.76159341 235.08791209 240.43527473
524 238.22653846 235.54384615 240.90923077
525 238.69148352 235.99978022 241.38318681
526 239.15642857 236.45571429 241.85714286
527 239.62137363 236.91164835 242.33109890
528 240.08631868 237.36758242 242.80505495
529 240.55126374 237.82351648 243.27901099
530 241.01620879 238.27945055 243.75296703
531 241.48115385 238.73538462 244.22692308
532 241.94609890 239.19131868 244.70087912
533 242.41104396 239.64725275 245.17483516
534 242.87598901 240.10318681 245.64879121
535 243.34093407 240.55912088 246.12274725
536 243.80587912 241.01505495 246.59670330
537 244.27082418 241.47098901 247.07065934
538 244.73576923 241.92692308 247.54461538
539 245.20071429 242.38285714 248.01857143
540 245.66565934 242.83879121 248.49252747
541 246.13060440 243.29472527 248.96648352
542 246.59554945 243.75065934 249.44043956
543 247.06049451 244.20659341 249.91439560
544 247.52543956 244.66252747 250.38835165
545 247.99038462 245.11846154 250.86230769
546 248.45532967 245.57439560 251.33626374
547 248.92027473 246.03032967 251.81021978
548 249.38521978 246.48626374 252.28417582
549 249.85016484 246.94219780 252.75813187
550 250.31510989 247.39813187 253.23208791
551 250.78005495 247.85406593 253.70604396
552 251.24500000 248.31000000 254.18000000
553 251.71104396 248.76912088 254.65296703
554 252.17708791 249.22824176 255.12593407
555 252.64313187 249.68736264 255.59890110
556 253.10917582 250.14648352 256.07186813
557 253.57521978 250.60560440 256.54483516
558 254.04126374 251.06472527 257.01780220
559 254.50730769 251.52384615 257.49076923
560 254.97335165 251.98296703 257.96373626
561 255.43939560 252.44208791 258.43670330
562 255.90543956 252.90120879 258.90967033
563 256.37148352 253.36032967 259.38263736
564 256.83752747 253.81945055 259.85560440
565 257.30357143 254.27857143 260.32857143
566 257.76961538 254.73769231 260.80153846
567 258.23565934 255.19681319 261.27450549
568 258.70170330 255.65593407 261.74747253
569 259.16774725 256.11505495 262.22043956
570 259.63379121 256.57417582 262.69340659
571 260.09983516 257.03329670 263.16637363
572 260.56587912 257.49241758 263.63934066
573 261.03192308 257.95153846 264.11230769
574 261.49796703 258.41065934 264.58527473
575 261.96401099 258.86978022 265.05824176
576 262.43005495 259.32890110 265.53120879
577 262.89609890 259.78802198 266.00417582
578 263.36214286 260.24714286 266.47714286
579 263.82818681 260.70626374 266.95010989
580 264.29423077 261.16538462 267.42307692
581 264.76027473 261.62450549 267.89604396
582 265.22631868 262.08362637 268.36901099
583 265.69236264 262.54274725 268.84197802
584 266.15840659 263.00186813 269.31494505
585 266.62445055 263.46098901 269.78791209
586 267.09049451 263.92010989 270.26087912
587 267.55653846 264.37923077 270.73384615
588 268.02258242 264.83835165 271.20681319
589 268.48862637 265.29747253 271.67978022
590 268.95467033 265.75659341 272.15274725
591 269.42071429 266.21571429 272.62571429
592 269.88675824 266.67483516 273.09868132
593 270.35280220 267.13395604 273.57164835
594 270.81884615 267.59307692 274.04461538
595 271.28489011 268.05219780 274.51758242
596 271.75093407 268.51131868 274.99054945
597 272.21697802 268.97043956 275.46351648
598 272.68302198 269.42956044 275.93648352
599 273.14906593 269.88868132 276.40945055
600 273.61510989 270.34780220 276.88241758
601 274.08115385 270.80692308 277.35538462
602 274.54719780 271.26604396 277.82835165
603 275.01324176 271.72516484 278.30131868
604 275.47928571 272.18428571 278.77428571
605 275.94532967 272.64340659 279.24725275
606 276.41137363 273.10252747 279.72021978
607 276.87741758 273.56164835 280.19318681
608 277.34346154 274.02076923 280.66615385
609 277.80950549 274.47989011 281.13912088
610 278.27554945 274.93901099 281.61208791
611 278.74159341 275.39813187 282.08505495
612 279.20763736 275.85725275 282.55802198
613 279.67368132 276.31637363 283.03098901
614 280.13972527 276.77549451 283.50395604
615 280.60576923 277.23461538 283.97692308
616 281.07181319 277.69373626 284.44989011
617 281.53785714 278.15285714 284.92285714
618 282.00390110 278.61197802 285.39582418
619 282.46994505 279.07109890 285.86879121
620 282.93598901 279.53021978 286.34175824
621 283.40203297 279.98934066 286.81472527
622 283.86807692 280.44846154 287.28769231
623 284.33412088 280.90758242 287.76065934
624 284.80016484 281.36670330 288.23362637
625 285.26620879 281.82582418 288.70659341
626 285.73225275 282.28494505 289.17956044
627 286.19829670 282.74406593 289.65252747
628 286.66434066 283.20318681 290.12549451
629 287.13038462 283.66230769 290.59846154
630 287.59642857 284.12142857 291.07142857
631 288.06247253 284.58054945 291.54439560
632 288.52851648 285.03967033 292.01736264
633 288.99456044 285.49879121 292.49032967
634 289.46060440 285.95791209 292.96329670
635 289.92664835 286.41703297 293.43626374
636 290.39269231 286.87615385 293.90923077
637 290.85873626 287.33527473 294.38219780
638 291.32478022 287.79439560 294.85516484
639 291.79082418 288.25351648 295.32813187
640 292.25686813 288.71263736 295.80109890
641 292.72291209 289.17175824 296.27406593
642 293.18895604 289.63087912 296.74703297
643 293.65500000 290.09000000 297.22000000
644 294.11722826 290.54054348 297.69391304
645 294.57945652 290.99108696 298.16782609
646 295.04168478 291.44163043 298.64173913
647 295.50391304 291.89217391 299.11565217
648 295.96614130 292.34271739 299.58956522
649 296.42836957 292.79326087 300.06347826
650 296.89059783 293.24380435 300.53739130
651 297.35282609 293.69434783 301.01130435
652 297.81505435 294.14489130 301.48521739
653 298.27728261 294.59543478 301.95913043
654 298.73951087 295.04597826 302.43304348
655 299.20173913 295.49652174 302.90695652
656 299.66396739 295.94706522 303.38086957
657 300.12619565 296.39760870 303.85478261
658 300.58842391 296.84815217 304.32869565
659 301.05065217 297.29869565 304.80260870
660 301.51288043 297.74923913 305.27652174
661 301.97510870 298.19978261 305.75043478
662 302.43733696 298.65032609 306.22434783
663 302.89956522 299.10086957 306.69826087
664 303.36179348 299.55141304 307.17217391
665 303.82402174 300.00195652 307.64608696
666 304.28625000 300.45250000 308.12000000
667 304.74847826 300.90304348 308.59391304
668 305.21070652 301.35358696 309.06782609
669 305.67293478 301.80413043 309.54173913
670 306.13516304 302.25467391 310.01565217
671 306.59739130 302.70521739 310.48956522
672 307.05961957 303.15576087 310.96347826
673 307.52184783 303.60630435 311.43739130
674 307.98407609 304.05684783 311.91130435
675 308.44630435 304.50739130 312.38521739
676 308.90853261 304.95793478 312.85913043
677 309.37076087 305.40847826 313.33304348
678 309.83298913 305.85902174 313.80695652
679 310.29521739 306.30956522 314.28086957
680 310.75744565 306.76010870 314.75478261
681 311.21967391 307.21065217 315.22869565
682 311.68190217 307.66119565 315.70260870
683 312.14413043 308.11173913 316.17652174
684 312.60635870 308.56228261 316.65043478
685 313.06858696 309.01282609 317.12434783
686 313.53081522 309.46336957 317.59826087
687 313.99304348 309.91391304 318.07217391
688 314.45527174 310.36445652 318.54608696
689 314.91750000 310.81500000 319.02000000
690 315.37972826 311.26554348 319.49391304
691 315.84195652 311.71608696 319.96782609
692 316.30418478 312.16663043 320.44173913
693 316.76641304 312.61717391 320.91565217
694 317.22864130 313.06771739 321.38956522
695 317.69086957 313.51826087 321.86347826
696 318.15309783 313.96880435 322.33739130
697 318.61532609 314.41934783 322.81130435
698 319.07755435 314.86989130 323.28521739
699 319.53978261 315.32043478 323.75913043
700 320.00201087 315.77097826 324.23304348
701 320.46423913 316.22152174 324.70695652
702 320.92646739 316.67206522 325.18086957
703 321.38869565 317.12260870 325.65478261
704 321.85092391 317.57315217 326.12869565
705 322.31315217 318.02369565 326.60260870
706 322.77538043 318.47423913 327.07652174
707 323.23760870 318.92478261 327.55043478
708 323.69983696 319.37532609 328.02434783
709 324.16206522 319.82586957 328.49826087
710 324.62429348 320.27641304 328.97217391
711 325.08652174 320.72695652 329.44608696
712 325.54875000 321.17750000 329.92000000
713 326.01097826 321.62804348 330.39391304
714 326.47320652 322.07858696 330.86782609
715 326.93543478 322.52913043 331.34173913
716 327.39766304 322.97967391 331.81565217
717 327.85989130 323.43021739 332.28956522
718 328.32211957 323.88076087 332.76347826
719 328.78434783 324.33130435 333.23739130
720 329.24657609 324.78184783 333.71130435
721 329.70880435 325.23239130 334.18521739
722 330.17103261 325.68293478 334.65913043
723 330.63326087 326.13347826 335.13304348
724 331.09548913 326.58402174 335.60695652
725 331.55771739 327.03456522 336.08086957
726 332.01994565 327.48510870 336.55478261
727 332.48217391 327.93565217 337.02869565
728 332.94440217 328.38619565 337.50260870
729 333.40663043 328.83673913 337.97652174
730 333.86885870 329.28728261 338.45043478
731 334.33108696 329.73782609 338.92434783
732 334.79331522 330.18836957 339.39826087
733 335.25554348 330.63891304 339.87217391
734 335.71777174 331.08945652 340.34608696
735 336.18000000 331.54000000 340.82000000
736 336.63076294 331.98983651 341.27168937
737 337.08152589 332.43967302 341.72337875
738 337.53228883 332.88950954 342.17506812
739 337.98305177 333.33934605 342.62675749
740 338.43381471 333.78918256 343.07844687
741 338.88457766 334.23901907 343.53013624
742 339.33534060 334.68885559 343.98182561
743 339.78610354 335.13869210 344.43351499
744 340.23686649 335.58852861 344.88520436
745 340.68762943 336.03836512 345.33689373
746 341.13839237 336.48820163 345.78858311
747 341.58915531 336.93803815 346.24027248
748 342.03991826 337.38787466 346.69196185
749 342.49068120 337.83771117 347.14365123
750 342.94144414 338.28754768 347.59534060
751 343.39220708 338.73738420 348.04702997
752 343.84297003 339.18722071 348.49871935
753 344.29373297 339.63705722 348.95040872
754 344.74449591 340.08689373 349.40209809
755 345.19525886 340.53673025 349.85378747
756 345.64602180 340.98656676 350.30547684
757 346.09678474 341.43640327 350.75716621
758 346.54754768 341.88623978 351.20885559
759 346.99831063 342.33607629 351.66054496
760 347.44907357 342.78591281 352.11223433
761 347.89983651 343.23574932 352.56392371
762 348.35059946 343.68558583 353.01561308
763 348.80136240 344.13542234 353.46730245
764 349.25212534 344.58525886 353.91899183
765 349.70288828 345.03509537 354.37068120
766 350.15365123 345.48493188 354.82237057
767 350.60441417 345.93476839 355.27405995
768 351.05517711 346.38460490 355.72574932
769 351.50594005 346.83444142 356.17743869
770 351.95670300 347.28427793 356.62912807
771 352.40746594 347.73411444 357.08081744
772 352.85822888 348.18395095 357.53250681
773 353.30899183 348.63378747 357.98419619
774 353.75975477 349.08362398 358.43588556
775 354.21051771 349.53346049 358.88757493
776 354.66128065 349.98329700 359.33926431
777 355.11204360 350.43313352 359.79095368
778 355.56280654 350.88297003 360.24264305
779 356.01356948 351.33280654 360.69433243
780 356.46433243 351.78264305 361.14602180
781 356.91509537 352.23247956 361.59771117
782 357.36585831 352.68231608 362.04940055
783 357.81662125 353.13215259 362.50108992
784 358.26738420 353.58198910 362.95277929
785 358.71814714 354.03182561 363.40446866
786 359.16891008 354.48166213 363.85615804
787 359.61967302 354.93149864 364.30784741
788 360.07043597 355.38133515 364.75953678
789 360.52119891 355.83117166 365.21122616
790 360.97196185 356.28100817 365.66291553
791 361.42272480 356.73084469 366.11460490
792 361.87348774 357.18068120 366.56629428
793 362.32425068 357.63051771 367.01798365
794 362.77501362 358.08035422 367.46967302
795 363.22577657 358.53019074 367.92136240
796 363.67653951 358.98002725 368.37305177
797 364.12730245 359.42986376 368.82474114
798 364.57806540 359.87970027 369.27643052
799 365.02882834 360.32953678 369.72811989
800 365.47959128 360.77937330 370.17980926
801 365.93035422 361.22920981 370.63149864
802 366.38111717 361.67904632 371.08318801
803 366.83188011 362.12888283 371.53487738
804 367.28264305 362.57871935 371.98656676
805 367.73340599 363.02855586 372.43825613
806 368.18416894 363.47839237 372.88994550
807 368.63493188 363.92822888 373.34163488
808 369.08569482 364.37806540 373.79332425
809 369.53645777 364.82790191 374.24501362
810 369.98722071 365.27773842 374.69670300
811 370.43798365 365.72757493 375.14839237
812 370.88874659 366.17741144 375.60008174
813 371.33950954 366.62724796 376.05177112
814 371.79027248 367.07708447 376.50346049
815 372.24103542 367.52692098 376.95514986
816 372.69179837 367.97675749 377.40683924
817 373.14256131 368.42659401 377.85852861
818 373.59332425 368.87643052 378.31021798
819 374.04408719 369.32626703 378.76190736
820 374.49485014 369.77610354 379.21359673
821 374.94561308 370.22594005 379.66528610
822 375.39637602 370.67577657 380.11697548
823 375.84713896 371.12561308 380.56866485
824 376.29790191 371.57544959 381.02035422
825 376.74866485 372.02528610 381.47204360
826 377.19942779 372.47512262 381.92373297
827 377.65019074 372.92495913 382.37542234
828 378.10095368 373.37479564 382.82711172
829 378.55171662 373.82463215 383.27880109
830 379.00247956 374.27446866 383.73049046
831 379.45324251 374.72430518 384.18217984
832 379.90400545 375.17414169 384.63386921
833 380.35476839 375.62397820 385.08555858
834 380.80553134 376.07381471 385.53724796
835 381.25629428 376.52365123 385.98893733
836 381.70705722 376.97348774 386.44062670
837 382.15782016 377.42332425 386.89231608
838 382.60858311 377.87316076 387.34400545
839 383.05934605 378.32299728 387.79569482
840 383.51010899 378.77283379 388.24738420
841 383.96087193 379.22267030 388.69907357
842 384.41163488 379.67250681 389.15076294
843 384.86239782 380.12234332 389.60245232
844 385.31316076 380.57217984 390.05414169
845 385.76392371 381.02201635 390.50583106
846 386.21468665 381.47185286 390.95752044
847 386.66544959 381.92168937 391.40920981
848 387.11621253 382.37152589 391.86089918
849 387.56697548 382.82136240 392.31258856
850 388.01773842 383.27119891 392.76427793
851 388.46850136 383.72103542 393.21596730
852 388.91926431 384.17087193 393.66765668
853 389.37002725 384.62070845 394.11934605
854 389.82079019 385.07054496 394.57103542
855 390.27155313 385.52038147 395.02272480
856 390.72231608 385.97021798 395.47441417
857 391.17307902 386.42005450 395.92610354
858 391.62384196 386.86989101 396.37779292
859 392.07460490 387.31972752 396.82948229
860 392.52536785 387.76956403 397.28117166
861 392.97613079 388.21940055 397.73286104
862 393.42689373 388.66923706 398.18455041
863 393.87765668 389.11907357 398.63623978
864 394.32841962 389.56891008 399.08792916
865 394.77918256 390.01874659 399.53961853
866 395.22994550 390.46858311 399.99130790
867 395.68070845 390.91841962 400.44299728
868 396.13147139 391.36825613 400.89468665
869 396.58223433 391.81809264 401.34637602
870 397.03299728 392.26792916 401.79806540
871 397.48376022 392.71776567 402.24975477
872 397.93452316 393.16760218 402.70144414
873 398.38528610 393.61743869 403.15313352
874 398.83604905 394.06727520 403.60482289
875 399.28681199 394.51711172 404.05651226
876 399.73757493 394.96694823 404.50820163
877 400.18833787 395.41678474 404.95989101
878 400.63910082 395.86662125 405.41158038
879 401.08986376 396.31645777 405.86326975
880 401.54062670 396.76629428 406.31495913
881 401.99138965 397.21613079 406.76664850
882 402.44215259 397.66596730 407.21833787
883 402.89291553 398.11580381 407.67002725
884 403.34367847 398.56564033 408.12171662
885 403.79444142 399.01547684 408.57340599
886 404.24520436 399.46531335 409.02509537
887 404.69596730 399.91514986 409.47678474
888 405.14673025 400.36498638 409.92847411
889 405.59749319 400.81482289 410.38016349
890 406.04825613 401.26465940 410.83185286
891 406.49901907 401.71449591 411.28354223
892 406.94978202 402.16433243 411.73523161
893 407.40054496 402.61416894 412.18692098
894 407.85130790 403.06400545 412.63861035
895 408.30207084 403.51384196 413.09029973
896 408.75283379 403.96367847 413.54198910
897 409.20359673 404.41351499 413.99367847
898 409.65435967 404.86335150 414.44536785
899 410.10512262 405.31318801 414.89705722
900 410.55588556 405.76302452 415.34874659
901 411.00664850 406.21286104 415.80043597
902 411.45741144 406.66269755 416.25212534
903 411.90817439 407.11253406 416.70381471
904 412.35893733 407.56237057 417.15550409
905 412.80970027 408.01220708 417.60719346
906 413.26046322 408.46204360 418.05888283
907 413.71122616 408.91188011 418.51057221
908 414.16198910 409.36171662 418.96226158
909 414.61275204 409.81155313 419.41395095
910 415.06351499 410.26138965 419.86564033
911 415.51427793 410.71122616 420.31732970
912 415.96504087 411.16106267 420.76901907
913 416.41580381 411.61089918 421.22070845
914 416.86656676 412.06073569 421.67239782
915 417.31732970 412.51057221 422.12408719
916 417.76809264 412.96040872 422.57577657
917 418.21885559 413.41024523 423.02746594
918 418.66961853 413.86008174 423.47915531
919 419.12038147 414.30991826 423.93084469
920 419.57114441 414.75975477 424.38253406
921 420.02190736 415.20959128 424.83422343
922 420.47267030 415.65942779 425.28591281
923 420.92343324 416.10926431 425.73760218
924 421.37419619 416.55910082 426.18929155
925 421.82495913 417.00893733 426.64098093
926 422.27572207 417.45877384 427.09267030
927 422.72648501 417.90861035 427.54435967
928 423.17724796 418.35844687 427.99604905
929 423.62801090 418.80828338 428.44773842
930 424.07877384 419.25811989 428.89942779
931 424.52953678 419.70795640 429.35111717
932 424.98029973 420.15779292 429.80280654
933 425.43106267 420.60762943 430.25449591
934 425.88182561 421.05746594 430.70618529
935 426.33258856 421.50730245 431.15787466
936 426.78335150 421.95713896 431.60956403
937 427.23411444 422.40697548 432.06125341
938 427.68487738 422.85681199 432.51294278
939 428.13564033 423.30664850 432.96463215
940 428.58640327 423.75648501 433.41632153
941 429.03716621 424.20632153 433.86801090
942 429.48792916 424.65615804 434.31970027
943 429.93869210 425.10599455 434.77138965
944 430.38945504 425.55583106 435.22307902
945 430.84021798 426.00566757 435.67476839
946 431.29098093 426.45550409 436.12645777
947 431.74174387 426.90534060 436.57814714
948 432.19250681 427.35517711 437.02983651
949 432.64326975 427.80501362 437.48152589
950 433.09403270 428.25485014 437.93321526
951 433.54479564 428.70468665 438.38490463
952 433.99555858 429.15452316 438.83659401
953 434.44632153 429.60435967 439.28828338
954 434.89708447 430.05419619 439.73997275
955 435.34784741 430.50403270 440.19166213
956 435.79861035 430.95386921 440.64335150
957 436.24937330 431.40370572 441.09504087
958 436.70013624 431.85354223 441.54673025
959 437.15089918 432.30337875 441.99841962
960 437.60166213 432.75321526 442.45010899
961 438.05242507 433.20305177 442.90179837
962 438.50318801 433.65288828 443.35348774
963 438.95395095 434.10272480 443.80517711
964 439.40471390 434.55256131 444.25686649
965 439.85547684 435.00239782 444.70855586
966 440.30623978 435.45223433 445.16024523
967 440.75700272 435.90207084 445.61193460
968 441.20776567 436.35190736 446.06362398
969 441.65852861 436.80174387 446.51531335
970 442.10929155 437.25158038 446.96700272
971 442.56005450 437.70141689 447.41869210
972 443.01081744 438.15125341 447.87038147
973 443.46158038 438.60108992 448.32207084
974 443.91234332 439.05092643 448.77376022
975 444.36310627 439.50076294 449.22544959
976 444.81386921 439.95059946 449.67713896
977 445.26463215 440.40043597 450.12882834
978 445.71539510 440.85027248 450.58051771
979 446.16615804 441.30010899 451.03220708
980 446.61692098 441.74994550 451.48389646
981 447.06768392 442.19978202 451.93558583
982 447.51844687 442.64961853 452.38727520
983 447.96920981 443.09945504 452.83896458
984 448.41997275 443.54929155 453.29065395
985 448.87073569 443.99912807 453.74234332
986 449.32149864 444.44896458 454.19403270
987 449.77226158 444.89880109 454.64572207
988 450.22302452 445.34863760 455.09741144
989 450.67378747 445.79847411 455.54910082
990 451.12455041 446.24831063 456.00079019
991 451.57531335 446.69814714 456.45247956
992 452.02607629 447.14798365 456.90416894
993 452.47683924 447.59782016 457.35585831
994 452.92760218 448.04765668 457.80754768
995 453.37836512 448.49749319 458.25923706
996 453.82912807 448.94732970 458.71092643
997 454.27989101 449.39716621 459.16261580
998 454.73065395 449.84700272 459.61430518
999 455.18141689 450.29683924 460.06599455
1000 455.63217984 450.74667575 460.51768392
1001 456.08294278 451.19651226 460.96937330
1002 456.53370572 451.64634877 461.42106267
1003 456.98446866 452.09618529 461.87275204
1004 457.43523161 452.54602180 462.32444142
1005 457.88599455 452.99585831 462.77613079
1006 458.33675749 453.44569482 463.22782016
1007 458.78752044 453.89553134 463.67950954
1008 459.23828338 454.34536785 464.13119891
1009 459.68904632 454.79520436 464.58288828
1010 460.13980926 455.24504087 465.03457766
1011 460.59057221 455.69487738 465.48626703
1012 461.04133515 456.14471390 465.93795640
1013 461.49209809 456.59455041 466.38964578
1014 461.94286104 457.04438692 466.84133515
1015 462.39362398 457.49422343 467.29302452
1016 462.84438692 457.94405995 467.74471390
1017 463.29514986 458.39389646 468.19640327
1018 463.74591281 458.84373297 468.64809264
1019 464.19667575 459.29356948 469.09978202
1020 464.64743869 459.74340599 469.55147139
1021 465.09820163 460.19324251 470.00316076
1022 465.54896458 460.64307902 470.45485014
1023 465.99972752 461.09291553 470.90653951
1024 466.45049046 461.54275204 471.35822888
1025 466.90125341 461.99258856 471.80991826
1026 467.35201635 462.44242507 472.26160763
1027 467.80277929 462.89226158 472.71329700
1028 468.25354223 463.34209809 473.16498638
1029 468.70430518 463.79193460 473.61667575
1030 469.15506812 464.24177112 474.06836512
1031 469.60583106 464.69160763 474.52005450
1032 470.05659401 465.14144414 474.97174387
1033 470.50735695 465.59128065 475.42343324
1034 470.95811989 466.04111717 475.87512262
1035 471.40888283 466.49095368 476.32681199
1036 471.85964578 466.94079019 476.77850136
1037 472.31040872 467.39062670 477.23019074
1038 472.76117166 467.84046322 477.68188011
1039 473.21193460 468.29029973 478.13356948
1040 473.66269755 468.74013624 478.58525886
1041 474.11346049 469.18997275 479.03694823
1042 474.56422343 469.63980926 479.48863760
1043 475.01498638 470.08964578 479.94032698
1044 475.46574932 470.53948229 480.39201635
1045 475.91651226 470.98931880 480.84370572
1046 476.36727520 471.43915531 481.29539510
1047 476.81803815 471.88899183 481.74708447
1048 477.26880109 472.33882834 482.19877384
1049 477.71956403 472.78866485 482.65046322
1050 478.17032698 473.23850136 483.10215259
1051 478.62108992 473.68833787 483.55384196
1052 479.07185286 474.13817439 484.00553134
1053 479.52261580 474.58801090 484.45722071
1054 479.97337875 475.03784741 484.90891008
1055 480.42414169 475.48768392 485.36059946
1056 480.87490463 475.93752044 485.81228883
1057 481.32566757 476.38735695 486.26397820
1058 481.77643052 476.83719346 486.71566757
1059 482.22719346 477.28702997 487.16735695
1060 482.67795640 477.73686649 487.61904632
1061 483.12871935 478.18670300 488.07073569
1062 483.57948229 478.63653951 488.52242507
1063 484.03024523 479.08637602 488.97411444
1064 484.48100817 479.53621253 489.42580381
1065 484.93177112 479.98604905 489.87749319
1066 485.38253406 480.43588556 490.32918256
1067 485.83329700 480.88572207 490.78087193
1068 486.28405995 481.33555858 491.23256131
1069 486.73482289 481.78539510 491.68425068
1070 487.18558583 482.23523161 492.13594005
1071 487.63634877 482.68506812 492.58762943
1072 488.08711172 483.13490463 493.03931880
1073 488.53787466 483.58474114 493.49100817
1074 488.98863760 484.03457766 493.94269755
1075 489.43940055 484.48441417 494.39438692
1076 489.89016349 484.93425068 494.84607629
1077 490.34092643 485.38408719 495.29776567
1078 490.79168937 485.83392371 495.74945504
1079 491.24245232 486.28376022 496.20114441
1080 491.69321526 486.73359673 496.65283379
1081 492.14397820 487.18343324 497.10452316
1082 492.59474114 487.63326975 497.55621253
1083 493.04550409 488.08310627 498.00790191
1084 493.49626703 488.53294278 498.45959128
1085 493.94702997 488.98277929 498.91128065
1086 494.39779292 489.43261580 499.36297003
1087 494.84855586 489.88245232 499.81465940
1088 495.29931880 490.33228883 500.26634877
1089 495.75008174 490.78212534 500.71803815
1090 496.20084469 491.23196185 501.16972752
1091 496.65160763 491.68179837 501.62141689
1092 497.10237057 492.13163488 502.07310627
1093 497.55313352 492.58147139 502.52479564
1094 498.00389646 493.03130790 502.97648501
1095 498.45465940 493.48114441 503.42817439
1096 498.90542234 493.93098093 503.87986376
1097 499.35618529 494.38081744 504.33155313
1098 499.80694823 494.83065395 504.78324251
1099 500.25771117 495.28049046 505.23493188
1100 500.70847411 495.73032698 505.68662125
1101 501.15923706 496.18016349 506.13831063
1102 501.61000000 496.63000000 506.59000000
1103 502.04031593 497.06005495 507.02057692
1104 502.47063187 497.49010989 507.45115385
1105 502.90094780 497.92016484 507.88173077
1106 503.33126374 498.35021978 508.31230769
1107 503.76157967 498.78027473 508.74288462
1108 504.19189560 499.21032967 509.17346154
1109 504.62221154 499.64038462 509.60403846
1110 505.05252747 500.07043956 510.03461538
1111 505.48284341 500.50049451 510.46519231
1112 505.91315934 500.93054945 510.89576923
1113 506.34347527 501.36060440 511.32634615
1114 506.77379121 501.79065934 511.75692308
1115 507.20410714 502.22071429 512.18750000
1116 507.63442308 502.65076923 512.61807692
1117 508.06473901 503.08082418 513.04865385
1118 508.49505495 503.51087912 513.47923077
1119 508.92537088 503.94093407 513.90980769
1120 509.35568681 504.37098901 514.34038462
1121 509.78600275 504.80104396 514.77096154
1122 510.21631868 505.23109890 515.20153846
1123 510.64663462 505.66115385 515.63211538
1124 511.07695055 506.09120879 516.06269231
1125 511.50726648 506.52126374 516.49326923
1126 511.93758242 506.95131868 516.92384615
1127 512.36789835 507.38137363 517.35442308
1128 512.79821429 507.81142857 517.78500000
1129 513.22853022 508.24148352 518.21557692
1130 513.65884615 508.67153846 518.64615385
1131 514.08916209 509.10159341 519.07673077
1132 514.51947802 509.53164835 519.50730769
1133 514.94979396 509.96170330 519.93788462
1134 515.38010989 510.39175824 520.36846154
1135 515.81042582 510.82181319 520.79903846
1136 516.24074176 511.25186813 521.22961538
1137 516.67105769 511.68192308 521.66019231
1138 517.10137363 512.11197802 522.09076923
1139 517.53168956 512.54203297 522.52134615
1140 517.96200549 512.97208791 522.95192308
1141 518.39232143 513.40214286 523.38250000
1142 518.82263736 513.83219780 523.81307692
1143 519.25295330 514.26225275 524.24365385
1144 519.68326923 514.69230769 524.67423077
1145 520.11358516 515.12236264 525.10480769
1146 520.54390110 515.55241758 525.53538462
1147 520.97421703 515.98247253 525.96596154
1148 521.40453297 516.41252747 526.39653846
1149 521.83484890 516.84258242 526.82711538
1150 522.26516484 517.27263736 527.25769231
1151 522.69548077 517.70269231 527.68826923
1152 523.12579670 518.13274725 528.11884615
1153 523.55611264 518.56280220 528.54942308
1154 523.98642857 518.99285714 528.98000000
1155 524.41674451 519.42291209 529.41057692
1156 524.84706044 519.85296703 529.84115385
1157 525.27737637 520.28302198 530.27173077
1158 525.70769231 520.71307692 530.70230769
1159 526.13800824 521.14313187 531.13288462
1160 526.56832418 521.57318681 531.56346154
1161 526.99864011 522.00324176 531.99403846
1162 527.42895604 522.43329670 532.42461538
1163 527.85927198 522.86335165 532.85519231
1164 528.28958791 523.29340659 533.28576923
1165 528.71990385 523.72346154 533.71634615
1166 529.15021978 524.15351648 534.14692308
1167 529.58053571 524.58357143 534.57750000
1168 530.01085165 525.01362637 535.00807692
1169 530.44116758 525.44368132 535.43865385
1170 530.87148352 525.87373626 535.86923077
1171 531.30179945 526.30379121 536.29980769
1172 531.73211538 526.73384615 536.73038462
1173 532.16243132 527.16390110 537.16096154
1174 532.59274725 527.59395604 537.59153846
1175 533.02306319 528.02401099 538.02211538
1176 533.45337912 528.45406593 538.45269231
1177 533.88369505 528.88412088 538.88326923
1178 534.31401099 529.31417582 539.31384615
1179 534.74432692 529.74423077 539.74442308
1180 535.17464286 530.17428571 540.17500000
1181 535.60495879 530.60434066 540.60557692
1182 536.03527473 531.03439560 541.03615385
1183 536.46559066 531.46445055 541.46673077
1184 536.89590659 531.89450549 541.89730769
1185 537.32622253 532.32456044 542.32788462
1186 537.75653846 532.75461538 542.75846154
1187 538.18685440 533.18467033 543.18903846
1188 538.61717033 533.61472527 543.61961538
1189 539.04748626 534.04478022 544.05019231
1190 539.47780220 534.47483516 544.48076923
1191 539.90811813 534.90489011 544.91134615
1192 540.33843407 535.33494505 545.34192308
1193 540.76875000 535.76500000 545.77250000
1194 541.19906593 536.19505495 546.20307692
1195 541.62938187 536.62510989 546.63365385
1196 542.05969780 537.05516484 547.06423077
1197 542.49001374 537.48521978 547.49480769
1198 542.92032967 537.91527473 547.92538462
1199 543.35064560 538.34532967 548.35596154
1200 543.78096154 538.77538462 548.78653846
1201 544.21127747 539.20543956 549.21711538
1202 544.64159341 539.63549451 549.64769231
1203 545.07190934 540.06554945 550.07826923
1204 545.50222527 540.49560440 550.50884615
1205 545.93254121 540.92565934 550.93942308
1206 546.36285714 541.35571429 551.37000000
1207 546.79317308 541.78576923 551.80057692
1208 547.22348901 542.21582418 552.23115385
1209 547.65380495 542.64587912 552.66173077
1210 548.08412088 543.07593407 553.09230769
1211 548.51443681 543.50598901 553.52288462
1212 548.94475275 543.93604396 553.95346154
1213 549.37506868 544.36609890 554.38403846
1214 549.80538462 544.79615385 554.81461538
1215 550.23570055 545.22620879 555.24519231
1216 550.66601648 545.65626374 555.67576923
1217 551.09633242 546.08631868 556.10634615
1218 551.52664835 546.51637363 556.53692308
1219 551.95696429 546.94642857 556.96750000
1220 552.38728022 547.37648352 557.39807692
1221 552.81759615 547.80653846 557.82865385
1222 553.24791209 548.23659341 558.25923077
1223 553.67822802 548.66664835 558.68980769
1224 554.10854396 549.09670330 559.12038462
1225 554.53885989 549.52675824 559.55096154
1226 554.96917582 549.95681319 559.98153846
1227 555.39949176 550.38686813 560.41211538
1228 555.82980769 550.81692308 560.84269231
1229 556.26012363 551.24697802 561.27326923
1230 556.69043956 551.67703297 561.70384615
1231 557.12075549 552.10708791 562.13442308
1232 557.55107143 552.53714286 562.56500000
1233 557.98138736 552.96719780 562.99557692
1234 558.41170330 553.39725275 563.42615385
1235 558.84201923 553.82730769 563.85673077
1236 559.27233516 554.25736264 564.28730769
1237 559.70265110 554.68741758 564.71788462
1238 560.13296703 555.11747253 565.14846154
1239 560.56328297 555.54752747 565.57903846
1240 560.99359890 555.97758242 566.00961538
1241 561.42391484 556.40763736 566.44019231
1242 561.85423077 556.83769231 566.87076923
1243 562.28454670 557.26774725 567.30134615
1244 562.71486264 557.69780220 567.73192308
1245 563.14517857 558.12785714 568.16250000
1246 563.57549451 558.55791209 568.59307692
1247 564.00581044 558.98796703 569.02365385
1248 564.43612637 559.41802198 569.45423077
1249 564.86644231 559.84807692 569.88480769
1250 565.29675824 560.27813187 570.31538462
1251 565.72707418 560.70818681 570.74596154
1252 566.15739011 561.13824176 571.17653846
1253 566.58770604 561.56829670 571.60711538
1254 567.01802198 561.99835165 572.03769231
1255 567.44833791 562.42840659 572.46826923
1256 567.87865385 562.85846154 572.89884615
1257 568.30896978 563.28851648 573.32942308
1258 568.73928571 563.71857143 573.76000000
1259 569.16960165 564.14862637 574.19057692
1260 569.59991758 564.57868132 574.62115385
1261 570.03023352 565.00873626 575.05173077
1262 570.46054945 565.43879121 575.48230769
1263 570.89086538 565.86884615 575.91288462
1264 571.32118132 566.29890110 576.34346154
1265 571.75149725 566.72895604 576.77403846
1266 572.18181319 567.15901099 577.20461538
1267 572.61212912 567.58906593 577.63519231
1268 573.04244505 568.01912088 578.06576923
1269 573.47276099 568.44917582 578.49634615
1270 573.90307692 568.87923077 578.92692308
1271 574.33339286 569.30928571 579.35750000
1272 574.76370879 569.73934066 579.78807692
1273 575.19402473 570.16939560 580.21865385
1274 575.62434066 570.59945055 580.64923077
1275 576.05465659 571.02950549 581.07980769
1276 576.48497253 571.45956044 581.51038462
1277 576.91528846 571.88961538 581.94096154
1278 577.34560440 572.31967033 582.37153846
1279 577.77592033 572.74972527 582.80211538
1280 578.20623626 573.17978022 583.23269231
1281 578.63655220 573.60983516 583.66326923
1282 579.06686813 574.03989011 584.09384615
1283 579.49718407 574.46994505 584.52442308
1284 579.92750000 574.90000000 584.95500000
1285 580.35781593 575.33005495 585.38557692
1286 580.78813187 575.76010989 585.81615385
1287 581.21844780 576.19016484 586.24673077
1288 581.64876374 576.62021978 586.67730769
1289 582.07907967 577.05027473 587.10788462
1290 582.50939560 577.48032967 587.53846154
1291 582.93971154 577.91038462 587.96903846
1292 583.37002747 578.34043956 588.39961538
1293 583.80034341 578.77049451 588.83019231
1294 584.23065934 579.20054945 589.26076923
1295 584.66097527 579.63060440 589.69134615
1296 585.09129121 580.06065934 590.12192308
1297 585.52160714 580.49071429 590.55250000
1298 585.95192308 580.92076923 590.98307692
1299 586.38223901 581.35082418 591.41365385
1300 586.81255495 581.78087912 591.84423077
1301 587.24287088 582.21093407 592.27480769
1302 587.67318681 582.64098901 592.70538462
1303 588.10350275 583.07104396 593.13596154
1304 588.53381868 583.50109890 593.56653846
1305 588.96413462 583.93115385 593.99711538
1306 589.39445055 584.36120879 594.42769231
1307 589.82476648 584.79126374 594.85826923
1308 590.25508242 585.22131868 595.28884615
1309 590.68539835 585.65137363 595.71942308
1310 591.11571429 586.08142857 596.15000000
1311 591.54603022 586.51148352 596.58057692
1312 591.97634615 586.94153846 597.01115385
1313 592.40666209 587.37159341 597.44173077
1314 592.83697802 587.80164835 597.87230769
1315 593.26729396 588.23170330 598.30288462
1316 593.69760989 588.66175824 598.73346154
1317 594.12792582 589.09181319 599.16403846
1318 594.55824176 589.52186813 599.59461538
1319 594.98855769 589.95192308 600.02519231
1320 595.41887363 590.38197802 600.45576923
1321 595.84918956 590.81203297 600.88634615
1322 596.27950549 591.24208791 601.31692308
1323 596.70982143 591.67214286 601.74750000
1324 597.14013736 592.10219780 602.17807692
1325 597.57045330 592.53225275 602.60865385
1326 598.00076923 592.96230769 603.03923077
1327 598.43108516 593.39236264 603.46980769
1328 598.86140110 593.82241758 603.90038462
1329 599.29171703 594.25247253 604.33096154
1330 599.72203297 594.68252747 604.76153846
1331 600.15234890 595.11258242 605.19211538
1332 600.58266484 595.54263736 605.62269231
1333 601.01298077 595.97269231 606.05326923
1334 601.44329670 596.40274725 606.48384615
1335 601.87361264 596.83280220 606.91442308
1336 602.30392857 597.26285714 607.34500000
1337 602.73424451 597.69291209 607.77557692
1338 603.16456044 598.12296703 608.20615385
1339 603.59487637 598.55302198 608.63673077
1340 604.02519231 598.98307692 609.06730769
1341 604.45550824 599.41313187 609.49788462
1342 604.88582418 599.84318681 609.92846154
1343 605.31614011 600.27324176 610.35903846
1344 605.74645604 600.70329670 610.78961538
1345 606.17677198 601.13335165 611.22019231
1346 606.60708791 601.56340659 611.65076923
1347 607.03740385 601.99346154 612.08134615
1348 607.46771978 602.42351648 612.51192308
1349 607.89803571 602.85357143 612.94250000
1350 608.32835165 603.28362637 613.37307692
1351 608.75866758 603.71368132 613.80365385
1352 609.18898352 604.14373626 614.23423077
1353 609.61929945 604.57379121 614.66480769
1354 610.04961538 605.00384615 615.09538462
1355 610.47993132 605.43390110 615.52596154
1356 610.91024725 605.86395604 615.95653846
1357 611.34056319 606.29401099 616.38711538
1358 611.77087912 606.72406593 616.81769231
1359 612.20119505 607.15412088 617.24826923
1360 612.63151099 607.58417582 617.67884615
1361 613.06182692 608.01423077 618.10942308
1362 613.49214286 608.44428571 618.54000000
1363 613.92245879 608.87434066 618.97057692
1364 614.35277473 609.30439560 619.40115385
1365 614.78309066 609.73445055 619.83173077
1366 615.21340659 610.16450549 620.26230769
1367 615.64372253 610.59456044 620.69288462
1368 616.07403846 611.02461538 621.12346154
1369 616.50435440 611.45467033 621.55403846
1370 616.93467033 611.88472527 621.98461538
1371 617.36498626 612.31478022 622.41519231
1372 617.79530220 612.74483516 622.84576923
1373 618.22561813 613.17489011 623.27634615
1374 618.65593407 613.60494505 623.70692308
1375 619.08625000 614.03500000 624.13750000
1376 619.51656593 614.46505495 624.56807692
1377 619.94688187 614.89510989 624.99865385
1378 620.37719780 615.32516484 625.42923077
1379 620.80751374 615.75521978 625.85980769
1380 621.23782967 616.18527473 626.29038462
1381 621.66814560 616.61532967 626.72096154
1382 622.09846154 617.04538462 627.15153846
1383 622.52877747 617.47543956 627.58211538
1384 622.95909341 617.90549451 628.01269231
1385 623.38940934 618.33554945 628.44326923
1386 623.81972527 618.76560440 628.87384615
1387 624.25004121 619.19565934 629.30442308
1388 624.68035714 619.62571429 629.73500000
1389 625.11067308 620.05576923 630.16557692
1390 625.54098901 620.48582418 630.59615385
1391 625.97130495 620.91587912 631.02673077
1392 626.40162088 621.34593407 631.45730769
1393 626.83193681 621.77598901 631.88788462
1394 627.26225275 622.20604396 632.31846154
1395 627.69256868 622.63609890 632.74903846
1396 628.12288462 623.06615385 633.17961538
1397 628.55320055 623.49620879 633.61019231
1398 628.98351648 623.92626374 634.04076923
1399 629.41383242 624.35631868 634.47134615
1400 629.84414835 624.78637363 634.90192308
1401 630.27446429 625.21642857 635.33250000
1402 630.70478022 625.64648352 635.76307692
1403 631.13509615 626.07653846 636.19365385
1404 631.56541209 626.50659341 636.62423077
1405 631.99572802 626.93664835 637.05480769
1406 632.42604396 627.36670330 637.48538462
1407 632.85635989 627.79675824 637.91596154
1408 633.28667582 628.22681319 638.34653846
1409 633.71699176 628.65686813 638.77711538
1410 634.14730769 629.08692308 639.20769231
1411 634.57762363 629.51697802 639.63826923
1412 635.00793956 629.94703297 640.06884615
1413 635.43825549 630.37708791 640.49942308
1414 635.86857143 630.80714286 640.93000000
1415 636.29888736 631.23719780 641.36057692
1416 636.72920330 631.66725275 641.79115385
1417 637.15951923 632.09730769 642.22173077
1418 637.58983516 632.52736264 642.65230769
1419 638.02015110 632.95741758 643.08288462
1420 638.45046703 633.38747253 643.51346154
1421 638.88078297 633.81752747 643.94403846
1422 639.31109890 634.24758242 644.37461538
1423 639.74141484 634.67763736 644.80519231
1424 640.17173077 635.10769231 645.23576923
1425 640.60204670 635.53774725 645.66634615
1426 641.03236264 635.96780220 646.09692308
1427 641.46267857 636.39785714 646.52750000
1428 641.89299451 636.82791209 646.95807692
1429 642.32331044 637.25796703 647.38865385
1430 642.75362637 637.68802198 647.81923077
1431 643.18394231 638.11807692 648.24980769
1432 643.61425824 638.54813187 648.68038462
1433 644.04457418 638.97818681 649.11096154
1434 644.47489011 639.40824176 649.54153846
1435 644.90520604 639.83829670 649.97211538
1436 645.33552198 640.26835165 650.40269231
1437 645.76583791 640.69840659 650.83326923
1438 646.19615385 641.12846154 651.26384615
1439 646.62646978 641.55851648 651.69442308
1440 647.05678571 641.98857143 652.12500000
1441 647.48710165 642.41862637 652.55557692
1442 647.91741758 642.84868132 652.98615385
1443 648.34773352 643.27873626 653.41673077
1444 648.77804945 643.70879121 653.84730769
1445 649.20836538 644.13884615 654.27788462
1446 649.63868132 644.56890110 654.70846154
1447 650.06899725 644.99895604 655.13903846
1448 650.49931319 645.42901099 655.56961538
1449 650.92962912 645.85906593 656.00019231
1450 651.35994505 646.28912088 656.43076923
1451 651.79026099 646.71917582 656.86134615
1452 652.22057692 647.14923077 657.29192308
1453 652.65089286 647.57928571 657.72250000
1454 653.08120879 648.00934066 658.15307692
1455 653.51152473 648.43939560 658.58365385
1456 653.94184066 648.86945055 659.01423077
1457 654.37215659 649.29950549 659.44480769
1458 654.80247253 649.72956044 659.87538462
1459 655.23278846 650.15961538 660.30596154
1460 655.66310440 650.58967033 660.73653846
1461 656.09342033 651.01972527 661.16711538
1462 656.52373626 651.44978022 661.59769231
1463 656.95405220 651.87983516 662.02826923
1464 657.38436813 652.30989011 662.45884615
1465 657.81468407 652.73994505 662.88942308
1466 658.24500000 653.17000000 663.32000000
1467 658.67004121 653.59151099 663.74857143
1468 659.09508242 654.01302198 664.17714286
1469 659.52012363 654.43453297 664.60571429
1470 659.94516484 654.85604396 665.03428571
1471 660.37020604 655.27755495 665.46285714
1472 660.79524725 655.69906593 665.89142857
1473 661.22028846 656.12057692 666.32000000
1474 661.64532967 656.54208791 666.74857143
1475 662.07037088 656.96359890 667.17714286
1476 662.49541209 657.38510989 667.60571429
1477 662.92045330 657.80662088 668.03428571
1478 663.34549451 658.22813187 668.46285714
1479 663.77053571 658.64964286 668.89142857
1480 664.19557692 659.07115385 669.32000000
1481 664.62061813 659.49266484 669.74857143
1482 665.04565934 659.91417582 670.17714286
1483 665.47070055 660.33568681 670.60571429
1484 665.89574176 660.75719780 671.03428571
1485 666.32078297 661.17870879 671.46285714
1486 666.74582418 661.60021978 671.89142857
1487 667.17086538 662.02173077 672.32000000
1488 667.59590659 662.44324176 672.74857143
1489 668.02094780 662.86475275 673.17714286
1490 668.44598901 663.28626374 673.60571429
1491 668.87103022 663.70777473 674.03428571
1492 669.29607143 664.12928571 674.46285714
1493 669.72111264 664.55079670 674.89142857
1494 670.14615385 664.97230769 675.32000000
1495 670.57119505 665.39381868 675.74857143
1496 670.99623626 665.81532967 676.17714286
1497 671.42127747 666.23684066 676.60571429
1498 671.84631868 666.65835165 677.03428571
1499 672.27135989 667.07986264 677.46285714
1500 672.69640110 667.50137363 677.89142857
1501 673.12144231 667.92288462 678.32000000
1502 673.54648352 668.34439560 678.74857143
1503 673.97152473 668.76590659 679.17714286
1504 674.39656593 669.18741758 679.60571429
1505 674.82160714 669.60892857 680.03428571
1506 675.24664835 670.03043956 680.46285714
1507 675.67168956 670.45195055 680.89142857
1508 676.09673077 670.87346154 681.32000000
1509 676.52177198 671.29497253 681.74857143
1510 676.94681319 671.71648352 682.17714286
1511 677.37185440 672.13799451 682.60571429
1512 677.79689560 672.55950549 683.03428571
1513 678.22193681 672.98101648 683.46285714
1514 678.64697802 673.40252747 683.89142857
1515 679.07201923 673.82403846 684.32000000
1516 679.49706044 674.24554945 684.74857143
1517 679.92210165 674.66706044 685.17714286
1518 680.34714286 675.08857143 685.60571429
1519 680.77218407 675.51008242 686.03428571
1520 681.19722527 675.93159341 686.46285714
1521 681.62226648 676.35310440 686.89142857
1522 682.04730769 676.77461538 687.32000000
1523 682.47234890 677.19612637 687.74857143
1524 682.89739011 677.61763736 688.17714286
1525 683.32243132 678.03914835 688.60571429
1526 683.74747253 678.46065934 689.03428571
1527 684.17251374 678.88217033 689.46285714
1528 684.59755495 679.30368132 689.89142857
1529 685.02259615 679.72519231 690.32000000
1530 685.44763736 680.14670330 690.74857143
1531 685.87267857 680.56821429 691.17714286
1532 686.29771978 680.98972527 691.60571429
1533 686.72276099 681.41123626 692.03428571
1534 687.14780220 681.83274725 692.46285714
1535 687.57284341 682.25425824 692.89142857
1536 687.99788462 682.67576923 693.32000000
1537 688.42292582 683.09728022 693.74857143
1538 688.84796703 683.51879121 694.17714286
1539 689.27300824 683.94030220 694.60571429
1540 689.69804945 684.36181319 695.03428571
1541 690.12309066 684.78332418 695.46285714
1542 690.54813187 685.20483516 695.89142857
1543 690.97317308 685.62634615 696.32000000
1544 691.39821429 686.04785714 696.74857143
1545 691.82325549 686.46936813 697.17714286
1546 692.24829670 686.89087912 697.60571429
1547 692.67333791 687.31239011 698.03428571
1548 693.09837912 687.73390110 698.46285714
1549 693.52342033 688.15541209 698.89142857
1550 693.94846154 688.57692308 699.32000000
1551 694.37350275 688.99843407 699.74857143
1552 694.79854396 689.41994505 700.17714286
1553 695.22358516 689.84145604 700.60571429
1554 695.64862637 690.26296703 701.03428571
1555 696.07366758 690.68447802 701.46285714
1556 696.49870879 691.10598901 701.89142857
1557 696.92375000 691.52750000 702.32000000
1558 697.34879121 691.94901099 702.74857143
1559 697.77383242 692.37052198 703.17714286
1560 698.19887363 692.79203297 703.60571429
1561 698.62391484 693.21354396 704.03428571
1562 699.04895604 693.63505495 704.46285714
1563 699.47399725 694.05656593 704.89142857
1564 699.89903846 694.47807692 705.32000000
1565 700.32407967 694.89958791 705.74857143
1566 700.74912088 695.32109890 706.17714286
1567 701.17416209 695.74260989 706.60571429
1568 701.59920330 696.16412088 707.03428571
1569 702.02424451 696.58563187 707.46285714
1570 702.44928571 697.00714286 707.89142857
1571 702.87432692 697.42865385 708.32000000
1572 703.29936813 697.85016484 708.74857143
1573 703.72440934 698.27167582 709.17714286
1574 704.14945055 698.69318681 709.60571429
1575 704.57449176 699.11469780 710.03428571
1576 704.99953297 699.53620879 710.46285714
1577 705.42457418 699.95771978 710.89142857
1578 705.84961538 700.37923077 711.32000000
1579 706.27465659 700.80074176 711.74857143
1580 706.69969780 701.22225275 712.17714286
1581 707.12473901 701.64376374 712.60571429
1582 707.54978022 702.06527473 713.03428571
1583 707.97482143 702.48678571 713.46285714
1584 708.39986264 702.90829670 713.89142857
1585 708.82490385 703.32980769 714.32000000
1586 709.24994505 703.75131868 714.74857143
1587 709.67498626 704.17282967 715.17714286
1588 710.10002747 704.59434066 715.60571429
1589 710.52506868 705.01585165 716.03428571
1590 710.95010989 705.43736264 716.46285714
1591 711.37515110 705.85887363 716.89142857
1592 711.80019231 706.28038462 717.32000000
1593 712.22523352 706.70189560 717.74857143
1594 712.65027473 707.12340659 718.17714286
1595 713.07531593 707.54491758 718.60571429
1596 713.50035714 707.96642857 719.03428571
1597 713.92539835 708.38793956 719.46285714
1598 714.35043956 708.80945055 719.89142857
1599 714.77548077 709.23096154 720.32000000
1600 715.20052198 709.65247253 720.74857143
1601 715.62556319 710.07398352 721.17714286
1602 716.05060440 710.49549451 721.60571429
1603 716.47564560 710.91700549 722.03428571
1604 716.90068681 711.33851648 722.46285714
1605 717.32572802 711.76002747 722.89142857
1606 717.75076923 712.18153846 723.32000000
1607 718.17581044 712.60304945 723.74857143
1608 718.60085165 713.02456044 724.17714286
1609 719.02589286 713.44607143 724.60571429
1610 719.45093407 713.86758242 725.03428571
1611 719.87597527 714.28909341 725.46285714
1612 720.30101648 714.71060440 725.89142857
1613 720.72605769 715.13211538 726.32000000
1614 721.15109890 715.55362637 726.74857143
1615 721.57614011 715.97513736 727.17714286
1616 722.00118132 716.39664835 727.60571429
1617 722.42622253 716.81815934 728.03428571
1618 722.85126374 717.23967033 728.46285714
1619 723.27630495 717.66118132 728.89142857
1620 723.70134615 718.08269231 729.32000000
1621 724.12638736 718.50420330 729.74857143
1622 724.55142857 718.92571429 730.17714286
1623 724.97646978 719.34722527 730.60571429
1624 725.40151099 719.76873626 731.03428571
1625 725.82655220 720.19024725 731.46285714
1626 726.25159341 720.61175824 731.89142857
1627 726.67663462 721.03326923 732.32000000
1628 727.10167582 721.45478022 732.74857143
1629 727.52671703 721.87629121 733.17714286
1630 727.95175824 722.29780220 733.60571429
1631 728.37679945 722.71931319 734.03428571
1632 728.80184066 723.14082418 734.46285714
1633 729.22688187 723.56233516 734.89142857
1634 729.65192308 723.98384615 735.32000000
1635 730.07696429 724.40535714 735.74857143
1636 730.50200549 724.82686813 736.17714286
1637 730.92704670 725.24837912 736.60571429
1638 731.35208791 725.66989011 737.03428571
1639 731.77712912 726.09140110 737.46285714
1640 732.20217033 726.51291209 737.89142857
1641 732.62721154 726.93442308 738.32000000
1642 733.05225275 727.35593407 738.74857143
1643 733.47729396 727.77744505 739.17714286
1644 733.90233516 728.19895604 739.60571429
1645 734.32737637 728.62046703 740.03428571
1646 734.75241758 729.04197802 740.46285714
1647 735.17745879 729.46348901 740.89142857
1648 735.60250000 729.88500000 741.32000000
1649 736.02754121 730.30651099 741.74857143
1650 736.45258242 730.72802198 742.17714286
1651 736.87762363 731.14953297 742.60571429
1652 737.30266484 731.57104396 743.03428571
1653 737.72770604 731.99255495 743.46285714
1654 738.15274725 732.41406593 743.89142857
1655 738.57778846 732.83557692 744.32000000
1656 739.00282967 733.25708791 744.74857143
1657 739.42787088 733.67859890 745.17714286
1658 739.85291209 734.10010989 745.60571429
1659 740.27795330 734.52162088 746.03428571
1660 740.70299451 734.94313187 746.46285714
1661 741.12803571 735.36464286 746.89142857
1662 741.55307692 735.78615385 747.32000000
1663 741.97811813 736.20766484 747.74857143
1664 742.40315934 736.62917582 748.17714286
1665 742.82820055 737.05068681 748.60571429
1666 743.25324176 737.47219780 749.03428571
1667 743.67828297 737.89370879 749.46285714
1668 744.10332418 738.31521978 749.89142857
1669 744.52836538 738.73673077 750.32000000
1670 744.95340659 739.15824176 750.74857143
1671 745.37844780 739.57975275 751.17714286
1672 745.80348901 740.00126374 751.60571429
1673 746.22853022 740.42277473 752.03428571
1674 746.65357143 740.84428571 752.46285714
1675 747.07861264 741.26579670 752.89142857
1676 747.50365385 741.68730769 753.32000000
1677 747.92869505 742.10881868 753.74857143
1678 748.35373626 742.53032967 754.17714286
1679 748.77877747 742.95184066 754.60571429
1680 749.20381868 743.37335165 755.03428571
1681 749.62885989 743.79486264 755.46285714
1682 750.05390110 744.21637363 755.89142857
1683 750.47894231 744.63788462 756.32000000
1684 750.90398352 745.05939560 756.74857143
1685 751.32902473 745.48090659 757.17714286
1686 751.75406593 745.90241758 757.60571429
1687 752.17910714 746.32392857 758.03428571
1688 752.60414835 746.74543956 758.46285714
1689 753.02918956 747.16695055 758.89142857
1690 753.45423077 747.58846154 759.32000000
1691 753.87927198 748.00997253 759.74857143
1692 754.30431319 748.43148352 760.17714286
1693 754.72935440 748.85299451 760.60571429
1694 755.15439560 749.27450549 761.03428571
1695 755.57943681 749.69601648 761.46285714
1696 756.00447802 750.11752747 761.89142857
1697 756.42951923 750.53903846 762.32000000
1698 756.85456044 750.96054945 762.74857143
1699 757.27960165 751.38206044 763.17714286
1700 757.70464286 751.80357143 763.60571429
1701 758.12968407 752.22508242 764.03428571
1702 758.55472527 752.64659341 764.46285714
1703 758.97976648 753.06810440 764.89142857
1704 759.40480769 753.48961538 765.32000000
1705 759.82984890 753.91112637 765.74857143
1706 760.25489011 754.33263736 766.17714286
1707 760.67993132 754.75414835 766.60571429
1708 761.10497253 755.17565934 767.03428571
1709 761.53001374 755.59717033 767.46285714
1710 761.95505495 756.01868132 767.89142857
1711 762.38009615 756.44019231 768.32000000
1712 762.80513736 756.86170330 768.74857143
1713 763.23017857 757.28321429 769.17714286
1714 763.65521978 757.70472527 769.60571429
1715 764.08026099 758.12623626 770.03428571
1716 764.50530220 758.54774725 770.46285714
1717 764.93034341 758.96925824 770.89142857
1718 765.35538462 759.39076923 771.32000000
1719 765.78042582 759.81228022 771.74857143
1720 766.20546703 760.23379121 772.17714286
1721 766.63050824 760.65530220 772.60571429
1722 767.05554945 761.07681319 773.03428571
1723 767.48059066 761.49832418 773.46285714
1724 767.90563187 761.91983516 773.89142857
1725 768.33067308 762.34134615 774.32000000
1726 768.75571429 762.76285714 774.74857143
1727 769.18075549 763.18436813 775.17714286
1728 769.60579670 763.60587912 775.60571429
1729 770.03083791 764.02739011 776.03428571
1730 770.45587912 764.44890110 776.46285714
1731 770.88092033 764.87041209 776.89142857
1732 771.30596154 765.29192308 777.32000000
1733 771.73100275 765.71343407 777.74857143
1734 772.15604396 766.13494505 778.17714286
1735 772.58108516 766.55645604 778.60571429
1736 773.00612637 766.97796703 779.03428571
1737 773.43116758 767.39947802 779.46285714
1738 773.85620879 767.82098901 779.89142857
1739 774.28125000 768.24250000 780.32000000
1740 774.70629121 768.66401099 780.74857143
1741 775.13133242 769.08552198 781.17714286
1742 775.55637363 769.50703297 781.60571429
1743 775.98141484 769.92854396 782.03428571
1744 776.40645604 770.35005495 782.46285714
1745 776.83149725 770.77156593 782.89142857
1746 777.25653846 771.19307692 783.32000000
1747 777.68157967 771.61458791 783.74857143
1748 778.10662088 772.03609890 784.17714286
1749 778.53166209 772.45760989 784.60571429
1750 778.95670330 772.87912088 785.03428571
1751 779.38174451 773.30063187 785.46285714
1752 779.80678571 773.72214286 785.89142857
1753 780.23182692 774.14365385 786.32000000
1754 780.65686813 774.56516484 786.74857143
1755 781.08190934 774.98667582 787.17714286
1756 781.50695055 775.40818681 787.60571429
1757 781.93199176 775.82969780 788.03428571
1758 782.35703297 776.25120879 788.46285714
1759 782.78207418 776.67271978 788.89142857
1760 783.20711538 777.09423077 789.32000000
1761 783.63215659 777.51574176 789.74857143
1762 784.05719780 777.93725275 790.17714286
1763 784.48223901 778.35876374 790.60571429
1764 784.90728022 778.78027473 791.03428571
1765 785.33232143 779.20178571 791.46285714
1766 785.75736264 779.62329670 791.89142857
1767 786.18240385 780.04480769 792.32000000
1768 786.60744505 780.46631868 792.74857143
1769 787.03248626 780.88782967 793.17714286
1770 787.45752747 781.30934066 793.60571429
1771 787.88256868 781.73085165 794.03428571
1772 788.30760989 782.15236264 794.46285714
1773 788.73265110 782.57387363 794.89142857
1774 789.15769231 782.99538462 795.32000000
1775 789.58273352 783.41689560 795.74857143
1776 790.00777473 783.83840659 796.17714286
1777 790.43281593 784.25991758 796.60571429
1778 790.85785714 784.68142857 797.03428571
1779 791.28289835 785.10293956 797.46285714
1780 791.70793956 785.52445055 797.89142857
1781 792.13298077 785.94596154 798.32000000
1782 792.55802198 786.36747253 798.74857143
1783 792.98306319 786.78898352 799.17714286
1784 793.40810440 787.21049451 799.60571429
1785 793.83314560 787.63200549 800.03428571
1786 794.25818681 788.05351648 800.46285714
1787 794.68322802 788.47502747 800.89142857
1788 795.10826923 788.89653846 801.32000000
1789 795.53331044 789.31804945 801.74857143
1790 795.95835165 789.73956044 802.17714286
1791 796.38339286 790.16107143 802.60571429
1792 796.80843407 790.58258242 803.03428571
1793 797.23347527 791.00409341 803.46285714
1794 797.65851648 791.42560440 803.89142857
1795 798.08355769 791.84711538 804.32000000
1796 798.50859890 792.26862637 804.74857143
1797 798.93364011 792.69013736 805.17714286
1798 799.35868132 793.11164835 805.60571429
1799 799.78372253 793.53315934 806.03428571
1800 800.20876374 793.95467033 806.46285714
1801 800.63380495 794.37618132 806.89142857
1802 801.05884615 794.79769231 807.32000000
1803 801.48388736 795.21920330 807.74857143
1804 801.90892857 795.64071429 808.17714286
1805 802.33396978 796.06222527 808.60571429
1806 802.75901099 796.48373626 809.03428571
1807 803.18405220 796.90524725 809.46285714
1808 803.60909341 797.32675824 809.89142857
1809 804.03413462 797.74826923 810.32000000
1810 804.45917582 798.16978022 810.74857143
1811 804.88421703 798.59129121 811.17714286
1812 805.30925824 799.01280220 811.60571429
1813 805.73429945 799.43431319 812.03428571
1814 806.15934066 799.85582418 812.46285714
1815 806.58438187 800.27733516 812.89142857
1816 807.00942308 800.69884615 813.32000000
1817 807.43446429 801.12035714 813.74857143
1818 807.85950549 801.54186813 814.17714286
1819 808.28454670 801.96337912 814.60571429
1820 808.70958791 802.38489011 815.03428571
1821 809.13462912 802.80640110 815.46285714
1822 809.55967033 803.22791209 815.89142857
1823 809.98471154 803.64942308 816.32000000
1824 810.40975275 804.07093407 816.74857143
1825 810.83479396 804.49244505 817.17714286
1826 811.25983516 804.91395604 817.60571429
1827 811.68487637 805.33546703 818.03428571
1828 812.10991758 805.75697802 818.46285714
1829 812.53495879 806.17848901 818.89142857
1830 812.96000000 806.60000000 819.32000000
