1 -1.98000000 -2.11666667 -1.84333333
2 -1.98000000 -2.11666667 -1.84333333
3 -1.98000000 -2.11666667 -1.84333333
4 0.00000000 0.00000000 0.00000000
5 -1.33000000 -1.37000000 -1.29000000
6 -2.66000000 -2.71333333 -2.60666666
7 -3.99000000 -4.05666666 -3.92333333
8 -5.32000000 -5.40000000 -5.24000000
9 -6.65000000 -6.74333333 -6.55666666
10 -7.98000000 -8.08666666 -7.87333333
11 -9.31000000 -9.43000000 -9.19000000
12 -10.63857142 -10.76714285 -10.51000000
13 -11.96714285 -12.10428571 -11.83000000
14 -13.29571428 -13.44142857 -13.15000000
15 -14.62428571 -14.77857142 -14.47000000
16 -15.95285714 -16.11571428 -15.79000000
17 -17.28142857 -17.45285714 -17.11000000
18 -18.61000000 -18.79000000 -18.43000000
19 -19.87428571 -20.06285714 -19.68571428
20 -21.13857142 -21.33571428 -20.94142857
21 -22.40285714 -22.60857142 -22.19714285
22 -23.66714285 -23.88142857 -23.45285714
23 -24.93142857 -25.15428571 -24.70857142
24 -26.19571428 -26.42714285 -25.96428571
25 -27.46000000 -27.70000000 -27.22000000
26 -28.79166666 -29.03555555 -28.54777777
27 -30.12333333 -30.37111111 -29.87555555
28 -31.45500000 -31.70666666 -31.20333333
29 -32.78666666 -33.04222222 -32.53111111
30 -34.11833333 -34.37777777 -33.85888888
31 -35.45000000 -35.71333333 -35.18666666
32 -36.78166666 -37.04888888 -36.51444444
33 -38.11333333 -38.38444444 -37.84222222
34 -39.44500000 -39.72000000 -39.17000000
35 -40.71078125 -40.98781250 -40.43375000
36 -41.97656250 -42.25562500 -41.69750000
37 -43.24234375 -43.52343750 -42.96125000
38 -44.50812500 -44.79125000 -44.22500000
39 -45.77390625 -46.05906250 -45.48875000
40 -47.03968750 -47.32687500 -46.75250000
41 -48.30546875 -48.59468750 -48.01625000
42 -49.57125000 -49.86250000 -49.28000000
43 -50.83703125 -51.13031250 -50.54375000
44 -52.10281250 -52.39812500 -51.80750000
45 -53.36859375 -53.66593750 -53.07125000
46 -54.63437500 -54.93375000 -54.33500000
47 -55.90015625 -56.20156250 -55.59875000
48 -57.16593750 -57.46937500 -56.86250000
49 -58.43171875 -58.73718750 -58.12625000
50 -59.69750000 -60.00500000 -59.39000000
51 -60.96328125 -61.27281250 -60.65375000
52 -62.22906250 -62.54062500 -61.91750000
53 -63.49484375 -63.80843750 -63.18125000
54 -64.76062500 -65.07625000 -64.44500000
55 -66.02640625 -66.34406250 -65.70875000
56 -67.29218750 -67.61187500 -66.97250000
57 -68.55796875 -68.87968750 -68.23625000
58 -69.82375000 -70.14750000 -69.50000000
59 -71.08953125 -71.41531250 -70.76375000
60 -72.35531250 -72.68312500 -72.02750000
61 -73.62109375 -73.95093750 -73.29125000
62 -74.88687500 -75.21875000 -74.55500000
63 -76.15265625 -76.48656250 -75.81875000
64 -77.41843750 -77.75437500 -77.08250000
65 -78.68421875 -79.02218750 -78.34625000
66 -79.95000000 -80.29000000 -79.61000000
67 -81.20683333 -81.54200000 -80.87166666
68 -82.46366666 -82.79400000 -82.13333333
69 -83.72050000 -84.04600000 -83.39500000
70 -84.97733333 -85.29800000 -84.65666666
71 -86.23416666 -86.55000000 -85.91833333
72 -87.49100000 -87.80200000 -87.18000000
73 -88.74783333 -89.05400000 -88.44166666
74 -90.00466666 -90.30600000 -89.70333333
75 -91.26150000 -91.55800000 -90.96500000
76 -92.51833333 -92.81000000 -92.22666666
77 -93.77516666 -94.06200000 -93.48833333
78 -95.03200000 -95.31400000 -94.75000000
79 -96.28883333 -96.56600000 -96.01166666
80 -97.54566666 -97.81800000 -97.27333333
81 -98.80250000 -99.07000000 -98.53500000
82 -100.05933333 -100.32200000 -99.79666666
83 -101.31616666 -101.57400000 -101.05833333
84 -102.57300000 -102.82600000 -102.32000000
85 -103.82983333 -104.07800000 -103.58166666
86 -105.08666666 -105.33000000 -104.84333333
87 -106.34350000 -106.58200000 -106.10500000
88 -107.60033333 -107.83400000 -107.36666666
89 -108.85716666 -109.08600000 -108.62833333
90 -110.11400000 -110.33800000 -109.89000000
91 -111.37083333 -111.59000000 -111.15166666
92 -112.62766666 -112.84200000 -112.41333333
93 -113.88450000 -114.09400000 -113.67500000
94 -115.14133333 -115.34600000 -114.93666666
95 -116.39816666 -116.59800000 -116.19833333
96 -117.65500000 -117.85000000 -117.46000000
97 -118.93600000 -119.13766666 -118.73433333
98 -120.21700000 -120.42533333 -120.00866666
99 -121.49800000 -121.71300000 -121.28300000
100 -122.77900000 -123.00066666 -122.55733333
101 -124.06000000 -124.28833333 -123.83166666
102 -125.34100000 -125.57600000 -125.10600000
103 -126.62200000 -126.86366666 -126.38033333
104 -127.90300000 -128.15133333 -127.65466666
105 -129.18400000 -129.43900000 -128.92900000
106 -130.46500000 -130.72666666 -130.20333333
107 -131.74600000 -132.01433333 -131.47766666
108 -133.02700000 -133.30200000 -132.75200000
109 -134.30800000 -134.58966666 -134.02633333
110 -135.58900000 -135.87733333 -135.30066666
111 -136.87000000 -137.16500000 -136.57500000
112 -138.15100000 -138.45266666 -137.84933333
113 -139.43200000 -139.74033333 -139.12366666
114 -140.71300000 -141.02800000 -140.39800000
115 -141.99400000 -142.31566666 -141.67233333
116 -143.27500000 -143.60333333 -142.94666666
117 -144.55600000 -144.89100000 -144.22100000
118 -145.83700000 -146.17866666 -145.49533333
119 -147.11800000 -147.46633333 -146.76966666
120 -148.39900000 -148.75400000 -148.04400000
121 -149.68000000 -150.04166666 -149.31833333
122 -150.96100000 -151.32933333 -150.59266666
123 -152.24200000 -152.61700000 -151.86700000
124 -153.52300000 -153.90466666 -153.14133333
125 -154.80400000 -155.19233333 -154.41566666
126 -156.08500000 -156.48000000 -155.69000000
127 -157.33483870 -157.72935483 -156.94032258
128 -158.58467741 -158.97870967 -158.19064516
129 -159.83451612 -160.22806451 -159.44096774
130 -161.08435483 -161.47741935 -160.69129032
131 -162.33419354 -162.72677419 -161.94161290
132 -163.58403225 -163.97612903 -163.19193548
133 -164.83387096 -165.22548387 -164.44225806
134 -166.08370967 -166.47483870 -165.69258064
135 -167.33354838 -167.72419354 -166.94290322
136 -168.58338709 -168.97354838 -168.19322580
137 -169.83322580 -170.22290322 -169.44354838
138 -171.08306451 -171.47225806 -170.69387096
139 -172.33290322 -172.72161290 -171.94419354
140 -173.58274193 -173.97096774 -173.19451612
141 -174.83258064 -175.22032258 -174.44483870
142 -176.08241935 -176.46967741 -175.69516129
143 -177.33225806 -177.71903225 -176.94548387
144 -178.58209677 -178.96838709 -178.19580645
145 -179.83193548 -180.21774193 -179.44612903
146 -181.08177419 -181.46709677 -180.69645161
147 -182.33161290 -182.71645161 -181.94677419
148 -183.58145161 -183.96580645 -183.19709677
149 -184.83129032 -185.21516129 -184.44741935
150 -186.08112903 -186.46451612 -185.69774193
151 -187.33096774 -187.71387096 -186.94806451
152 -188.58080645 -188.96322580 -188.19838709
153 -189.83064516 -190.21258064 -189.44870967
154 -191.08048387 -191.46193548 -190.69903225
155 -192.33032258 -192.71129032 -191.94935483
156 -193.58016129 -193.96064516 -193.19967741
157 -194.83000000 -195.21000000 -194.45000000
158 -196.06866666 -196.45833333 -195.67900000
159 -197.30733333 -197.70666666 -196.90800000
160 -198.54600000 -198.95500000 -198.13700000
161 -199.78466666 -200.20333333 -199.36600000
162 -201.02333333 -201.45166666 -200.59500000
163 -202.26200000 -202.70000000 -201.82400000
164 -203.50066666 -203.94833333 -203.05300000
165 -204.73933333 -205.19666666 -204.28200000
166 -205.97800000 -206.44500000 -205.51100000
167 -207.21666666 -207.69333333 -206.74000000
168 -208.45533333 -208.94166666 -207.96900000
169 -209.69400000 -210.19000000 -209.19800000
170 -210.93266666 -211.43833333 -210.42700000
171 -212.17133333 -212.68666666 -211.65600000
172 -213.41000000 -213.93500000 -212.88500000
173 -214.64866666 -215.18333333 -214.11400000
174 -215.88733333 -216.43166666 -215.34300000
175 -217.12600000 -217.68000000 -216.57200000
176 -218.36466666 -218.92833333 -217.80100000
177 -219.60333333 -220.17666666 -219.03000000
178 -220.84200000 -221.42500000 -220.25900000
179 -222.08066666 -222.67333333 -221.48800000
180 -223.31933333 -223.92166666 -222.71700000
181 -224.55800000 -225.17000000 -223.94600000
182 -225.79666666 -226.41833333 -225.17500000
183 -227.03533333 -227.66666666 -226.40400000
184 -228.27400000 -228.91500000 -227.63300000
185 -229.51266666 -230.16333333 -228.86200000
186 -230.75133333 -231.41166666 -230.09100000
187 -231.99000000 -232.66000000 -231.32000000
188 -233.33363636 -234.02757575 -232.63969696
189 -234.67727272 -235.39515151 -233.95939393
190 -236.02090909 -236.76272727 -235.27909090
191 -237.36454545 -238.13030303 -236.59878787
192 -238.70818181 -239.49787878 -237.91848484
193 -240.05181818 -240.86545454 -239.23818181
194 -241.39545454 -242.23303030 -240.55787878
195 -242.73909090 -243.60060606 -241.87757575
196 -244.08272727 -244.96818181 -243.19727272
197 -245.42636363 -246.33575757 -244.51696969
198 -246.77000000 -247.70333333 -245.83666666
199 -248.11363636 -249.07090909 -247.15636363
200 -249.45727272 -250.43848484 -248.47606060
201 -250.80090909 -251.80606060 -249.79575757
202 -252.14454545 -253.17363636 -251.11545454
203 -253.48818181 -254.54121212 -252.43515151
204 -254.83181818 -255.90878787 -253.75484848
205 -256.17545454 -257.27636363 -255.07454545
206 -257.51909090 -258.64393939 -256.39424242
207 -258.86272727 -260.01151515 -257.71393939
208 -260.20636363 -261.37909090 -259.03363636
209 -261.55000000 -262.74666666 -260.35333333
210 -262.89363636 -264.11424242 -261.67303030
211 -264.23727272 -265.48181818 -262.99272727
212 -265.58090909 -266.84939393 -264.31242424
213 -266.92454545 -268.21696969 -265.63212121
214 -268.26818181 -269.58454545 -266.95181818
215 -269.61181818 -270.95212121 -268.27151515
216 -270.95545454 -272.31969696 -269.59121212
217 -272.29909090 -273.68727272 -270.91090909
218 -273.64272727 -275.05484848 -272.23060606
219 -274.98636363 -276.42242424 -273.55030303
220 -276.33000000 -277.79000000 -274.87000000
221 -277.55275862 -278.99620689 -276.10931034
222 -278.77551724 -280.20241379 -277.34862068
223 -279.99827586 -281.40862068 -278.58793103
224 -281.22103448 -282.61482758 -279.82724137
225 -282.44379310 -283.82103448 -281.06655172
226 -283.66655172 -285.02724137 -282.30586206
227 -284.88931034 -286.23344827 -283.54517241
228 -286.11206896 -287.43965517 -284.78448275
229 -287.33482758 -288.64586206 -286.02379310
230 -288.55758620 -289.85206896 -287.26310344
231 -289.78034482 -291.05827586 -288.50241379
232 -291.00310344 -292.26448275 -289.74172413
233 -292.22586206 -293.47068965 -290.98103448
234 -293.44862068 -294.67689655 -292.22034482
235 -294.67137931 -295.88310344 -293.45965517
236 -295.89413793 -297.08931034 -294.69896551
237 -297.11689655 -298.29551724 -295.93827586
238 -298.33965517 -299.50172413 -297.17758620
239 -299.56241379 -300.70793103 -298.41689655
240 -300.78517241 -301.91413793 -299.65620689
241 -302.00793103 -303.12034482 -300.89551724
242 -303.23068965 -304.32655172 -302.13482758
243 -304.45344827 -305.53275862 -303.37413793
244 -305.67620689 -306.73896551 -304.61344827
245 -306.89896551 -307.94517241 -305.85275862
246 -308.12172413 -309.15137931 -307.09206896
247 -309.34448275 -310.35758620 -308.33137931
248 -310.56724137 -311.56379310 -309.57068965
249 -311.79000000 -312.77000000 -310.81000000
250 -313.00267857 -313.99464285 -312.01071428
251 -314.21535714 -315.21928571 -313.21142857
252 -315.42803571 -316.44392857 -314.41214285
253 -316.64071428 -317.66857142 -315.61285714
254 -317.85339285 -318.89321428 -316.81357142
255 -319.06607142 -320.11785714 -318.01428571
256 -320.27875000 -321.34250000 -319.21500000
257 -321.49142857 -322.56714285 -320.41571428
258 -322.70410714 -323.79178571 -321.61642857
259 -323.91678571 -325.01642857 -322.81714285
260 -325.12946428 -326.24107142 -324.01785714
261 -326.34214285 -327.46571428 -325.21857142
262 -327.55482142 -328.69035714 -326.41928571
263 -328.76750000 -329.91500000 -327.62000000
264 -329.98017857 -331.13964285 -328.82071428
265 -331.19285714 -332.36428571 -330.02142857
266 -332.40553571 -333.58892857 -331.22214285
267 -333.61821428 -334.81357142 -332.42285714
268 -334.83089285 -336.03821428 -333.62357142
269 -336.04357142 -337.26285714 -334.82428571
270 -337.25625000 -338.48750000 -336.02500000
271 -338.46892857 -339.71214285 -337.22571428
272 -339.68160714 -340.93678571 -338.42642857
273 -340.89428571 -342.16142857 -339.62714285
274 -342.10696428 -343.38607142 -340.82785714
275 -343.31964285 -344.61071428 -342.02857142
276 -344.53232142 -345.83535714 -343.22928571
277 -345.74500000 -347.06000000 -344.43000000
278 -346.93580645 -348.24161290 -345.63000000
279 -348.12661290 -349.42322580 -346.83000000
280 -349.31741935 -350.60483870 -348.03000000
281 -350.50822580 -351.78645161 -349.23000000
282 -351.69903225 -352.96806451 -350.43000000
283 -352.88983870 -354.14967741 -351.63000000
284 -354.08064516 -355.33129032 -352.83000000
285 -355.27145161 -356.51290322 -354.03000000
286 -356.46225806 -357.69451612 -355.23000000
287 -357.65306451 -358.87612903 -356.43000000
288 -358.84387096 -360.05774193 -357.63000000
289 -360.03467741 -361.23935483 -358.83000000
290 -361.22548387 -362.42096774 -360.03000000
291 -362.41629032 -363.60258064 -361.23000000
292 -363.60709677 -364.78419354 -362.43000000
293 -364.79790322 -365.96580645 -363.63000000
294 -365.98870967 -367.14741935 -364.83000000
295 -367.17951612 -368.32903225 -366.03000000
296 -368.37032258 -369.51064516 -367.23000000
297 -369.56112903 -370.69225806 -368.43000000
298 -370.75193548 -371.87387096 -369.63000000
299 -371.94274193 -373.05548387 -370.83000000
300 -373.13354838 -374.23709677 -372.03000000
301 -374.32435483 -375.41870967 -373.23000000
302 -375.51516129 -376.60032258 -374.43000000
303 -376.70596774 -377.78193548 -375.63000000
304 -377.89677419 -378.96354838 -376.83000000
305 -379.08758064 -380.14516129 -378.03000000
306 -380.27838709 -381.32677419 -379.23000000
307 -381.46919354 -382.50838709 -380.43000000
308 -382.66000000 -383.69000000 -381.63000000
309 -383.87323529 -384.92617647 -382.82029411
310 -385.08647058 -386.16235294 -384.01058823
311 -386.29970588 -387.39852941 -385.20088235
312 -387.51294117 -388.63470588 -386.39117647
313 -388.72617647 -389.87088235 -387.58147058
314 -389.93941176 -391.10705882 -388.77176470
315 -391.15264705 -392.34323529 -389.96205882
316 -392.36588235 -393.57941176 -391.15235294
317 -393.57911764 -394.81558823 -392.34264705
318 -394.79235294 -396.05176470 -393.53294117
319 -396.00558823 -397.28794117 -394.72323529
320 -397.21882352 -398.52411764 -395.91352941
321 -398.43205882 -399.76029411 -397.10382352
322 -399.64529411 -400.99647058 -398.29411764
323 -400.85852941 -402.23264705 -399.48441176
324 -402.07176470 -403.46882352 -400.67470588
325 -403.28500000 -404.70500000 -401.86500000
326 -404.49823529 -405.94117647 -403.05529411
327 -405.71147058 -407.17735294 -404.24558823
328 -406.92470588 -408.41352941 -405.43588235
329 -408.13794117 -409.64970588 -406.62617647
330 -409.35117647 -410.88588235 -407.81647058
331 -410.56441176 -412.12205882 -409.00676470
332 -411.77764705 -413.35823529 -410.19705882
333 -412.99088235 -414.59441176 -411.38735294
334 -414.20411764 -415.83058823 -412.57764705
335 -415.41735294 -417.06676470 -413.76794117
336 -416.63058823 -418.30294117 -414.95823529
337 -417.84382352 -419.53911764 -416.14852941
338 -419.05705882 -420.77529411 -417.33882352
339 -420.27029411 -422.01147058 -418.52911764
340 -421.48352941 -423.24764705 -419.71941176
341 -422.69676470 -424.48382352 -420.90970588
342 -423.91000000 -425.72000000 -422.10000000
343 -425.10037037 -426.90814814 -423.29259259
344 -426.29074074 -428.09629629 -424.48518518
345 -427.48111111 -429.28444444 -425.67777777
346 -428.67148148 -430.47259259 -426.87037037
347 -429.86185185 -431.66074074 -428.06296296
348 -431.05222222 -432.84888888 -429.25555555
349 -432.24259259 -434.03703703 -430.44814814
350 -433.43296296 -435.22518518 -431.64074074
351 -434.62333333 -436.41333333 -432.83333333
352 -435.81370370 -437.60148148 -434.02592592
353 -437.00407407 -438.78962962 -435.21851851
354 -438.19444444 -439.97777777 -436.41111111
355 -439.38481481 -441.16592592 -437.60370370
356 -440.57518518 -442.35407407 -438.79629629
357 -441.76555555 -443.54222222 -439.98888888
358 -442.95592592 -444.73037037 -441.18148148
359 -444.14629629 -445.91851851 -442.37407407
360 -445.33666666 -447.10666666 -443.56666666
361 -446.52703703 -448.29481481 -444.75925925
362 -447.71740740 -449.48296296 -445.95185185
363 -448.90777777 -450.67111111 -447.14444444
364 -450.09814814 -451.85925925 -448.33703703
365 -451.28851851 -453.04740740 -449.52962962
366 -452.47888888 -454.23555555 -450.72222222
367 -453.66925925 -455.42370370 -451.91481481
368 -454.85962962 -456.61185185 -453.10740740
369 -456.05000000 -457.80000000 -454.30000000
370 -457.18625000 -458.97076086 -455.40173913
371 -458.32250000 -460.14152173 -456.50347826
372 -459.45875000 -461.31228260 -457.60521739
373 -460.59500000 -462.48304347 -458.70695652
374 -461.73125000 -463.65380434 -459.80869565
375 -462.86750000 -464.82456521 -460.91043478
376 -464.00375000 -465.99532608 -462.01217391
377 -465.14000000 -467.16608695 -463.11391304
378 -466.27625000 -468.33684782 -464.21565217
379 -467.41250000 -469.50760869 -465.31739130
380 -468.54875000 -470.67836956 -466.41913043
381 -469.68500000 -471.84913043 -467.52086956
382 -470.82125000 -473.01989130 -468.62260869
383 -471.95750000 -474.19065217 -469.72434782
384 -473.09375000 -475.36141304 -470.82608695
385 -474.23000000 -476.53217391 -471.92782608
386 -475.36625000 -477.70293478 -473.02956521
387 -476.50250000 -478.87369565 -474.13130434
388 -477.63875000 -480.04445652 -475.23304347
389 -478.77500000 -481.21521739 -476.33478260
390 -479.91125000 -482.38597826 -477.43652173
391 -481.04750000 -483.55673913 -478.53826086
392 -482.18375000 -484.72750000 -479.64000000
393 -483.32000000 -485.89826086 -480.74173913
394 -484.45625000 -487.06902173 -481.84347826
395 -485.59250000 -488.23978260 -482.94521739
396 -486.72875000 -489.41054347 -484.04695652
397 -487.86500000 -490.58130434 -485.14869565
398 -489.00125000 -491.75206521 -486.25043478
399 -490.13750000 -492.92282608 -487.35217391
400 -491.27375000 -494.09358695 -488.45391304
401 -492.41000000 -495.26434782 -489.55565217
402 -493.54625000 -496.43510869 -490.65739130
403 -494.68250000 -497.60586956 -491.75913043
404 -495.81875000 -498.77663043 -492.86086956
405 -496.95500000 -499.94739130 -493.96260869
406 -498.09125000 -501.11815217 -495.06434782
407 -499.22750000 -502.28891304 -496.16608695
408 -500.36375000 -503.45967391 -497.26782608
409 -501.50000000 -504.63043478 -498.36956521
410 -502.63625000 -505.80119565 -499.47130434
411 -503.77250000 -506.97195652 -500.57304347
412 -504.90875000 -508.14271739 -501.67478260
413 -506.04500000 -509.31347826 -502.77652173
414 -507.18125000 -510.48423913 -503.87826086
415 -508.31750000 -511.65500000 -504.98000000
416 -509.45375000 -512.82576086 -506.08173913
417 -510.59000000 -513.99652173 -507.18347826
418 -511.72625000 -515.16728260 -508.28521739
419 -512.86250000 -516.33804347 -509.38695652
420 -513.99875000 -517.50880434 -510.48869565
421 -515.13500000 -518.67956521 -511.59043478
422 -516.27125000 -519.85032608 -512.69217391
423 -517.40750000 -521.02108695 -513.79391304
424 -518.54375000 -522.19184782 -514.89565217
425 -519.68000000 -523.36260869 -515.99739130
426 -520.81625000 -524.53336956 -517.09913043
427 -521.95250000 -525.70413043 -518.20086956
428 -523.08875000 -526.87489130 -519.30260869
429 -524.22500000 -528.04565217 -520.40434782
430 -525.36125000 -529.21641304 -521.50608695
431 -526.49750000 -530.38717391 -522.60782608
432 -527.63375000 -531.55793478 -523.70956521
433 -528.77000000 -532.72869565 -524.81130434
434 -529.90625000 -533.89945652 -525.91304347
435 -531.04250000 -535.07021739 -527.01478260
436 -532.17875000 -536.24097826 -528.11652173
437 -533.31500000 -537.41173913 -529.21826086
438 -534.45125000 -538.58250000 -530.32000000
439 -535.58750000 -539.75326086 -531.42173913
440 -536.72375000 -540.92402173 -532.52347826
441 -537.86000000 -542.09478260 -533.62521739
442 -538.99625000 -543.26554347 -534.72695652
443 -540.13250000 -544.43630434 -535.82869565
444 -541.26875000 -545.60706521 -536.93043478
445 -542.40500000 -546.77782608 -538.03217391
446 -543.54125000 -547.94858695 -539.13391304
447 -544.67750000 -549.11934782 -540.23565217
448 -545.81375000 -550.29010869 -541.33739130
449 -546.95000000 -551.46086956 -542.43913043
450 -548.08625000 -552.63163043 -543.54086956
451 -549.22250000 -553.80239130 -544.64260869
452 -550.35875000 -554.97315217 -545.74434782
453 -551.49500000 -556.14391304 -546.84608695
454 -552.63125000 -557.31467391 -547.94782608
455 -553.76750000 -558.48543478 -549.04956521
456 -554.90375000 -559.65619565 -550.15130434
457 -556.04000000 -560.82695652 -551.25304347
458 -557.17625000 -561.99771739 -552.35478260
459 -558.31250000 -563.16847826 -553.45652173
460 -559.44875000 -564.33923913 -554.55826086
461 -560.58500000 -565.51000000 -555.66000000
462 -561.64390109 -566.56945054 -556.71835164
463 -562.70280219 -567.62890109 -557.77670329
464 -563.76170329 -568.68835164 -558.83505494
465 -564.82060439 -569.74780219 -559.89340659
466 -565.87950549 -570.80725274 -560.95175824
467 -566.93840659 -571.86670329 -562.01010989
468 -567.99730769 -572.92615384 -563.06846153
469 -569.05620879 -573.98560439 -564.12681318
470 -570.11510989 -575.04505494 -565.18516483
471 -571.17401098 -576.10450549 -566.24351648
472 -572.23291208 -577.16395604 -567.30186813
473 -573.29181318 -578.22340659 -568.36021978
474 -574.35071428 -579.28285714 -569.41857142
475 -575.40961538 -580.34230769 -570.47692307
476 -576.46851648 -581.40175824 -571.53527472
477 -577.52741758 -582.46120879 -572.59362637
478 -578.58631868 -583.52065934 -573.65197802
479 -579.64521978 -584.58010989 -574.71032967
480 -580.70412087 -585.63956043 -575.76868131
481 -581.76302197 -586.69901098 -576.82703296
482 -582.82192307 -587.75846153 -577.88538461
483 -583.88082417 -588.81791208 -578.94373626
484 -584.93972527 -589.87736263 -580.00208791
485 -585.99862637 -590.93681318 -581.06043956
486 -587.05752747 -591.99626373 -582.11879120
487 -588.11642857 -593.05571428 -583.17714285
488 -589.17532967 -594.11516483 -584.23549450
489 -590.23423076 -595.17461538 -585.29384615
490 -591.29313186 -596.23406593 -586.35219780
491 -592.35203296 -597.29351648 -587.41054945
492 -593.41093406 -598.35296703 -588.46890109
493 -594.46983516 -599.41241758 -589.52725274
494 -595.52873626 -600.47186813 -590.58560439
495 -596.58763736 -601.53131868 -591.64395604
496 -597.64653846 -602.59076923 -592.70230769
497 -598.70543956 -603.65021978 -593.76065934
498 -599.76434065 -604.70967032 -594.81901098
499 -600.82324175 -605.76912087 -595.87736263
500 -601.88214285 -606.82857142 -596.93571428
501 -602.94104395 -607.88802197 -597.99406593
502 -603.99994505 -608.94747252 -599.05241758
503 -605.05884615 -610.00692307 -600.11076923
504 -606.11774725 -611.06637362 -601.16912087
505 -607.17664835 -612.12582417 -602.22747252
506 -608.23554945 -613.18527472 -603.28582417
507 -609.29445054 -614.24472527 -604.34417582
508 -610.35335164 -615.30417582 -605.40252747
509 -611.41225274 -616.36362637 -606.46087912
510 -612.47115384 -617.42307692 -607.51923076
511 -613.53005494 -618.48252747 -608.57758241
512 -614.58895604 -619.54197802 -609.63593406
513 -615.64785714 -620.60142857 -610.69428571
514 -616.70675824 -621.66087912 -611.75263736
515 -617.76565934 -622.72032967 -612.81098901
516 -618.82456043 -623.77978021 -613.86934065
517 -619.88346153 -624.83923076 -614.92769230
518 -620.94236263 -625.89868131 -615.98604395
519 -622.00126373 -626.95813186 -617.04439560
520 -623.06016483 -628.01758241 -618.10274725
521 -624.11906593 -629.07703296 -619.16109890
522 -625.17796703 -630.13648351 -620.21945054
523 -626.23686813 -631.19593406 -621.27780219
524 -627.29576923 -632.25538461 -622.33615384
525 -628.35467032 -633.31483516 -623.39450549
526 -629.41357142 -634.37428571 -624.45285714
527 -630.47247252 -635.43373626 -625.51120879
528 -631.53137362 -636.49318681 -626.56956043
529 -632.59027472 -637.55263736 -627.62791208
530 -633.64917582 -638.61208791 -628.68626373
531 -634.70807692 -639.67153846 -629.74461538
532 -635.76697802 -640.73098901 -630.80296703
533 -636.82587912 -641.79043956 -631.86131868
534 -637.88478021 -642.84989010 -632.91967032
535 -638.94368131 -643.90934065 -633.97802197
536 -640.00258241 -644.96879120 -635.03637362
537 -641.06148351 -646.02824175 -636.09472527
538 -642.12038461 -647.08769230 -637.15307692
539 -643.17928571 -648.14714285 -638.21142857
540 -644.23818681 -649.20659340 -639.26978021
541 -645.29708791 -650.26604395 -640.32813186
542 -646.35598901 -651.32549450 -641.38648351
543 -647.41489010 -652.38494505 -642.44483516
544 -648.47379120 -653.44439560 -643.50318681
545 -649.53269230 -654.50384615 -644.56153846
546 -650.59159340 -655.56329670 -645.61989010
547 -651.65049450 -656.62274725 -646.67824175
548 -652.70939560 -657.68219780 -647.73659340
549 -653.76829670 -658.74164835 -648.79494505
550 -654.82719780 -659.80109890 -649.85329670
551 -655.88609890 -660.86054945 -650.91164835
552 -656.94500000 -661.92000000 -651.97000000
553 -657.95054945 -662.94120879 -652.95989010
554 -658.95609890 -663.96241758 -653.94978021
555 -659.96164835 -664.98362637 -654.93967032
556 -660.96719780 -666.00483516 -655.92956043
557 -661.97274725 -667.02604395 -656.91945054
558 -662.97829670 -668.04725274 -657.90934065
559 -663.98384615 -669.06846153 -658.89923076
560 -664.98939560 -670.08967032 -659.88912087
561 -665.99494505 -671.11087912 -660.87901098
562 -667.00049450 -672.13208791 -661.86890109
563 -668.00604395 -673.15329670 -662.85879120
564 -669.01159340 -674.17450549 -663.84868131
565 -670.01714285 -675.19571428 -664.83857142
566 -671.02269230 -676.21692307 -665.82846153
567 -672.02824175 -677.23813186 -666.81835164
568 -673.03379120 -678.25934065 -667.80824175
569 -674.03934065 -679.28054945 -668.79813186
570 -675.04489010 -680.30175824 -669.78802197
571 -676.05043956 -681.32296703 -670.77791208
572 -677.05598901 -682.34417582 -671.76780219
573 -678.06153846 -683.36538461 -672.75769230
574 -679.06708791 -684.38659340 -673.74758241
575 -680.07263736 -685.40780219 -674.73747252
576 -681.07818681 -686.42901098 -675.72736263
577 -682.08373626 -687.45021978 -676.71725274
578 -683.08928571 -688.47142857 -677.70714285
579 -684.09483516 -689.49263736 -678.69703296
580 -685.10038461 -690.51384615 -679.68692307
581 -686.10593406 -691.53505494 -680.67681318
582 -687.11148351 -692.55626373 -681.66670329
583 -688.11703296 -693.57747252 -682.65659340
584 -689.12258241 -694.59868131 -683.64648351
585 -690.12813186 -695.61989010 -684.63637362
586 -691.13368131 -696.64109890 -685.62626373
587 -692.13923076 -697.66230769 -686.61615384
588 -693.14478021 -698.68351648 -687.60604395
589 -694.15032967 -699.70472527 -688.59593406
590 -695.15587912 -700.72593406 -689.58582417
591 -696.16142857 -701.74714285 -690.57571428
592 -697.16697802 -702.76835164 -691.56560439
593 -698.17252747 -703.78956043 -692.55549450
594 -699.17807692 -704.81076923 -693.54538461
595 -700.18362637 -705.83197802 -694.53527472
596 -701.18917582 -706.85318681 -695.52516483
597 -702.19472527 -707.87439560 -696.51505494
598 -703.20027472 -708.89560439 -697.50494505
599 -704.20582417 -709.91681318 -698.49483516
600 -705.21137362 -710.93802197 -699.48472527
601 -706.21692307 -711.95923076 -700.47461538
602 -707.22247252 -712.98043956 -701.46450549
603 -708.22802197 -714.00164835 -702.45439560
604 -709.23357142 -715.02285714 -703.44428571
605 -710.23912087 -716.04406593 -704.43417582
606 -711.24467032 -717.06527472 -705.42406593
607 -712.25021978 -718.08648351 -706.41395604
608 -713.25576923 -719.10769230 -707.40384615
609 -714.26131868 -720.12890109 -708.39373626
610 -715.26686813 -721.15010989 -709.38362637
611 -716.27241758 -722.17131868 -710.37351648
612 -717.27796703 -723.19252747 -711.36340659
613 -718.28351648 -724.21373626 -712.35329670
614 -719.28906593 -725.23494505 -713.34318681
615 -720.29461538 -726.25615384 -714.33307692
616 -721.30016483 -727.27736263 -715.32296703
617 -722.30571428 -728.29857142 -716.31285714
618 -723.31126373 -729.31978021 -717.30274725
619 -724.31681318 -730.34098901 -718.29263736
620 -725.32236263 -731.36219780 -719.28252747
621 -726.32791208 -732.38340659 -720.27241758
622 -727.33346153 -733.40461538 -721.26230769
623 -728.33901098 -734.42582417 -722.25219780
624 -729.34456043 -735.44703296 -723.24208791
625 -730.35010989 -736.46824175 -724.23197802
626 -731.35565934 -737.48945054 -725.22186813
627 -732.36120879 -738.51065934 -726.21175824
628 -733.36675824 -739.53186813 -727.20164835
629 -734.37230769 -740.55307692 -728.19153846
630 -735.37785714 -741.57428571 -729.18142857
631 -736.38340659 -742.59549450 -730.17131868
632 -737.38895604 -743.61670329 -731.16120879
633 -738.39450549 -744.63791208 -732.15109890
634 -739.40005494 -745.65912087 -733.14098901
635 -740.40560439 -746.68032967 -734.13087912
636 -741.41115384 -747.70153846 -735.12076923
637 -742.41670329 -748.72274725 -736.11065934
638 -743.42225274 -749.74395604 -737.10054945
639 -744.42780219 -750.76516483 -738.09043956
640 -745.43335164 -751.78637362 -739.08032967
641 -746.43890109 -752.80758241 -740.07021978
642 -747.44445054 -753.82879120 -741.06010989
643 -748.45000000 -754.85000000 -742.05000000
644 -749.41619565 -755.80608695 -743.02630434
645 -750.38239130 -756.76217391 -744.00260869
646 -751.34858695 -757.71826086 -744.97891304
647 -752.31478260 -758.67434782 -745.95521739
648 -753.28097826 -759.63043478 -746.93152173
649 -754.24717391 -760.58652173 -747.90782608
650 -755.21336956 -761.54260869 -748.88413043
651 -756.17956521 -762.49869565 -749.86043478
652 -757.14576086 -763.45478260 -750.83673913
653 -758.11195652 -764.41086956 -751.81304347
654 -759.07815217 -765.36695652 -752.78934782
655 -760.04434782 -766.32304347 -753.76565217
656 -761.01054347 -767.27913043 -754.74195652
657 -761.97673913 -768.23521739 -755.71826086
658 -762.94293478 -769.19130434 -756.69456521
659 -763.90913043 -770.14739130 -757.67086956
660 -764.87532608 -771.10347826 -758.64717391
661 -765.84152173 -772.05956521 -759.62347826
662 -766.80771739 -773.01565217 -760.59978260
663 -767.77391304 -773.97173913 -761.57608695
664 -768.74010869 -774.92782608 -762.55239130
665 -769.70630434 -775.88391304 -763.52869565
666 -770.67250000 -776.84000000 -764.50500000
667 -771.63869565 -777.79608695 -765.48130434
668 -772.60489130 -778.75217391 -766.45760869
669 -773.57108695 -779.70826086 -767.43391304
670 -774.53728260 -780.66434782 -768.41021739
671 -775.50347826 -781.62043478 -769.38652173
672 -776.46967391 -782.57652173 -770.36282608
673 -777.43586956 -783.53260869 -771.33913043
674 -778.40206521 -784.48869565 -772.31543478
675 -779.36826086 -785.44478260 -773.29173913
676 -780.33445652 -786.40086956 -774.26804347
677 -781.30065217 -787.35695652 -775.24434782
678 -782.26684782 -788.31304347 -776.22065217
679 -783.23304347 -789.26913043 -777.19695652
680 -784.19923913 -790.22521739 -778.17326086
681 -785.16543478 -791.18130434 -779.14956521
682 -786.13163043 -792.13739130 -780.12586956
683 -787.09782608 -793.09347826 -781.10217391
684 -788.06402173 -794.04956521 -782.07847826
685 -789.03021739 -795.00565217 -783.05478260
686 -789.99641304 -795.96173913 -784.03108695
687 -790.96260869 -796.91782608 -785.00739130
688 -791.92880434 -797.87391304 -785.98369565
689 -792.89500000 -798.83000000 -786.96000000
690 -793.86119565 -799.78608695 -787.93630434
691 -794.82739130 -800.74217391 -788.91260869
692 -795.79358695 -801.69826086 -789.88891304
693 -796.75978260 -802.65434782 -790.86521739
694 -797.72597826 -803.61043478 -791.84152173
695 -798.69217391 -804.56652173 -792.81782608
696 -799.65836956 -805.52260869 -793.79413043
697 -800.62456521 -806.47869565 -794.77043478
698 -801.59076086 -807.43478260 -795.74673913
699 -802.55695652 -808.39086956 -796.72304347
700 -803.52315217 -809.34695652 -797.69934782
701 -804.48934782 -810.30304347 -798.67565217
702 -805.45554347 -811.25913043 -799.65195652
703 -806.42173913 -812.21521739 -800.62826086
704 -807.38793478 -813.17130434 -801.60456521
705 -808.35413043 -814.12739130 -802.58086956
706 -809.32032608 -815.08347826 -803.55717391
707 -810.28652173 -816.03956521 -804.53347826
708 -811.25271739 -816.99565217 -805.50978260
709 -812.21891304 -817.95173913 -806.48608695
710 -813.18510869 -818.90782608 -807.46239130
711 -814.15130434 -819.86391304 -808.43869565
712 -815.11750000 -820.82000000 -809.41500000
713 -816.08369565 -821.77608695 -810.39130434
714 -817.04989130 -822.73217391 -811.36760869
715 -818.01608695 -823.68826086 -812.34391304
716 -818.98228260 -824.64434782 -813.32021739
717 -819.94847826 -825.60043478 -814.29652173
718 -820.91467391 -826.55652173 -815.27282608
719 -821.88086956 -827.51260869 -816.24913043
720 -822.84706521 -828.46869565 -817.22543478
721 -823.81326086 -829.42478260 -818.20173913
722 -824.77945652 -830.38086956 -819.17804347
723 -825.74565217 -831.33695652 -820.15434782
724 -826.71184782 -832.29304347 -821.13065217
725 -827.67804347 -833.24913043 -822.10695652
726 -828.64423913 -834.20521739 -823.08326086
727 -829.61043478 -835.16130434 -824.05956521
728 -830.57663043 -836.11739130 -825.03586956
729 -831.54282608 -837.07347826 -826.01217391
730 -832.50902173 -838.02956521 -826.98847826
731 -833.47521739 -838.98565217 -827.96478260
732 -834.44141304 -839.94173913 -828.94108695
733 -835.40760869 -840.89782608 -829.91739130
734 -836.37380434 -841.85391304 -830.89369565
735 -837.34000000 -842.81000000 -831.87000000
736 -838.20465940 -843.68907356 -832.72024523
737 -839.06931880 -844.56814713 -833.57049046
738 -839.93397820 -845.44722070 -834.42073569
739 -840.79863760 -846.32629427 -835.27098092
740 -841.66329700 -847.20536784 -836.12122615
741 -842.52795640 -848.08444141 -836.97147138
742 -843.39261580 -848.96351498 -837.82171662
743 -844.25727520 -849.84258855 -838.67196185
744 -845.12193460 -850.72166212 -839.52220708
745 -845.98659400 -851.60073569 -840.37245231
746 -846.85125340 -852.47980926 -841.22269754
747 -847.71591280 -853.35888283 -842.07294277
748 -848.58057220 -854.23795640 -842.92318801
749 -849.44523160 -855.11702997 -843.77343324
750 -850.30989100 -855.99610354 -844.62367847
751 -851.17455040 -856.87517711 -845.47392370
752 -852.03920980 -857.75425068 -846.32416893
753 -852.90386920 -858.63332425 -847.17441416
754 -853.76852861 -859.51239782 -848.02465940
755 -854.63318801 -860.39147138 -848.87490463
756 -855.49784741 -861.27054495 -849.72514986
757 -856.36250681 -862.14961852 -850.57539509
758 -857.22716621 -863.02869209 -851.42564032
759 -858.09182561 -863.90776566 -852.27588555
760 -858.95648501 -864.78683923 -853.12613079
761 -859.82114441 -865.66591280 -853.97637602
762 -860.68580381 -866.54498637 -854.82662125
763 -861.55046321 -867.42405994 -855.67686648
764 -862.41512261 -868.30313351 -856.52711171
765 -863.27978201 -869.18220708 -857.37735694
766 -864.14444141 -870.06128065 -858.22760217
767 -865.00910081 -870.94035422 -859.07784741
768 -865.87376021 -871.81942779 -859.92809264
769 -866.73841961 -872.69850136 -860.77833787
770 -867.60307901 -873.57757493 -861.62858310
771 -868.46773841 -874.45664850 -862.47882833
772 -869.33239782 -875.33572207 -863.32907356
773 -870.19705722 -876.21479564 -864.17931880
774 -871.06171662 -877.09386920 -865.02956403
775 -871.92637602 -877.97294277 -865.87980926
776 -872.79103542 -878.85201634 -866.73005449
777 -873.65569482 -879.73108991 -867.58029972
778 -874.52035422 -880.61016348 -868.43054495
779 -875.38501362 -881.48923705 -869.28079019
780 -876.24967302 -882.36831062 -870.13103542
781 -877.11433242 -883.24738419 -870.98128065
782 -877.97899182 -884.12645776 -871.83152588
783 -878.84365122 -885.00553133 -872.68177111
784 -879.70831062 -885.88460490 -873.53201634
785 -880.57297002 -886.76367847 -874.38226158
786 -881.43762942 -887.64275204 -875.23250681
787 -882.30228882 -888.52182561 -876.08275204
788 -883.16694822 -889.40089918 -876.93299727
789 -884.03160762 -890.27997275 -877.78324250
790 -884.89626703 -891.15904632 -878.63348773
791 -885.76092643 -892.03811989 -879.48373297
792 -886.62558583 -892.91719346 -880.33397820
793 -887.49024523 -893.79626703 -881.18422343
794 -888.35490463 -894.67534059 -882.03446866
795 -889.21956403 -895.55441416 -882.88471389
796 -890.08422343 -896.43348773 -883.73495912
797 -890.94888283 -897.31256130 -884.58520435
798 -891.81354223 -898.19163487 -885.43544959
799 -892.67820163 -899.07070844 -886.28569482
800 -893.54286103 -899.94978201 -887.13594005
801 -894.40752043 -900.82885558 -887.98618528
802 -895.27217983 -901.70792915 -888.83643051
803 -896.13683923 -902.58700272 -889.68667574
804 -897.00149863 -903.46607629 -890.53692098
805 -897.86615803 -904.34514986 -891.38716621
806 -898.73081743 -905.22422343 -892.23741144
807 -899.59547683 -906.10329700 -893.08765667
808 -900.46013623 -906.98237057 -893.93790190
809 -901.32479564 -907.86144414 -894.78814713
810 -902.18945504 -908.74051771 -895.63839237
811 -903.05411444 -909.61959128 -896.48863760
812 -903.91877384 -910.49866485 -897.33888283
813 -904.78343324 -911.37773841 -898.18912806
814 -905.64809264 -912.25681198 -899.03937329
815 -906.51275204 -913.13588555 -899.88961852
816 -907.37741144 -914.01495912 -900.73986376
817 -908.24207084 -914.89403269 -901.59010899
818 -909.10673024 -915.77310626 -902.44035422
819 -909.97138964 -916.65217983 -903.29059945
820 -910.83604904 -917.53125340 -904.14084468
821 -911.70070844 -918.41032697 -904.99108991
822 -912.56536784 -919.28940054 -905.84133514
823 -913.43002724 -920.16847411 -906.69158038
824 -914.29468664 -921.04754768 -907.54182561
825 -915.15934604 -921.92662125 -908.39207084
826 -916.02400544 -922.80569482 -909.24231607
827 -916.88866485 -923.68476839 -910.09256130
828 -917.75332425 -924.56384196 -910.94280653
829 -918.61798365 -925.44291553 -911.79305177
830 -919.48264305 -926.32198910 -912.64329700
831 -920.34730245 -927.20106267 -913.49354223
832 -921.21196185 -928.08013623 -914.34378746
833 -922.07662125 -928.95920980 -915.19403269
834 -922.94128065 -929.83828337 -916.04427792
835 -923.80594005 -930.71735694 -916.89452316
836 -924.67059945 -931.59643051 -917.74476839
837 -925.53525885 -932.47550408 -918.59501362
838 -926.39991825 -933.35457765 -919.44525885
839 -927.26457765 -934.23365122 -920.29550408
840 -928.12923705 -935.11272479 -921.14574931
841 -928.99389645 -935.99179836 -921.99599455
842 -929.85855585 -936.87087193 -922.84623978
843 -930.72321525 -937.74994550 -923.69648501
844 -931.58787465 -938.62901907 -924.54673024
845 -932.45253405 -939.50809264 -925.39697547
846 -933.31719346 -940.38716621 -926.24722070
847 -934.18185286 -941.26623978 -927.09746594
848 -935.04651226 -942.14531335 -927.94771117
849 -935.91117166 -943.02438692 -928.79795640
850 -936.77583106 -943.90346049 -929.64820163
851 -937.64049046 -944.78253405 -930.49844686
852 -938.50514986 -945.66160762 -931.34869209
853 -939.36980926 -946.54068119 -932.19893732
854 -940.23446866 -947.41975476 -933.04918256
855 -941.09912806 -948.29882833 -933.89942779
856 -941.96378746 -949.17790190 -934.74967302
857 -942.82844686 -950.05697547 -935.59991825
858 -943.69310626 -950.93604904 -936.45016348
859 -944.55776566 -951.81512261 -937.30040871
860 -945.42242506 -952.69419618 -938.15065395
861 -946.28708446 -953.57326975 -939.00089918
862 -947.15174386 -954.45234332 -939.85114441
863 -948.01640326 -955.33141689 -940.70138964
864 -948.88106267 -956.21049046 -941.55163487
865 -949.74572207 -957.08956403 -942.40188010
866 -950.61038147 -957.96863760 -943.25212534
867 -951.47504087 -958.84771117 -944.10237057
868 -952.33970027 -959.72678474 -944.95261580
869 -953.20435967 -960.60585831 -945.80286103
870 -954.06901907 -961.48493188 -946.65310626
871 -954.93367847 -962.36400544 -947.50335149
872 -955.79833787 -963.24307901 -948.35359673
873 -956.66299727 -964.12215258 -949.20384196
874 -957.52765667 -965.00122615 -950.05408719
875 -958.39231607 -965.88029972 -950.90433242
876 -959.25697547 -966.75937329 -951.75457765
877 -960.12163487 -967.63844686 -952.60482288
878 -960.98629427 -968.51752043 -953.45506811
879 -961.85095367 -969.39659400 -954.30531335
880 -962.71561307 -970.27566757 -955.15555858
881 -963.58027247 -971.15474114 -956.00580381
882 -964.44493188 -972.03381471 -956.85604904
883 -965.30959128 -972.91288828 -957.70629427
884 -966.17425068 -973.79196185 -958.55653950
885 -967.03891008 -974.67103542 -959.40678474
886 -967.90356948 -975.55010899 -960.25702997
887 -968.76822888 -976.42918256 -961.10727520
888 -969.63288828 -977.30825613 -961.95752043
889 -970.49754768 -978.18732970 -962.80776566
890 -971.36220708 -979.06640326 -963.65801089
891 -972.22686648 -979.94547683 -964.50825613
892 -973.09152588 -980.82455040 -965.35850136
893 -973.95618528 -981.70362397 -966.20874659
894 -974.82084468 -982.58269754 -967.05899182
895 -975.68550408 -983.46177111 -967.90923705
896 -976.55016348 -984.34084468 -968.75948228
897 -977.41482288 -985.21991825 -969.60972752
898 -978.27948228 -986.09899182 -970.45997275
899 -979.14414168 -986.97806539 -971.31021798
900 -980.00880108 -987.85713896 -972.16046321
901 -980.87346049 -988.73621253 -973.01070844
902 -981.73811989 -989.61528610 -973.86095367
903 -982.60277929 -990.49435967 -974.71119891
904 -983.46743869 -991.37343324 -975.56144414
905 -984.33209809 -992.25250681 -976.41168937
906 -985.19675749 -993.13158038 -977.26193460
907 -986.06141689 -994.01065395 -978.11217983
908 -986.92607629 -994.88972752 -978.96242506
909 -987.79073569 -995.76880108 -979.81267029
910 -988.65539509 -996.64787465 -980.66291553
911 -989.52005449 -997.52694822 -981.51316076
912 -990.38471389 -998.40602179 -982.36340599
913 -991.24937329 -999.28509536 -983.21365122
914 -992.11403269 -1000.16416893 -984.06389645
915 -992.97869209 -1001.04324250 -984.91414168
916 -993.84335149 -1001.92231607 -985.76438692
917 -994.70801089 -1002.80138964 -986.61463215
918 -995.57267029 -1003.68046321 -987.46487738
919 -996.43732970 -1004.55953678 -988.31512261
920 -997.30198910 -1005.43861035 -989.16536784
921 -998.16664850 -1006.31768392 -990.01561307
922 -999.03130790 -1007.19675749 -990.86585831
923 -999.89596730 -1008.07583106 -991.71610354
924 -1000.76062670 -1008.95490463 -992.56634877
925 -1001.62528610 -1009.83397820 -993.41659400
926 -1002.48994550 -1010.71305177 -994.26683923
927 -1003.35460490 -1011.59212534 -995.11708446
928 -1004.21926430 -1012.47119891 -995.96732970
929 -1005.08392370 -1013.35027247 -996.81757493
930 -1005.94858310 -1014.22934604 -997.66782016
931 -1006.81324250 -1015.10841961 -998.51806539
932 -1007.67790190 -1015.98749318 -999.36831062
933 -1008.54256130 -1016.86656675 -1000.21855585
934 -1009.40722070 -1017.74564032 -1001.06880108
935 -1010.27188010 -1018.62471389 -1001.91904632
936 -1011.13653950 -1019.50378746 -1002.76929155
937 -1012.00119891 -1020.38286103 -1003.61953678
938 -1012.86585831 -1021.26193460 -1004.46978201
939 -1013.73051771 -1022.14100817 -1005.32002724
940 -1014.59517711 -1023.02008174 -1006.17027247
941 -1015.45983651 -1023.89915531 -1007.02051771
942 -1016.32449591 -1024.77822888 -1007.87076294
943 -1017.18915531 -1025.65730245 -1008.72100817
944 -1018.05381471 -1026.53637602 -1009.57125340
945 -1018.91847411 -1027.41544959 -1010.42149863
946 -1019.78313351 -1028.29452316 -1011.27174386
947 -1020.64779291 -1029.17359673 -1012.12198910
948 -1021.51245231 -1030.05267029 -1012.97223433
949 -1022.37711171 -1030.93174386 -1013.82247956
950 -1023.24177111 -1031.81081743 -1014.67272479
951 -1024.10643051 -1032.68989100 -1015.52297002
952 -1024.97108991 -1033.56896457 -1016.37321525
953 -1025.83574931 -1034.44803814 -1017.22346049
954 -1026.70040871 -1035.32711171 -1018.07370572
955 -1027.56506811 -1036.20618528 -1018.92395095
956 -1028.42972752 -1037.08525885 -1019.77419618
957 -1029.29438692 -1037.96433242 -1020.62444141
958 -1030.15904632 -1038.84340599 -1021.47468664
959 -1031.02370572 -1039.72247956 -1022.32493188
960 -1031.88836512 -1040.60155313 -1023.17517711
961 -1032.75302452 -1041.48062670 -1024.02542234
962 -1033.61768392 -1042.35970027 -1024.87566757
963 -1034.48234332 -1043.23877384 -1025.72591280
964 -1035.34700272 -1044.11784741 -1026.57615803
965 -1036.21166212 -1044.99692098 -1027.42640326
966 -1037.07632152 -1045.87599455 -1028.27664850
967 -1037.94098092 -1046.75506811 -1029.12689373
968 -1038.80564032 -1047.63414168 -1029.97713896
969 -1039.67029972 -1048.51321525 -1030.82738419
970 -1040.53495912 -1049.39228882 -1031.67762942
971 -1041.39961852 -1050.27136239 -1032.52787465
972 -1042.26427792 -1051.15043596 -1033.37811989
973 -1043.12893732 -1052.02950953 -1034.22836512
974 -1043.99359673 -1052.90858310 -1035.07861035
975 -1044.85825613 -1053.78765667 -1035.92885558
976 -1045.72291553 -1054.66673024 -1036.77910081
977 -1046.58757493 -1055.54580381 -1037.62934604
978 -1047.45223433 -1056.42487738 -1038.47959128
979 -1048.31689373 -1057.30395095 -1039.32983651
980 -1049.18155313 -1058.18302452 -1040.18008174
981 -1050.04621253 -1059.06209809 -1041.03032697
982 -1050.91087193 -1059.94117166 -1041.88057220
983 -1051.77553133 -1060.82024523 -1042.73081743
984 -1052.64019073 -1061.69931880 -1043.58106267
985 -1053.50485013 -1062.57839237 -1044.43130790
986 -1054.36950953 -1063.45746594 -1045.28155313
987 -1055.23416893 -1064.33653950 -1046.13179836
988 -1056.09882833 -1065.21561307 -1046.98204359
989 -1056.96348773 -1066.09468664 -1047.83228882
990 -1057.82814713 -1066.97376021 -1048.68253405
991 -1058.69280653 -1067.85283378 -1049.53277929
992 -1059.55746594 -1068.73190735 -1050.38302452
993 -1060.42212534 -1069.61098092 -1051.23326975
994 -1061.28678474 -1070.49005449 -1052.08351498
995 -1062.15144414 -1071.36912806 -1052.93376021
996 -1063.01610354 -1072.24820163 -1053.78400544
997 -1063.88076294 -1073.12727520 -1054.63425068
998 -1064.74542234 -1074.00634877 -1055.48449591
999 -1065.61008174 -1074.88542234 -1056.33474114
1000 -1066.47474114 -1075.76449591 -1057.18498637
1001 -1067.33940054 -1076.64356948 -1058.03523160
1002 -1068.20405994 -1077.52264305 -1058.88547683
1003 -1069.06871934 -1078.40171662 -1059.73572207
1004 -1069.93337874 -1079.28079019 -1060.58596730
1005 -1070.79803814 -1080.15986376 -1061.43621253
1006 -1071.66269754 -1081.03893732 -1062.28645776
1007 -1072.52735694 -1081.91801089 -1063.13670299
1008 -1073.39201634 -1082.79708446 -1063.98694822
1009 -1074.25667574 -1083.67615803 -1064.83719346
1010 -1075.12133514 -1084.55523160 -1065.68743869
1011 -1075.98599455 -1085.43430517 -1066.53768392
1012 -1076.85065395 -1086.31337874 -1067.38792915
1013 -1077.71531335 -1087.19245231 -1068.23817438
1014 -1078.57997275 -1088.07152588 -1069.08841961
1015 -1079.44463215 -1088.95059945 -1069.93866485
1016 -1080.30929155 -1089.82967302 -1070.78891008
1017 -1081.17395095 -1090.70874659 -1071.63915531
1018 -1082.03861035 -1091.58782016 -1072.48940054
1019 -1082.90326975 -1092.46689373 -1073.33964577
1020 -1083.76792915 -1093.34596730 -1074.18989100
1021 -1084.63258855 -1094.22504087 -1075.04013623
1022 -1085.49724795 -1095.10411444 -1075.89038147
1023 -1086.36190735 -1095.98318801 -1076.74062670
1024 -1087.22656675 -1096.86226158 -1077.59087193
1025 -1088.09122615 -1097.74133514 -1078.44111716
1026 -1088.95588555 -1098.62040871 -1079.29136239
1027 -1089.82054495 -1099.49948228 -1080.14160762
1028 -1090.68520435 -1100.37855585 -1080.99185286
1029 -1091.54986376 -1101.25762942 -1081.84209809
1030 -1092.41452316 -1102.13670299 -1082.69234332
1031 -1093.27918256 -1103.01577656 -1083.54258855
1032 -1094.14384196 -1103.89485013 -1084.39283378
1033 -1095.00850136 -1104.77392370 -1085.24307901
1034 -1095.87316076 -1105.65299727 -1086.09332425
1035 -1096.73782016 -1106.53207084 -1086.94356948
1036 -1097.60247956 -1107.41114441 -1087.79381471
1037 -1098.46713896 -1108.29021798 -1088.64405994
1038 -1099.33179836 -1109.16929155 -1089.49430517
1039 -1100.19645776 -1110.04836512 -1090.34455040
1040 -1101.06111716 -1110.92743869 -1091.19479564
1041 -1101.92577656 -1111.80651226 -1092.04504087
1042 -1102.79043596 -1112.68558583 -1092.89528610
1043 -1103.65509536 -1113.56465940 -1093.74553133
1044 -1104.51975476 -1114.44373297 -1094.59577656
1045 -1105.38441416 -1115.32280653 -1095.44602179
1046 -1106.24907356 -1116.20188010 -1096.29626703
1047 -1107.11373297 -1117.08095367 -1097.14651226
1048 -1107.97839237 -1117.96002724 -1097.99675749
1049 -1108.84305177 -1118.83910081 -1098.84700272
1050 -1109.70771117 -1119.71817438 -1099.69724795
1051 -1110.57237057 -1120.59724795 -1100.54749318
1052 -1111.43702997 -1121.47632152 -1101.39773841
1053 -1112.30168937 -1122.35539509 -1102.24798365
1054 -1113.16634877 -1123.23446866 -1103.09822888
1055 -1114.03100817 -1124.11354223 -1103.94847411
1056 -1114.89566757 -1124.99261580 -1104.79871934
1057 -1115.76032697 -1125.87168937 -1105.64896457
1058 -1116.62498637 -1126.75076294 -1106.49920980
1059 -1117.48964577 -1127.62983651 -1107.34945504
1060 -1118.35430517 -1128.50891008 -1108.19970027
1061 -1119.21896457 -1129.38798365 -1109.04994550
1062 -1120.08362397 -1130.26705722 -1109.90019073
1063 -1120.94828337 -1131.14613079 -1110.75043596
1064 -1121.81294277 -1132.02520435 -1111.60068119
1065 -1122.67760217 -1132.90427792 -1112.45092643
1066 -1123.54226158 -1133.78335149 -1113.30117166
1067 -1124.40692098 -1134.66242506 -1114.15141689
1068 -1125.27158038 -1135.54149863 -1115.00166212
1069 -1126.13623978 -1136.42057220 -1115.85190735
1070 -1127.00089918 -1137.29964577 -1116.70215258
1071 -1127.86555858 -1138.17871934 -1117.55239782
1072 -1128.73021798 -1139.05779291 -1118.40264305
1073 -1129.59487738 -1139.93686648 -1119.25288828
1074 -1130.45953678 -1140.81594005 -1120.10313351
1075 -1131.32419618 -1141.69501362 -1120.95337874
1076 -1132.18885558 -1142.57408719 -1121.80362397
1077 -1133.05351498 -1143.45316076 -1122.65386920
1078 -1133.91817438 -1144.33223433 -1123.50411444
1079 -1134.78283378 -1145.21130790 -1124.35435967
1080 -1135.64749318 -1146.09038147 -1125.20460490
1081 -1136.51215258 -1146.96945504 -1126.05485013
1082 -1137.37681198 -1147.84852861 -1126.90509536
1083 -1138.24147138 -1148.72760217 -1127.75534059
1084 -1139.10613079 -1149.60667574 -1128.60558583
1085 -1139.97079019 -1150.48574931 -1129.45583106
1086 -1140.83544959 -1151.36482288 -1130.30607629
1087 -1141.70010899 -1152.24389645 -1131.15632152
1088 -1142.56476839 -1153.12297002 -1132.00656675
1089 -1143.42942779 -1154.00204359 -1132.85681198
1090 -1144.29408719 -1154.88111716 -1133.70705722
1091 -1145.15874659 -1155.76019073 -1134.55730245
1092 -1146.02340599 -1156.63926430 -1135.40754768
1093 -1146.88806539 -1157.51833787 -1136.25779291
1094 -1147.75272479 -1158.39741144 -1137.10803814
1095 -1148.61738419 -1159.27648501 -1137.95828337
1096 -1149.48204359 -1160.15555858 -1138.80852861
1097 -1150.34670299 -1161.03463215 -1139.65877384
1098 -1151.21136239 -1161.91370572 -1140.50901907
1099 -1152.07602179 -1162.79277929 -1141.35926430
1100 -1152.94068119 -1163.67185286 -1142.20950953
1101 -1153.80534059 -1164.55092643 -1143.05975476
1102 -1154.67000000 -1165.43000000 -1143.91000000
1103 -1155.44689560 -1166.19714285 -1144.69664835
1104 -1156.22379120 -1166.96428571 -1145.48329670
1105 -1157.00068681 -1167.73142857 -1146.26994505
1106 -1157.77758241 -1168.49857142 -1147.05659340
1107 -1158.55447802 -1169.26571428 -1147.84324175
1108 -1159.33137362 -1170.03285714 -1148.62989010
1109 -1160.10826923 -1170.80000000 -1149.41653846
1110 -1160.88516483 -1171.56714285 -1150.20318681
1111 -1161.66206043 -1172.33428571 -1150.98983516
1112 -1162.43895604 -1173.10142857 -1151.77648351
1113 -1163.21585164 -1173.86857142 -1152.56313186
1114 -1163.99274725 -1174.63571428 -1153.34978021
1115 -1164.76964285 -1175.40285714 -1154.13642857
1116 -1165.54653846 -1176.17000000 -1154.92307692
1117 -1166.32343406 -1176.93714285 -1155.70972527
1118 -1167.10032967 -1177.70428571 -1156.49637362
1119 -1167.87722527 -1178.47142857 -1157.28302197
1120 -1168.65412087 -1179.23857142 -1158.06967032
1121 -1169.43101648 -1180.00571428 -1158.85631868
1122 -1170.20791208 -1180.77285714 -1159.64296703
1123 -1170.98480769 -1181.54000000 -1160.42961538
1124 -1171.76170329 -1182.30714285 -1161.21626373
1125 -1172.53859890 -1183.07428571 -1162.00291208
1126 -1173.31549450 -1183.84142857 -1162.78956043
1127 -1174.09239010 -1184.60857142 -1163.57620879
1128 -1174.86928571 -1185.37571428 -1164.36285714
1129 -1175.64618131 -1186.14285714 -1165.14950549
1130 -1176.42307692 -1186.91000000 -1165.93615384
1131 -1177.19997252 -1187.67714285 -1166.72280219
1132 -1177.97686813 -1188.44428571 -1167.50945054
1133 -1178.75376373 -1189.21142857 -1168.29609890
1134 -1179.53065934 -1189.97857142 -1169.08274725
1135 -1180.30755494 -1190.74571428 -1169.86939560
1136 -1181.08445054 -1191.51285714 -1170.65604395
1137 -1181.86134615 -1192.28000000 -1171.44269230
1138 -1182.63824175 -1193.04714285 -1172.22934065
1139 -1183.41513736 -1193.81428571 -1173.01598901
1140 -1184.19203296 -1194.58142857 -1173.80263736
1141 -1184.96892857 -1195.34857142 -1174.58928571
1142 -1185.74582417 -1196.11571428 -1175.37593406
1143 -1186.52271978 -1196.88285714 -1176.16258241
1144 -1187.29961538 -1197.65000000 -1176.94923076
1145 -1188.07651098 -1198.41714285 -1177.73587912
1146 -1188.85340659 -1199.18428571 -1178.52252747
1147 -1189.63030219 -1199.95142857 -1179.30917582
1148 -1190.40719780 -1200.71857142 -1180.09582417
1149 -1191.18409340 -1201.48571428 -1180.88247252
1150 -1191.96098901 -1202.25285714 -1181.66912087
1151 -1192.73788461 -1203.02000000 -1182.45576923
1152 -1193.51478021 -1203.78714285 -1183.24241758
1153 -1194.29167582 -1204.55428571 -1184.02906593
1154 -1195.06857142 -1205.32142857 -1184.81571428
1155 -1195.84546703 -1206.08857142 -1185.60236263
1156 -1196.62236263 -1206.85571428 -1186.38901098
1157 -1197.39925824 -1207.62285714 -1187.17565934
1158 -1198.17615384 -1208.39000000 -1187.96230769
1159 -1198.95304945 -1209.15714285 -1188.74895604
1160 -1199.72994505 -1209.92428571 -1189.53560439
1161 -1200.50684065 -1210.69142857 -1190.32225274
1162 -1201.28373626 -1211.45857142 -1191.10890109
1163 -1202.06063186 -1212.22571428 -1191.89554945
1164 -1202.83752747 -1212.99285714 -1192.68219780
1165 -1203.61442307 -1213.76000000 -1193.46884615
1166 -1204.39131868 -1214.52714285 -1194.25549450
1167 -1205.16821428 -1215.29428571 -1195.04214285
1168 -1205.94510989 -1216.06142857 -1195.82879120
1169 -1206.72200549 -1216.82857142 -1196.61543956
1170 -1207.49890109 -1217.59571428 -1197.40208791
1171 -1208.27579670 -1218.36285714 -1198.18873626
1172 -1209.05269230 -1219.13000000 -1198.97538461
1173 -1209.82958791 -1219.89714285 -1199.76203296
1174 -1210.60648351 -1220.66428571 -1200.54868131
1175 -1211.38337912 -1221.43142857 -1201.33532967
1176 -1212.16027472 -1222.19857142 -1202.12197802
1177 -1212.93717032 -1222.96571428 -1202.90862637
1178 -1213.71406593 -1223.73285714 -1203.69527472
1179 -1214.49096153 -1224.50000000 -1204.48192307
1180 -1215.26785714 -1225.26714285 -1205.26857142
1181 -1216.04475274 -1226.03428571 -1206.05521978
1182 -1216.82164835 -1226.80142857 -1206.84186813
1183 -1217.59854395 -1227.56857142 -1207.62851648
1184 -1218.37543956 -1228.33571428 -1208.41516483
1185 -1219.15233516 -1229.10285714 -1209.20181318
1186 -1219.92923076 -1229.87000000 -1209.98846153
1187 -1220.70612637 -1230.63714285 -1210.77510989
1188 -1221.48302197 -1231.40428571 -1211.56175824
1189 -1222.25991758 -1232.17142857 -1212.34840659
1190 -1223.03681318 -1232.93857142 -1213.13505494
1191 -1223.81370879 -1233.70571428 -1213.92170329
1192 -1224.59060439 -1234.47285714 -1214.70835164
1193 -1225.36750000 -1235.24000000 -1215.49500000
1194 -1226.14439560 -1236.00714285 -1216.28164835
1195 -1226.92129120 -1236.77428571 -1217.06829670
1196 -1227.69818681 -1237.54142857 -1217.85494505
1197 -1228.47508241 -1238.30857142 -1218.64159340
1198 -1229.25197802 -1239.07571428 -1219.42824175
1199 -1230.02887362 -1239.84285714 -1220.21489010
1200 -1230.80576923 -1240.61000000 -1221.00153846
1201 -1231.58266483 -1241.37714285 -1221.78818681
1202 -1232.35956043 -1242.14428571 -1222.57483516
1203 -1233.13645604 -1242.91142857 -1223.36148351
1204 -1233.91335164 -1243.67857142 -1224.14813186
1205 -1234.69024725 -1244.44571428 -1224.93478021
1206 -1235.46714285 -1245.21285714 -1225.72142857
1207 -1236.24403846 -1245.98000000 -1226.50807692
1208 -1237.02093406 -1246.74714285 -1227.29472527
1209 -1237.79782967 -1247.51428571 -1228.08137362
1210 -1238.57472527 -1248.28142857 -1228.86802197
1211 -1239.35162087 -1249.04857142 -1229.65467032
1212 -1240.12851648 -1249.81571428 -1230.44131868
1213 -1240.90541208 -1250.58285714 -1231.22796703
1214 -1241.68230769 -1251.35000000 -1232.01461538
1215 -1242.45920329 -1252.11714285 -1232.80126373
1216 -1243.23609890 -1252.88428571 -1233.58791208
1217 -1244.01299450 -1253.65142857 -1234.37456043
1218 -1244.78989010 -1254.41857142 -1235.16120879
1219 -1245.56678571 -1255.18571428 -1235.94785714
1220 -1246.34368131 -1255.95285714 -1236.73450549
1221 -1247.12057692 -1256.72000000 -1237.52115384
1222 -1247.89747252 -1257.48714285 -1238.30780219
1223 -1248.67436813 -1258.25428571 -1239.09445054
1224 -1249.45126373 -1259.02142857 -1239.88109890
1225 -1250.22815934 -1259.78857142 -1240.66774725
1226 -1251.00505494 -1260.55571428 -1241.45439560
1227 -1251.78195054 -1261.32285714 -1242.24104395
1228 -1252.55884615 -1262.09000000 -1243.02769230
1229 -1253.33574175 -1262.85714285 -1243.81434065
1230 -1254.11263736 -1263.62428571 -1244.60098901
1231 -1254.88953296 -1264.39142857 -1245.38763736
1232 -1255.66642857 -1265.15857142 -1246.17428571
1233 -1256.44332417 -1265.92571428 -1246.96093406
1234 -1257.22021978 -1266.69285714 -1247.74758241
1235 -1257.99711538 -1267.46000000 -1248.53423076
1236 -1258.77401098 -1268.22714285 -1249.32087912
1237 -1259.55090659 -1268.99428571 -1250.10752747
1238 -1260.32780219 -1269.76142857 -1250.89417582
1239 -1261.10469780 -1270.52857142 -1251.68082417
1240 -1261.88159340 -1271.29571428 -1252.46747252
1241 -1262.65848901 -1272.06285714 -1253.25412087
1242 -1263.43538461 -1272.83000000 -1254.04076923
1243 -1264.21228021 -1273.59714285 -1254.82741758
1244 -1264.98917582 -1274.36428571 -1255.61406593
1245 -1265.76607142 -1275.13142857 -1256.40071428
1246 -1266.54296703 -1275.89857142 -1257.18736263
1247 -1267.31986263 -1276.66571428 -1257.97401098
1248 -1268.09675824 -1277.43285714 -1258.76065934
1249 -1268.87365384 -1278.20000000 -1259.54730769
1250 -1269.65054945 -1278.96714285 -1260.33395604
1251 -1270.42744505 -1279.73428571 -1261.12060439
1252 -1271.20434065 -1280.50142857 -1261.90725274
1253 -1271.98123626 -1281.26857142 -1262.69390109
1254 -1272.75813186 -1282.03571428 -1263.48054945
1255 -1273.53502747 -1282.80285714 -1264.26719780
1256 -1274.31192307 -1283.57000000 -1265.05384615
1257 -1275.08881868 -1284.33714285 -1265.84049450
1258 -1275.86571428 -1285.10428571 -1266.62714285
1259 -1276.64260989 -1285.87142857 -1267.41379120
1260 -1277.41950549 -1286.63857142 -1268.20043956
1261 -1278.19640109 -1287.40571428 -1268.98708791
1262 -1278.97329670 -1288.17285714 -1269.77373626
1263 -1279.75019230 -1288.94000000 -1270.56038461
1264 -1280.52708791 -1289.70714285 -1271.34703296
1265 -1281.30398351 -1290.47428571 -1272.13368131
1266 -1282.08087912 -1291.24142857 -1272.92032967
1267 -1282.85777472 -1292.00857142 -1273.70697802
1268 -1283.63467032 -1292.77571428 -1274.49362637
1269 -1284.41156593 -1293.54285714 -1275.28027472
1270 -1285.18846153 -1294.31000000 -1276.06692307
1271 -1285.96535714 -1295.07714285 -1276.85357142
1272 -1286.74225274 -1295.84428571 -1277.64021978
1273 -1287.51914835 -1296.61142857 -1278.42686813
1274 -1288.29604395 -1297.37857142 -1279.21351648
1275 -1289.07293956 -1298.14571428 -1280.00016483
1276 -1289.84983516 -1298.91285714 -1280.78681318
1277 -1290.62673076 -1299.68000000 -1281.57346153
1278 -1291.40362637 -1300.44714285 -1282.36010989
1279 -1292.18052197 -1301.21428571 -1283.14675824
1280 -1292.95741758 -1301.98142857 -1283.93340659
1281 -1293.73431318 -1302.74857142 -1284.72005494
1282 -1294.51120879 -1303.51571428 -1285.50670329
1283 -1295.28810439 -1304.28285714 -1286.29335164
1284 -1296.06500000 -1305.05000000 -1287.08000000
1285 -1296.84189560 -1305.81714285 -1287.86664835
1286 -1297.61879120 -1306.58428571 -1288.65329670
1287 -1298.39568681 -1307.35142857 -1289.43994505
1288 -1299.17258241 -1308.11857142 -1290.22659340
1289 -1299.94947802 -1308.88571428 -1291.01324175
1290 -1300.72637362 -1309.65285714 -1291.79989010
1291 -1301.50326923 -1310.42000000 -1292.58653846
1292 -1302.28016483 -1311.18714285 -1293.37318681
1293 -1303.05706043 -1311.95428571 -1294.15983516
1294 -1303.83395604 -1312.72142857 -1294.94648351
1295 -1304.61085164 -1313.48857142 -1295.73313186
1296 -1305.38774725 -1314.25571428 -1296.51978021
1297 -1306.16464285 -1315.02285714 -1297.30642857
1298 -1306.94153846 -1315.79000000 -1298.09307692
1299 -1307.71843406 -1316.55714285 -1298.87972527
1300 -1308.49532967 -1317.32428571 -1299.66637362
1301 -1309.27222527 -1318.09142857 -1300.45302197
1302 -1310.04912087 -1318.85857142 -1301.23967032
1303 -1310.82601648 -1319.62571428 -1302.02631868
1304 -1311.60291208 -1320.39285714 -1302.81296703
1305 -1312.37980769 -1321.16000000 -1303.59961538
1306 -1313.15670329 -1321.92714285 -1304.38626373
1307 -1313.93359890 -1322.69428571 -1305.17291208
1308 -1314.71049450 -1323.46142857 -1305.95956043
1309 -1315.48739010 -1324.22857142 -1306.74620879
1310 -1316.26428571 -1324.99571428 -1307.53285714
1311 -1317.04118131 -1325.76285714 -1308.31950549
1312 -1317.81807692 -1326.53000000 -1309.10615384
1313 -1318.59497252 -1327.29714285 -1309.89280219
1314 -1319.37186813 -1328.06428571 -1310.67945054
1315 -1320.14876373 -1328.83142857 -1311.46609890
1316 -1320.92565934 -1329.59857142 -1312.25274725
1317 -1321.70255494 -1330.36571428 -1313.03939560
1318 -1322.47945054 -1331.13285714 -1313.82604395
1319 -1323.25634615 -1331.90000000 -1314.61269230
1320 -1324.03324175 -1332.66714285 -1315.39934065
1321 -1324.81013736 -1333.43428571 -1316.18598901
1322 -1325.58703296 -1334.20142857 -1316.97263736
1323 -1326.36392857 -1334.96857142 -1317.75928571
1324 -1327.14082417 -1335.73571428 -1318.54593406
1325 -1327.91771978 -1336.50285714 -1319.33258241
1326 -1328.69461538 -1337.27000000 -1320.11923076
1327 -1329.47151098 -1338.03714285 -1320.90587912
1328 -1330.24840659 -1338.80428571 -1321.69252747
1329 -1331.02530219 -1339.57142857 -1322.47917582
1330 -1331.80219780 -1340.33857142 -1323.26582417
1331 -1332.57909340 -1341.10571428 -1324.05247252
1332 -1333.35598901 -1341.87285714 -1324.83912087
1333 -1334.13288461 -1342.64000000 -1325.62576923
1334 -1334.90978021 -1343.40714285 -1326.41241758
1335 -1335.68667582 -1344.17428571 -1327.19906593
1336 -1336.46357142 -1344.94142857 -1327.98571428
1337 -1337.24046703 -1345.70857142 -1328.77236263
1338 -1338.01736263 -1346.47571428 -1329.55901098
1339 -1338.79425824 -1347.24285714 -1330.34565934
1340 -1339.57115384 -1348.01000000 -1331.13230769
1341 -1340.34804945 -1348.77714285 -1331.91895604
1342 -1341.12494505 -1349.54428571 -1332.70560439
1343 -1341.90184065 -1350.31142857 -1333.49225274
1344 -1342.67873626 -1351.07857142 -1334.27890109
1345 -1343.45563186 -1351.84571428 -1335.06554945
1346 -1344.23252747 -1352.61285714 -1335.85219780
1347 -1345.00942307 -1353.38000000 -1336.63884615
1348 -1345.78631868 -1354.14714285 -1337.42549450
1349 -1346.56321428 -1354.91428571 -1338.21214285
1350 -1347.34010989 -1355.68142857 -1338.99879120
1351 -1348.11700549 -1356.44857142 -1339.78543956
1352 -1348.89390109 -1357.21571428 -1340.57208791
1353 -1349.67079670 -1357.98285714 -1341.35873626
1354 -1350.44769230 -1358.75000000 -1342.14538461
1355 -1351.22458791 -1359.51714285 -1342.93203296
1356 -1352.00148351 -1360.28428571 -1343.71868131
1357 -1352.77837912 -1361.05142857 -1344.50532967
1358 -1353.55527472 -1361.81857142 -1345.29197802
1359 -1354.33217032 -1362.58571428 -1346.07862637
1360 -1355.10906593 -1363.35285714 -1346.86527472
1361 -1355.88596153 -1364.12000000 -1347.65192307
1362 -1356.66285714 -1364.88714285 -1348.43857142
1363 -1357.43975274 -1365.65428571 -1349.22521978
1364 -1358.21664835 -1366.42142857 -1350.01186813
1365 -1358.99354395 -1367.18857142 -1350.79851648
1366 -1359.77043956 -1367.95571428 -1351.58516483
1367 -1360.54733516 -1368.72285714 -1352.37181318
1368 -1361.32423076 -1369.49000000 -1353.15846153
1369 -1362.10112637 -1370.25714285 -1353.94510989
1370 -1362.87802197 -1371.02428571 -1354.73175824
1371 -1363.65491758 -1371.79142857 -1355.51840659
1372 -1364.43181318 -1372.55857142 -1356.30505494
1373 -1365.20870879 -1373.32571428 -1357.09170329
1374 -1365.98560439 -1374.09285714 -1357.87835164
1375 -1366.76250000 -1374.86000000 -1358.66500000
1376 -1367.53939560 -1375.62714285 -1359.45164835
1377 -1368.31629120 -1376.39428571 -1360.23829670
1378 -1369.09318681 -1377.16142857 -1361.02494505
1379 -1369.87008241 -1377.92857142 -1361.81159340
1380 -1370.64697802 -1378.69571428 -1362.59824175
1381 -1371.42387362 -1379.46285714 -1363.38489010
1382 -1372.20076923 -1380.23000000 -1364.17153846
1383 -1372.97766483 -1380.99714285 -1364.95818681
1384 -1373.75456043 -1381.76428571 -1365.74483516
1385 -1374.53145604 -1382.53142857 -1366.53148351
1386 -1375.30835164 -1383.29857142 -1367.31813186
1387 -1376.08524725 -1384.06571428 -1368.10478021
1388 -1376.86214285 -1384.83285714 -1368.89142857
1389 -1377.63903846 -1385.60000000 -1369.67807692
1390 -1378.41593406 -1386.36714285 -1370.46472527
1391 -1379.19282967 -1387.13428571 -1371.25137362
1392 -1379.96972527 -1387.90142857 -1372.03802197
1393 -1380.74662087 -1388.66857142 -1372.82467032
1394 -1381.52351648 -1389.43571428 -1373.61131868
1395 -1382.30041208 -1390.20285714 -1374.39796703
1396 -1383.07730769 -1390.97000000 -1375.18461538
1397 -1383.85420329 -1391.73714285 -1375.97126373
1398 -1384.63109890 -1392.50428571 -1376.75791208
1399 -1385.40799450 -1393.27142857 -1377.54456043
1400 -1386.18489010 -1394.03857142 -1378.33120879
1401 -1386.96178571 -1394.80571428 -1379.11785714
1402 -1387.73868131 -1395.57285714 -1379.90450549
1403 -1388.51557692 -1396.34000000 -1380.69115384
1404 -1389.29247252 -1397.10714285 -1381.47780219
1405 -1390.06936813 -1397.87428571 -1382.26445054
1406 -1390.84626373 -1398.64142857 -1383.05109890
1407 -1391.62315934 -1399.40857142 -1383.83774725
1408 -1392.40005494 -1400.17571428 -1384.62439560
1409 -1393.17695054 -1400.94285714 -1385.41104395
1410 -1393.95384615 -1401.71000000 -1386.19769230
1411 -1394.73074175 -1402.47714285 -1386.98434065
1412 -1395.50763736 -1403.24428571 -1387.77098901
1413 -1396.28453296 -1404.01142857 -1388.55763736
1414 -1397.06142857 -1404.77857142 -1389.34428571
1415 -1397.83832417 -1405.54571428 -1390.13093406
1416 -1398.61521978 -1406.31285714 -1390.91758241
1417 -1399.39211538 -1407.08000000 -1391.70423076
1418 -1400.16901098 -1407.84714285 -1392.49087912
1419 -1400.94590659 -1408.61428571 -1393.27752747
1420 -1401.72280219 -1409.38142857 -1394.06417582
1421 -1402.49969780 -1410.14857142 -1394.85082417
1422 -1403.27659340 -1410.91571428 -1395.63747252
1423 -1404.05348901 -1411.68285714 -1396.42412087
1424 -1404.83038461 -1412.45000000 -1397.21076923
1425 -1405.60728021 -1413.21714285 -1397.99741758
1426 -1406.38417582 -1413.98428571 -1398.78406593
1427 -1407.16107142 -1414.75142857 -1399.57071428
1428 -1407.93796703 -1415.51857142 -1400.35736263
1429 -1408.71486263 -1416.28571428 -1401.14401098
1430 -1409.49175824 -1417.05285714 -1401.93065934
1431 -1410.26865384 -1417.82000000 -1402.71730769
1432 -1411.04554945 -1418.58714285 -1403.50395604
1433 -1411.82244505 -1419.35428571 -1404.29060439
1434 -1412.59934065 -1420.12142857 -1405.07725274
1435 -1413.37623626 -1420.88857142 -1405.86390109
1436 -1414.15313186 -1421.65571428 -1406.65054945
1437 -1414.93002747 -1422.42285714 -1407.43719780
1438 -1415.70692307 -1423.19000000 -1408.22384615
1439 -1416.48381868 -1423.95714285 -1409.01049450
1440 -1417.26071428 -1424.72428571 -1409.79714285
1441 -1418.03760989 -1425.49142857 -1410.58379120
1442 -1418.81450549 -1426.25857142 -1411.37043956
1443 -1419.59140109 -1427.02571428 -1412.15708791
1444 -1420.36829670 -1427.79285714 -1412.94373626
1445 -1421.14519230 -1428.56000000 -1413.73038461
1446 -1421.92208791 -1429.32714285 -1414.51703296
1447 -1422.69898351 -1430.09428571 -1415.30368131
1448 -1423.47587912 -1430.86142857 -1416.09032967
1449 -1424.25277472 -1431.62857142 -1416.87697802
1450 -1425.02967032 -1432.39571428 -1417.66362637
1451 -1425.80656593 -1433.16285714 -1418.45027472
1452 -1426.58346153 -1433.93000000 -1419.23692307
1453 -1427.36035714 -1434.69714285 -1420.02357142
1454 -1428.13725274 -1435.46428571 -1420.81021978
1455 -1428.91414835 -1436.23142857 -1421.59686813
1456 -1429.69104395 -1436.99857142 -1422.38351648
1457 -1430.46793956 -1437.76571428 -1423.17016483
1458 -1431.24483516 -1438.53285714 -1423.95681318
1459 -1432.02173076 -1439.30000000 -1424.74346153
1460 -1432.79862637 -1440.06714285 -1425.53010989
1461 -1433.57552197 -1440.83428571 -1426.31675824
1462 -1434.35241758 -1441.60142857 -1427.10340659
1463 -1435.12931318 -1442.36857142 -1427.89005494
1464 -1435.90620879 -1443.13571428 -1428.67670329
1465 -1436.68310439 -1443.90285714 -1429.46335164
1466 -1437.46000000 -1444.67000000 -1430.25000000
1467 -1438.18895604 -1445.41739010 -1430.96052197
1468 -1438.91791208 -1446.16478021 -1431.67104395
1469 -1439.64686813 -1446.91217032 -1432.38156593
1470 -1440.37582417 -1447.65956043 -1433.09208791
1471 -1441.10478021 -1448.40695054 -1433.80260989
1472 -1441.83373626 -1449.15434065 -1434.51313186
1473 -1442.56269230 -1449.90173076 -1435.22365384
1474 -1443.29164835 -1450.64912087 -1435.93417582
1475 -1444.02060439 -1451.39651098 -1436.64469780
1476 -1444.74956043 -1452.14390109 -1437.35521978
1477 -1445.47851648 -1452.89129120 -1438.06574175
1478 -1446.20747252 -1453.63868131 -1438.77626373
1479 -1446.93642857 -1454.38607142 -1439.48678571
1480 -1447.66538461 -1455.13346153 -1440.19730769
1481 -1448.39434065 -1455.88085164 -1440.90782967
1482 -1449.12329670 -1456.62824175 -1441.61835164
1483 -1449.85225274 -1457.37563186 -1442.32887362
1484 -1450.58120879 -1458.12302197 -1443.03939560
1485 -1451.31016483 -1458.87041208 -1443.74991758
1486 -1452.03912087 -1459.61780219 -1444.46043956
1487 -1452.76807692 -1460.36519230 -1445.17096153
1488 -1453.49703296 -1461.11258241 -1445.88148351
1489 -1454.22598901 -1461.85997252 -1446.59200549
1490 -1454.95494505 -1462.60736263 -1447.30252747
1491 -1455.68390109 -1463.35475274 -1448.01304945
1492 -1456.41285714 -1464.10214285 -1448.72357142
1493 -1457.14181318 -1464.84953296 -1449.43409340
1494 -1457.87076923 -1465.59692307 -1450.14461538
1495 -1458.59972527 -1466.34431318 -1450.85513736
1496 -1459.32868131 -1467.09170329 -1451.56565934
1497 -1460.05763736 -1467.83909340 -1452.27618131
1498 -1460.78659340 -1468.58648351 -1452.98670329
1499 -1461.51554945 -1469.33387362 -1453.69722527
1500 -1462.24450549 -1470.08126373 -1454.40774725
1501 -1462.97346153 -1470.82865384 -1455.11826923
1502 -1463.70241758 -1471.57604395 -1455.82879120
1503 -1464.43137362 -1472.32343406 -1456.53931318
1504 -1465.16032967 -1473.07082417 -1457.24983516
1505 -1465.88928571 -1473.81821428 -1457.96035714
1506 -1466.61824175 -1474.56560439 -1458.67087912
1507 -1467.34719780 -1475.31299450 -1459.38140109
1508 -1468.07615384 -1476.06038461 -1460.09192307
1509 -1468.80510989 -1476.80777472 -1460.80244505
1510 -1469.53406593 -1477.55516483 -1461.51296703
1511 -1470.26302197 -1478.30255494 -1462.22348901
1512 -1470.99197802 -1479.04994505 -1462.93401098
1513 -1471.72093406 -1479.79733516 -1463.64453296
1514 -1472.44989010 -1480.54472527 -1464.35505494
1515 -1473.17884615 -1481.29211538 -1465.06557692
1516 -1473.90780219 -1482.03950549 -1465.77609890
1517 -1474.63675824 -1482.78689560 -1466.48662087
1518 -1475.36571428 -1483.53428571 -1467.19714285
1519 -1476.09467032 -1484.28167582 -1467.90766483
1520 -1476.82362637 -1485.02906593 -1468.61818681
1521 -1477.55258241 -1485.77645604 -1469.32870879
1522 -1478.28153846 -1486.52384615 -1470.03923076
1523 -1479.01049450 -1487.27123626 -1470.74975274
1524 -1479.73945054 -1488.01862637 -1471.46027472
1525 -1480.46840659 -1488.76601648 -1472.17079670
1526 -1481.19736263 -1489.51340659 -1472.88131868
1527 -1481.92631868 -1490.26079670 -1473.59184065
1528 -1482.65527472 -1491.00818681 -1474.30236263
1529 -1483.38423076 -1491.75557692 -1475.01288461
1530 -1484.11318681 -1492.50296703 -1475.72340659
1531 -1484.84214285 -1493.25035714 -1476.43392857
1532 -1485.57109890 -1493.99774725 -1477.14445054
1533 -1486.30005494 -1494.74513736 -1477.85497252
1534 -1487.02901098 -1495.49252747 -1478.56549450
1535 -1487.75796703 -1496.23991758 -1479.27601648
1536 -1488.48692307 -1496.98730769 -1479.98653846
1537 -1489.21587912 -1497.73469780 -1480.69706043
1538 -1489.94483516 -1498.48208791 -1481.40758241
1539 -1490.67379120 -1499.22947802 -1482.11810439
1540 -1491.40274725 -1499.97686813 -1482.82862637
1541 -1492.13170329 -1500.72425824 -1483.53914835
1542 -1492.86065934 -1501.47164835 -1484.24967032
1543 -1493.58961538 -1502.21903846 -1484.96019230
1544 -1494.31857142 -1502.96642857 -1485.67071428
1545 -1495.04752747 -1503.71381868 -1486.38123626
1546 -1495.77648351 -1504.46120879 -1487.09175824
1547 -1496.50543956 -1505.20859890 -1487.80228021
1548 -1497.23439560 -1505.95598901 -1488.51280219
1549 -1497.96335164 -1506.70337912 -1489.22332417
1550 -1498.69230769 -1507.45076923 -1489.93384615
1551 -1499.42126373 -1508.19815934 -1490.64436813
1552 -1500.15021978 -1508.94554945 -1491.35489010
1553 -1500.87917582 -1509.69293956 -1492.06541208
1554 -1501.60813186 -1510.44032967 -1492.77593406
1555 -1502.33708791 -1511.18771978 -1493.48645604
1556 -1503.06604395 -1511.93510989 -1494.19697802
1557 -1503.79500000 -1512.68250000 -1494.90750000
1558 -1504.52395604 -1513.42989010 -1495.61802197
1559 -1505.25291208 -1514.17728021 -1496.32854395
1560 -1505.98186813 -1514.92467032 -1497.03906593
1561 -1506.71082417 -1515.67206043 -1497.74958791
1562 -1507.43978021 -1516.41945054 -1498.46010989
1563 -1508.16873626 -1517.16684065 -1499.17063186
1564 -1508.89769230 -1517.91423076 -1499.88115384
1565 -1509.62664835 -1518.66162087 -1500.59167582
1566 -1510.35560439 -1519.40901098 -1501.30219780
1567 -1511.08456043 -1520.15640109 -1502.01271978
1568 -1511.81351648 -1520.90379120 -1502.72324175
1569 -1512.54247252 -1521.65118131 -1503.43376373
1570 -1513.27142857 -1522.39857142 -1504.14428571
1571 -1514.00038461 -1523.14596153 -1504.85480769
1572 -1514.72934065 -1523.89335164 -1505.56532967
1573 -1515.45829670 -1524.64074175 -1506.27585164
1574 -1516.18725274 -1525.38813186 -1506.98637362
1575 -1516.91620879 -1526.13552197 -1507.69689560
1576 -1517.64516483 -1526.88291208 -1508.40741758
1577 -1518.37412087 -1527.63030219 -1509.11793956
1578 -1519.10307692 -1528.37769230 -1509.82846153
1579 -1519.83203296 -1529.12508241 -1510.53898351
1580 -1520.56098901 -1529.87247252 -1511.24950549
1581 -1521.28994505 -1530.61986263 -1511.96002747
1582 -1522.01890109 -1531.36725274 -1512.67054945
1583 -1522.74785714 -1532.11464285 -1513.38107142
1584 -1523.47681318 -1532.86203296 -1514.09159340
1585 -1524.20576923 -1533.60942307 -1514.80211538
1586 -1524.93472527 -1534.35681318 -1515.51263736
1587 -1525.66368131 -1535.10420329 -1516.22315934
1588 -1526.39263736 -1535.85159340 -1516.93368131
1589 -1527.12159340 -1536.59898351 -1517.64420329
1590 -1527.85054945 -1537.34637362 -1518.35472527
1591 -1528.57950549 -1538.09376373 -1519.06524725
1592 -1529.30846153 -1538.84115384 -1519.77576923
1593 -1530.03741758 -1539.58854395 -1520.48629120
1594 -1530.76637362 -1540.33593406 -1521.19681318
1595 -1531.49532967 -1541.08332417 -1521.90733516
1596 -1532.22428571 -1541.83071428 -1522.61785714
1597 -1532.95324175 -1542.57810439 -1523.32837912
1598 -1533.68219780 -1543.32549450 -1524.03890109
1599 -1534.41115384 -1544.07288461 -1524.74942307
1600 -1535.14010989 -1544.82027472 -1525.45994505
1601 -1535.86906593 -1545.56766483 -1526.17046703
1602 -1536.59802197 -1546.31505494 -1526.88098901
1603 -1537.32697802 -1547.06244505 -1527.59151098
1604 -1538.05593406 -1547.80983516 -1528.30203296
1605 -1538.78489010 -1548.55722527 -1529.01255494
1606 -1539.51384615 -1549.30461538 -1529.72307692
1607 -1540.24280219 -1550.05200549 -1530.43359890
1608 -1540.97175824 -1550.79939560 -1531.14412087
1609 -1541.70071428 -1551.54678571 -1531.85464285
1610 -1542.42967032 -1552.29417582 -1532.56516483
1611 -1543.15862637 -1553.04156593 -1533.27568681
1612 -1543.88758241 -1553.78895604 -1533.98620879
1613 -1544.61653846 -1554.53634615 -1534.69673076
1614 -1545.34549450 -1555.28373626 -1535.40725274
1615 -1546.07445054 -1556.03112637 -1536.11777472
1616 -1546.80340659 -1556.77851648 -1536.82829670
1617 -1547.53236263 -1557.52590659 -1537.53881868
1618 -1548.26131868 -1558.27329670 -1538.24934065
1619 -1548.99027472 -1559.02068681 -1538.95986263
1620 -1549.71923076 -1559.76807692 -1539.67038461
1621 -1550.44818681 -1560.51546703 -1540.38090659
1622 -1551.17714285 -1561.26285714 -1541.09142857
1623 -1551.90609890 -1562.01024725 -1541.80195054
1624 -1552.63505494 -1562.75763736 -1542.51247252
1625 -1553.36401098 -1563.50502747 -1543.22299450
1626 -1554.09296703 -1564.25241758 -1543.93351648
1627 -1554.82192307 -1564.99980769 -1544.64403846
1628 -1555.55087912 -1565.74719780 -1545.35456043
1629 -1556.27983516 -1566.49458791 -1546.06508241
1630 -1557.00879120 -1567.24197802 -1546.77560439
1631 -1557.73774725 -1567.98936813 -1547.48612637
1632 -1558.46670329 -1568.73675824 -1548.19664835
1633 -1559.19565934 -1569.48414835 -1548.90717032
1634 -1559.92461538 -1570.23153846 -1549.61769230
1635 -1560.65357142 -1570.97892857 -1550.32821428
1636 -1561.38252747 -1571.72631868 -1551.03873626
1637 -1562.11148351 -1572.47370879 -1551.74925824
1638 -1562.84043956 -1573.22109890 -1552.45978021
1639 -1563.56939560 -1573.96848901 -1553.17030219
1640 -1564.29835164 -1574.71587912 -1553.88082417
1641 -1565.02730769 -1575.46326923 -1554.59134615
1642 -1565.75626373 -1576.21065934 -1555.30186813
1643 -1566.48521978 -1576.95804945 -1556.01239010
1644 -1567.21417582 -1577.70543956 -1556.72291208
1645 -1567.94313186 -1578.45282967 -1557.43343406
1646 -1568.67208791 -1579.20021978 -1558.14395604
1647 -1569.40104395 -1579.94760989 -1558.85447802
1648 -1570.13000000 -1580.69500000 -1559.56500000
1649 -1570.85895604 -1581.44239010 -1560.27552197
1650 -1571.58791208 -1582.18978021 -1560.98604395
1651 -1572.31686813 -1582.93717032 -1561.69656593
1652 -1573.04582417 -1583.68456043 -1562.40708791
1653 -1573.77478021 -1584.43195054 -1563.11760989
1654 -1574.50373626 -1585.17934065 -1563.82813186
1655 -1575.23269230 -1585.92673076 -1564.53865384
1656 -1575.96164835 -1586.67412087 -1565.24917582
1657 -1576.69060439 -1587.42151098 -1565.95969780
1658 -1577.41956043 -1588.16890109 -1566.67021978
1659 -1578.14851648 -1588.91629120 -1567.38074175
1660 -1578.87747252 -1589.66368131 -1568.09126373
1661 -1579.60642857 -1590.41107142 -1568.80178571
1662 -1580.33538461 -1591.15846153 -1569.51230769
1663 -1581.06434065 -1591.90585164 -1570.22282967
1664 -1581.79329670 -1592.65324175 -1570.93335164
1665 -1582.52225274 -1593.40063186 -1571.64387362
1666 -1583.25120879 -1594.14802197 -1572.35439560
1667 -1583.98016483 -1594.89541208 -1573.06491758
1668 -1584.70912087 -1595.64280219 -1573.77543956
1669 -1585.43807692 -1596.39019230 -1574.48596153
1670 -1586.16703296 -1597.13758241 -1575.19648351
1671 -1586.89598901 -1597.88497252 -1575.90700549
1672 -1587.62494505 -1598.63236263 -1576.61752747
1673 -1588.35390109 -1599.37975274 -1577.32804945
1674 -1589.08285714 -1600.12714285 -1578.03857142
1675 -1589.81181318 -1600.87453296 -1578.74909340
1676 -1590.54076923 -1601.62192307 -1579.45961538
1677 -1591.26972527 -1602.36931318 -1580.17013736
1678 -1591.99868131 -1603.11670329 -1580.88065934
1679 -1592.72763736 -1603.86409340 -1581.59118131
1680 -1593.45659340 -1604.61148351 -1582.30170329
1681 -1594.18554945 -1605.35887362 -1583.01222527
1682 -1594.91450549 -1606.10626373 -1583.72274725
1683 -1595.64346153 -1606.85365384 -1584.43326923
1684 -1596.37241758 -1607.60104395 -1585.14379120
1685 -1597.10137362 -1608.34843406 -1585.85431318
1686 -1597.83032967 -1609.09582417 -1586.56483516
1687 -1598.55928571 -1609.84321428 -1587.27535714
1688 -1599.28824175 -1610.59060439 -1587.98587912
1689 -1600.01719780 -1611.33799450 -1588.69640109
1690 -1600.74615384 -1612.08538461 -1589.40692307
1691 -1601.47510989 -1612.83277472 -1590.11744505
1692 -1602.20406593 -1613.58016483 -1590.82796703
1693 -1602.93302197 -1614.32755494 -1591.53848901
1694 -1603.66197802 -1615.07494505 -1592.24901098
1695 -1604.39093406 -1615.82233516 -1592.95953296
1696 -1605.11989010 -1616.56972527 -1593.67005494
1697 -1605.84884615 -1617.31711538 -1594.38057692
1698 -1606.57780219 -1618.06450549 -1595.09109890
1699 -1607.30675824 -1618.81189560 -1595.80162087
1700 -1608.03571428 -1619.55928571 -1596.51214285
1701 -1608.76467032 -1620.30667582 -1597.22266483
1702 -1609.49362637 -1621.05406593 -1597.93318681
1703 -1610.22258241 -1621.80145604 -1598.64370879
1704 -1610.95153846 -1622.54884615 -1599.35423076
1705 -1611.68049450 -1623.29623626 -1600.06475274
1706 -1612.40945054 -1624.04362637 -1600.77527472
1707 -1613.13840659 -1624.79101648 -1601.48579670
1708 -1613.86736263 -1625.53840659 -1602.19631868
1709 -1614.59631868 -1626.28579670 -1602.90684065
1710 -1615.32527472 -1627.03318681 -1603.61736263
1711 -1616.05423076 -1627.78057692 -1604.32788461
1712 -1616.78318681 -1628.52796703 -1605.03840659
1713 -1617.51214285 -1629.27535714 -1605.74892857
1714 -1618.24109890 -1630.02274725 -1606.45945054
1715 -1618.97005494 -1630.77013736 -1607.16997252
1716 -1619.69901098 -1631.51752747 -1607.88049450
1717 -1620.42796703 -1632.26491758 -1608.59101648
1718 -1621.15692307 -1633.01230769 -1609.30153846
1719 -1621.88587912 -1633.75969780 -1610.01206043
1720 -1622.61483516 -1634.50708791 -1610.72258241
1721 -1623.34379120 -1635.25447802 -1611.43310439
1722 -1624.07274725 -1636.00186813 -1612.14362637
1723 -1624.80170329 -1636.74925824 -1612.85414835
1724 -1625.53065934 -1637.49664835 -1613.56467032
1725 -1626.25961538 -1638.24403846 -1614.27519230
1726 -1626.98857142 -1638.99142857 -1614.98571428
1727 -1627.71752747 -1639.73881868 -1615.69623626
1728 -1628.44648351 -1640.48620879 -1616.40675824
1729 -1629.17543956 -1641.23359890 -1617.11728021
1730 -1629.90439560 -1641.98098901 -1617.82780219
1731 -1630.63335164 -1642.72837912 -1618.53832417
1732 -1631.36230769 -1643.47576923 -1619.24884615
1733 -1632.09126373 -1644.22315934 -1619.95936813
1734 -1632.82021978 -1644.97054945 -1620.66989010
1735 -1633.54917582 -1645.71793956 -1621.38041208
1736 -1634.27813186 -1646.46532967 -1622.09093406
1737 -1635.00708791 -1647.21271978 -1622.80145604
1738 -1635.73604395 -1647.96010989 -1623.51197802
1739 -1636.46500000 -1648.70750000 -1624.22250000
1740 -1637.19395604 -1649.45489010 -1624.93302197
1741 -1637.92291208 -1650.20228021 -1625.64354395
1742 -1638.65186813 -1650.94967032 -1626.35406593
1743 -1639.38082417 -1651.69706043 -1627.06458791
1744 -1640.10978021 -1652.44445054 -1627.77510989
1745 -1640.83873626 -1653.19184065 -1628.48563186
1746 -1641.56769230 -1653.93923076 -1629.19615384
1747 -1642.29664835 -1654.68662087 -1629.90667582
1748 -1643.02560439 -1655.43401098 -1630.61719780
1749 -1643.75456043 -1656.18140109 -1631.32771978
1750 -1644.48351648 -1656.92879120 -1632.03824175
1751 -1645.21247252 -1657.67618131 -1632.74876373
1752 -1645.94142857 -1658.42357142 -1633.45928571
1753 -1646.67038461 -1659.17096153 -1634.16980769
1754 -1647.39934065 -1659.91835164 -1634.88032967
1755 -1648.12829670 -1660.66574175 -1635.59085164
1756 -1648.85725274 -1661.41313186 -1636.30137362
1757 -1649.58620879 -1662.16052197 -1637.01189560
1758 -1650.31516483 -1662.90791208 -1637.72241758
1759 -1651.04412087 -1663.65530219 -1638.43293956
1760 -1651.77307692 -1664.40269230 -1639.14346153
1761 -1652.50203296 -1665.15008241 -1639.85398351
1762 -1653.23098901 -1665.89747252 -1640.56450549
1763 -1653.95994505 -1666.64486263 -1641.27502747
1764 -1654.68890109 -1667.39225274 -1641.98554945
1765 -1655.41785714 -1668.13964285 -1642.69607142
1766 -1656.14681318 -1668.88703296 -1643.40659340
1767 -1656.87576923 -1669.63442307 -1644.11711538
1768 -1657.60472527 -1670.38181318 -1644.82763736
1769 -1658.33368131 -1671.12920329 -1645.53815934
1770 -1659.06263736 -1671.87659340 -1646.24868131
1771 -1659.79159340 -1672.62398351 -1646.95920329
1772 -1660.52054945 -1673.37137362 -1647.66972527
1773 -1661.24950549 -1674.11876373 -1648.38024725
1774 -1661.97846153 -1674.86615384 -1649.09076923
1775 -1662.70741758 -1675.61354395 -1649.80129120
1776 -1663.43637362 -1676.36093406 -1650.51181318
1777 -1664.16532967 -1677.10832417 -1651.22233516
1778 -1664.89428571 -1677.85571428 -1651.93285714
1779 -1665.62324175 -1678.60310439 -1652.64337912
1780 -1666.35219780 -1679.35049450 -1653.35390109
1781 -1667.08115384 -1680.09788461 -1654.06442307
1782 -1667.81010989 -1680.84527472 -1654.77494505
1783 -1668.53906593 -1681.59266483 -1655.48546703
1784 -1669.26802197 -1682.34005494 -1656.19598901
1785 -1669.99697802 -1683.08744505 -1656.90651098
1786 -1670.72593406 -1683.83483516 -1657.61703296
1787 -1671.45489010 -1684.58222527 -1658.32755494
1788 -1672.18384615 -1685.32961538 -1659.03807692
1789 -1672.91280219 -1686.07700549 -1659.74859890
1790 -1673.64175824 -1686.82439560 -1660.45912087
1791 -1674.37071428 -1687.57178571 -1661.16964285
1792 -1675.09967032 -1688.31917582 -1661.88016483
1793 -1675.82862637 -1689.06656593 -1662.59068681
1794 -1676.55758241 -1689.81395604 -1663.30120879
1795 -1677.28653846 -1690.56134615 -1664.01173076
1796 -1678.01549450 -1691.30873626 -1664.72225274
1797 -1678.74445054 -1692.05612637 -1665.43277472
1798 -1679.47340659 -1692.80351648 -1666.14329670
1799 -1680.20236263 -1693.55090659 -1666.85381868
1800 -1680.93131868 -1694.29829670 -1667.56434065
1801 -1681.66027472 -1695.04568681 -1668.27486263
1802 -1682.38923076 -1695.79307692 -1668.98538461
1803 -1683.11818681 -1696.54046703 -1669.69590659
1804 -1683.84714285 -1697.28785714 -1670.40642857
1805 -1684.57609890 -1698.03524725 -1671.11695054
1806 -1685.30505494 -1698.78263736 -1671.82747252
1807 -1686.03401098 -1699.53002747 -1672.53799450
1808 -1686.76296703 -1700.27741758 -1673.24851648
1809 -1687.49192307 -1701.02480769 -1673.95903846
1810 -1688.22087912 -1701.77219780 -1674.66956043
1811 -1688.94983516 -1702.51958791 -1675.38008241
1812 -1689.67879120 -1703.26697802 -1676.09060439
1813 -1690.40774725 -1704.01436813 -1676.80112637
1814 -1691.13670329 -1704.76175824 -1677.51164835
1815 -1691.86565934 -1705.50914835 -1678.22217032
1816 -1692.59461538 -1706.25653846 -1678.93269230
1817 -1693.32357142 -1707.00392857 -1679.64321428
1818 -1694.05252747 -1707.75131868 -1680.35373626
1819 -1694.78148351 -1708.49870879 -1681.06425824
1820 -1695.51043956 -1709.24609890 -1681.77478021
1821 -1696.23939560 -1709.99348901 -1682.48530219
1822 -1696.96835164 -1710.74087912 -1683.19582417
1823 -1697.69730769 -1711.48826923 -1683.90634615
1824 -1698.42626373 -1712.23565934 -1684.61686813
1825 -1699.15521978 -1712.98304945 -1685.32739010
1826 -1699.88417582 -1713.73043956 -1686.03791208
1827 -1700.61313186 -1714.47782967 -1686.74843406
1828 -1701.34208791 -1715.22521978 -1687.45895604
1829 -1702.07104395 -1715.97260989 -1688.16947802
1830 -1702.80000000 -1716.72000000 -1688.88000000
