1 0.00091643 0.00089229 0.00094057
2 0.00061095 0.00059486 0.00062705
3 0.00030548 0.00029743 0.00031352
4 0.00000000 0.00000000 0.00000000
5 0.00091643 0.00089229 0.00094057
6 0.00183286 0.00178457 0.00188114
7 0.00274929 0.00267686 0.00282171
8 0.00366571 0.00356914 0.00376229
9 0.00458214 0.00446143 0.00470286
10 0.00549857 0.00535371 0.00564343
11 0.00641500 0.00624600 0.00658400
12 0.00776120 0.00758917 0.00793322
13 0.00910739 0.00893235 0.00928243
14 0.01045359 0.01027552 0.01063165
15 0.01179978 0.01161870 0.01198087
16 0.01314598 0.01296187 0.01333009
17 0.01449217 0.01430504 0.01467930
18 0.01583837 0.01564822 0.01602852
19 0.01718457 0.01699139 0.01737774
20 0.01853076 0.01833457 0.01872696
21 0.01987696 0.01967774 0.02007617
22 0.02122315 0.02102091 0.02142539
23 0.02256935 0.02236409 0.02277461
24 0.02391554 0.02370726 0.02412383
25 0.02526174 0.02505043 0.02547304
26 0.02660793 0.02639361 0.02682226
27 0.02795413 0.02773678 0.02817148
28 0.02930033 0.02907996 0.02952070
29 0.03064652 0.03042313 0.03086991
30 0.03199272 0.03176630 0.03221913
31 0.03333891 0.03310948 0.03356835
32 0.03468511 0.03445265 0.03491757
33 0.03603130 0.03579583 0.03626678
34 0.03737750 0.03713900 0.03761600
35 0.03858634 0.03834756 0.03882513
36 0.03979519 0.03955613 0.04003425
37 0.04100403 0.04076469 0.04124338
38 0.04221288 0.04197325 0.04245250
39 0.04342172 0.04318181 0.04366163
40 0.04463056 0.04439038 0.04487075
41 0.04583941 0.04559894 0.04607988
42 0.04704825 0.04680750 0.04728900
43 0.04825709 0.04801606 0.04849813
44 0.04946594 0.04922463 0.04970725
45 0.05067478 0.05043319 0.05091638
46 0.05188363 0.05164175 0.05212550
47 0.05309247 0.05285031 0.05333463
48 0.05430131 0.05405888 0.05454375
49 0.05551016 0.05526744 0.05575288
50 0.05671900 0.05647600 0.05696200
51 0.05792784 0.05768456 0.05817113
52 0.05913669 0.05889313 0.05938025
53 0.06034553 0.06010169 0.06058938
54 0.06155438 0.06131025 0.06179850
55 0.06276322 0.06251881 0.06300763
56 0.06397206 0.06372738 0.06421675
57 0.06518091 0.06493594 0.06542588
58 0.06638975 0.06614450 0.06663500
59 0.06759859 0.06735306 0.06784413
60 0.06880744 0.06856163 0.06905325
61 0.07001628 0.06977019 0.07026238
62 0.07122513 0.07097875 0.07147150
63 0.07243397 0.07218731 0.07268063
64 0.07364281 0.07339588 0.07388975
65 0.07485166 0.07460444 0.07509888
66 0.07606050 0.07581300 0.07630800
67 0.07730670 0.07705647 0.07755693
68 0.07855290 0.07829993 0.07880587
69 0.07979910 0.07954340 0.08005480
70 0.08104530 0.08078687 0.08130373
71 0.08229150 0.08203033 0.08255267
72 0.08353770 0.08327380 0.08380160
73 0.08478390 0.08451727 0.08505053
74 0.08603010 0.08576073 0.08629947
75 0.08727630 0.08700420 0.08754840
76 0.08852250 0.08824767 0.08879733
77 0.08976870 0.08949113 0.09004627
78 0.09101490 0.09073460 0.09129520
79 0.09226110 0.09197807 0.09254413
80 0.09350730 0.09322153 0.09379307
81 0.09475350 0.09446500 0.09504200
82 0.09599970 0.09570847 0.09629093
83 0.09724590 0.09695193 0.09753987
84 0.09849210 0.09819540 0.09878880
85 0.09973830 0.09943887 0.10003773
86 0.10098450 0.10068233 0.10128667
87 0.10223070 0.10192580 0.10253560
88 0.10347690 0.10316927 0.10378453
89 0.10472310 0.10441273 0.10503347
90 0.10596930 0.10565620 0.10628240
91 0.10721550 0.10689967 0.10753133
92 0.10846170 0.10814313 0.10878027
93 0.10970790 0.10938660 0.11002920
94 0.11095410 0.11063007 0.11127813
95 0.11220030 0.11187353 0.11252707
96 0.11344650 0.11311700 0.11377600
97 0.11459001 0.11425518 0.11492484
98 0.11573351 0.11539335 0.11607367
99 0.11687702 0.11653153 0.11722251
100 0.11802052 0.11766970 0.11837134
101 0.11916403 0.11880788 0.11952018
102 0.12030753 0.11994605 0.12066901
103 0.12145104 0.12108423 0.12181785
104 0.12259454 0.12222241 0.12296668
105 0.12373805 0.12336058 0.12411552
106 0.12488155 0.12449876 0.12526435
107 0.12602506 0.12563693 0.12641319
108 0.12716857 0.12677511 0.12756202
109 0.12831207 0.12791329 0.12871086
110 0.12945558 0.12905146 0.12985969
111 0.13059908 0.13018964 0.13100853
112 0.13174259 0.13132781 0.13215736
113 0.13288609 0.13246599 0.13330620
114 0.13402960 0.13360416 0.13445503
115 0.13517310 0.13474234 0.13560387
116 0.13631661 0.13588052 0.13675270
117 0.13746012 0.13701869 0.13790154
118 0.13860362 0.13815687 0.13905037
119 0.13974713 0.13929504 0.14019921
120 0.14089063 0.14043322 0.14134804
121 0.14203414 0.14157140 0.14249688
122 0.14317764 0.14270957 0.14364571
123 0.14432115 0.14384775 0.14479455
124 0.14546465 0.14498592 0.14594338
125 0.14660816 0.14612410 0.14709222
126 0.14775166 0.14726227 0.14824105
127 0.14889517 0.14840045 0.14938989
128 0.15003868 0.14953863 0.15053873
129 0.15118218 0.15067680 0.15168756
130 0.15232569 0.15181498 0.15283640
131 0.15346919 0.15295315 0.15398523
132 0.15461270 0.15409133 0.15513407
133 0.15575620 0.15522951 0.15628290
134 0.15689971 0.15636768 0.15743174
135 0.15804321 0.15750586 0.15858057
136 0.15918672 0.15864403 0.15972941
137 0.16033023 0.15978221 0.16087824
138 0.16147373 0.16092038 0.16202708
139 0.16261724 0.16205856 0.16317591
140 0.16376074 0.16319674 0.16432475
141 0.16490425 0.16433491 0.16547358
142 0.16604775 0.16547309 0.16662242
143 0.16719126 0.16661126 0.16777125
144 0.16833476 0.16774944 0.16892009
145 0.16947827 0.16888762 0.17006892
146 0.17062177 0.17002579 0.17121776
147 0.17176528 0.17116397 0.17236659
148 0.17290879 0.17230214 0.17351543
149 0.17405229 0.17344032 0.17466426
150 0.17519580 0.17457849 0.17581310
151 0.17633930 0.17571667 0.17696193
152 0.17748281 0.17685485 0.17811077
153 0.17862631 0.17799302 0.17925960
154 0.17976982 0.17913120 0.18040844
155 0.18091332 0.18026937 0.18155727
156 0.18205683 0.18140755 0.18270611
157 0.18320034 0.18254573 0.18385495
158 0.18434384 0.18368390 0.18500378
159 0.18548735 0.18482208 0.18615262
160 0.18663085 0.18596025 0.18730145
161 0.18777436 0.18709843 0.18845029
162 0.18891786 0.18823660 0.18959912
163 0.19006137 0.18937478 0.19074796
164 0.19120487 0.19051296 0.19189679
165 0.19234838 0.19165113 0.19304563
166 0.19349188 0.19278931 0.19419446
167 0.19463539 0.19392748 0.19534330
168 0.19577890 0.19506566 0.19649213
169 0.19692240 0.19620384 0.19764097
170 0.19806591 0.19734201 0.19878980
171 0.19920941 0.19848019 0.19993864
172 0.20035292 0.19961836 0.20108747
173 0.20149642 0.20075654 0.20223631
174 0.20263993 0.20189471 0.20338514
175 0.20378343 0.20303289 0.20453398
176 0.20492694 0.20417107 0.20568281
177 0.20607045 0.20530924 0.20683165
178 0.20721395 0.20644742 0.20798048
179 0.20835746 0.20758559 0.20912932
180 0.20950096 0.20872377 0.21027815
181 0.21064447 0.20986195 0.21142699
182 0.21178797 0.21100012 0.21257582
183 0.21293148 0.21213830 0.21372466
184 0.21407498 0.21327647 0.21487349
185 0.21521849 0.21441465 0.21602233
186 0.21636199 0.21555282 0.21717116
187 0.21750550 0.21669100 0.21832000
188 0.21862975 0.21781457 0.21944493
189 0.21975400 0.21893813 0.22056987
190 0.22087825 0.22006170 0.22169480
191 0.22200250 0.22118527 0.22281973
192 0.22312675 0.22230883 0.22394467
193 0.22425100 0.22343240 0.22506960
194 0.22537525 0.22455597 0.22619453
195 0.22649950 0.22567953 0.22731947
196 0.22762375 0.22680310 0.22844440
197 0.22874800 0.22792667 0.22956933
198 0.22987225 0.22905023 0.23069427
199 0.23099650 0.23017380 0.23181920
200 0.23212075 0.23129737 0.23294413
201 0.23324500 0.23242093 0.23406907
202 0.23436925 0.23354450 0.23519400
203 0.23549350 0.23466807 0.23631893
204 0.23661775 0.23579163 0.23744387
205 0.23774200 0.23691520 0.23856880
206 0.23886625 0.23803877 0.23969373
207 0.23999050 0.23916233 0.24081867
208 0.24111475 0.24028590 0.24194360
209 0.24223900 0.24140947 0.24306853
210 0.24336325 0.24253303 0.24419347
211 0.24448750 0.24365660 0.24531840
212 0.24561175 0.24478017 0.24644333
213 0.24673600 0.24590373 0.24756827
214 0.24786025 0.24702730 0.24869320
215 0.24898450 0.24815087 0.24981813
216 0.25010875 0.24927443 0.25094307
217 0.25123300 0.25039800 0.25206800
218 0.25235725 0.25152157 0.25319293
219 0.25348150 0.25264513 0.25431787
220 0.25460575 0.25376870 0.25544280
221 0.25573000 0.25489227 0.25656773
222 0.25685425 0.25601583 0.25769267
223 0.25797850 0.25713940 0.25881760
224 0.25910275 0.25826297 0.25994253
225 0.26022700 0.25938653 0.26106747
226 0.26135125 0.26051010 0.26219240
227 0.26247550 0.26163367 0.26331733
228 0.26359975 0.26275723 0.26444227
229 0.26472400 0.26388080 0.26556720
230 0.26584825 0.26500437 0.26669213
231 0.26697250 0.26612793 0.26781707
232 0.26809675 0.26725150 0.26894200
233 0.26922100 0.26837507 0.27006693
234 0.27034525 0.26949863 0.27119187
235 0.27146950 0.27062220 0.27231680
236 0.27259375 0.27174577 0.27344173
237 0.27371800 0.27286933 0.27456667
238 0.27484225 0.27399290 0.27569160
239 0.27596650 0.27511647 0.27681653
240 0.27709075 0.27624003 0.27794147
241 0.27821500 0.27736360 0.27906640
242 0.27933925 0.27848717 0.28019133
243 0.28046350 0.27961073 0.28131627
244 0.28158775 0.28073430 0.28244120
245 0.28271200 0.28185787 0.28356613
246 0.28383625 0.28298143 0.28469107
247 0.28496050 0.28410500 0.28581600
248 0.28608475 0.28522857 0.28694093
249 0.28720900 0.28635213 0.28806587
250 0.28833325 0.28747570 0.28919080
251 0.28945750 0.28859927 0.29031573
252 0.29058175 0.28972283 0.29144067
253 0.29170600 0.29084640 0.29256560
254 0.29283025 0.29196997 0.29369053
255 0.29395450 0.29309353 0.29481547
256 0.29507875 0.29421710 0.29594040
257 0.29620300 0.29534067 0.29706533
258 0.29732725 0.29646423 0.29819027
259 0.29845150 0.29758780 0.29931520
260 0.29957575 0.29871137 0.30044013
261 0.30070000 0.29983493 0.30156507
262 0.30182425 0.30095850 0.30269000
263 0.30294850 0.30208207 0.30381493
264 0.30407275 0.30320563 0.30493987
265 0.30519700 0.30432920 0.30606480
266 0.30632125 0.30545277 0.30718973
267 0.30744550 0.30657633 0.30831467
268 0.30856975 0.30769990 0.30943960
269 0.30969400 0.30882347 0.31056453
270 0.31081825 0.30994703 0.31168947
271 0.31194250 0.31107060 0.31281440
272 0.31306675 0.31219417 0.31393933
273 0.31419100 0.31331773 0.31506427
274 0.31531525 0.31444130 0.31618920
275 0.31643950 0.31556487 0.31731413
276 0.31756375 0.31668843 0.31843907
277 0.31868800 0.31781200 0.31956400
278 0.31984928 0.31896989 0.32072866
279 0.32101055 0.32012778 0.32189333
280 0.32217183 0.32128567 0.32305799
281 0.32333311 0.32244357 0.32422265
282 0.32449439 0.32360146 0.32538732
283 0.32565566 0.32475935 0.32655198
284 0.32681694 0.32591724 0.32771664
285 0.32797822 0.32707513 0.32888130
286 0.32913949 0.32823302 0.33004597
287 0.33030077 0.32939091 0.33121063
288 0.33146205 0.33054880 0.33237529
289 0.33262333 0.33170670 0.33353996
290 0.33378460 0.33286459 0.33470462
291 0.33494588 0.33402248 0.33586928
292 0.33610716 0.33518037 0.33703395
293 0.33726843 0.33633826 0.33819861
294 0.33842971 0.33749615 0.33936327
295 0.33959099 0.33865404 0.34052793
296 0.34075227 0.33981193 0.34169260
297 0.34191354 0.34096983 0.34285726
298 0.34307482 0.34212772 0.34402192
299 0.34423610 0.34328561 0.34518659
300 0.34539738 0.34444350 0.34635125
301 0.34655865 0.34560139 0.34751591
302 0.34771993 0.34675928 0.34868058
303 0.34888121 0.34791717 0.34984524
304 0.35004248 0.34907507 0.35100990
305 0.35120376 0.35023296 0.35217457
306 0.35236504 0.35139085 0.35333923
307 0.35352632 0.35254874 0.35450389
308 0.35468759 0.35370663 0.35566855
309 0.35584887 0.35486452 0.35683322
310 0.35701015 0.35602241 0.35799788
311 0.35817142 0.35718030 0.35916254
312 0.35933270 0.35833820 0.36032721
313 0.36049398 0.35949609 0.36149187
314 0.36165526 0.36065398 0.36265653
315 0.36281653 0.36181187 0.36382120
316 0.36397781 0.36296976 0.36498586
317 0.36513909 0.36412765 0.36615052
318 0.36630036 0.36528554 0.36731518
319 0.36746164 0.36644343 0.36847985
320 0.36862292 0.36760133 0.36964451
321 0.36978420 0.36875922 0.37080917
322 0.37094547 0.36991711 0.37197384
323 0.37210675 0.37107500 0.37313850
324 0.37326803 0.37223289 0.37430316
325 0.37442930 0.37339078 0.37546783
326 0.37559058 0.37454867 0.37663249
327 0.37675186 0.37570657 0.37779715
328 0.37791314 0.37686446 0.37896182
329 0.37907441 0.37802235 0.38012648
330 0.38023569 0.37918024 0.38129114
331 0.38139697 0.38033813 0.38245580
332 0.38255824 0.38149602 0.38362047
333 0.38371952 0.38265391 0.38478513
334 0.38488080 0.38381180 0.38594979
335 0.38604208 0.38496970 0.38711446
336 0.38720335 0.38612759 0.38827912
337 0.38836463 0.38728548 0.38944378
338 0.38952591 0.38844337 0.39060845
339 0.39068718 0.38960126 0.39177311
340 0.39184846 0.39075915 0.39293777
341 0.39300974 0.39191704 0.39410243
342 0.39417102 0.39307493 0.39526710
343 0.39533229 0.39423283 0.39643176
344 0.39649357 0.39539072 0.39759642
345 0.39765485 0.39654861 0.39876109
346 0.39881613 0.39770650 0.39992575
347 0.39997740 0.39886439 0.40109041
348 0.40113868 0.40002228 0.40225508
349 0.40229996 0.40118017 0.40341974
350 0.40346123 0.40233807 0.40458440
351 0.40462251 0.40349596 0.40574907
352 0.40578379 0.40465385 0.40691373
353 0.40694507 0.40581174 0.40807839
354 0.40810634 0.40696963 0.40924305
355 0.40926762 0.40812752 0.41040772
356 0.41042890 0.40928541 0.41157238
357 0.41159017 0.41044330 0.41273704
358 0.41275145 0.41160120 0.41390171
359 0.41391273 0.41275909 0.41506637
360 0.41507401 0.41391698 0.41623103
361 0.41623528 0.41507487 0.41739570
362 0.41739656 0.41623276 0.41856036
363 0.41855784 0.41739065 0.41972502
364 0.41971911 0.41854854 0.42088968
365 0.42088039 0.41970643 0.42205435
366 0.42204167 0.42086433 0.42321901
367 0.42320295 0.42202222 0.42438367
368 0.42436422 0.42318011 0.42554834
369 0.42552550 0.42433800 0.42671300
370 0.42671402 0.42552579 0.42790225
371 0.42790254 0.42671358 0.42909150
372 0.42909107 0.42790138 0.43028075
373 0.43027959 0.42908917 0.43147001
374 0.43146811 0.43027696 0.43265926
375 0.43265663 0.43146475 0.43384851
376 0.43384515 0.43265255 0.43503776
377 0.43503367 0.43384034 0.43622701
378 0.43622220 0.43502813 0.43741626
379 0.43741072 0.43621592 0.43860551
380 0.43859924 0.43740372 0.43979477
381 0.43978776 0.43859151 0.44098402
382 0.44097628 0.43977930 0.44217327
383 0.44216481 0.44096709 0.44336252
384 0.44335333 0.44215489 0.44455177
385 0.44454185 0.44334268 0.44574102
386 0.44573037 0.44453047 0.44693027
387 0.44691889 0.44571826 0.44811952
388 0.44810742 0.44690605 0.44930878
389 0.44929594 0.44809385 0.45049803
390 0.45048446 0.44928164 0.45168728
391 0.45167298 0.45046943 0.45287653
392 0.45286150 0.45165722 0.45406578
393 0.45405002 0.45284502 0.45525503
394 0.45523855 0.45403281 0.45644428
395 0.45642707 0.45522060 0.45763354
396 0.45761559 0.45640839 0.45882279
397 0.45880411 0.45759619 0.46001204
398 0.45999263 0.45878398 0.46120129
399 0.46118116 0.45997177 0.46239054
400 0.46236968 0.46115956 0.46357979
401 0.46355820 0.46234736 0.46476904
402 0.46474672 0.46353515 0.46595830
403 0.46593524 0.46472294 0.46714755
404 0.46712377 0.46591073 0.46833680
405 0.46831229 0.46709852 0.46952605
406 0.46950081 0.46828632 0.47071530
407 0.47068933 0.46947411 0.47190455
408 0.47187785 0.47066190 0.47309380
409 0.47306637 0.47184969 0.47428305
410 0.47425490 0.47303749 0.47547231
411 0.47544342 0.47422528 0.47666156
412 0.47663194 0.47541307 0.47785081
413 0.47782046 0.47660086 0.47904006
414 0.47900898 0.47778866 0.48022931
415 0.48019751 0.47897645 0.48141856
416 0.48138603 0.48016424 0.48260781
417 0.48257455 0.48135203 0.48379707
418 0.48376307 0.48253983 0.48498632
419 0.48495159 0.48372762 0.48617557
420 0.48614011 0.48491541 0.48736482
421 0.48732864 0.48610320 0.48855407
422 0.48851716 0.48729099 0.48974332
423 0.48970568 0.48847879 0.49093257
424 0.49089420 0.48966658 0.49212183
425 0.49208272 0.49085437 0.49331108
426 0.49327125 0.49204216 0.49450033
427 0.49445977 0.49322996 0.49568958
428 0.49564829 0.49441775 0.49687883
429 0.49683681 0.49560554 0.49806808
430 0.49802533 0.49679333 0.49925733
431 0.49921386 0.49798113 0.50044658
432 0.50040238 0.49916892 0.50163584
433 0.50159090 0.50035671 0.50282509
434 0.50277942 0.50154450 0.50401434
435 0.50396794 0.50273230 0.50520359
436 0.50515646 0.50392009 0.50639284
437 0.50634499 0.50510788 0.50758209
438 0.50753351 0.50629567 0.50877134
439 0.50872203 0.50748346 0.50996060
440 0.50991055 0.50867126 0.51114985
441 0.51109907 0.50985905 0.51233910
442 0.51228760 0.51104684 0.51352835
443 0.51347612 0.51223463 0.51471760
444 0.51466464 0.51342243 0.51590685
445 0.51585316 0.51461022 0.51709610
446 0.51704168 0.51579801 0.51828536
447 0.51823020 0.51698580 0.51947461
448 0.51941873 0.51817360 0.52066386
449 0.52060725 0.51936139 0.52185311
450 0.52179577 0.52054918 0.52304236
451 0.52298429 0.52173697 0.52423161
452 0.52417281 0.52292477 0.52542086
453 0.52536134 0.52411256 0.52661011
454 0.52654986 0.52530035 0.52779937
455 0.52773838 0.52648814 0.52898862
456 0.52892690 0.52767593 0.53017787
457 0.53011542 0.52886373 0.53136712
458 0.53130395 0.53005152 0.53255637
459 0.53249247 0.53123931 0.53374562
460 0.53368099 0.53242710 0.53493487
461 0.53486951 0.53361490 0.53612413
462 0.53605803 0.53480269 0.53731338
463 0.53724655 0.53599048 0.53850263
464 0.53843508 0.53717827 0.53969188
465 0.53962360 0.53836607 0.54088113
466 0.54081212 0.53955386 0.54207038
467 0.54200064 0.54074165 0.54325963
468 0.54318916 0.54192944 0.54444889
469 0.54437769 0.54311724 0.54563814
470 0.54556621 0.54430503 0.54682739
471 0.54675473 0.54549282 0.54801664
472 0.54794325 0.54668061 0.54920589
473 0.54913177 0.54786840 0.55039514
474 0.55032030 0.54905620 0.55158439
475 0.55150882 0.55024399 0.55277364
476 0.55269734 0.55143178 0.55396290
477 0.55388586 0.55261957 0.55515215
478 0.55507438 0.55380737 0.55634140
479 0.55626290 0.55499516 0.55753065
480 0.55745143 0.55618295 0.55871990
481 0.55863995 0.55737074 0.55990915
482 0.55982847 0.55855854 0.56109840
483 0.56101699 0.55974633 0.56228766
484 0.56220551 0.56093412 0.56347691
485 0.56339404 0.56212191 0.56466616
486 0.56458256 0.56330970 0.56585541
487 0.56577108 0.56449750 0.56704466
488 0.56695960 0.56568529 0.56823391
489 0.56814812 0.56687308 0.56942316
490 0.56933664 0.56806087 0.57061242
491 0.57052517 0.56924867 0.57180167
492 0.57171369 0.57043646 0.57299092
493 0.57290221 0.57162425 0.57418017
494 0.57409073 0.57281204 0.57536942
495 0.57527925 0.57399984 0.57655867
496 0.57646778 0.57518763 0.57774792
497 0.57765630 0.57637542 0.57893717
498 0.57884482 0.57756321 0.58012643
499 0.58003334 0.57875101 0.58131568
500 0.58122186 0.57993880 0.58250493
501 0.58241039 0.58112659 0.58369418
502 0.58359891 0.58231438 0.58488343
503 0.58478743 0.58350217 0.58607268
504 0.58597595 0.58468997 0.58726193
505 0.58716447 0.58587776 0.58845119
506 0.58835299 0.58706555 0.58964044
507 0.58954152 0.58825334 0.59082969
508 0.59073004 0.58944114 0.59201894
509 0.59191856 0.59062893 0.59320819
510 0.59310708 0.59181672 0.59439744
511 0.59429560 0.59300451 0.59558669
512 0.59548413 0.59419231 0.59677595
513 0.59667265 0.59538010 0.59796520
514 0.59786117 0.59656789 0.59915445
515 0.59904969 0.59775568 0.60034370
516 0.60023821 0.59894348 0.60153295
517 0.60142674 0.60013127 0.60272220
518 0.60261526 0.60131906 0.60391145
519 0.60380378 0.60250685 0.60510070
520 0.60499230 0.60369464 0.60628996
521 0.60618082 0.60488244 0.60747921
522 0.60736934 0.60607023 0.60866846
523 0.60855787 0.60725802 0.60985771
524 0.60974639 0.60844581 0.61104696
525 0.61093491 0.60963361 0.61223621
526 0.61212343 0.61082140 0.61342546
527 0.61331195 0.61200919 0.61461472
528 0.61450048 0.61319698 0.61580397
529 0.61568900 0.61438478 0.61699322
530 0.61687752 0.61557257 0.61818247
531 0.61806604 0.61676036 0.61937172
532 0.61925456 0.61794815 0.62056097
533 0.62044308 0.61913595 0.62175022
534 0.62163161 0.62032374 0.62293948
535 0.62282013 0.62151153 0.62412873
536 0.62400865 0.62269932 0.62531798
537 0.62519717 0.62388711 0.62650723
538 0.62638569 0.62507491 0.62769648
539 0.62757422 0.62626270 0.62888573
540 0.62876274 0.62745049 0.63007498
541 0.62995126 0.62863828 0.63126424
542 0.63113978 0.62982608 0.63245349
543 0.63232830 0.63101387 0.63364274
544 0.63351683 0.63220166 0.63483199
545 0.63470535 0.63338945 0.63602124
546 0.63589387 0.63457725 0.63721049
547 0.63708239 0.63576504 0.63839974
548 0.63827091 0.63695283 0.63958899
549 0.63945943 0.63814062 0.64077825
550 0.64064796 0.63932842 0.64196750
551 0.64183648 0.64051621 0.64315675
552 0.64302500 0.64170400 0.64434600
553 0.64421352 0.64289179 0.64553525
554 0.64540204 0.64407958 0.64672450
555 0.64659057 0.64526738 0.64791375
556 0.64777909 0.64645517 0.64910301
557 0.64896761 0.64764296 0.65029226
558 0.65015613 0.64883075 0.65148151
559 0.65134465 0.65001855 0.65267076
560 0.65253317 0.65120634 0.65386001
561 0.65372170 0.65239413 0.65504926
562 0.65491022 0.65358192 0.65623851
563 0.65609874 0.65476972 0.65742777
564 0.65728726 0.65595751 0.65861702
565 0.65847578 0.65714530 0.65980627
566 0.65966431 0.65833309 0.66099552
567 0.66085283 0.65952089 0.66218477
568 0.66204135 0.66070868 0.66337402
569 0.66322987 0.66189647 0.66456327
570 0.66441839 0.66308426 0.66575252
571 0.66560692 0.66427205 0.66694178
572 0.66679544 0.66545985 0.66813103
573 0.66798396 0.66664764 0.66932028
574 0.66917248 0.66783543 0.67050953
575 0.67036100 0.66902322 0.67169878
576 0.67154952 0.67021102 0.67288803
577 0.67273805 0.67139881 0.67407728
578 0.67392657 0.67258660 0.67526654
579 0.67511509 0.67377439 0.67645579
580 0.67630361 0.67496219 0.67764504
581 0.67749213 0.67614998 0.67883429
582 0.67868066 0.67733777 0.68002354
583 0.67986918 0.67852556 0.68121279
584 0.68105770 0.67971336 0.68240204
585 0.68224622 0.68090115 0.68359130
586 0.68343474 0.68208894 0.68478055
587 0.68462327 0.68327673 0.68596980
588 0.68581179 0.68446452 0.68715905
589 0.68700031 0.68565232 0.68834830
590 0.68818883 0.68684011 0.68953755
591 0.68937735 0.68802790 0.69072680
592 0.69056587 0.68921569 0.69191605
593 0.69175440 0.69040349 0.69310531
594 0.69294292 0.69159128 0.69429456
595 0.69413144 0.69277907 0.69548381
596 0.69531996 0.69396686 0.69667306
597 0.69650848 0.69515466 0.69786231
598 0.69769701 0.69634245 0.69905156
599 0.69888553 0.69753024 0.70024081
600 0.70007405 0.69871803 0.70143007
601 0.70126257 0.69990583 0.70261932
602 0.70245109 0.70109362 0.70380857
603 0.70363961 0.70228141 0.70499782
604 0.70482814 0.70346920 0.70618707
605 0.70601666 0.70465699 0.70737632
606 0.70720518 0.70584479 0.70856557
607 0.70839370 0.70703258 0.70975483
608 0.70958222 0.70822037 0.71094408
609 0.71077075 0.70940816 0.71213333
610 0.71195927 0.71059596 0.71332258
611 0.71314779 0.71178375 0.71451183
612 0.71433631 0.71297154 0.71570108
613 0.71552483 0.71415933 0.71689033
614 0.71671336 0.71534713 0.71807958
615 0.71790188 0.71653492 0.71926884
616 0.71909040 0.71772271 0.72045809
617 0.72027892 0.71891050 0.72164734
618 0.72146744 0.72009830 0.72283659
619 0.72265596 0.72128609 0.72402584
620 0.72384449 0.72247388 0.72521509
621 0.72503301 0.72366167 0.72640434
622 0.72622153 0.72484946 0.72759360
623 0.72741005 0.72603726 0.72878285
624 0.72859857 0.72722505 0.72997210
625 0.72978710 0.72841284 0.73116135
626 0.73097562 0.72960063 0.73235060
627 0.73216414 0.73078843 0.73353985
628 0.73335266 0.73197622 0.73472910
629 0.73454118 0.73316401 0.73591836
630 0.73572970 0.73435180 0.73710761
631 0.73691823 0.73553960 0.73829686
632 0.73810675 0.73672739 0.73948611
633 0.73929527 0.73791518 0.74067536
634 0.74048379 0.73910297 0.74186461
635 0.74167231 0.74029077 0.74305386
636 0.74286084 0.74147856 0.74424311
637 0.74404936 0.74266635 0.74543237
638 0.74523788 0.74385414 0.74662162
639 0.74642640 0.74504193 0.74781087
640 0.74761492 0.74622973 0.74900012
641 0.74880345 0.74741752 0.75018937
642 0.74999197 0.74860531 0.75137862
643 0.75118049 0.74979310 0.75256787
644 0.75236901 0.75098090 0.75375713
645 0.75355753 0.75216869 0.75494638
646 0.75474605 0.75335648 0.75613563
647 0.75593458 0.75454427 0.75732488
648 0.75712310 0.75573207 0.75851413
649 0.75831162 0.75691986 0.75970338
650 0.75950014 0.75810765 0.76089263
651 0.76068866 0.75929544 0.76208189
652 0.76187719 0.76048324 0.76327114
653 0.76306571 0.76167103 0.76446039
654 0.76425423 0.76285882 0.76564964
655 0.76544275 0.76404661 0.76683889
656 0.76663127 0.76523440 0.76802814
657 0.76781980 0.76642220 0.76921739
658 0.76900832 0.76760999 0.77040664
659 0.77019684 0.76879778 0.77159590
660 0.77138536 0.76998557 0.77278515
661 0.77257388 0.77117337 0.77397440
662 0.77376240 0.77236116 0.77516365
663 0.77495093 0.77354895 0.77635290
664 0.77613945 0.77473674 0.77754215
665 0.77732797 0.77592454 0.77873140
666 0.77851649 0.77711233 0.77992066
667 0.77970501 0.77830012 0.78110991
668 0.78089354 0.77948791 0.78229916
669 0.78208206 0.78067570 0.78348841
670 0.78327058 0.78186350 0.78467766
671 0.78445910 0.78305129 0.78586691
672 0.78564762 0.78423908 0.78705616
673 0.78683614 0.78542687 0.78824542
674 0.78802467 0.78661467 0.78943467
675 0.78921319 0.78780246 0.79062392
676 0.79040171 0.78899025 0.79181317
677 0.79159023 0.79017804 0.79300242
678 0.79277875 0.79136584 0.79419167
679 0.79396728 0.79255363 0.79538092
680 0.79515580 0.79374142 0.79657017
681 0.79634432 0.79492921 0.79775943
682 0.79753284 0.79611701 0.79894868
683 0.79872136 0.79730480 0.80013793
684 0.79990989 0.79849259 0.80132718
685 0.80109841 0.79968038 0.80251643
686 0.80228693 0.80086817 0.80370568
687 0.80347545 0.80205597 0.80489493
688 0.80466397 0.80324376 0.80608419
689 0.80585249 0.80443155 0.80727344
690 0.80704102 0.80561934 0.80846269
691 0.80822954 0.80680714 0.80965194
692 0.80941806 0.80799493 0.81084119
693 0.81060658 0.80918272 0.81203044
694 0.81179510 0.81037051 0.81321969
695 0.81298363 0.81155831 0.81440895
696 0.81417215 0.81274610 0.81559820
697 0.81536067 0.81393389 0.81678745
698 0.81654919 0.81512168 0.81797670
699 0.81773771 0.81630948 0.81916595
700 0.81892624 0.81749727 0.82035520
701 0.82011476 0.81868506 0.82154445
702 0.82130328 0.81987285 0.82273370
703 0.82249180 0.82106064 0.82392296
704 0.82368032 0.82224844 0.82511221
705 0.82486884 0.82343623 0.82630146
706 0.82605737 0.82462402 0.82749071
707 0.82724589 0.82581181 0.82867996
708 0.82843441 0.82699961 0.82986921
709 0.82962293 0.82818740 0.83105846
710 0.83081145 0.82937519 0.83224772
711 0.83199998 0.83056298 0.83343697
712 0.83318850 0.83175078 0.83462622
713 0.83437702 0.83293857 0.83581547
714 0.83556554 0.83412636 0.83700472
715 0.83675406 0.83531415 0.83819397
716 0.83794258 0.83650195 0.83938322
717 0.83913111 0.83768974 0.84057248
718 0.84031963 0.83887753 0.84176173
719 0.84150815 0.84006532 0.84295098
720 0.84269667 0.84125311 0.84414023
721 0.84388519 0.84244091 0.84532948
722 0.84507372 0.84362870 0.84651873
723 0.84626224 0.84481649 0.84770798
724 0.84745076 0.84600428 0.84889724
725 0.84863928 0.84719208 0.85008649
726 0.84982780 0.84837987 0.85127574
727 0.85101633 0.84956766 0.85246499
728 0.85220485 0.85075545 0.85365424
729 0.85339337 0.85194325 0.85484349
730 0.85458189 0.85313104 0.85603274
731 0.85577041 0.85431883 0.85722199
732 0.85695893 0.85550662 0.85841125
733 0.85814746 0.85669442 0.85960050
734 0.85933598 0.85788221 0.86078975
735 0.86052450 0.85907000 0.86197900
736 0.86178231 0.86032216 0.86324246
737 0.86304012 0.86157432 0.86450593
738 0.86429794 0.86282648 0.86576939
739 0.86555575 0.86407864 0.86703285
740 0.86681356 0.86533080 0.86829632
741 0.86807137 0.86658296 0.86955978
742 0.86932918 0.86783513 0.87082324
743 0.87058700 0.86908729 0.87208671
744 0.87184481 0.87033945 0.87335017
745 0.87310262 0.87159161 0.87461363
746 0.87436043 0.87284377 0.87587710
747 0.87561824 0.87409593 0.87714056
748 0.87687606 0.87534809 0.87840402
749 0.87813387 0.87660025 0.87966749
750 0.87939168 0.87785241 0.88093095
751 0.88064949 0.87910457 0.88219441
752 0.88190730 0.88035673 0.88345787
753 0.88316512 0.88160889 0.88472134
754 0.88442293 0.88286105 0.88598480
755 0.88568074 0.88411322 0.88724826
756 0.88693855 0.88536538 0.88851173
757 0.88819636 0.88661754 0.88977519
758 0.88945418 0.88786970 0.89103865
759 0.89071199 0.88912186 0.89230212
760 0.89196980 0.89037402 0.89356558
761 0.89322761 0.89162618 0.89482904
762 0.89448542 0.89287834 0.89609251
763 0.89574324 0.89413050 0.89735597
764 0.89700105 0.89538266 0.89861943
765 0.89825886 0.89663482 0.89988290
766 0.89951667 0.89788698 0.90114636
767 0.90077448 0.89913914 0.90240982
768 0.90203230 0.90039131 0.90367329
769 0.90329011 0.90164347 0.90493675
770 0.90454792 0.90289563 0.90620021
771 0.90580573 0.90414779 0.90746368
772 0.90706354 0.90539995 0.90872714
773 0.90832136 0.90665211 0.90999060
774 0.90957917 0.90790427 0.91125407
775 0.91083698 0.90915643 0.91251753
776 0.91209479 0.91040859 0.91378099
777 0.91335260 0.91166075 0.91504446
778 0.91461042 0.91291291 0.91630792
779 0.91586823 0.91416507 0.91757138
780 0.91712604 0.91541723 0.91883484
781 0.91838385 0.91666940 0.92009831
782 0.91964166 0.91792156 0.92136177
783 0.92089948 0.91917372 0.92262523
784 0.92215729 0.92042588 0.92388870
785 0.92341510 0.92167804 0.92515216
786 0.92467291 0.92293020 0.92641562
787 0.92593072 0.92418236 0.92767909
788 0.92718854 0.92543452 0.92894255
789 0.92844635 0.92668668 0.93020601
790 0.92970416 0.92793884 0.93146948
791 0.93096197 0.92919100 0.93273294
792 0.93221978 0.93044316 0.93399640
793 0.93347760 0.93169532 0.93525987
794 0.93473541 0.93294749 0.93652333
795 0.93599322 0.93419965 0.93778679
796 0.93725103 0.93545181 0.93905026
797 0.93850884 0.93670397 0.94031372
798 0.93976666 0.93795613 0.94157718
799 0.94102447 0.93920829 0.94284065
800 0.94228228 0.94046045 0.94410411
801 0.94354009 0.94171261 0.94536757
802 0.94479790 0.94296477 0.94663104
803 0.94605572 0.94421693 0.94789450
804 0.94731353 0.94546909 0.94915796
805 0.94857134 0.94672125 0.95042143
806 0.94982915 0.94797341 0.95168489
807 0.95108696 0.94922557 0.95294835
808 0.95234478 0.95047774 0.95421181
809 0.95360259 0.95172990 0.95547528
810 0.95486040 0.95298206 0.95673874
811 0.95611821 0.95423422 0.95800220
812 0.95737602 0.95548638 0.95926567
813 0.95863384 0.95673854 0.96052913
814 0.95989165 0.95799070 0.96179259
815 0.96114946 0.95924286 0.96305606
816 0.96240727 0.96049502 0.96431952
817 0.96366508 0.96174718 0.96558298
818 0.96492290 0.96299934 0.96684645
819 0.96618071 0.96425150 0.96810991
820 0.96743852 0.96550366 0.96937337
821 0.96869633 0.96675583 0.97063684
822 0.96995414 0.96800799 0.97190030
823 0.97121196 0.96926015 0.97316376
824 0.97246977 0.97051231 0.97442723
825 0.97372758 0.97176447 0.97569069
826 0.97498539 0.97301663 0.97695415
827 0.97624320 0.97426879 0.97821762
828 0.97750102 0.97552095 0.97948108
829 0.97875883 0.97677311 0.98074454
830 0.98001664 0.97802527 0.98200801
831 0.98127445 0.97927743 0.98327147
832 0.98253226 0.98052959 0.98453493
833 0.98379007 0.98178175 0.98579840
834 0.98504789 0.98303392 0.98706186
835 0.98630570 0.98428608 0.98832532
836 0.98756351 0.98553824 0.98958878
837 0.98882132 0.98679040 0.99085225
838 0.99007913 0.98804256 0.99211571
839 0.99133695 0.98929472 0.99337917
840 0.99259476 0.99054688 0.99464264
841 0.99385257 0.99179904 0.99590610
842 0.99511038 0.99305120 0.99716956
843 0.99636819 0.99430336 0.99843303
844 0.99762601 0.99555552 0.99969649
845 0.99888382 0.99680768 1.00095995
846 1.00014163 0.99805984 1.00222342
847 1.00139944 0.99931201 1.00348688
848 1.00265725 1.00056417 1.00475034
849 1.00391507 1.00181633 1.00601381
850 1.00517288 1.00306849 1.00727727
851 1.00643069 1.00432065 1.00854073
852 1.00768850 1.00557281 1.00980420
853 1.00894631 1.00682497 1.01106766
854 1.01020413 1.00807713 1.01233112
855 1.01146194 1.00932929 1.01359459
856 1.01271975 1.01058145 1.01485805
857 1.01397756 1.01183361 1.01612151
858 1.01523537 1.01308577 1.01738498
859 1.01649319 1.01433793 1.01864844
860 1.01775100 1.01559010 1.01991190
861 1.01900881 1.01684226 1.02117537
862 1.02026662 1.01809442 1.02243883
863 1.02152443 1.01934658 1.02370229
864 1.02278225 1.02059874 1.02496575
865 1.02404006 1.02185090 1.02622922
866 1.02529787 1.02310306 1.02749268
867 1.02655568 1.02435522 1.02875614
868 1.02781349 1.02560738 1.03001961
869 1.02907131 1.02685954 1.03128307
870 1.03032912 1.02811170 1.03254653
871 1.03158693 1.02936386 1.03381000
872 1.03284474 1.03061602 1.03507346
873 1.03410255 1.03186819 1.03633692
874 1.03536037 1.03312035 1.03760039
875 1.03661818 1.03437251 1.03886385
876 1.03787599 1.03562467 1.04012731
877 1.03913380 1.03687683 1.04139078
878 1.04039161 1.03812899 1.04265424
879 1.04164943 1.03938115 1.04391770
880 1.04290724 1.04063331 1.04518117
881 1.04416505 1.04188547 1.04644463
882 1.04542286 1.04313763 1.04770809
883 1.04668067 1.04438979 1.04897156
884 1.04793849 1.04564195 1.05023502
885 1.04919630 1.04689411 1.05149848
886 1.05045411 1.04814628 1.05276195
887 1.05171192 1.04939844 1.05402541
888 1.05296973 1.05065060 1.05528887
889 1.05422755 1.05190276 1.05655234
890 1.05548536 1.05315492 1.05781580
891 1.05674317 1.05440708 1.05907926
892 1.05800098 1.05565924 1.06034272
893 1.05925879 1.05691140 1.06160619
894 1.06051661 1.05816356 1.06286965
895 1.06177442 1.05941572 1.06413311
896 1.06303223 1.06066788 1.06539658
897 1.06429004 1.06192004 1.06666004
898 1.06554785 1.06317220 1.06792350
899 1.06680567 1.06442437 1.06918697
900 1.06806348 1.06567653 1.07045043
901 1.06932129 1.06692869 1.07171389
902 1.07057910 1.06818085 1.07297736
903 1.07183691 1.06943301 1.07424082
904 1.07309473 1.07068517 1.07550428
905 1.07435254 1.07193733 1.07676775
906 1.07561035 1.07318949 1.07803121
907 1.07686816 1.07444165 1.07929467
908 1.07812597 1.07569381 1.08055814
909 1.07938379 1.07694597 1.08182160
910 1.08064160 1.07819813 1.08308506
911 1.08189941 1.07945029 1.08434853
912 1.08315722 1.08070246 1.08561199
913 1.08441503 1.08195462 1.08687545
914 1.08567285 1.08320678 1.08813892
915 1.08693066 1.08445894 1.08940238
916 1.08818847 1.08571110 1.09066584
917 1.08944628 1.08696326 1.09192931
918 1.09070409 1.08821542 1.09319277
919 1.09196191 1.08946758 1.09445623
920 1.09321972 1.09071974 1.09571969
921 1.09447753 1.09197190 1.09698316
922 1.09573534 1.09322406 1.09824662
923 1.09699315 1.09447622 1.09951008
924 1.09825097 1.09572838 1.10077355
925 1.09950878 1.09698055 1.10203701
926 1.10076659 1.09823271 1.10330047
927 1.10202440 1.09948487 1.10456394
928 1.10328221 1.10073703 1.10582740
929 1.10454003 1.10198919 1.10709086
930 1.10579784 1.10324135 1.10835433
931 1.10705565 1.10449351 1.10961779
932 1.10831346 1.10574567 1.11088125
933 1.10957127 1.10699783 1.11214472
934 1.11082909 1.10824999 1.11340818
935 1.11208690 1.10950215 1.11467164
936 1.11334471 1.11075431 1.11593511
937 1.11460252 1.11200647 1.11719857
938 1.11586033 1.11325863 1.11846203
939 1.11711815 1.11451080 1.11972550
940 1.11837596 1.11576296 1.12098896
941 1.11963377 1.11701512 1.12225242
942 1.12089158 1.11826728 1.12351589
943 1.12214939 1.11951944 1.12477935
944 1.12340721 1.12077160 1.12604281
945 1.12466502 1.12202376 1.12730628
946 1.12592283 1.12327592 1.12856974
947 1.12718064 1.12452808 1.12983320
948 1.12843845 1.12578024 1.13109666
949 1.12969627 1.12703240 1.13236013
950 1.13095408 1.12828456 1.13362359
951 1.13221189 1.12953672 1.13488705
952 1.13346970 1.13078889 1.13615052
953 1.13472751 1.13204105 1.13741398
954 1.13598533 1.13329321 1.13867744
955 1.13724314 1.13454537 1.13994091
956 1.13850095 1.13579753 1.14120437
957 1.13975876 1.13704969 1.14246783
958 1.14101657 1.13830185 1.14373130
959 1.14227439 1.13955401 1.14499476
960 1.14353220 1.14080617 1.14625822
961 1.14479001 1.14205833 1.14752169
962 1.14604782 1.14331049 1.14878515
963 1.14730563 1.14456265 1.15004861
964 1.14856345 1.14581481 1.15131208
965 1.14982126 1.14706698 1.15257554
966 1.15107907 1.14831914 1.15383900
967 1.15233688 1.14957130 1.15510247
968 1.15359469 1.15082346 1.15636593
969 1.15485251 1.15207562 1.15762939
970 1.15611032 1.15332778 1.15889286
971 1.15736813 1.15457994 1.16015632
972 1.15862594 1.15583210 1.16141978
973 1.15988375 1.15708426 1.16268325
974 1.16114157 1.15833642 1.16394671
975 1.16239938 1.15958858 1.16521017
976 1.16365719 1.16084074 1.16647363
977 1.16491500 1.16209290 1.16773710
978 1.16617281 1.16334507 1.16900056
979 1.16743063 1.16459723 1.17026402
980 1.16868844 1.16584939 1.17152749
981 1.16994625 1.16710155 1.17279095
982 1.17120406 1.16835371 1.17405441
983 1.17246187 1.16960587 1.17531788
984 1.17371969 1.17085803 1.17658134
985 1.17497750 1.17211019 1.17784480
986 1.17623531 1.17336235 1.17910827
987 1.17749312 1.17461451 1.18037173
988 1.17875093 1.17586667 1.18163519
989 1.18000875 1.17711883 1.18289866
990 1.18126656 1.17837099 1.18416212
991 1.18252437 1.17962316 1.18542558
992 1.18378218 1.18087532 1.18668905
993 1.18503999 1.18212748 1.18795251
994 1.18629781 1.18337964 1.18921597
995 1.18755562 1.18463180 1.19047944
996 1.18881343 1.18588396 1.19174290
997 1.19007124 1.18713612 1.19300636
998 1.19132905 1.18838828 1.19426983
999 1.19258687 1.18964044 1.19553329
1000 1.19384468 1.19089260 1.19679675
1001 1.19510249 1.19214476 1.19806022
1002 1.19636030 1.19339692 1.19932368
1003 1.19761811 1.19464908 1.20058714
1004 1.19887593 1.19590125 1.20185060
1005 1.20013374 1.19715341 1.20311407
1006 1.20139155 1.19840557 1.20437753
1007 1.20264936 1.19965773 1.20564099
1008 1.20390717 1.20090989 1.20690446
1009 1.20516499 1.20216205 1.20816792
1010 1.20642280 1.20341421 1.20943138
1011 1.20768061 1.20466637 1.21069485
1012 1.20893842 1.20591853 1.21195831
1013 1.21019623 1.20717069 1.21322177
1014 1.21145405 1.20842285 1.21448524
1015 1.21271186 1.20967501 1.21574870
1016 1.21396967 1.21092717 1.21701216
1017 1.21522748 1.21217934 1.21827563
1018 1.21648529 1.21343150 1.21953909
1019 1.21774310 1.21468366 1.22080255
1020 1.21900092 1.21593582 1.22206602
1021 1.22025873 1.21718798 1.22332948
1022 1.22151654 1.21844014 1.22459294
1023 1.22277435 1.21969230 1.22585641
1024 1.22403216 1.22094446 1.22711987
1025 1.22528998 1.22219662 1.22838333
1026 1.22654779 1.22344878 1.22964680
1027 1.22780560 1.22470094 1.23091026
1028 1.22906341 1.22595310 1.23217372
1029 1.23032122 1.22720526 1.23343719
1030 1.23157904 1.22845743 1.23470065
1031 1.23283685 1.22970959 1.23596411
1032 1.23409466 1.23096175 1.23722757
1033 1.23535247 1.23221391 1.23849104
1034 1.23661028 1.23346607 1.23975450
1035 1.23786810 1.23471823 1.24101796
1036 1.23912591 1.23597039 1.24228143
1037 1.24038372 1.23722255 1.24354489
1038 1.24164153 1.23847471 1.24480835
1039 1.24289934 1.23972687 1.24607182
1040 1.24415716 1.24097903 1.24733528
1041 1.24541497 1.24223119 1.24859874
1042 1.24667278 1.24348335 1.24986221
1043 1.24793059 1.24473552 1.25112567
1044 1.24918840 1.24598768 1.25238913
1045 1.25044622 1.24723984 1.25365260
1046 1.25170403 1.24849200 1.25491606
1047 1.25296184 1.24974416 1.25617952
1048 1.25421965 1.25099632 1.25744299
1049 1.25547746 1.25224848 1.25870645
1050 1.25673528 1.25350064 1.25996991
1051 1.25799309 1.25475280 1.26123338
1052 1.25925090 1.25600496 1.26249684
1053 1.26050871 1.25725712 1.26376030
1054 1.26176652 1.25850928 1.26502377
1055 1.26302434 1.25976144 1.26628723
1056 1.26428215 1.26101360 1.26755069
1057 1.26553996 1.26226577 1.26881416
1058 1.26679777 1.26351793 1.27007762
1059 1.26805558 1.26477009 1.27134108
1060 1.26931340 1.26602225 1.27260455
1061 1.27057121 1.26727441 1.27386801
1062 1.27182902 1.26852657 1.27513147
1063 1.27308683 1.26977873 1.27639493
1064 1.27434464 1.27103089 1.27765840
1065 1.27560246 1.27228305 1.27892186
1066 1.27686027 1.27353521 1.28018532
1067 1.27811808 1.27478737 1.28144879
1068 1.27937589 1.27603953 1.28271225
1069 1.28063370 1.27729169 1.28397571
1070 1.28189152 1.27854386 1.28523918
1071 1.28314933 1.27979602 1.28650264
1072 1.28440714 1.28104818 1.28776610
1073 1.28566495 1.28230034 1.28902957
1074 1.28692276 1.28355250 1.29029303
1075 1.28818058 1.28480466 1.29155649
1076 1.28943839 1.28605682 1.29281996
1077 1.29069620 1.28730898 1.29408342
1078 1.29195401 1.28856114 1.29534688
1079 1.29321182 1.28981330 1.29661035
1080 1.29446964 1.29106546 1.29787381
1081 1.29572745 1.29231762 1.29913727
1082 1.29698526 1.29356978 1.30040074
1083 1.29824307 1.29482195 1.30166420
1084 1.29950088 1.29607411 1.30292766
1085 1.30075870 1.29732627 1.30419113
1086 1.30201651 1.29857843 1.30545459
1087 1.30327432 1.29983059 1.30671805
1088 1.30453213 1.30108275 1.30798152
1089 1.30578994 1.30233491 1.30924498
1090 1.30704776 1.30358707 1.31050844
1091 1.30830557 1.30483923 1.31177190
1092 1.30956338 1.30609139 1.31303537
1093 1.31082119 1.30734355 1.31429883
1094 1.31207900 1.30859571 1.31556229
1095 1.31333682 1.30984787 1.31682576
1096 1.31459463 1.31110004 1.31808922
1097 1.31585244 1.31235220 1.31935268
1098 1.31711025 1.31360436 1.32061615
1099 1.31836806 1.31485652 1.32187961
1100 1.31962588 1.31610868 1.32314307
1101 1.32088369 1.31736084 1.32440654
1102 1.32214150 1.31861300 1.32567000
1103 1.32349921 1.31996908 1.32702934
1104 1.32485692 1.32132516 1.32838868
1105 1.32621463 1.32268125 1.32974801
1106 1.32757234 1.32403733 1.33110735
1107 1.32893005 1.32539341 1.33246669
1108 1.33028776 1.32674949 1.33382603
1109 1.33164547 1.32810558 1.33518537
1110 1.33300318 1.32946166 1.33654470
1111 1.33436089 1.33081774 1.33790404
1112 1.33571860 1.33217382 1.33926338
1113 1.33707631 1.33352991 1.34062272
1114 1.33843402 1.33488599 1.34198205
1115 1.33979173 1.33624207 1.34334139
1116 1.34114944 1.33759815 1.34470073
1117 1.34250715 1.33895424 1.34606007
1118 1.34386486 1.34031032 1.34741941
1119 1.34522257 1.34166640 1.34877874
1120 1.34658028 1.34302248 1.35013808
1121 1.34793799 1.34437857 1.35149742
1122 1.34929570 1.34573465 1.35285676
1123 1.35065341 1.34709073 1.35421610
1124 1.35201112 1.34844681 1.35557543
1125 1.35336883 1.34980290 1.35693477
1126 1.35472654 1.35115898 1.35829411
1127 1.35608425 1.35251506 1.35965345
1128 1.35744196 1.35387114 1.36101279
1129 1.35879967 1.35522723 1.36237212
1130 1.36015738 1.35658331 1.36373146
1131 1.36151509 1.35793939 1.36509080
1132 1.36287280 1.35929547 1.36645014
1133 1.36423052 1.36065155 1.36780948
1134 1.36558823 1.36200764 1.36916881
1135 1.36694594 1.36336372 1.37052815
1136 1.36830365 1.36471980 1.37188749
1137 1.36966136 1.36607588 1.37324683
1138 1.37101907 1.36743197 1.37460616
1139 1.37237678 1.36878805 1.37596550
1140 1.37373449 1.37014413 1.37732484
1141 1.37509220 1.37150021 1.37868418
1142 1.37644991 1.37285630 1.38004352
1143 1.37780762 1.37421238 1.38140285
1144 1.37916533 1.37556846 1.38276219
1145 1.38052304 1.37692454 1.38412153
1146 1.38188075 1.37828063 1.38548087
1147 1.38323846 1.37963671 1.38684021
1148 1.38459617 1.38099279 1.38819954
1149 1.38595388 1.38234887 1.38955888
1150 1.38731159 1.38370496 1.39091822
1151 1.38866930 1.38506104 1.39227756
1152 1.39002701 1.38641712 1.39363690
1153 1.39138472 1.38777320 1.39499623
1154 1.39274243 1.38912929 1.39635557
1155 1.39410014 1.39048537 1.39771491
1156 1.39545785 1.39184145 1.39907425
1157 1.39681556 1.39319753 1.40043359
1158 1.39817327 1.39455362 1.40179292
1159 1.39953098 1.39590970 1.40315226
1160 1.40088869 1.39726578 1.40451160
1161 1.40224640 1.39862186 1.40587094
1162 1.40360411 1.39997795 1.40723027
1163 1.40496182 1.40133403 1.40858961
1164 1.40631953 1.40269011 1.40994895
1165 1.40767724 1.40404619 1.41130829
1166 1.40903495 1.40540227 1.41266763
1167 1.41039266 1.40675836 1.41402696
1168 1.41175037 1.40811444 1.41538630
1169 1.41310808 1.40947052 1.41674564
1170 1.41446579 1.41082660 1.41810498
1171 1.41582350 1.41218269 1.41946432
1172 1.41718121 1.41353877 1.42082365
1173 1.41853892 1.41489485 1.42218299
1174 1.41989663 1.41625093 1.42354233
1175 1.42125434 1.41760702 1.42490167
1176 1.42261205 1.41896310 1.42626101
1177 1.42396976 1.42031918 1.42762034
1178 1.42532747 1.42167526 1.42897968
1179 1.42668518 1.42303135 1.43033902
1180 1.42804289 1.42438743 1.43169836
1181 1.42940060 1.42574351 1.43305770
1182 1.43075831 1.42709959 1.43441703
1183 1.43211602 1.42845568 1.43577637
1184 1.43347373 1.42981176 1.43713571
1185 1.43483144 1.43116784 1.43849505
1186 1.43618915 1.43252392 1.43985438
1187 1.43754686 1.43388001 1.44121372
1188 1.43890457 1.43523609 1.44257306
1189 1.44026228 1.43659217 1.44393240
1190 1.44161999 1.43794825 1.44529174
1191 1.44297770 1.43930434 1.44665107
1192 1.44433541 1.44066042 1.44801041
1193 1.44569313 1.44201650 1.44936975
1194 1.44705084 1.44337258 1.45072909
1195 1.44840855 1.44472866 1.45208843
1196 1.44976626 1.44608475 1.45344776
1197 1.45112397 1.44744083 1.45480710
1198 1.45248168 1.44879691 1.45616644
1199 1.45383939 1.45015299 1.45752578
1200 1.45519710 1.45150908 1.45888512
1201 1.45655481 1.45286516 1.46024445
1202 1.45791252 1.45422124 1.46160379
1203 1.45927023 1.45557732 1.46296313
1204 1.46062794 1.45693341 1.46432247
1205 1.46198565 1.45828949 1.46568180
1206 1.46334336 1.45964557 1.46704114
1207 1.46470107 1.46100165 1.46840048
1208 1.46605878 1.46235774 1.46975982
1209 1.46741649 1.46371382 1.47111916
1210 1.46877420 1.46506990 1.47247849
1211 1.47013191 1.46642598 1.47383783
1212 1.47148962 1.46778207 1.47519717
1213 1.47284733 1.46913815 1.47655651
1214 1.47420504 1.47049423 1.47791585
1215 1.47556275 1.47185031 1.47927518
1216 1.47692046 1.47320640 1.48063452
1217 1.47827817 1.47456248 1.48199386
1218 1.47963588 1.47591856 1.48335320
1219 1.48099359 1.47727464 1.48471254
1220 1.48235130 1.47863073 1.48607187
1221 1.48370901 1.47998681 1.48743121
1222 1.48506672 1.48134289 1.48879055
1223 1.48642443 1.48269897 1.49014989
1224 1.48778214 1.48405505 1.49150923
1225 1.48913985 1.48541114 1.49286856
1226 1.49049756 1.48676722 1.49422790
1227 1.49185527 1.48812330 1.49558724
1228 1.49321298 1.48947938 1.49694658
1229 1.49457069 1.49083547 1.49830591
1230 1.49592840 1.49219155 1.49966525
1231 1.49728611 1.49354763 1.50102459
1232 1.49864382 1.49490371 1.50238393
1233 1.50000153 1.49625980 1.50374327
1234 1.50135924 1.49761588 1.50510260
1235 1.50271695 1.49897196 1.50646194
1236 1.50407466 1.50032804 1.50782128
1237 1.50543237 1.50168413 1.50918062
1238 1.50679008 1.50304021 1.51053996
1239 1.50814779 1.50439629 1.51189929
1240 1.50950550 1.50575237 1.51325863
1241 1.51086321 1.50710846 1.51461797
1242 1.51222092 1.50846454 1.51597731
1243 1.51357863 1.50982062 1.51733665
1244 1.51493634 1.51117670 1.51869598
1245 1.51629405 1.51253279 1.52005532
1246 1.51765176 1.51388887 1.52141466
1247 1.51900947 1.51524495 1.52277400
1248 1.52036718 1.51660103 1.52413334
1249 1.52172489 1.51795712 1.52549267
1250 1.52308260 1.51931320 1.52685201
1251 1.52444031 1.52066928 1.52821135
1252 1.52579802 1.52202536 1.52957069
1253 1.52715573 1.52338145 1.53093002
1254 1.52851345 1.52473753 1.53228936
1255 1.52987116 1.52609361 1.53364870
1256 1.53122887 1.52744969 1.53500804
1257 1.53258658 1.52880577 1.53636738
1258 1.53394429 1.53016186 1.53772671
1259 1.53530200 1.53151794 1.53908605
1260 1.53665971 1.53287402 1.54044539
1261 1.53801742 1.53423010 1.54180473
1262 1.53937513 1.53558619 1.54316407
1263 1.54073284 1.53694227 1.54452340
1264 1.54209055 1.53829835 1.54588274
1265 1.54344826 1.53965443 1.54724208
1266 1.54480597 1.54101052 1.54860142
1267 1.54616368 1.54236660 1.54996076
1268 1.54752139 1.54372268 1.55132009
1269 1.54887910 1.54507876 1.55267943
1270 1.55023681 1.54643485 1.55403877
1271 1.55159452 1.54779093 1.55539811
1272 1.55295223 1.54914701 1.55675745
1273 1.55430994 1.55050309 1.55811678
1274 1.55566765 1.55185918 1.55947612
1275 1.55702536 1.55321526 1.56083546
1276 1.55838307 1.55457134 1.56219480
1277 1.55974078 1.55592742 1.56355413
1278 1.56109849 1.55728351 1.56491347
1279 1.56245620 1.55863959 1.56627281
1280 1.56381391 1.55999567 1.56763215
1281 1.56517162 1.56135175 1.56899149
1282 1.56652933 1.56270784 1.57035082
1283 1.56788704 1.56406392 1.57171016
1284 1.56924475 1.56542000 1.57306950
1285 1.57060246 1.56677608 1.57442884
1286 1.57196017 1.56813216 1.57578818
1287 1.57331788 1.56948825 1.57714751
1288 1.57467559 1.57084433 1.57850685
1289 1.57603330 1.57220041 1.57986619
1290 1.57739101 1.57355649 1.58122553
1291 1.57874872 1.57491258 1.58258487
1292 1.58010643 1.57626866 1.58394420
1293 1.58146414 1.57762474 1.58530354
1294 1.58282185 1.57898082 1.58666288
1295 1.58417956 1.58033691 1.58802222
1296 1.58553727 1.58169299 1.58938155
1297 1.58689498 1.58304907 1.59074089
1298 1.58825269 1.58440515 1.59210023
1299 1.58961040 1.58576124 1.59345957
1300 1.59096811 1.58711732 1.59481891
1301 1.59232582 1.58847340 1.59617824
1302 1.59368353 1.58982948 1.59753758
1303 1.59504124 1.59118557 1.59889692
1304 1.59639895 1.59254165 1.60025626
1305 1.59775666 1.59389773 1.60161560
1306 1.59911437 1.59525381 1.60297493
1307 1.60047208 1.59660990 1.60433427
1308 1.60182979 1.59796598 1.60569361
1309 1.60318750 1.59932206 1.60705295
1310 1.60454521 1.60067814 1.60841229
1311 1.60590292 1.60203423 1.60977162
1312 1.60726063 1.60339031 1.61113096
1313 1.60861834 1.60474639 1.61249030
1314 1.60997605 1.60610247 1.61384964
1315 1.61133377 1.60745855 1.61520898
1316 1.61269148 1.60881464 1.61656831
1317 1.61404919 1.61017072 1.61792765
1318 1.61540690 1.61152680 1.61928699
1319 1.61676461 1.61288288 1.62064633
1320 1.61812232 1.61423897 1.62200566
1321 1.61948003 1.61559505 1.62336500
1322 1.62083774 1.61695113 1.62472434
1323 1.62219545 1.61830721 1.62608368
1324 1.62355316 1.61966330 1.62744302
1325 1.62491087 1.62101938 1.62880235
1326 1.62626858 1.62237546 1.63016169
1327 1.62762629 1.62373154 1.63152103
1328 1.62898400 1.62508763 1.63288037
1329 1.63034171 1.62644371 1.63423971
1330 1.63169942 1.62779979 1.63559904
1331 1.63305713 1.62915587 1.63695838
1332 1.63441484 1.63051196 1.63831772
1333 1.63577255 1.63186804 1.63967706
1334 1.63713026 1.63322412 1.64103640
1335 1.63848797 1.63458020 1.64239573
1336 1.63984568 1.63593629 1.64375507
1337 1.64120339 1.63729237 1.64511441
1338 1.64256110 1.63864845 1.64647375
1339 1.64391881 1.64000453 1.64783309
1340 1.64527652 1.64136062 1.64919242
1341 1.64663423 1.64271670 1.65055176
1342 1.64799194 1.64407278 1.65191110
1343 1.64934965 1.64542886 1.65327044
1344 1.65070736 1.64678495 1.65462977
1345 1.65206507 1.64814103 1.65598911
1346 1.65342278 1.64949711 1.65734845
1347 1.65478049 1.65085319 1.65870779
1348 1.65613820 1.65220927 1.66006713
1349 1.65749591 1.65356536 1.66142646
1350 1.65885362 1.65492144 1.66278580
1351 1.66021133 1.65627752 1.66414514
1352 1.66156904 1.65763360 1.66550448
1353 1.66292675 1.65898969 1.66686382
1354 1.66428446 1.66034577 1.66822315
1355 1.66564217 1.66170185 1.66958249
1356 1.66699988 1.66305793 1.67094183
1357 1.66835759 1.66441402 1.67230117
1358 1.66971530 1.66577010 1.67366051
1359 1.67107301 1.66712618 1.67501984
1360 1.67243072 1.66848226 1.67637918
1361 1.67378843 1.66983835 1.67773852
1362 1.67514614 1.67119443 1.67909786
1363 1.67650385 1.67255051 1.68045720
1364 1.67786156 1.67390659 1.68181653
1365 1.67921927 1.67526268 1.68317587
1366 1.68057698 1.67661876 1.68453521
1367 1.68193469 1.67797484 1.68589455
1368 1.68329240 1.67933092 1.68725388
1369 1.68465011 1.68068701 1.68861322
1370 1.68600782 1.68204309 1.68997256
1371 1.68736553 1.68339917 1.69133190
1372 1.68872324 1.68475525 1.69269124
1373 1.69008095 1.68611134 1.69405057
1374 1.69143866 1.68746742 1.69540991
1375 1.69279638 1.68882350 1.69676925
1376 1.69415409 1.69017958 1.69812859
1377 1.69551180 1.69153566 1.69948793
1378 1.69686951 1.69289175 1.70084726
1379 1.69822722 1.69424783 1.70220660
1380 1.69958493 1.69560391 1.70356594
1381 1.70094264 1.69695999 1.70492528
1382 1.70230035 1.69831608 1.70628462
1383 1.70365806 1.69967216 1.70764395
1384 1.70501577 1.70102824 1.70900329
1385 1.70637348 1.70238432 1.71036263
1386 1.70773119 1.70374041 1.71172197
1387 1.70908890 1.70509649 1.71308130
1388 1.71044661 1.70645257 1.71444064
1389 1.71180432 1.70780865 1.71579998
1390 1.71316203 1.70916474 1.71715932
1391 1.71451974 1.71052082 1.71851866
1392 1.71587745 1.71187690 1.71987799
1393 1.71723516 1.71323298 1.72123733
1394 1.71859287 1.71458907 1.72259667
1395 1.71995058 1.71594515 1.72395601
1396 1.72130829 1.71730123 1.72531535
1397 1.72266600 1.71865731 1.72667468
1398 1.72402371 1.72001340 1.72803402
1399 1.72538142 1.72136948 1.72939336
1400 1.72673913 1.72272556 1.73075270
1401 1.72809684 1.72408164 1.73211204
1402 1.72945455 1.72543773 1.73347137
1403 1.73081226 1.72679381 1.73483071
1404 1.73216997 1.72814989 1.73619005
1405 1.73352768 1.72950597 1.73754939
1406 1.73488539 1.73086205 1.73890873
1407 1.73624310 1.73221814 1.74026806
1408 1.73760081 1.73357422 1.74162740
1409 1.73895852 1.73493030 1.74298674
1410 1.74031623 1.73628638 1.74434608
1411 1.74167394 1.73764247 1.74570541
1412 1.74303165 1.73899855 1.74706475
1413 1.74438936 1.74035463 1.74842409
1414 1.74574707 1.74171071 1.74978343
1415 1.74710478 1.74306680 1.75114277
1416 1.74846249 1.74442288 1.75250210
1417 1.74982020 1.74577896 1.75386144
1418 1.75117791 1.74713504 1.75522078
1419 1.75253562 1.74849113 1.75658012
1420 1.75389333 1.74984721 1.75793946
1421 1.75525104 1.75120329 1.75929879
1422 1.75660875 1.75255937 1.76065813
1423 1.75796646 1.75391546 1.76201747
1424 1.75932417 1.75527154 1.76337681
1425 1.76068188 1.75662762 1.76473615
1426 1.76203959 1.75798370 1.76609548
1427 1.76339730 1.75933979 1.76745482
1428 1.76475501 1.76069587 1.76881416
1429 1.76611272 1.76205195 1.77017350
1430 1.76747043 1.76340803 1.77153284
1431 1.76882814 1.76476412 1.77289217
1432 1.77018585 1.76612020 1.77425151
1433 1.77154356 1.76747628 1.77561085
1434 1.77290127 1.76883236 1.77697019
1435 1.77425898 1.77018845 1.77832952
1436 1.77561670 1.77154453 1.77968886
1437 1.77697441 1.77290061 1.78104820
1438 1.77833212 1.77425669 1.78240754
1439 1.77968983 1.77561277 1.78376688
1440 1.78104754 1.77696886 1.78512621
1441 1.78240525 1.77832494 1.78648555
1442 1.78376296 1.77968102 1.78784489
1443 1.78512067 1.78103710 1.78920423
1444 1.78647838 1.78239319 1.79056357
1445 1.78783609 1.78374927 1.79192290
1446 1.78919380 1.78510535 1.79328224
1447 1.79055151 1.78646143 1.79464158
1448 1.79190922 1.78781752 1.79600092
1449 1.79326693 1.78917360 1.79736026
1450 1.79462464 1.79052968 1.79871959
1451 1.79598235 1.79188576 1.80007893
1452 1.79734006 1.79324185 1.80143827
1453 1.79869777 1.79459793 1.80279761
1454 1.80005548 1.79595401 1.80415695
1455 1.80141319 1.79731009 1.80551628
1456 1.80277090 1.79866618 1.80687562
1457 1.80412861 1.80002226 1.80823496
1458 1.80548632 1.80137834 1.80959430
1459 1.80684403 1.80273442 1.81095363
1460 1.80820174 1.80409051 1.81231297
1461 1.80955945 1.80544659 1.81367231
1462 1.81091716 1.80680267 1.81503165
1463 1.81227487 1.80815875 1.81639099
1464 1.81363258 1.80951484 1.81775032
1465 1.81499029 1.81087092 1.81910966
1466 1.81634800 1.81222700 1.82046900
1467 1.81774603 1.81361359 1.82187848
1468 1.81914406 1.81500018 1.82328795
1469 1.82054209 1.81638676 1.82469743
1470 1.82194013 1.81777335 1.82610690
1471 1.82333816 1.81915994 1.82751638
1472 1.82473619 1.82054653 1.82892585
1473 1.82613422 1.82193312 1.83033533
1474 1.82753225 1.82331970 1.83174480
1475 1.82893028 1.82470629 1.83315428
1476 1.83032832 1.82609288 1.83456375
1477 1.83172635 1.82747947 1.83597323
1478 1.83312438 1.82886605 1.83738270
1479 1.83452241 1.83025264 1.83879218
1480 1.83592044 1.83163923 1.84020165
1481 1.83731847 1.83302582 1.84161113
1482 1.83871651 1.83441241 1.84302060
1483 1.84011454 1.83579899 1.84443008
1484 1.84151257 1.83718558 1.84583955
1485 1.84291060 1.83857217 1.84724903
1486 1.84430863 1.83995876 1.84865851
1487 1.84570666 1.84134535 1.85006798
1488 1.84710470 1.84273193 1.85147746
1489 1.84850273 1.84411852 1.85288693
1490 1.84990076 1.84550511 1.85429641
1491 1.85129879 1.84689170 1.85570588
1492 1.85269682 1.84827829 1.85711536
1493 1.85409485 1.84966487 1.85852483
1494 1.85549288 1.85105146 1.85993431
1495 1.85689092 1.85243805 1.86134378
1496 1.85828895 1.85382464 1.86275326
1497 1.85968698 1.85521123 1.86416273
1498 1.86108501 1.85659781 1.86557221
1499 1.86248304 1.85798440 1.86698168
1500 1.86388107 1.85937099 1.86839116
1501 1.86527911 1.86075758 1.86980063
1502 1.86667714 1.86214416 1.87121011
1503 1.86807517 1.86353075 1.87261959
1504 1.86947320 1.86491734 1.87402906
1505 1.87087123 1.86630393 1.87543854
1506 1.87226926 1.86769052 1.87684801
1507 1.87366730 1.86907710 1.87825749
1508 1.87506533 1.87046369 1.87966696
1509 1.87646336 1.87185028 1.88107644
1510 1.87786139 1.87323687 1.88248591
1511 1.87925942 1.87462346 1.88389539
1512 1.88065745 1.87601004 1.88530486
1513 1.88205548 1.87739663 1.88671434
1514 1.88345352 1.87878322 1.88812381
1515 1.88485155 1.88016981 1.88953329
1516 1.88624958 1.88155640 1.89094276
1517 1.88764761 1.88294298 1.89235224
1518 1.88904564 1.88432957 1.89376171
1519 1.89044367 1.88571616 1.89517119
1520 1.89184171 1.88710275 1.89658066
1521 1.89323974 1.88848934 1.89799014
1522 1.89463777 1.88987592 1.89939962
1523 1.89603580 1.89126251 1.90080909
1524 1.89743383 1.89264910 1.90221857
1525 1.89883186 1.89403569 1.90362804
1526 1.90022990 1.89542227 1.90503752
1527 1.90162793 1.89680886 1.90644699
1528 1.90302596 1.89819545 1.90785647
1529 1.90442399 1.89958204 1.90926594
1530 1.90582202 1.90096863 1.91067542
1531 1.90722005 1.90235521 1.91208489
1532 1.90861809 1.90374180 1.91349437
1533 1.91001612 1.90512839 1.91490384
1534 1.91141415 1.90651498 1.91631332
1535 1.91281218 1.90790157 1.91772279
1536 1.91421021 1.90928815 1.91913227
1537 1.91560824 1.91067474 1.92054174
1538 1.91700627 1.91206133 1.92195122
1539 1.91840431 1.91344792 1.92336070
1540 1.91980234 1.91483451 1.92477017
1541 1.92120037 1.91622109 1.92617965
1542 1.92259840 1.91760768 1.92758912
1543 1.92399643 1.91899427 1.92899860
1544 1.92539446 1.92038086 1.93040807
1545 1.92679250 1.92176745 1.93181755
1546 1.92819053 1.92315403 1.93322702
1547 1.92958856 1.92454062 1.93463650
1548 1.93098659 1.92592721 1.93604597
1549 1.93238462 1.92731380 1.93745545
1550 1.93378265 1.92870038 1.93886492
1551 1.93518069 1.93008697 1.94027440
1552 1.93657872 1.93147356 1.94168387
1553 1.93797675 1.93286015 1.94309335
1554 1.93937478 1.93424674 1.94450282
1555 1.94077281 1.93563332 1.94591230
1556 1.94217084 1.93701991 1.94732177
1557 1.94356888 1.93840650 1.94873125
1558 1.94496691 1.93979309 1.95014073
1559 1.94636494 1.94117968 1.95155020
1560 1.94776297 1.94256626 1.95295968
1561 1.94916100 1.94395285 1.95436915
1562 1.95055903 1.94533944 1.95577863
1563 1.95195706 1.94672603 1.95718810
1564 1.95335510 1.94811262 1.95859758
1565 1.95475313 1.94949920 1.96000705
1566 1.95615116 1.95088579 1.96141653
1567 1.95754919 1.95227238 1.96282600
1568 1.95894722 1.95365897 1.96423548
1569 1.96034525 1.95504555 1.96564495
1570 1.96174329 1.95643214 1.96705443
1571 1.96314132 1.95781873 1.96846390
1572 1.96453935 1.95920532 1.96987338
1573 1.96593738 1.96059191 1.97128285
1574 1.96733541 1.96197849 1.97269233
1575 1.96873344 1.96336508 1.97410180
1576 1.97013148 1.96475167 1.97551128
1577 1.97152951 1.96613826 1.97692076
1578 1.97292754 1.96752485 1.97833023
1579 1.97432557 1.96891143 1.97973971
1580 1.97572360 1.97029802 1.98114918
1581 1.97712163 1.97168461 1.98255866
1582 1.97851966 1.97307120 1.98396813
1583 1.97991770 1.97445779 1.98537761
1584 1.98131573 1.97584437 1.98678708
1585 1.98271376 1.97723096 1.98819656
1586 1.98411179 1.97861755 1.98960603
1587 1.98550982 1.98000414 1.99101551
1588 1.98690785 1.98139073 1.99242498
1589 1.98830589 1.98277731 1.99383446
1590 1.98970392 1.98416390 1.99524393
1591 1.99110195 1.98555049 1.99665341
1592 1.99249998 1.98693708 1.99806288
1593 1.99389801 1.98832366 1.99947236
1594 1.99529604 1.98971025 2.00088184
1595 1.99669408 1.99109684 2.00229131
1596 1.99809211 1.99248343 2.00370079
1597 1.99949014 1.99387002 2.00511026
1598 2.00088817 1.99525660 2.00651974
1599 2.00228620 1.99664319 2.00792921
1600 2.00368423 1.99802978 2.00933869
1601 2.00508227 1.99941637 2.01074816
1602 2.00648030 2.00080296 2.01215764
1603 2.00787833 2.00218954 2.01356711
1604 2.00927636 2.00357613 2.01497659
1605 2.01067439 2.00496272 2.01638606
1606 2.01207242 2.00634931 2.01779554
1607 2.01347045 2.00773590 2.01920501
1608 2.01486849 2.00912248 2.02061449
1609 2.01626652 2.01050907 2.02202396
1610 2.01766455 2.01189566 2.02343344
1611 2.01906258 2.01328225 2.02484291
1612 2.02046061 2.01466884 2.02625239
1613 2.02185864 2.01605542 2.02766187
1614 2.02325668 2.01744201 2.02907134
1615 2.02465471 2.01882860 2.03048082
1616 2.02605274 2.02021519 2.03189029
1617 2.02745077 2.02160177 2.03329977
1618 2.02884880 2.02298836 2.03470924
1619 2.03024683 2.02437495 2.03611872
1620 2.03164487 2.02576154 2.03752819
1621 2.03304290 2.02714813 2.03893767
1622 2.03444093 2.02853471 2.04034714
1623 2.03583896 2.02992130 2.04175662
1624 2.03723699 2.03130789 2.04316609
1625 2.03863502 2.03269448 2.04457557
1626 2.04003305 2.03408107 2.04598504
1627 2.04143109 2.03546765 2.04739452
1628 2.04282912 2.03685424 2.04880399
1629 2.04422715 2.03824083 2.05021347
1630 2.04562518 2.03962742 2.05162295
1631 2.04702321 2.04101401 2.05303242
1632 2.04842124 2.04240059 2.05444190
1633 2.04981928 2.04378718 2.05585137
1634 2.05121731 2.04517377 2.05726085
1635 2.05261534 2.04656036 2.05867032
1636 2.05401337 2.04794695 2.06007980
1637 2.05541140 2.04933353 2.06148927
1638 2.05680943 2.05072012 2.06289875
1639 2.05820747 2.05210671 2.06430822
1640 2.05960550 2.05349330 2.06571770
1641 2.06100353 2.05487988 2.06712717
1642 2.06240156 2.05626647 2.06853665
1643 2.06379959 2.05765306 2.06994612
1644 2.06519762 2.05903965 2.07135560
1645 2.06659566 2.06042624 2.07276507
1646 2.06799369 2.06181282 2.07417455
1647 2.06939172 2.06319941 2.07558402
1648 2.07078975 2.06458600 2.07699350
1649 2.07218778 2.06597259 2.07840298
1650 2.07358581 2.06735918 2.07981245
1651 2.07498384 2.06874576 2.08122193
1652 2.07638188 2.07013235 2.08263140
1653 2.07777991 2.07151894 2.08404088
1654 2.07917794 2.07290553 2.08545035
1655 2.08057597 2.07429212 2.08685983
1656 2.08197400 2.07567870 2.08826930
1657 2.08337203 2.07706529 2.08967878
1658 2.08477007 2.07845188 2.09108825
1659 2.08616810 2.07983847 2.09249773
1660 2.08756613 2.08122505 2.09390720
1661 2.08896416 2.08261164 2.09531668
1662 2.09036219 2.08399823 2.09672615
1663 2.09176022 2.08538482 2.09813563
1664 2.09315826 2.08677141 2.09954510
1665 2.09455629 2.08815799 2.10095458
1666 2.09595432 2.08954458 2.10236405
1667 2.09735235 2.09093117 2.10377353
1668 2.09875038 2.09231776 2.10518301
1669 2.10014841 2.09370435 2.10659248
1670 2.10154645 2.09509093 2.10800196
1671 2.10294448 2.09647752 2.10941143
1672 2.10434251 2.09786411 2.11082091
1673 2.10574054 2.09925070 2.11223038
1674 2.10713857 2.10063729 2.11363986
1675 2.10853660 2.10202387 2.11504933
1676 2.10993463 2.10341046 2.11645881
1677 2.11133267 2.10479705 2.11786828
1678 2.11273070 2.10618364 2.11927776
1679 2.11412873 2.10757023 2.12068723
1680 2.11552676 2.10895681 2.12209671
1681 2.11692479 2.11034340 2.12350618
1682 2.11832282 2.11172999 2.12491566
1683 2.11972086 2.11311658 2.12632513
1684 2.12111889 2.11450316 2.12773461
1685 2.12251692 2.11588975 2.12914409
1686 2.12391495 2.11727634 2.13055356
1687 2.12531298 2.11866293 2.13196304
1688 2.12671101 2.12004952 2.13337251
1689 2.12810905 2.12143610 2.13478199
1690 2.12950708 2.12282269 2.13619146
1691 2.13090511 2.12420928 2.13760094
1692 2.13230314 2.12559587 2.13901041
1693 2.13370117 2.12698246 2.14041989
1694 2.13509920 2.12836904 2.14182936
1695 2.13649723 2.12975563 2.14323884
1696 2.13789527 2.13114222 2.14464831
1697 2.13929330 2.13252881 2.14605779
1698 2.14069133 2.13391540 2.14746726
1699 2.14208936 2.13530198 2.14887674
1700 2.14348739 2.13668857 2.15028621
1701 2.14488542 2.13807516 2.15169569
1702 2.14628346 2.13946175 2.15310516
1703 2.14768149 2.14084834 2.15451464
1704 2.14907952 2.14223492 2.15592412
1705 2.15047755 2.14362151 2.15733359
1706 2.15187558 2.14500810 2.15874307
1707 2.15327361 2.14639469 2.16015254
1708 2.15467165 2.14778127 2.16156202
1709 2.15606968 2.14916786 2.16297149
1710 2.15746771 2.15055445 2.16438097
1711 2.15886574 2.15194104 2.16579044
1712 2.16026377 2.15332763 2.16719992
1713 2.16166180 2.15471421 2.16860939
1714 2.16305984 2.15610080 2.17001887
1715 2.16445787 2.15748739 2.17142834
1716 2.16585590 2.15887398 2.17283782
1717 2.16725393 2.16026057 2.17424729
1718 2.16865196 2.16164715 2.17565677
1719 2.17004999 2.16303374 2.17706624
1720 2.17144802 2.16442033 2.17847572
1721 2.17284606 2.16580692 2.17988520
1722 2.17424409 2.16719351 2.18129467
1723 2.17564212 2.16858009 2.18270415
1724 2.17704015 2.16996668 2.18411362
1725 2.17843818 2.17135327 2.18552310
1726 2.17983621 2.17273986 2.18693257
1727 2.18123425 2.17412645 2.18834205
1728 2.18263228 2.17551303 2.18975152
1729 2.18403031 2.17689962 2.19116100
1730 2.18542834 2.17828621 2.19257047
1731 2.18682637 2.17967280 2.19397995
1732 2.18822440 2.18105938 2.19538942
1733 2.18962244 2.18244597 2.19679890
1734 2.19102047 2.18383256 2.19820837
1735 2.19241850 2.18521915 2.19961785
1736 2.19381653 2.18660574 2.20102732
1737 2.19521456 2.18799232 2.20243680
1738 2.19661259 2.18937891 2.20384627
1739 2.19801063 2.19076550 2.20525575
1740 2.19940866 2.19215209 2.20666523
1741 2.20080669 2.19353868 2.20807470
1742 2.20220472 2.19492526 2.20948418
1743 2.20360275 2.19631185 2.21089365
1744 2.20500078 2.19769844 2.21230313
1745 2.20639881 2.19908503 2.21371260
1746 2.20779685 2.20047162 2.21512208
1747 2.20919488 2.20185820 2.21653155
1748 2.21059291 2.20324479 2.21794103
1749 2.21199094 2.20463138 2.21935050
1750 2.21338897 2.20601797 2.22075998
1751 2.21478700 2.20740455 2.22216945
1752 2.21618504 2.20879114 2.22357893
1753 2.21758307 2.21017773 2.22498840
1754 2.21898110 2.21156432 2.22639788
1755 2.22037913 2.21295091 2.22780735
1756 2.22177716 2.21433749 2.22921683
1757 2.22317519 2.21572408 2.23062630
1758 2.22457323 2.21711067 2.23203578
1759 2.22597126 2.21849726 2.23344526
1760 2.22736929 2.21988385 2.23485473
1761 2.22876732 2.22127043 2.23626421
1762 2.23016535 2.22265702 2.23767368
1763 2.23156338 2.22404361 2.23908316
1764 2.23296141 2.22543020 2.24049263
1765 2.23435945 2.22681679 2.24190211
1766 2.23575748 2.22820337 2.24331158
1767 2.23715551 2.22958996 2.24472106
1768 2.23855354 2.23097655 2.24613053
1769 2.23995157 2.23236314 2.24754001
1770 2.24134960 2.23374973 2.24894948
1771 2.24274764 2.23513631 2.25035896
1772 2.24414567 2.23652290 2.25176843
1773 2.24554370 2.23790949 2.25317791
1774 2.24694173 2.23929608 2.25458738
1775 2.24833976 2.24068266 2.25599686
1776 2.24973779 2.24206925 2.25740634
1777 2.25113583 2.24345584 2.25881581
1778 2.25253386 2.24484243 2.26022529
1779 2.25393189 2.24622902 2.26163476
1780 2.25532992 2.24761560 2.26304424
1781 2.25672795 2.24900219 2.26445371
1782 2.25812598 2.25038878 2.26586319
1783 2.25952402 2.25177537 2.26727266
1784 2.26092205 2.25316196 2.26868214
1785 2.26232008 2.25454854 2.27009161
1786 2.26371811 2.25593513 2.27150109
1787 2.26511614 2.25732172 2.27291056
1788 2.26651417 2.25870831 2.27432004
1789 2.26791220 2.26009490 2.27572951
1790 2.26931024 2.26148148 2.27713899
1791 2.27070827 2.26286807 2.27854846
1792 2.27210630 2.26425466 2.27995794
1793 2.27350433 2.26564125 2.28136741
1794 2.27490236 2.26702784 2.28277689
1795 2.27630039 2.26841442 2.28418637
1796 2.27769843 2.26980101 2.28559584
1797 2.27909646 2.27118760 2.28700532
1798 2.28049449 2.27257419 2.28841479
1799 2.28189252 2.27396077 2.28982427
1800 2.28329055 2.27534736 2.29123374
1801 2.28468858 2.27673395 2.29264322
1802 2.28608662 2.27812054 2.29405269
1803 2.28748465 2.27950713 2.29546217
1804 2.28888268 2.28089371 2.29687164
1805 2.29028071 2.28228030 2.29828112
1806 2.29167874 2.28366689 2.29969059
1807 2.29307677 2.28505348 2.30110007
1808 2.29447480 2.28644007 2.30250954
1809 2.29587284 2.28782665 2.30391902
1810 2.29727087 2.28921324 2.30532849
1811 2.29866890 2.29059983 2.30673797
1812 2.30006693 2.29198642 2.30814745
1813 2.30146496 2.29337301 2.30955692
1814 2.30286299 2.29475959 2.31096640
1815 2.30426103 2.29614618 2.31237587
1816 2.30565906 2.29753277 2.31378535
1817 2.30705709 2.29891936 2.31519482
1818 2.30845512 2.30030595 2.31660430
1819 2.30985315 2.30169253 2.31801377
1820 2.31125118 2.30307912 2.31942325
1821 2.31264922 2.30446571 2.32083272
1822 2.31404725 2.30585230 2.32224220
1823 2.31544528 2.30723888 2.32365167
1824 2.31684331 2.30862547 2.32506115
1825 2.31824134 2.31001206 2.32647062
1826 2.31963937 2.31139865 2.32788010
1827 2.32103741 2.31278524 2.32928957
1828 2.32243544 2.31417182 2.33069905
1829 2.32383347 2.31555841 2.33210852
1830 2.32523150 2.31694500 2.33351800
