1 -1.55833333 -1.88333333 -1.23333333
2 -1.55833333 -1.88333333 -1.23333333
3 -1.55833333 -1.88333333 -1.23333333
4 0.00000000 0.00000000 0.00000000
5 -1.33000000 -1.39000000 -1.27000000
6 -2.66666666 -2.73000000 -2.60333333
7 -4.00333333 -4.07000000 -3.93666666
8 -5.34000000 -5.41000000 -5.27000000
9 -6.67666666 -6.75000000 -6.60333333
10 -8.01333333 -8.09000000 -7.93666666
11 -9.35000000 -9.43000000 -9.27000000
12 -10.59857142 -10.69000000 -10.50714285
13 -11.84714285 -11.95000000 -11.74428571
14 -13.09571428 -13.21000000 -12.98142857
15 -14.34428571 -14.47000000 -14.21857142
16 -15.59285714 -15.73000000 -15.45571428
17 -16.84142857 -16.99000000 -16.69285714
18 -18.09000000 -18.25000000 -17.93000000
19 -19.32785714 -19.49428571 -19.16142857
20 -20.56571428 -20.73857142 -20.39285714
21 -21.80357142 -21.98285714 -21.62428571
22 -23.04142857 -23.22714285 -22.85571428
23 -24.27928571 -24.47142857 -24.08714285
24 -25.51714285 -25.71571428 -25.31857142
25 -26.75500000 -26.96000000 -26.55000000
26 -28.07722222 -28.29333333 -27.86111111
27 -29.39944444 -29.62666666 -29.17222222
28 -30.72166666 -30.96000000 -30.48333333
29 -32.04388888 -32.29333333 -31.79444444
30 -33.36611111 -33.62666666 -33.10555555
31 -34.68833333 -34.96000000 -34.41666666
32 -36.01055555 -36.29333333 -35.72777777
33 -37.33277777 -37.62666666 -37.03888888
34 -38.65500000 -38.96000000 -38.35000000
35 -39.90937500 -40.21562500 -39.60312500
36 -41.16375000 -41.47125000 -40.85625000
37 -42.41812500 -42.72687500 -42.10937500
38 -43.67250000 -43.98250000 -43.36250000
39 -44.92687500 -45.23812500 -44.61562500
40 -46.18125000 -46.49375000 -45.86875000
41 -47.43562500 -47.74937500 -47.12187500
42 -48.69000000 -49.00500000 -48.37500000
43 -49.94437500 -50.26062500 -49.62812500
44 -51.19875000 -51.51625000 -50.88125000
45 -52.45312500 -52.77187500 -52.13437500
46 -53.70750000 -54.02750000 -53.38750000
47 -54.96187500 -55.28312500 -54.64062500
48 -56.21625000 -56.53875000 -55.89375000
49 -57.47062500 -57.79437500 -57.14687500
50 -58.72500000 -59.05000000 -58.40000000
51 -59.97937500 -60.30562500 -59.65312500
52 -61.23375000 -61.56125000 -60.90625000
53 -62.48812500 -62.81687500 -62.15937500
54 -63.74250000 -64.07250000 -63.41250000
55 -64.99687500 -65.32812500 -64.66562500
56 -66.25125000 -66.58375000 -65.91875000
57 -67.50562500 -67.83937500 -67.17187500
58 -68.76000000 -69.09500000 -68.42500000
59 -70.01437500 -70.35062500 -69.67812500
60 -71.26875000 -71.60625000 -70.93125000
61 -72.52312500 -72.86187500 -72.18437500
62 -73.77750000 -74.11750000 -73.43750000
63 -75.03187500 -75.37312500 -74.69062500
64 -76.28625000 -76.62875000 -75.94375000
65 -77.54062500 -77.88437500 -77.19687500
66 -78.79500000 -79.14000000 -78.45000000
67 -80.05833333 -80.40633333 -79.71033333
68 -81.32166666 -81.67266666 -80.97066666
69 -82.58500000 -82.93900000 -82.23100000
70 -83.84833333 -84.20533333 -83.49133333
71 -85.11166666 -85.47166666 -84.75166666
72 -86.37500000 -86.73800000 -86.01200000
73 -87.63833333 -88.00433333 -87.27233333
74 -88.90166666 -89.27066666 -88.53266666
75 -90.16500000 -90.53700000 -89.79300000
76 -91.42833333 -91.80333333 -91.05333333
77 -92.69166666 -93.06966666 -92.31366666
78 -93.95500000 -94.33600000 -93.57400000
79 -95.21833333 -95.60233333 -94.83433333
80 -96.48166666 -96.86866666 -96.09466666
81 -97.74500000 -98.13500000 -97.35500000
82 -99.00833333 -99.40133333 -98.61533333
83 -100.27166666 -100.66766666 -99.87566666
84 -101.53500000 -101.93400000 -101.13600000
85 -102.79833333 -103.20033333 -102.39633333
86 -104.06166666 -104.46666666 -103.65666666
87 -105.32500000 -105.73300000 -104.91700000
88 -106.58833333 -106.99933333 -106.17733333
89 -107.85166666 -108.26566666 -107.43766666
90 -109.11500000 -109.53200000 -108.69800000
91 -110.37833333 -110.79833333 -109.95833333
92 -111.64166666 -112.06466666 -111.21866666
93 -112.90500000 -113.33100000 -112.47900000
94 -114.16833333 -114.59733333 -113.73933333
95 -115.43166666 -115.86366666 -114.99966666
96 -116.69500000 -117.13000000 -116.26000000
97 -117.99550000 -118.43666666 -117.55433333
98 -119.29600000 -119.74333333 -118.84866666
99 -120.59650000 -121.05000000 -120.14300000
100 -121.89700000 -122.35666666 -121.43733333
101 -123.19750000 -123.66333333 -122.73166666
102 -124.49800000 -124.97000000 -124.02600000
103 -125.79850000 -126.27666666 -125.32033333
104 -127.09900000 -127.58333333 -126.61466666
105 -128.39950000 -128.89000000 -127.90900000
106 -129.70000000 -130.19666666 -129.20333333
107 -131.00050000 -131.50333333 -130.49766666
108 -132.30100000 -132.81000000 -131.79200000
109 -133.60150000 -134.11666666 -133.08633333
110 -134.90200000 -135.42333333 -134.38066666
111 -136.20250000 -136.73000000 -135.67500000
112 -137.50300000 -138.03666666 -136.96933333
113 -138.80350000 -139.34333333 -138.26366666
114 -140.10400000 -140.65000000 -139.55800000
115 -141.40450000 -141.95666666 -140.85233333
116 -142.70500000 -143.26333333 -142.14666666
117 -144.00550000 -144.57000000 -143.44100000
118 -145.30600000 -145.87666666 -144.73533333
119 -146.60650000 -147.18333333 -146.02966666
120 -147.90700000 -148.49000000 -147.32400000
121 -149.20750000 -149.79666666 -148.61833333
122 -150.50800000 -151.10333333 -149.91266666
123 -151.80850000 -152.41000000 -151.20700000
124 -153.10900000 -153.71666666 -152.50133333
125 -154.40950000 -155.02333333 -153.79566666
126 -155.71000000 -156.33000000 -155.09000000
127 -156.98612903 -157.61354838 -156.35870967
128 -158.26225806 -158.89709677 -157.62741935
129 -159.53838709 -160.18064516 -158.89612903
130 -160.81451612 -161.46419354 -160.16483870
131 -162.09064516 -162.74774193 -161.43354838
132 -163.36677419 -164.03129032 -162.70225806
133 -164.64290322 -165.31483870 -163.97096774
134 -165.91903225 -166.59838709 -165.23967741
135 -167.19516129 -167.88193548 -166.50838709
136 -168.47129032 -169.16548387 -167.77709677
137 -169.74741935 -170.44903225 -169.04580645
138 -171.02354838 -171.73258064 -170.31451612
139 -172.29967741 -173.01612903 -171.58322580
140 -173.57580645 -174.29967741 -172.85193548
141 -174.85193548 -175.58322580 -174.12064516
142 -176.12806451 -176.86677419 -175.38935483
143 -177.40419354 -178.15032258 -176.65806451
144 -178.68032258 -179.43387096 -177.92677419
145 -179.95645161 -180.71741935 -179.19548387
146 -181.23258064 -182.00096774 -180.46419354
147 -182.50870967 -183.28451612 -181.73290322
148 -183.78483870 -184.56806451 -183.00161290
149 -185.06096774 -185.85161290 -184.27032258
150 -186.33709677 -187.13516129 -185.53903225
151 -187.61322580 -188.41870967 -186.80774193
152 -188.88935483 -189.70225806 -188.07645161
153 -190.16548387 -190.98580645 -189.34516129
154 -191.44161290 -192.26935483 -190.61387096
155 -192.71774193 -193.55290322 -191.88258064
156 -193.99387096 -194.83645161 -193.15129032
157 -195.27000000 -196.12000000 -194.42000000
158 -196.53466666 -197.39033333 -195.67900000
159 -197.79933333 -198.66066666 -196.93800000
160 -199.06400000 -199.93100000 -198.19700000
161 -200.32866666 -201.20133333 -199.45600000
162 -201.59333333 -202.47166666 -200.71500000
163 -202.85800000 -203.74200000 -201.97400000
164 -204.12266666 -205.01233333 -203.23300000
165 -205.38733333 -206.28266666 -204.49200000
166 -206.65200000 -207.55300000 -205.75100000
167 -207.91666666 -208.82333333 -207.01000000
168 -209.18133333 -210.09366666 -208.26900000
169 -210.44600000 -211.36400000 -209.52800000
170 -211.71066666 -212.63433333 -210.78700000
171 -212.97533333 -213.90466666 -212.04600000
172 -214.24000000 -215.17500000 -213.30500000
173 -215.50466666 -216.44533333 -214.56400000
174 -216.76933333 -217.71566666 -215.82300000
175 -218.03400000 -218.98600000 -217.08200000
176 -219.29866666 -220.25633333 -218.34100000
177 -220.56333333 -221.52666666 -219.60000000
178 -221.82800000 -222.79700000 -220.85900000
179 -223.09266666 -224.06733333 -222.11800000
180 -224.35733333 -225.33766666 -223.37700000
181 -225.62200000 -226.60800000 -224.63600000
182 -226.88666666 -227.87833333 -225.89500000
183 -228.15133333 -229.14866666 -227.15400000
184 -229.41600000 -230.41900000 -228.41300000
185 -230.68066666 -231.68933333 -229.67200000
186 -231.94533333 -232.95966666 -230.93100000
187 -233.21000000 -234.23000000 -232.19000000
188 -234.59661764 -235.61617647 -233.57705882
189 -235.98323529 -237.00235294 -234.96411764
190 -237.36985294 -238.38852941 -236.35117647
191 -238.75647058 -239.77470588 -237.73823529
192 -240.14308823 -241.16088235 -239.12529411
193 -241.52970588 -242.54705882 -240.51235294
194 -242.91632352 -243.93323529 -241.89941176
195 -244.30294117 -245.31941176 -243.28647058
196 -245.68955882 -246.70558823 -244.67352941
197 -247.07617647 -248.09176470 -246.06058823
198 -248.46279411 -249.47794117 -247.44764705
199 -249.84941176 -250.86411764 -248.83470588
200 -251.23602941 -252.25029411 -250.22176470
201 -252.62264705 -253.63647058 -251.60882352
202 -254.00926470 -255.02264705 -252.99588235
203 -255.39588235 -256.40882352 -254.38294117
204 -256.78250000 -257.79500000 -255.77000000
205 -258.16911764 -259.18117647 -257.15705882
206 -259.55573529 -260.56735294 -258.54411764
207 -260.94235294 -261.95352941 -259.93117647
208 -262.32897058 -263.33970588 -261.31823529
209 -263.71558823 -264.72588235 -262.70529411
210 -265.10220588 -266.11205882 -264.09235294
211 -266.48882352 -267.49823529 -265.47941176
212 -267.87544117 -268.88441176 -266.86647058
213 -269.26205882 -270.27058823 -268.25352941
214 -270.64867647 -271.65676470 -269.64058823
215 -272.03529411 -273.04294117 -271.02764705
216 -273.42191176 -274.42911764 -272.41470588
217 -274.80852941 -275.81529411 -273.80176470
218 -276.19514705 -277.20147058 -275.18882352
219 -277.58176470 -278.58764705 -276.57588235
220 -278.96838235 -279.97382352 -277.96294117
221 -280.35500000 -281.36000000 -279.35000000
222 -281.62964285 -282.64321428 -280.61607142
223 -282.90428571 -283.92642857 -281.88214285
224 -284.17892857 -285.20964285 -283.14821428
225 -285.45357142 -286.49285714 -284.41428571
226 -286.72821428 -287.77607142 -285.68035714
227 -288.00285714 -289.05928571 -286.94642857
228 -289.27750000 -290.34250000 -288.21250000
229 -290.55214285 -291.62571428 -289.47857142
230 -291.82678571 -292.90892857 -290.74464285
231 -293.10142857 -294.19214285 -292.01071428
232 -294.37607142 -295.47535714 -293.27678571
233 -295.65071428 -296.75857142 -294.54285714
234 -296.92535714 -298.04178571 -295.80892857
235 -298.20000000 -299.32500000 -297.07500000
236 -299.47464285 -300.60821428 -298.34107142
237 -300.74928571 -301.89142857 -299.60714285
238 -302.02392857 -303.17464285 -300.87321428
239 -303.29857142 -304.45785714 -302.13928571
240 -304.57321428 -305.74107142 -303.40535714
241 -305.84785714 -307.02428571 -304.67142857
242 -307.12250000 -308.30750000 -305.93750000
243 -308.39714285 -309.59071428 -307.20357142
244 -309.67178571 -310.87392857 -308.46964285
245 -310.94642857 -312.15714285 -309.73571428
246 -312.22107142 -313.44035714 -311.00178571
247 -313.49571428 -314.72357142 -312.26785714
248 -314.77035714 -316.00678571 -313.53392857
249 -316.04500000 -317.29000000 -314.80000000
250 -317.30696428 -318.56464285 -316.04928571
251 -318.56892857 -319.83928571 -317.29857142
252 -319.83089285 -321.11392857 -318.54785714
253 -321.09285714 -322.38857142 -319.79714285
254 -322.35482142 -323.66321428 -321.04642857
255 -323.61678571 -324.93785714 -322.29571428
256 -324.87875000 -326.21250000 -323.54500000
257 -326.14071428 -327.48714285 -324.79428571
258 -327.40267857 -328.76178571 -326.04357142
259 -328.66464285 -330.03642857 -327.29285714
260 -329.92660714 -331.31107142 -328.54214285
261 -331.18857142 -332.58571428 -329.79142857
262 -332.45053571 -333.86035714 -331.04071428
263 -333.71250000 -335.13500000 -332.29000000
264 -334.97446428 -336.40964285 -333.53928571
265 -336.23642857 -337.68428571 -334.78857142
266 -337.49839285 -338.95892857 -336.03785714
267 -338.76035714 -340.23357142 -337.28714285
268 -340.02232142 -341.50821428 -338.53642857
269 -341.28428571 -342.78285714 -339.78571428
270 -342.54625000 -344.05750000 -341.03500000
271 -343.80821428 -345.33214285 -342.28428571
272 -345.07017857 -346.60678571 -343.53357142
273 -346.33214285 -347.88142857 -344.78285714
274 -347.59410714 -349.15607142 -346.03214285
275 -348.85607142 -350.43071428 -347.28142857
276 -350.11803571 -351.70535714 -348.53071428
277 -351.38000000 -352.98000000 -349.78000000
278 -352.67145161 -354.27677419 -351.06612903
279 -353.96290322 -355.57354838 -352.35225806
280 -355.25435483 -356.87032258 -353.63838709
281 -356.54580645 -358.16709677 -354.92451612
282 -357.83725806 -359.46387096 -356.21064516
283 -359.12870967 -360.76064516 -357.49677419
284 -360.42016129 -362.05741935 -358.78290322
285 -361.71161290 -363.35419354 -360.06903225
286 -363.00306451 -364.65096774 -361.35516129
287 -364.29451612 -365.94774193 -362.64129032
288 -365.58596774 -367.24451612 -363.92741935
289 -366.87741935 -368.54129032 -365.21354838
290 -368.16887096 -369.83806451 -366.49967741
291 -369.46032258 -371.13483870 -367.78580645
292 -370.75177419 -372.43161290 -369.07193548
293 -372.04322580 -373.72838709 -370.35806451
294 -373.33467741 -375.02516129 -371.64419354
295 -374.62612903 -376.32193548 -372.93032258
296 -375.91758064 -377.61870967 -374.21645161
297 -377.20903225 -378.91548387 -375.50258064
298 -378.50048387 -380.21225806 -376.78870967
299 -379.79193548 -381.50903225 -378.07483870
300 -381.08338709 -382.80580645 -379.36096774
301 -382.37483870 -384.10258064 -380.64709677
302 -383.66629032 -385.39935483 -381.93322580
303 -384.95774193 -386.69612903 -383.21935483
304 -386.24919354 -387.99290322 -384.50548387
305 -387.54064516 -389.28967741 -385.79161290
306 -388.83209677 -390.58645161 -387.07774193
307 -390.12354838 -391.88322580 -388.36387096
308 -391.41500000 -393.18000000 -389.65000000
309 -392.69677419 -394.47677419 -390.91677419
310 -393.97854838 -395.77354838 -392.18354838
311 -395.26032258 -397.07032258 -393.45032258
312 -396.54209677 -398.36709677 -394.71709677
313 -397.82387096 -399.66387096 -395.98387096
314 -399.10564516 -400.96064516 -397.25064516
315 -400.38741935 -402.25741935 -398.51741935
316 -401.66919354 -403.55419354 -399.78419354
317 -402.95096774 -404.85096774 -401.05096774
318 -404.23274193 -406.14774193 -402.31774193
319 -405.51451612 -407.44451612 -403.58451612
320 -406.79629032 -408.74129032 -404.85129032
321 -408.07806451 -410.03806451 -406.11806451
322 -409.35983870 -411.33483870 -407.38483870
323 -410.64161290 -412.63161290 -408.65161290
324 -411.92338709 -413.92838709 -409.91838709
325 -413.20516129 -415.22516129 -411.18516129
326 -414.48693548 -416.52193548 -412.45193548
327 -415.76870967 -417.81870967 -413.71870967
328 -417.05048387 -419.11548387 -414.98548387
329 -418.33225806 -420.41225806 -416.25225806
330 -419.61403225 -421.70903225 -417.51903225
331 -420.89580645 -423.00580645 -418.78580645
332 -422.17758064 -424.30258064 -420.05258064
333 -423.45935483 -425.59935483 -421.31935483
334 -424.74112903 -426.89612903 -422.58612903
335 -426.02290322 -428.19290322 -423.85290322
336 -427.30467741 -429.48967741 -425.11967741
337 -428.58645161 -430.78645161 -426.38645161
338 -429.86822580 -432.08322580 -427.65322580
339 -431.15000000 -433.38000000 -428.92000000
340 -432.41650000 -434.64633333 -430.18666666
341 -433.68300000 -435.91266666 -431.45333333
342 -434.94950000 -437.17900000 -432.72000000
343 -436.21600000 -438.44533333 -433.98666666
344 -437.48250000 -439.71166666 -435.25333333
345 -438.74900000 -440.97800000 -436.52000000
346 -440.01550000 -442.24433333 -437.78666666
347 -441.28200000 -443.51066666 -439.05333333
348 -442.54850000 -444.77700000 -440.32000000
349 -443.81500000 -446.04333333 -441.58666666
350 -445.08150000 -447.30966666 -442.85333333
351 -446.34800000 -448.57600000 -444.12000000
352 -447.61450000 -449.84233333 -445.38666666
353 -448.88100000 -451.10866666 -446.65333333
354 -450.14750000 -452.37500000 -447.92000000
355 -451.41400000 -453.64133333 -449.18666666
356 -452.68050000 -454.90766666 -450.45333333
357 -453.94700000 -456.17400000 -451.72000000
358 -455.21350000 -457.44033333 -452.98666666
359 -456.48000000 -458.70666666 -454.25333333
360 -457.74650000 -459.97300000 -455.52000000
361 -459.01300000 -461.23933333 -456.78666666
362 -460.27950000 -462.50566666 -458.05333333
363 -461.54600000 -463.77200000 -459.32000000
364 -462.81250000 -465.03833333 -460.58666666
365 -464.07900000 -466.30466666 -461.85333333
366 -465.34550000 -467.57100000 -463.12000000
367 -466.61200000 -468.83733333 -464.38666666
368 -467.87850000 -470.10366666 -465.65333333
369 -469.14500000 -471.37000000 -466.92000000
370 -470.35255434 -472.61065217 -468.09445652
371 -471.56010869 -473.85130434 -469.26891304
372 -472.76766304 -475.09195652 -470.44336956
373 -473.97521739 -476.33260869 -471.61782608
374 -475.18277173 -477.57326086 -472.79228260
375 -476.39032608 -478.81391304 -473.96673913
376 -477.59788043 -480.05456521 -475.14119565
377 -478.80543478 -481.29521739 -476.31565217
378 -480.01298913 -482.53586956 -477.49010869
379 -481.22054347 -483.77652173 -478.66456521
380 -482.42809782 -485.01717391 -479.83902173
381 -483.63565217 -486.25782608 -481.01347826
382 -484.84320652 -487.49847826 -482.18793478
383 -486.05076086 -488.73913043 -483.36239130
384 -487.25831521 -489.97978260 -484.53684782
385 -488.46586956 -491.22043478 -485.71130434
386 -489.67342391 -492.46108695 -486.88576086
387 -490.88097826 -493.70173913 -488.06021739
388 -492.08853260 -494.94239130 -489.23467391
389 -493.29608695 -496.18304347 -490.40913043
390 -494.50364130 -497.42369565 -491.58358695
391 -495.71119565 -498.66434782 -492.75804347
392 -496.91875000 -499.90500000 -493.93250000
393 -498.12630434 -501.14565217 -495.10695652
394 -499.33385869 -502.38630434 -496.28141304
395 -500.54141304 -503.62695652 -497.45586956
396 -501.74896739 -504.86760869 -498.63032608
397 -502.95652173 -506.10826086 -499.80478260
398 -504.16407608 -507.34891304 -500.97923913
399 -505.37163043 -508.58956521 -502.15369565
400 -506.57918478 -509.83021739 -503.32815217
401 -507.78673913 -511.07086956 -504.50260869
402 -508.99429347 -512.31152173 -505.67706521
403 -510.20184782 -513.55217391 -506.85152173
404 -511.40940217 -514.79282608 -508.02597826
405 -512.61695652 -516.03347826 -509.20043478
406 -513.82451086 -517.27413043 -510.37489130
407 -515.03206521 -518.51478260 -511.54934782
408 -516.23961956 -519.75543478 -512.72380434
409 -517.44717391 -520.99608695 -513.89826086
410 -518.65472826 -522.23673913 -515.07271739
411 -519.86228260 -523.47739130 -516.24717391
412 -521.06983695 -524.71804347 -517.42163043
413 -522.27739130 -525.95869565 -518.59608695
414 -523.48494565 -527.19934782 -519.77054347
415 -524.69250000 -528.44000000 -520.94500000
416 -525.90005434 -529.68065217 -522.11945652
417 -527.10760869 -530.92130434 -523.29391304
418 -528.31516304 -532.16195652 -524.46836956
419 -529.52271739 -533.40260869 -525.64282608
420 -530.73027173 -534.64326086 -526.81728260
421 -531.93782608 -535.88391304 -527.99173913
422 -533.14538043 -537.12456521 -529.16619565
423 -534.35293478 -538.36521739 -530.34065217
424 -535.56048913 -539.60586956 -531.51510869
425 -536.76804347 -540.84652173 -532.68956521
426 -537.97559782 -542.08717391 -533.86402173
427 -539.18315217 -543.32782608 -535.03847826
428 -540.39070652 -544.56847826 -536.21293478
429 -541.59826086 -545.80913043 -537.38739130
430 -542.80581521 -547.04978260 -538.56184782
431 -544.01336956 -548.29043478 -539.73630434
432 -545.22092391 -549.53108695 -540.91076086
433 -546.42847826 -550.77173913 -542.08521739
434 -547.63603260 -552.01239130 -543.25967391
435 -548.84358695 -553.25304347 -544.43413043
436 -550.05114130 -554.49369565 -545.60858695
437 -551.25869565 -555.73434782 -546.78304347
438 -552.46625000 -556.97500000 -547.95750000
439 -553.67380434 -558.21565217 -549.13195652
440 -554.88135869 -559.45630434 -550.30641304
441 -556.08891304 -560.69695652 -551.48086956
442 -557.29646739 -561.93760869 -552.65532608
443 -558.50402173 -563.17826086 -553.82978260
444 -559.71157608 -564.41891304 -555.00423913
445 -560.91913043 -565.65956521 -556.17869565
446 -562.12668478 -566.90021739 -557.35315217
447 -563.33423913 -568.14086956 -558.52760869
448 -564.54179347 -569.38152173 -559.70206521
449 -565.74934782 -570.62217391 -560.87652173
450 -566.95690217 -571.86282608 -562.05097826
451 -568.16445652 -573.10347826 -563.22543478
452 -569.37201086 -574.34413043 -564.39989130
453 -570.57956521 -575.58478260 -565.57434782
454 -571.78711956 -576.82543478 -566.74880434
455 -572.99467391 -578.06608695 -567.92326086
456 -574.20222826 -579.30673913 -569.09771739
457 -575.40978260 -580.54739130 -570.27217391
458 -576.61733695 -581.78804347 -571.44663043
459 -577.82489130 -583.02869565 -572.62108695
460 -579.03244565 -584.26934782 -573.79554347
461 -580.24000000 -585.51000000 -574.97000000
462 -581.37620879 -586.65890109 -576.09351648
463 -582.51241758 -587.80780219 -577.21703296
464 -583.64862637 -588.95670329 -578.34054945
465 -584.78483516 -590.10560439 -579.46406593
466 -585.92104395 -591.25450549 -580.58758241
467 -587.05725274 -592.40340659 -581.71109890
468 -588.19346153 -593.55230769 -582.83461538
469 -589.32967032 -594.70120879 -583.95813186
470 -590.46587912 -595.85010989 -585.08164835
471 -591.60208791 -596.99901098 -586.20516483
472 -592.73829670 -598.14791208 -587.32868131
473 -593.87450549 -599.29681318 -588.45219780
474 -595.01071428 -600.44571428 -589.57571428
475 -596.14692307 -601.59461538 -590.69923076
476 -597.28313186 -602.74351648 -591.82274725
477 -598.41934065 -603.89241758 -592.94626373
478 -599.55554945 -605.04131868 -594.06978021
479 -600.69175824 -606.19021978 -595.19329670
480 -601.82796703 -607.33912087 -596.31681318
481 -602.96417582 -608.48802197 -597.44032967
482 -604.10038461 -609.63692307 -598.56384615
483 -605.23659340 -610.78582417 -599.68736263
484 -606.37280219 -611.93472527 -600.81087912
485 -607.50901098 -613.08362637 -601.93439560
486 -608.64521978 -614.23252747 -603.05791208
487 -609.78142857 -615.38142857 -604.18142857
488 -610.91763736 -616.53032967 -605.30494505
489 -612.05384615 -617.67923076 -606.42846153
490 -613.19005494 -618.82813186 -607.55197802
491 -614.32626373 -619.97703296 -608.67549450
492 -615.46247252 -621.12593406 -609.79901098
493 -616.59868131 -622.27483516 -610.92252747
494 -617.73489010 -623.42373626 -612.04604395
495 -618.87109890 -624.57263736 -613.16956043
496 -620.00730769 -625.72153846 -614.29307692
497 -621.14351648 -626.87043956 -615.41659340
498 -622.27972527 -628.01934065 -616.54010989
499 -623.41593406 -629.16824175 -617.66362637
500 -624.55214285 -630.31714285 -618.78714285
501 -625.68835164 -631.46604395 -619.91065934
502 -626.82456043 -632.61494505 -621.03417582
503 -627.96076923 -633.76384615 -622.15769230
504 -629.09697802 -634.91274725 -623.28120879
505 -630.23318681 -636.06164835 -624.40472527
506 -631.36939560 -637.21054945 -625.52824175
507 -632.50560439 -638.35945054 -626.65175824
508 -633.64181318 -639.50835164 -627.77527472
509 -634.77802197 -640.65725274 -628.89879120
510 -635.91423076 -641.80615384 -630.02230769
511 -637.05043956 -642.95505494 -631.14582417
512 -638.18664835 -644.10395604 -632.26934065
513 -639.32285714 -645.25285714 -633.39285714
514 -640.45906593 -646.40175824 -634.51637362
515 -641.59527472 -647.55065934 -635.63989010
516 -642.73148351 -648.69956043 -636.76340659
517 -643.86769230 -649.84846153 -637.88692307
518 -645.00390109 -650.99736263 -639.01043956
519 -646.14010989 -652.14626373 -640.13395604
520 -647.27631868 -653.29516483 -641.25747252
521 -648.41252747 -654.44406593 -642.38098901
522 -649.54873626 -655.59296703 -643.50450549
523 -650.68494505 -656.74186813 -644.62802197
524 -651.82115384 -657.89076923 -645.75153846
525 -652.95736263 -659.03967032 -646.87505494
526 -654.09357142 -660.18857142 -647.99857142
527 -655.22978021 -661.33747252 -649.12208791
528 -656.36598901 -662.48637362 -650.24560439
529 -657.50219780 -663.63527472 -651.36912087
530 -658.63840659 -664.78417582 -652.49263736
531 -659.77461538 -665.93307692 -653.61615384
532 -660.91082417 -667.08197802 -654.73967032
533 -662.04703296 -668.23087912 -655.86318681
534 -663.18324175 -669.37978021 -656.98670329
535 -664.31945054 -670.52868131 -658.11021978
536 -665.45565934 -671.67758241 -659.23373626
537 -666.59186813 -672.82648351 -660.35725274
538 -667.72807692 -673.97538461 -661.48076923
539 -668.86428571 -675.12428571 -662.60428571
540 -670.00049450 -676.27318681 -663.72780219
541 -671.13670329 -677.42208791 -664.85131868
542 -672.27291208 -678.57098901 -665.97483516
543 -673.40912087 -679.71989010 -667.09835164
544 -674.54532967 -680.86879120 -668.22186813
545 -675.68153846 -682.01769230 -669.34538461
546 -676.81774725 -683.16659340 -670.46890109
547 -677.95395604 -684.31549450 -671.59241758
548 -679.09016483 -685.46439560 -672.71593406
549 -680.22637362 -686.61329670 -673.83945054
550 -681.36258241 -687.76219780 -674.96296703
551 -682.49879120 -688.91109890 -676.08648351
552 -683.63500000 -690.06000000 -677.21000000
553 -684.70901098 -691.15824175 -678.25978021
554 -685.78302197 -692.25648351 -679.30956043
555 -686.85703296 -693.35472527 -680.35934065
556 -687.93104395 -694.45296703 -681.40912087
557 -689.00505494 -695.55120879 -682.45890109
558 -690.07906593 -696.64945054 -683.50868131
559 -691.15307692 -697.74769230 -684.55846153
560 -692.22708791 -698.84593406 -685.60824175
561 -693.30109890 -699.94417582 -686.65802197
562 -694.37510989 -701.04241758 -687.70780219
563 -695.44912087 -702.14065934 -688.75758241
564 -696.52313186 -703.23890109 -689.80736263
565 -697.59714285 -704.33714285 -690.85714285
566 -698.67115384 -705.43538461 -691.90692307
567 -699.74516483 -706.53362637 -692.95670329
568 -700.81917582 -707.63186813 -694.00648351
569 -701.89318681 -708.73010989 -695.05626373
570 -702.96719780 -709.82835164 -696.10604395
571 -704.04120879 -710.92659340 -697.15582417
572 -705.11521978 -712.02483516 -698.20560439
573 -706.18923076 -713.12307692 -699.25538461
574 -707.26324175 -714.22131868 -700.30516483
575 -708.33725274 -715.31956043 -701.35494505
576 -709.41126373 -716.41780219 -702.40472527
577 -710.48527472 -717.51604395 -703.45450549
578 -711.55928571 -718.61428571 -704.50428571
579 -712.63329670 -719.71252747 -705.55406593
580 -713.70730769 -720.81076923 -706.60384615
581 -714.78131868 -721.90901098 -707.65362637
582 -715.85532967 -723.00725274 -708.70340659
583 -716.92934065 -724.10549450 -709.75318681
584 -718.00335164 -725.20373626 -710.80296703
585 -719.07736263 -726.30197802 -711.85274725
586 -720.15137362 -727.40021978 -712.90252747
587 -721.22538461 -728.49846153 -713.95230769
588 -722.29939560 -729.59670329 -715.00208791
589 -723.37340659 -730.69494505 -716.05186813
590 -724.44741758 -731.79318681 -717.10164835
591 -725.52142857 -732.89142857 -718.15142857
592 -726.59543956 -733.98967032 -719.20120879
593 -727.66945054 -735.08791208 -720.25098901
594 -728.74346153 -736.18615384 -721.30076923
595 -729.81747252 -737.28439560 -722.35054945
596 -730.89148351 -738.38263736 -723.40032967
597 -731.96549450 -739.48087912 -724.45010989
598 -733.03950549 -740.57912087 -725.49989010
599 -734.11351648 -741.67736263 -726.54967032
600 -735.18752747 -742.77560439 -727.59945054
601 -736.26153846 -743.87384615 -728.64923076
602 -737.33554945 -744.97208791 -729.69901098
603 -738.40956043 -746.07032967 -730.74879120
604 -739.48357142 -747.16857142 -731.79857142
605 -740.55758241 -748.26681318 -732.84835164
606 -741.63159340 -749.36505494 -733.89813186
607 -742.70560439 -750.46329670 -734.94791208
608 -743.77961538 -751.56153846 -735.99769230
609 -744.85362637 -752.65978021 -737.04747252
610 -745.92763736 -753.75802197 -738.09725274
611 -747.00164835 -754.85626373 -739.14703296
612 -748.07565934 -755.95450549 -740.19681318
613 -749.14967032 -757.05274725 -741.24659340
614 -750.22368131 -758.15098901 -742.29637362
615 -751.29769230 -759.24923076 -743.34615384
616 -752.37170329 -760.34747252 -744.39593406
617 -753.44571428 -761.44571428 -745.44571428
618 -754.51972527 -762.54395604 -746.49549450
619 -755.59373626 -763.64219780 -747.54527472
620 -756.66774725 -764.74043956 -748.59505494
621 -757.74175824 -765.83868131 -749.64483516
622 -758.81576923 -766.93692307 -750.69461538
623 -759.88978021 -768.03516483 -751.74439560
624 -760.96379120 -769.13340659 -752.79417582
625 -762.03780219 -770.23164835 -753.84395604
626 -763.11181318 -771.32989010 -754.89373626
627 -764.18582417 -772.42813186 -755.94351648
628 -765.25983516 -773.52637362 -756.99329670
629 -766.33384615 -774.62461538 -758.04307692
630 -767.40785714 -775.72285714 -759.09285714
631 -768.48186813 -776.82109890 -760.14263736
632 -769.55587912 -777.91934065 -761.19241758
633 -770.62989010 -779.01758241 -762.24219780
634 -771.70390109 -780.11582417 -763.29197802
635 -772.77791208 -781.21406593 -764.34175824
636 -773.85192307 -782.31230769 -765.39153846
637 -774.92593406 -783.41054945 -766.44131868
638 -775.99994505 -784.50879120 -767.49109890
639 -777.07395604 -785.60703296 -768.54087912
640 -778.14796703 -786.70527472 -769.59065934
641 -779.22197802 -787.80351648 -770.64043956
642 -780.29598901 -788.90175824 -771.69021978
643 -781.37000000 -790.00000000 -772.74000000
644 -782.38722826 -790.98565217 -773.78880434
645 -783.40445652 -791.97130434 -774.83760869
646 -784.42168478 -792.95695652 -775.88641304
647 -785.43891304 -793.94260869 -776.93521739
648 -786.45614130 -794.92826086 -777.98402173
649 -787.47336956 -795.91391304 -779.03282608
650 -788.49059782 -796.89956521 -780.08163043
651 -789.50782608 -797.88521739 -781.13043478
652 -790.52505434 -798.87086956 -782.17923913
653 -791.54228260 -799.85652173 -783.22804347
654 -792.55951086 -800.84217391 -784.27684782
655 -793.57673913 -801.82782608 -785.32565217
656 -794.59396739 -802.81347826 -786.37445652
657 -795.61119565 -803.79913043 -787.42326086
658 -796.62842391 -804.78478260 -788.47206521
659 -797.64565217 -805.77043478 -789.52086956
660 -798.66288043 -806.75608695 -790.56967391
661 -799.68010869 -807.74173913 -791.61847826
662 -800.69733695 -808.72739130 -792.66728260
663 -801.71456521 -809.71304347 -793.71608695
664 -802.73179347 -810.69869565 -794.76489130
665 -803.74902173 -811.68434782 -795.81369565
666 -804.76625000 -812.67000000 -796.86250000
667 -805.78347826 -813.65565217 -797.91130434
668 -806.80070652 -814.64130434 -798.96010869
669 -807.81793478 -815.62695652 -800.00891304
670 -808.83516304 -816.61260869 -801.05771739
671 -809.85239130 -817.59826086 -802.10652173
672 -810.86961956 -818.58391304 -803.15532608
673 -811.88684782 -819.56956521 -804.20413043
674 -812.90407608 -820.55521739 -805.25293478
675 -813.92130434 -821.54086956 -806.30173913
676 -814.93853260 -822.52652173 -807.35054347
677 -815.95576086 -823.51217391 -808.39934782
678 -816.97298913 -824.49782608 -809.44815217
679 -817.99021739 -825.48347826 -810.49695652
680 -819.00744565 -826.46913043 -811.54576086
681 -820.02467391 -827.45478260 -812.59456521
682 -821.04190217 -828.44043478 -813.64336956
683 -822.05913043 -829.42608695 -814.69217391
684 -823.07635869 -830.41173913 -815.74097826
685 -824.09358695 -831.39739130 -816.78978260
686 -825.11081521 -832.38304347 -817.83858695
687 -826.12804347 -833.36869565 -818.88739130
688 -827.14527173 -834.35434782 -819.93619565
689 -828.16250000 -835.34000000 -820.98500000
690 -829.17972826 -836.32565217 -822.03380434
691 -830.19695652 -837.31130434 -823.08260869
692 -831.21418478 -838.29695652 -824.13141304
693 -832.23141304 -839.28260869 -825.18021739
694 -833.24864130 -840.26826086 -826.22902173
695 -834.26586956 -841.25391304 -827.27782608
696 -835.28309782 -842.23956521 -828.32663043
697 -836.30032608 -843.22521739 -829.37543478
698 -837.31755434 -844.21086956 -830.42423913
699 -838.33478260 -845.19652173 -831.47304347
700 -839.35201086 -846.18217391 -832.52184782
701 -840.36923913 -847.16782608 -833.57065217
702 -841.38646739 -848.15347826 -834.61945652
703 -842.40369565 -849.13913043 -835.66826086
704 -843.42092391 -850.12478260 -836.71706521
705 -844.43815217 -851.11043478 -837.76586956
706 -845.45538043 -852.09608695 -838.81467391
707 -846.47260869 -853.08173913 -839.86347826
708 -847.48983695 -854.06739130 -840.91228260
709 -848.50706521 -855.05304347 -841.96108695
710 -849.52429347 -856.03869565 -843.00989130
711 -850.54152173 -857.02434782 -844.05869565
712 -851.55875000 -858.01000000 -845.10750000
713 -852.57597826 -858.99565217 -846.15630434
714 -853.59320652 -859.98130434 -847.20510869
715 -854.61043478 -860.96695652 -848.25391304
716 -855.62766304 -861.95260869 -849.30271739
717 -856.64489130 -862.93826086 -850.35152173
718 -857.66211956 -863.92391304 -851.40032608
719 -858.67934782 -864.90956521 -852.44913043
720 -859.69657608 -865.89521739 -853.49793478
721 -860.71380434 -866.88086956 -854.54673913
722 -861.73103260 -867.86652173 -855.59554347
723 -862.74826086 -868.85217391 -856.64434782
724 -863.76548913 -869.83782608 -857.69315217
725 -864.78271739 -870.82347826 -858.74195652
726 -865.79994565 -871.80913043 -859.79076086
727 -866.81717391 -872.79478260 -860.83956521
728 -867.83440217 -873.78043478 -861.88836956
729 -868.85163043 -874.76608695 -862.93717391
730 -869.86885869 -875.75173913 -863.98597826
731 -870.88608695 -876.73739130 -865.03478260
732 -871.90331521 -877.72304347 -866.08358695
733 -872.92054347 -878.70869565 -867.13239130
734 -873.93777173 -879.69434782 -868.18119565
735 -874.95500000 -880.68000000 -869.23000000
736 -875.87128065 -881.61632152 -870.12623978
737 -876.78756130 -882.55264305 -871.02247956
738 -877.70384196 -883.48896457 -871.91871934
739 -878.62012261 -884.42528610 -872.81495912
740 -879.53640326 -885.36160762 -873.71119891
741 -880.45268392 -886.29792915 -874.60743869
742 -881.36896457 -887.23425068 -875.50367847
743 -882.28524523 -888.17057220 -876.39991825
744 -883.20152588 -889.10689373 -877.29615803
745 -884.11780653 -890.04321525 -878.19239782
746 -885.03408719 -890.97953678 -879.08863760
747 -885.95036784 -891.91585831 -879.98487738
748 -886.86664850 -892.85217983 -880.88111716
749 -887.78292915 -893.78850136 -881.77735694
750 -888.69920980 -894.72482288 -882.67359673
751 -889.61549046 -895.66114441 -883.56983651
752 -890.53177111 -896.59746594 -884.46607629
753 -891.44805177 -897.53378746 -885.36231607
754 -892.36433242 -898.47010899 -886.25855585
755 -893.28061307 -899.40643051 -887.15479564
756 -894.19689373 -900.34275204 -888.05103542
757 -895.11317438 -901.27907356 -888.94727520
758 -896.02945504 -902.21539509 -889.84351498
759 -896.94573569 -903.15171662 -890.73975476
760 -897.86201634 -904.08803814 -891.63599455
761 -898.77829700 -905.02435967 -892.53223433
762 -899.69457765 -905.96068119 -893.42847411
763 -900.61085831 -906.89700272 -894.32471389
764 -901.52713896 -907.83332425 -895.22095367
765 -902.44341961 -908.76964577 -896.11719346
766 -903.35970027 -909.70596730 -897.01343324
767 -904.27598092 -910.64228882 -897.90967302
768 -905.19226158 -911.57861035 -898.80591280
769 -906.10854223 -912.51493188 -899.70215258
770 -907.02482288 -913.45125340 -900.59839237
771 -907.94110354 -914.38757493 -901.49463215
772 -908.85738419 -915.32389645 -902.39087193
773 -909.77366485 -916.26021798 -903.28711171
774 -910.68994550 -917.19653950 -904.18335149
775 -911.60622615 -918.13286103 -905.07959128
776 -912.52250681 -919.06918256 -905.97583106
777 -913.43878746 -920.00550408 -906.87207084
778 -914.35506811 -920.94182561 -907.76831062
779 -915.27134877 -921.87814713 -908.66455040
780 -916.18762942 -922.81446866 -909.56079019
781 -917.10391008 -923.75079019 -910.45702997
782 -918.02019073 -924.68711171 -911.35326975
783 -918.93647138 -925.62343324 -912.24950953
784 -919.85275204 -926.55975476 -913.14574931
785 -920.76903269 -927.49607629 -914.04198910
786 -921.68531335 -928.43239782 -914.93822888
787 -922.60159400 -929.36871934 -915.83446866
788 -923.51787465 -930.30504087 -916.73070844
789 -924.43415531 -931.24136239 -917.62694822
790 -925.35043596 -932.17768392 -918.52318801
791 -926.26671662 -933.11400544 -919.41942779
792 -927.18299727 -934.05032697 -920.31566757
793 -928.09927792 -934.98664850 -921.21190735
794 -929.01555858 -935.92297002 -922.10814713
795 -929.93183923 -936.85929155 -923.00438692
796 -930.84811989 -937.79561307 -923.90062670
797 -931.76440054 -938.73193460 -924.79686648
798 -932.68068119 -939.66825613 -925.69310626
799 -933.59696185 -940.60457765 -926.58934604
800 -934.51324250 -941.54089918 -927.48558583
801 -935.42952316 -942.47722070 -928.38182561
802 -936.34580381 -943.41354223 -929.27806539
803 -937.26208446 -944.34986376 -930.17430517
804 -938.17836512 -945.28618528 -931.07054495
805 -939.09464577 -946.22250681 -931.96678474
806 -940.01092643 -947.15882833 -932.86302452
807 -940.92720708 -948.09514986 -933.75926430
808 -941.84348773 -949.03147138 -934.65550408
809 -942.75976839 -949.96779291 -935.55174386
810 -943.67604904 -950.90411444 -936.44798365
811 -944.59232970 -951.84043596 -937.34422343
812 -945.50861035 -952.77675749 -938.24046321
813 -946.42489100 -953.71307901 -939.13670299
814 -947.34117166 -954.64940054 -940.03294277
815 -948.25745231 -955.58572207 -940.92918256
816 -949.17373297 -956.52204359 -941.82542234
817 -950.09001362 -957.45836512 -942.72166212
818 -951.00629427 -958.39468664 -943.61790190
819 -951.92257493 -959.33100817 -944.51414168
820 -952.83885558 -960.26732970 -945.41038147
821 -953.75513623 -961.20365122 -946.30662125
822 -954.67141689 -962.13997275 -947.20286103
823 -955.58769754 -963.07629427 -948.09910081
824 -956.50397820 -964.01261580 -948.99534059
825 -957.42025885 -964.94893732 -949.89158038
826 -958.33653950 -965.88525885 -950.78782016
827 -959.25282016 -966.82158038 -951.68405994
828 -960.16910081 -967.75790190 -952.58029972
829 -961.08538147 -968.69422343 -953.47653950
830 -962.00166212 -969.63054495 -954.37277929
831 -962.91794277 -970.56686648 -955.26901907
832 -963.83422343 -971.50318801 -956.16525885
833 -964.75050408 -972.43950953 -957.06149863
834 -965.66678474 -973.37583106 -957.95773841
835 -966.58306539 -974.31215258 -958.85397820
836 -967.49934604 -975.24847411 -959.75021798
837 -968.41562670 -976.18479564 -960.64645776
838 -969.33190735 -977.12111716 -961.54269754
839 -970.24818801 -978.05743869 -962.43893732
840 -971.16446866 -978.99376021 -963.33517711
841 -972.08074931 -979.93008174 -964.23141689
842 -972.99702997 -980.86640326 -965.12765667
843 -973.91331062 -981.80272479 -966.02389645
844 -974.82959128 -982.73904632 -966.92013623
845 -975.74587193 -983.67536784 -967.81637602
846 -976.66215258 -984.61168937 -968.71261580
847 -977.57843324 -985.54801089 -969.60885558
848 -978.49471389 -986.48433242 -970.50509536
849 -979.41099455 -987.42065395 -971.40133514
850 -980.32727520 -988.35697547 -972.29757493
851 -981.24355585 -989.29329700 -973.19381471
852 -982.15983651 -990.22961852 -974.09005449
853 -983.07611716 -991.16594005 -974.98629427
854 -983.99239782 -992.10226158 -975.88253405
855 -984.90867847 -993.03858310 -976.77877384
856 -985.82495912 -993.97490463 -977.67501362
857 -986.74123978 -994.91122615 -978.57125340
858 -987.65752043 -995.84754768 -979.46749318
859 -988.57380108 -996.78386920 -980.36373297
860 -989.49008174 -997.72019073 -981.25997275
861 -990.40636239 -998.65651226 -982.15621253
862 -991.32264305 -999.59283378 -983.05245231
863 -992.23892370 -1000.52915531 -983.94869209
864 -993.15520435 -1001.46547683 -984.84493188
865 -994.07148501 -1002.40179836 -985.74117166
866 -994.98776566 -1003.33811989 -986.63741144
867 -995.90404632 -1004.27444141 -987.53365122
868 -996.82032697 -1005.21076294 -988.42989100
869 -997.73660762 -1006.14708446 -989.32613079
870 -998.65288828 -1007.08340599 -990.22237057
871 -999.56916893 -1008.01972752 -991.11861035
872 -1000.48544959 -1008.95604904 -992.01485013
873 -1001.40173024 -1009.89237057 -992.91108991
874 -1002.31801089 -1010.82869209 -993.80732970
875 -1003.23429155 -1011.76501362 -994.70356948
876 -1004.15057220 -1012.70133514 -995.59980926
877 -1005.06685286 -1013.63765667 -996.49604904
878 -1005.98313351 -1014.57397820 -997.39228882
879 -1006.89941416 -1015.51029972 -998.28852861
880 -1007.81569482 -1016.44662125 -999.18476839
881 -1008.73197547 -1017.38294277 -1000.08100817
882 -1009.64825613 -1018.31926430 -1000.97724795
883 -1010.56453678 -1019.25558583 -1001.87348773
884 -1011.48081743 -1020.19190735 -1002.76972752
885 -1012.39709809 -1021.12822888 -1003.66596730
886 -1013.31337874 -1022.06455040 -1004.56220708
887 -1014.22965940 -1023.00087193 -1005.45844686
888 -1015.14594005 -1023.93719346 -1006.35468664
889 -1016.06222070 -1024.87351498 -1007.25092643
890 -1016.97850136 -1025.80983651 -1008.14716621
891 -1017.89478201 -1026.74615803 -1009.04340599
892 -1018.81106267 -1027.68247956 -1009.93964577
893 -1019.72734332 -1028.61880108 -1010.83588555
894 -1020.64362397 -1029.55512261 -1011.73212534
895 -1021.55990463 -1030.49144414 -1012.62836512
896 -1022.47618528 -1031.42776566 -1013.52460490
897 -1023.39246594 -1032.36408719 -1014.42084468
898 -1024.30874659 -1033.30040871 -1015.31708446
899 -1025.22502724 -1034.23673024 -1016.21332425
900 -1026.14130790 -1035.17305177 -1017.10956403
901 -1027.05758855 -1036.10937329 -1018.00580381
902 -1027.97386920 -1037.04569482 -1018.90204359
903 -1028.89014986 -1037.98201634 -1019.79828337
904 -1029.80643051 -1038.91833787 -1020.69452316
905 -1030.72271117 -1039.85465940 -1021.59076294
906 -1031.63899182 -1040.79098092 -1022.48700272
907 -1032.55527247 -1041.72730245 -1023.38324250
908 -1033.47155313 -1042.66362397 -1024.27948228
909 -1034.38783378 -1043.59994550 -1025.17572207
910 -1035.30411444 -1044.53626703 -1026.07196185
911 -1036.22039509 -1045.47258855 -1026.96820163
912 -1037.13667574 -1046.40891008 -1027.86444141
913 -1038.05295640 -1047.34523160 -1028.76068119
914 -1038.96923705 -1048.28155313 -1029.65692098
915 -1039.88551771 -1049.21787465 -1030.55316076
916 -1040.80179836 -1050.15419618 -1031.44940054
917 -1041.71807901 -1051.09051771 -1032.34564032
918 -1042.63435967 -1052.02683923 -1033.24188010
919 -1043.55064032 -1052.96316076 -1034.13811989
920 -1044.46692098 -1053.89948228 -1035.03435967
921 -1045.38320163 -1054.83580381 -1035.93059945
922 -1046.29948228 -1055.77212534 -1036.82683923
923 -1047.21576294 -1056.70844686 -1037.72307901
924 -1048.13204359 -1057.64476839 -1038.61931880
925 -1049.04832425 -1058.58108991 -1039.51555858
926 -1049.96460490 -1059.51741144 -1040.41179836
927 -1050.88088555 -1060.45373297 -1041.30803814
928 -1051.79716621 -1061.39005449 -1042.20427792
929 -1052.71344686 -1062.32637602 -1043.10051771
930 -1053.62972752 -1063.26269754 -1043.99675749
931 -1054.54600817 -1064.19901907 -1044.89299727
932 -1055.46228882 -1065.13534059 -1045.78923705
933 -1056.37856948 -1066.07166212 -1046.68547683
934 -1057.29485013 -1067.00798365 -1047.58171662
935 -1058.21113079 -1067.94430517 -1048.47795640
936 -1059.12741144 -1068.88062670 -1049.37419618
937 -1060.04369209 -1069.81694822 -1050.27043596
938 -1060.95997275 -1070.75326975 -1051.16667574
939 -1061.87625340 -1071.68959128 -1052.06291553
940 -1062.79253405 -1072.62591280 -1052.95915531
941 -1063.70881471 -1073.56223433 -1053.85539509
942 -1064.62509536 -1074.49855585 -1054.75163487
943 -1065.54137602 -1075.43487738 -1055.64787465
944 -1066.45765667 -1076.37119891 -1056.54411444
945 -1067.37393732 -1077.30752043 -1057.44035422
946 -1068.29021798 -1078.24384196 -1058.33659400
947 -1069.20649863 -1079.18016348 -1059.23283378
948 -1070.12277929 -1080.11648501 -1060.12907356
949 -1071.03905994 -1081.05280653 -1061.02531335
950 -1071.95534059 -1081.98912806 -1061.92155313
951 -1072.87162125 -1082.92544959 -1062.81779291
952 -1073.78790190 -1083.86177111 -1063.71403269
953 -1074.70418256 -1084.79809264 -1064.61027247
954 -1075.62046321 -1085.73441416 -1065.50651226
955 -1076.53674386 -1086.67073569 -1066.40275204
956 -1077.45302452 -1087.60705722 -1067.29899182
957 -1078.36930517 -1088.54337874 -1068.19523160
958 -1079.28558583 -1089.47970027 -1069.09147138
959 -1080.20186648 -1090.41602179 -1069.98771117
960 -1081.11814713 -1091.35234332 -1070.88395095
961 -1082.03442779 -1092.28866485 -1071.78019073
962 -1082.95070844 -1093.22498637 -1072.67643051
963 -1083.86698910 -1094.16130790 -1073.57267029
964 -1084.78326975 -1095.09762942 -1074.46891008
965 -1085.69955040 -1096.03395095 -1075.36514986
966 -1086.61583106 -1096.97027247 -1076.26138964
967 -1087.53211171 -1097.90659400 -1077.15762942
968 -1088.44839237 -1098.84291553 -1078.05386920
969 -1089.36467302 -1099.77923705 -1078.95010899
970 -1090.28095367 -1100.71555858 -1079.84634877
971 -1091.19723433 -1101.65188010 -1080.74258855
972 -1092.11351498 -1102.58820163 -1081.63882833
973 -1093.02979564 -1103.52452316 -1082.53506811
974 -1093.94607629 -1104.46084468 -1083.43130790
975 -1094.86235694 -1105.39716621 -1084.32754768
976 -1095.77863760 -1106.33348773 -1085.22378746
977 -1096.69491825 -1107.26980926 -1086.12002724
978 -1097.61119891 -1108.20613079 -1087.01626703
979 -1098.52747956 -1109.14245231 -1087.91250681
980 -1099.44376021 -1110.07877384 -1088.80874659
981 -1100.36004087 -1111.01509536 -1089.70498637
982 -1101.27632152 -1111.95141689 -1090.60122615
983 -1102.19260217 -1112.88773841 -1091.49746594
984 -1103.10888283 -1113.82405994 -1092.39370572
985 -1104.02516348 -1114.76038147 -1093.28994550
986 -1104.94144414 -1115.69670299 -1094.18618528
987 -1105.85772479 -1116.63302452 -1095.08242506
988 -1106.77400544 -1117.56934604 -1095.97866485
989 -1107.69028610 -1118.50566757 -1096.87490463
990 -1108.60656675 -1119.44198910 -1097.77114441
991 -1109.52284741 -1120.37831062 -1098.66738419
992 -1110.43912806 -1121.31463215 -1099.56362397
993 -1111.35540871 -1122.25095367 -1100.45986376
994 -1112.27168937 -1123.18727520 -1101.35610354
995 -1113.18797002 -1124.12359673 -1102.25234332
996 -1114.10425068 -1125.05991825 -1103.14858310
997 -1115.02053133 -1125.99623978 -1104.04482288
998 -1115.93681198 -1126.93256130 -1104.94106267
999 -1116.85309264 -1127.86888283 -1105.83730245
1000 -1117.76937329 -1128.80520435 -1106.73354223
1001 -1118.68565395 -1129.74152588 -1107.62978201
1002 -1119.60193460 -1130.67784741 -1108.52602179
1003 -1120.51821525 -1131.61416893 -1109.42226158
1004 -1121.43449591 -1132.55049046 -1110.31850136
1005 -1122.35077656 -1133.48681198 -1111.21474114
1006 -1123.26705722 -1134.42313351 -1112.11098092
1007 -1124.18333787 -1135.35945504 -1113.00722070
1008 -1125.09961852 -1136.29577656 -1113.90346049
1009 -1126.01589918 -1137.23209809 -1114.79970027
1010 -1126.93217983 -1138.16841961 -1115.69594005
1011 -1127.84846049 -1139.10474114 -1116.59217983
1012 -1128.76474114 -1140.04106267 -1117.48841961
1013 -1129.68102179 -1140.97738419 -1118.38465940
1014 -1130.59730245 -1141.91370572 -1119.28089918
1015 -1131.51358310 -1142.85002724 -1120.17713896
1016 -1132.42986376 -1143.78634877 -1121.07337874
1017 -1133.34614441 -1144.72267029 -1121.96961852
1018 -1134.26242506 -1145.65899182 -1122.86585831
1019 -1135.17870572 -1146.59531335 -1123.76209809
1020 -1136.09498637 -1147.53163487 -1124.65833787
1021 -1137.01126703 -1148.46795640 -1125.55457765
1022 -1137.92754768 -1149.40427792 -1126.45081743
1023 -1138.84382833 -1150.34059945 -1127.34705722
1024 -1139.76010899 -1151.27692098 -1128.24329700
1025 -1140.67638964 -1152.21324250 -1129.13953678
1026 -1141.59267029 -1153.14956403 -1130.03577656
1027 -1142.50895095 -1154.08588555 -1130.93201634
1028 -1143.42523160 -1155.02220708 -1131.82825613
1029 -1144.34151226 -1155.95852861 -1132.72449591
1030 -1145.25779291 -1156.89485013 -1133.62073569
1031 -1146.17407356 -1157.83117166 -1134.51697547
1032 -1147.09035422 -1158.76749318 -1135.41321525
1033 -1148.00663487 -1159.70381471 -1136.30945504
1034 -1148.92291553 -1160.64013623 -1137.20569482
1035 -1149.83919618 -1161.57645776 -1138.10193460
1036 -1150.75547683 -1162.51277929 -1138.99817438
1037 -1151.67175749 -1163.44910081 -1139.89441416
1038 -1152.58803814 -1164.38542234 -1140.79065395
1039 -1153.50431880 -1165.32174386 -1141.68689373
1040 -1154.42059945 -1166.25806539 -1142.58313351
1041 -1155.33688010 -1167.19438692 -1143.47937329
1042 -1156.25316076 -1168.13070844 -1144.37561307
1043 -1157.16944141 -1169.06702997 -1145.27185286
1044 -1158.08572207 -1170.00335149 -1146.16809264
1045 -1159.00200272 -1170.93967302 -1147.06433242
1046 -1159.91828337 -1171.87599455 -1147.96057220
1047 -1160.83456403 -1172.81231607 -1148.85681198
1048 -1161.75084468 -1173.74863760 -1149.75305177
1049 -1162.66712534 -1174.68495912 -1150.64929155
1050 -1163.58340599 -1175.62128065 -1151.54553133
1051 -1164.49968664 -1176.55760217 -1152.44177111
1052 -1165.41596730 -1177.49392370 -1153.33801089
1053 -1166.33224795 -1178.43024523 -1154.23425068
1054 -1167.24852861 -1179.36656675 -1155.13049046
1055 -1168.16480926 -1180.30288828 -1156.02673024
1056 -1169.08108991 -1181.23920980 -1156.92297002
1057 -1169.99737057 -1182.17553133 -1157.81920980
1058 -1170.91365122 -1183.11185286 -1158.71544959
1059 -1171.82993188 -1184.04817438 -1159.61168937
1060 -1172.74621253 -1184.98449591 -1160.50792915
1061 -1173.66249318 -1185.92081743 -1161.40416893
1062 -1174.57877384 -1186.85713896 -1162.30040871
1063 -1175.49505449 -1187.79346049 -1163.19664850
1064 -1176.41133514 -1188.72978201 -1164.09288828
1065 -1177.32761580 -1189.66610354 -1164.98912806
1066 -1178.24389645 -1190.60242506 -1165.88536784
1067 -1179.16017711 -1191.53874659 -1166.78160762
1068 -1180.07645776 -1192.47506811 -1167.67784741
1069 -1180.99273841 -1193.41138964 -1168.57408719
1070 -1181.90901907 -1194.34771117 -1169.47032697
1071 -1182.82529972 -1195.28403269 -1170.36656675
1072 -1183.74158038 -1196.22035422 -1171.26280653
1073 -1184.65786103 -1197.15667574 -1172.15904632
1074 -1185.57414168 -1198.09299727 -1173.05528610
1075 -1186.49042234 -1199.02931880 -1173.95152588
1076 -1187.40670299 -1199.96564032 -1174.84776566
1077 -1188.32298365 -1200.90196185 -1175.74400544
1078 -1189.23926430 -1201.83828337 -1176.64024523
1079 -1190.15554495 -1202.77460490 -1177.53648501
1080 -1191.07182561 -1203.71092643 -1178.43272479
1081 -1191.98810626 -1204.64724795 -1179.32896457
1082 -1192.90438692 -1205.58356948 -1180.22520435
1083 -1193.82066757 -1206.51989100 -1181.12144414
1084 -1194.73694822 -1207.45621253 -1182.01768392
1085 -1195.65322888 -1208.39253405 -1182.91392370
1086 -1196.56950953 -1209.32885558 -1183.81016348
1087 -1197.48579019 -1210.26517711 -1184.70640326
1088 -1198.40207084 -1211.20149863 -1185.60264305
1089 -1199.31835149 -1212.13782016 -1186.49888283
1090 -1200.23463215 -1213.07414168 -1187.39512261
1091 -1201.15091280 -1214.01046321 -1188.29136239
1092 -1202.06719346 -1214.94678474 -1189.18760217
1093 -1202.98347411 -1215.88310626 -1190.08384196
1094 -1203.89975476 -1216.81942779 -1190.98008174
1095 -1204.81603542 -1217.75574931 -1191.87632152
1096 -1205.73231607 -1218.69207084 -1192.77256130
1097 -1206.64859673 -1219.62839237 -1193.66880108
1098 -1207.56487738 -1220.56471389 -1194.56504087
1099 -1208.48115803 -1221.50103542 -1195.46128065
1100 -1209.39743869 -1222.43735694 -1196.35752043
1101 -1210.31371934 -1223.37367847 -1197.25376021
1102 -1211.23000000 -1224.31000000 -1198.15000000
1103 -1212.03353021 -1225.11571428 -1198.95134615
1104 -1212.83706043 -1225.92142857 -1199.75269230
1105 -1213.64059065 -1226.72714285 -1200.55403846
1106 -1214.44412087 -1227.53285714 -1201.35538461
1107 -1215.24765109 -1228.33857142 -1202.15673076
1108 -1216.05118131 -1229.14428571 -1202.95807692
1109 -1216.85471153 -1229.95000000 -1203.75942307
1110 -1217.65824175 -1230.75571428 -1204.56076923
1111 -1218.46177197 -1231.56142857 -1205.36211538
1112 -1219.26530219 -1232.36714285 -1206.16346153
1113 -1220.06883241 -1233.17285714 -1206.96480769
1114 -1220.87236263 -1233.97857142 -1207.76615384
1115 -1221.67589285 -1234.78428571 -1208.56750000
1116 -1222.47942307 -1235.59000000 -1209.36884615
1117 -1223.28295329 -1236.39571428 -1210.17019230
1118 -1224.08648351 -1237.20142857 -1210.97153846
1119 -1224.89001373 -1238.00714285 -1211.77288461
1120 -1225.69354395 -1238.81285714 -1212.57423076
1121 -1226.49707417 -1239.61857142 -1213.37557692
1122 -1227.30060439 -1240.42428571 -1214.17692307
1123 -1228.10413461 -1241.23000000 -1214.97826923
1124 -1228.90766483 -1242.03571428 -1215.77961538
1125 -1229.71119505 -1242.84142857 -1216.58096153
1126 -1230.51472527 -1243.64714285 -1217.38230769
1127 -1231.31825549 -1244.45285714 -1218.18365384
1128 -1232.12178571 -1245.25857142 -1218.98500000
1129 -1232.92531593 -1246.06428571 -1219.78634615
1130 -1233.72884615 -1246.87000000 -1220.58769230
1131 -1234.53237637 -1247.67571428 -1221.38903846
1132 -1235.33590659 -1248.48142857 -1222.19038461
1133 -1236.13943681 -1249.28714285 -1222.99173076
1134 -1236.94296703 -1250.09285714 -1223.79307692
1135 -1237.74649725 -1250.89857142 -1224.59442307
1136 -1238.55002747 -1251.70428571 -1225.39576923
1137 -1239.35355769 -1252.51000000 -1226.19711538
1138 -1240.15708791 -1253.31571428 -1226.99846153
1139 -1240.96061813 -1254.12142857 -1227.79980769
1140 -1241.76414835 -1254.92714285 -1228.60115384
1141 -1242.56767857 -1255.73285714 -1229.40250000
1142 -1243.37120879 -1256.53857142 -1230.20384615
1143 -1244.17473901 -1257.34428571 -1231.00519230
1144 -1244.97826923 -1258.15000000 -1231.80653846
1145 -1245.78179945 -1258.95571428 -1232.60788461
1146 -1246.58532967 -1259.76142857 -1233.40923076
1147 -1247.38885989 -1260.56714285 -1234.21057692
1148 -1248.19239010 -1261.37285714 -1235.01192307
1149 -1248.99592032 -1262.17857142 -1235.81326923
1150 -1249.79945054 -1262.98428571 -1236.61461538
1151 -1250.60298076 -1263.79000000 -1237.41596153
1152 -1251.40651098 -1264.59571428 -1238.21730769
1153 -1252.21004120 -1265.40142857 -1239.01865384
1154 -1253.01357142 -1266.20714285 -1239.82000000
1155 -1253.81710164 -1267.01285714 -1240.62134615
1156 -1254.62063186 -1267.81857142 -1241.42269230
1157 -1255.42416208 -1268.62428571 -1242.22403846
1158 -1256.22769230 -1269.43000000 -1243.02538461
1159 -1257.03122252 -1270.23571428 -1243.82673076
1160 -1257.83475274 -1271.04142857 -1244.62807692
1161 -1258.63828296 -1271.84714285 -1245.42942307
1162 -1259.44181318 -1272.65285714 -1246.23076923
1163 -1260.24534340 -1273.45857142 -1247.03211538
1164 -1261.04887362 -1274.26428571 -1247.83346153
1165 -1261.85240384 -1275.07000000 -1248.63480769
1166 -1262.65593406 -1275.87571428 -1249.43615384
1167 -1263.45946428 -1276.68142857 -1250.23750000
1168 -1264.26299450 -1277.48714285 -1251.03884615
1169 -1265.06652472 -1278.29285714 -1251.84019230
1170 -1265.87005494 -1279.09857142 -1252.64153846
1171 -1266.67358516 -1279.90428571 -1253.44288461
1172 -1267.47711538 -1280.71000000 -1254.24423076
1173 -1268.28064560 -1281.51571428 -1255.04557692
1174 -1269.08417582 -1282.32142857 -1255.84692307
1175 -1269.88770604 -1283.12714285 -1256.64826923
1176 -1270.69123626 -1283.93285714 -1257.44961538
1177 -1271.49476648 -1284.73857142 -1258.25096153
1178 -1272.29829670 -1285.54428571 -1259.05230769
1179 -1273.10182692 -1286.35000000 -1259.85365384
1180 -1273.90535714 -1287.15571428 -1260.65500000
1181 -1274.70888736 -1287.96142857 -1261.45634615
1182 -1275.51241758 -1288.76714285 -1262.25769230
1183 -1276.31594780 -1289.57285714 -1263.05903846
1184 -1277.11947802 -1290.37857142 -1263.86038461
1185 -1277.92300824 -1291.18428571 -1264.66173076
1186 -1278.72653846 -1291.99000000 -1265.46307692
1187 -1279.53006868 -1292.79571428 -1266.26442307
1188 -1280.33359890 -1293.60142857 -1267.06576923
1189 -1281.13712912 -1294.40714285 -1267.86711538
1190 -1281.94065934 -1295.21285714 -1268.66846153
1191 -1282.74418956 -1296.01857142 -1269.46980769
1192 -1283.54771978 -1296.82428571 -1270.27115384
1193 -1284.35125000 -1297.63000000 -1271.07250000
1194 -1285.15478021 -1298.43571428 -1271.87384615
1195 -1285.95831043 -1299.24142857 -1272.67519230
1196 -1286.76184065 -1300.04714285 -1273.47653846
1197 -1287.56537087 -1300.85285714 -1274.27788461
1198 -1288.36890109 -1301.65857142 -1275.07923076
1199 -1289.17243131 -1302.46428571 -1275.88057692
1200 -1289.97596153 -1303.27000000 -1276.68192307
1201 -1290.77949175 -1304.07571428 -1277.48326923
1202 -1291.58302197 -1304.88142857 -1278.28461538
1203 -1292.38655219 -1305.68714285 -1279.08596153
1204 -1293.19008241 -1306.49285714 -1279.88730769
1205 -1293.99361263 -1307.29857142 -1280.68865384
1206 -1294.79714285 -1308.10428571 -1281.49000000
1207 -1295.60067307 -1308.91000000 -1282.29134615
1208 -1296.40420329 -1309.71571428 -1283.09269230
1209 -1297.20773351 -1310.52142857 -1283.89403846
1210 -1298.01126373 -1311.32714285 -1284.69538461
1211 -1298.81479395 -1312.13285714 -1285.49673076
1212 -1299.61832417 -1312.93857142 -1286.29807692
1213 -1300.42185439 -1313.74428571 -1287.09942307
1214 -1301.22538461 -1314.55000000 -1287.90076923
1215 -1302.02891483 -1315.35571428 -1288.70211538
1216 -1302.83244505 -1316.16142857 -1289.50346153
1217 -1303.63597527 -1316.96714285 -1290.30480769
1218 -1304.43950549 -1317.77285714 -1291.10615384
1219 -1305.24303571 -1318.57857142 -1291.90750000
1220 -1306.04656593 -1319.38428571 -1292.70884615
1221 -1306.85009615 -1320.19000000 -1293.51019230
1222 -1307.65362637 -1320.99571428 -1294.31153846
1223 -1308.45715659 -1321.80142857 -1295.11288461
1224 -1309.26068681 -1322.60714285 -1295.91423076
1225 -1310.06421703 -1323.41285714 -1296.71557692
1226 -1310.86774725 -1324.21857142 -1297.51692307
1227 -1311.67127747 -1325.02428571 -1298.31826923
1228 -1312.47480769 -1325.83000000 -1299.11961538
1229 -1313.27833791 -1326.63571428 -1299.92096153
1230 -1314.08186813 -1327.44142857 -1300.72230769
1231 -1314.88539835 -1328.24714285 -1301.52365384
1232 -1315.68892857 -1329.05285714 -1302.32500000
1233 -1316.49245879 -1329.85857142 -1303.12634615
1234 -1317.29598901 -1330.66428571 -1303.92769230
1235 -1318.09951923 -1331.47000000 -1304.72903846
1236 -1318.90304945 -1332.27571428 -1305.53038461
1237 -1319.70657967 -1333.08142857 -1306.33173076
1238 -1320.51010989 -1333.88714285 -1307.13307692
1239 -1321.31364010 -1334.69285714 -1307.93442307
1240 -1322.11717032 -1335.49857142 -1308.73576923
1241 -1322.92070054 -1336.30428571 -1309.53711538
1242 -1323.72423076 -1337.11000000 -1310.33846153
1243 -1324.52776098 -1337.91571428 -1311.13980769
1244 -1325.33129120 -1338.72142857 -1311.94115384
1245 -1326.13482142 -1339.52714285 -1312.74250000
1246 -1326.93835164 -1340.33285714 -1313.54384615
1247 -1327.74188186 -1341.13857142 -1314.34519230
1248 -1328.54541208 -1341.94428571 -1315.14653846
1249 -1329.34894230 -1342.75000000 -1315.94788461
1250 -1330.15247252 -1343.55571428 -1316.74923076
1251 -1330.95600274 -1344.36142857 -1317.55057692
1252 -1331.75953296 -1345.16714285 -1318.35192307
1253 -1332.56306318 -1345.97285714 -1319.15326923
1254 -1333.36659340 -1346.77857142 -1319.95461538
1255 -1334.17012362 -1347.58428571 -1320.75596153
1256 -1334.97365384 -1348.39000000 -1321.55730769
1257 -1335.77718406 -1349.19571428 -1322.35865384
1258 -1336.58071428 -1350.00142857 -1323.16000000
1259 -1337.38424450 -1350.80714285 -1323.96134615
1260 -1338.18777472 -1351.61285714 -1324.76269230
1261 -1338.99130494 -1352.41857142 -1325.56403846
1262 -1339.79483516 -1353.22428571 -1326.36538461
1263 -1340.59836538 -1354.03000000 -1327.16673076
1264 -1341.40189560 -1354.83571428 -1327.96807692
1265 -1342.20542582 -1355.64142857 -1328.76942307
1266 -1343.00895604 -1356.44714285 -1329.57076923
1267 -1343.81248626 -1357.25285714 -1330.37211538
1268 -1344.61601648 -1358.05857142 -1331.17346153
1269 -1345.41954670 -1358.86428571 -1331.97480769
1270 -1346.22307692 -1359.67000000 -1332.77615384
1271 -1347.02660714 -1360.47571428 -1333.57750000
1272 -1347.83013736 -1361.28142857 -1334.37884615
1273 -1348.63366758 -1362.08714285 -1335.18019230
1274 -1349.43719780 -1362.89285714 -1335.98153846
1275 -1350.24072802 -1363.69857142 -1336.78288461
1276 -1351.04425824 -1364.50428571 -1337.58423076
1277 -1351.84778846 -1365.31000000 -1338.38557692
1278 -1352.65131868 -1366.11571428 -1339.18692307
1279 -1353.45484890 -1366.92142857 -1339.98826923
1280 -1354.25837912 -1367.72714285 -1340.78961538
1281 -1355.06190934 -1368.53285714 -1341.59096153
1282 -1355.86543956 -1369.33857142 -1342.39230769
1283 -1356.66896978 -1370.14428571 -1343.19365384
1284 -1357.47250000 -1370.95000000 -1343.99500000
1285 -1358.27603021 -1371.75571428 -1344.79634615
1286 -1359.07956043 -1372.56142857 -1345.59769230
1287 -1359.88309065 -1373.36714285 -1346.39903846
1288 -1360.68662087 -1374.17285714 -1347.20038461
1289 -1361.49015109 -1374.97857142 -1348.00173076
1290 -1362.29368131 -1375.78428571 -1348.80307692
1291 -1363.09721153 -1376.59000000 -1349.60442307
1292 -1363.90074175 -1377.39571428 -1350.40576923
1293 -1364.70427197 -1378.20142857 -1351.20711538
1294 -1365.50780219 -1379.00714285 -1352.00846153
1295 -1366.31133241 -1379.81285714 -1352.80980769
1296 -1367.11486263 -1380.61857142 -1353.61115384
1297 -1367.91839285 -1381.42428571 -1354.41250000
1298 -1368.72192307 -1382.23000000 -1355.21384615
1299 -1369.52545329 -1383.03571428 -1356.01519230
1300 -1370.32898351 -1383.84142857 -1356.81653846
1301 -1371.13251373 -1384.64714285 -1357.61788461
1302 -1371.93604395 -1385.45285714 -1358.41923076
1303 -1372.73957417 -1386.25857142 -1359.22057692
1304 -1373.54310439 -1387.06428571 -1360.02192307
1305 -1374.34663461 -1387.87000000 -1360.82326923
1306 -1375.15016483 -1388.67571428 -1361.62461538
1307 -1375.95369505 -1389.48142857 -1362.42596153
1308 -1376.75722527 -1390.28714285 -1363.22730769
1309 -1377.56075549 -1391.09285714 -1364.02865384
1310 -1378.36428571 -1391.89857142 -1364.83000000
1311 -1379.16781593 -1392.70428571 -1365.63134615
1312 -1379.97134615 -1393.51000000 -1366.43269230
1313 -1380.77487637 -1394.31571428 -1367.23403846
1314 -1381.57840659 -1395.12142857 -1368.03538461
1315 -1382.38193681 -1395.92714285 -1368.83673076
1316 -1383.18546703 -1396.73285714 -1369.63807692
1317 -1383.98899725 -1397.53857142 -1370.43942307
1318 -1384.79252747 -1398.34428571 -1371.24076923
1319 -1385.59605769 -1399.15000000 -1372.04211538
1320 -1386.39958791 -1399.95571428 -1372.84346153
1321 -1387.20311813 -1400.76142857 -1373.64480769
1322 -1388.00664835 -1401.56714285 -1374.44615384
1323 -1388.81017857 -1402.37285714 -1375.24750000
1324 -1389.61370879 -1403.17857142 -1376.04884615
1325 -1390.41723901 -1403.98428571 -1376.85019230
1326 -1391.22076923 -1404.79000000 -1377.65153846
1327 -1392.02429945 -1405.59571428 -1378.45288461
1328 -1392.82782967 -1406.40142857 -1379.25423076
1329 -1393.63135989 -1407.20714285 -1380.05557692
1330 -1394.43489010 -1408.01285714 -1380.85692307
1331 -1395.23842032 -1408.81857142 -1381.65826923
1332 -1396.04195054 -1409.62428571 -1382.45961538
1333 -1396.84548076 -1410.43000000 -1383.26096153
1334 -1397.64901098 -1411.23571428 -1384.06230769
1335 -1398.45254120 -1412.04142857 -1384.86365384
1336 -1399.25607142 -1412.84714285 -1385.66500000
1337 -1400.05960164 -1413.65285714 -1386.46634615
1338 -1400.86313186 -1414.45857142 -1387.26769230
1339 -1401.66666208 -1415.26428571 -1388.06903846
1340 -1402.47019230 -1416.07000000 -1388.87038461
1341 -1403.27372252 -1416.87571428 -1389.67173076
1342 -1404.07725274 -1417.68142857 -1390.47307692
1343 -1404.88078296 -1418.48714285 -1391.27442307
1344 -1405.68431318 -1419.29285714 -1392.07576923
1345 -1406.48784340 -1420.09857142 -1392.87711538
1346 -1407.29137362 -1420.90428571 -1393.67846153
1347 -1408.09490384 -1421.71000000 -1394.47980769
1348 -1408.89843406 -1422.51571428 -1395.28115384
1349 -1409.70196428 -1423.32142857 -1396.08250000
1350 -1410.50549450 -1424.12714285 -1396.88384615
1351 -1411.30902472 -1424.93285714 -1397.68519230
1352 -1412.11255494 -1425.73857142 -1398.48653846
1353 -1412.91608516 -1426.54428571 -1399.28788461
1354 -1413.71961538 -1427.35000000 -1400.08923076
1355 -1414.52314560 -1428.15571428 -1400.89057692
1356 -1415.32667582 -1428.96142857 -1401.69192307
1357 -1416.13020604 -1429.76714285 -1402.49326923
1358 -1416.93373626 -1430.57285714 -1403.29461538
1359 -1417.73726648 -1431.37857142 -1404.09596153
1360 -1418.54079670 -1432.18428571 -1404.89730769
1361 -1419.34432692 -1432.99000000 -1405.69865384
1362 -1420.14785714 -1433.79571428 -1406.50000000
1363 -1420.95138736 -1434.60142857 -1407.30134615
1364 -1421.75491758 -1435.40714285 -1408.10269230
1365 -1422.55844780 -1436.21285714 -1408.90403846
1366 -1423.36197802 -1437.01857142 -1409.70538461
1367 -1424.16550824 -1437.82428571 -1410.50673076
1368 -1424.96903846 -1438.63000000 -1411.30807692
1369 -1425.77256868 -1439.43571428 -1412.10942307
1370 -1426.57609890 -1440.24142857 -1412.91076923
1371 -1427.37962912 -1441.04714285 -1413.71211538
1372 -1428.18315934 -1441.85285714 -1414.51346153
1373 -1428.98668956 -1442.65857142 -1415.31480769
1374 -1429.79021978 -1443.46428571 -1416.11615384
1375 -1430.59375000 -1444.27000000 -1416.91750000
1376 -1431.39728021 -1445.07571428 -1417.71884615
1377 -1432.20081043 -1445.88142857 -1418.52019230
1378 -1433.00434065 -1446.68714285 -1419.32153846
1379 -1433.80787087 -1447.49285714 -1420.12288461
1380 -1434.61140109 -1448.29857142 -1420.92423076
1381 -1435.41493131 -1449.10428571 -1421.72557692
1382 -1436.21846153 -1449.91000000 -1422.52692307
1383 -1437.02199175 -1450.71571428 -1423.32826923
1384 -1437.82552197 -1451.52142857 -1424.12961538
1385 -1438.62905219 -1452.32714285 -1424.93096153
1386 -1439.43258241 -1453.13285714 -1425.73230769
1387 -1440.23611263 -1453.93857142 -1426.53365384
1388 -1441.03964285 -1454.74428571 -1427.33500000
1389 -1441.84317307 -1455.55000000 -1428.13634615
1390 -1442.64670329 -1456.35571428 -1428.93769230
1391 -1443.45023351 -1457.16142857 -1429.73903846
1392 -1444.25376373 -1457.96714285 -1430.54038461
1393 -1445.05729395 -1458.77285714 -1431.34173076
1394 -1445.86082417 -1459.57857142 -1432.14307692
1395 -1446.66435439 -1460.38428571 -1432.94442307
1396 -1447.46788461 -1461.19000000 -1433.74576923
1397 -1448.27141483 -1461.99571428 -1434.54711538
1398 -1449.07494505 -1462.80142857 -1435.34846153
1399 -1449.87847527 -1463.60714285 -1436.14980769
1400 -1450.68200549 -1464.41285714 -1436.95115384
1401 -1451.48553571 -1465.21857142 -1437.75250000
1402 -1452.28906593 -1466.02428571 -1438.55384615
1403 -1453.09259615 -1466.83000000 -1439.35519230
1404 -1453.89612637 -1467.63571428 -1440.15653846
1405 -1454.69965659 -1468.44142857 -1440.95788461
1406 -1455.50318681 -1469.24714285 -1441.75923076
1407 -1456.30671703 -1470.05285714 -1442.56057692
1408 -1457.11024725 -1470.85857142 -1443.36192307
1409 -1457.91377747 -1471.66428571 -1444.16326923
1410 -1458.71730769 -1472.47000000 -1444.96461538
1411 -1459.52083791 -1473.27571428 -1445.76596153
1412 -1460.32436813 -1474.08142857 -1446.56730769
1413 -1461.12789835 -1474.88714285 -1447.36865384
1414 -1461.93142857 -1475.69285714 -1448.17000000
1415 -1462.73495879 -1476.49857142 -1448.97134615
1416 -1463.53848901 -1477.30428571 -1449.77269230
1417 -1464.34201923 -1478.11000000 -1450.57403846
1418 -1465.14554945 -1478.91571428 -1451.37538461
1419 -1465.94907967 -1479.72142857 -1452.17673076
1420 -1466.75260989 -1480.52714285 -1452.97807692
1421 -1467.55614010 -1481.33285714 -1453.77942307
1422 -1468.35967032 -1482.13857142 -1454.58076923
1423 -1469.16320054 -1482.94428571 -1455.38211538
1424 -1469.96673076 -1483.75000000 -1456.18346153
1425 -1470.77026098 -1484.55571428 -1456.98480769
1426 -1471.57379120 -1485.36142857 -1457.78615384
1427 -1472.37732142 -1486.16714285 -1458.58750000
1428 -1473.18085164 -1486.97285714 -1459.38884615
1429 -1473.98438186 -1487.77857142 -1460.19019230
1430 -1474.78791208 -1488.58428571 -1460.99153846
1431 -1475.59144230 -1489.39000000 -1461.79288461
1432 -1476.39497252 -1490.19571428 -1462.59423076
1433 -1477.19850274 -1491.00142857 -1463.39557692
1434 -1478.00203296 -1491.80714285 -1464.19692307
1435 -1478.80556318 -1492.61285714 -1464.99826923
1436 -1479.60909340 -1493.41857142 -1465.79961538
1437 -1480.41262362 -1494.22428571 -1466.60096153
1438 -1481.21615384 -1495.03000000 -1467.40230769
1439 -1482.01968406 -1495.83571428 -1468.20365384
1440 -1482.82321428 -1496.64142857 -1469.00500000
1441 -1483.62674450 -1497.44714285 -1469.80634615
1442 -1484.43027472 -1498.25285714 -1470.60769230
1443 -1485.23380494 -1499.05857142 -1471.40903846
1444 -1486.03733516 -1499.86428571 -1472.21038461
1445 -1486.84086538 -1500.67000000 -1473.01173076
1446 -1487.64439560 -1501.47571428 -1473.81307692
1447 -1488.44792582 -1502.28142857 -1474.61442307
1448 -1489.25145604 -1503.08714285 -1475.41576923
1449 -1490.05498626 -1503.89285714 -1476.21711538
1450 -1490.85851648 -1504.69857142 -1477.01846153
1451 -1491.66204670 -1505.50428571 -1477.81980769
1452 -1492.46557692 -1506.31000000 -1478.62115384
1453 -1493.26910714 -1507.11571428 -1479.42250000
1454 -1494.07263736 -1507.92142857 -1480.22384615
1455 -1494.87616758 -1508.72714285 -1481.02519230
1456 -1495.67969780 -1509.53285714 -1481.82653846
1457 -1496.48322802 -1510.33857142 -1482.62788461
1458 -1497.28675824 -1511.14428571 -1483.42923076
1459 -1498.09028846 -1511.95000000 -1484.23057692
1460 -1498.89381868 -1512.75571428 -1485.03192307
1461 -1499.69734890 -1513.56142857 -1485.83326923
1462 -1500.50087912 -1514.36714285 -1486.63461538
1463 -1501.30440934 -1515.17285714 -1487.43596153
1464 -1502.10793956 -1515.97857142 -1488.23730769
1465 -1502.91146978 -1516.78428571 -1489.03865384
1466 -1503.71500000 -1517.59000000 -1489.84000000
1467 -1504.45153846 -1518.34354395 -1490.55953296
1468 -1505.18807692 -1519.09708791 -1491.27906593
1469 -1505.92461538 -1519.85063186 -1491.99859890
1470 -1506.66115384 -1520.60417582 -1492.71813186
1471 -1507.39769230 -1521.35771978 -1493.43766483
1472 -1508.13423076 -1522.11126373 -1494.15719780
1473 -1508.87076923 -1522.86480769 -1494.87673076
1474 -1509.60730769 -1523.61835164 -1495.59626373
1475 -1510.34384615 -1524.37189560 -1496.31579670
1476 -1511.08038461 -1525.12543956 -1497.03532967
1477 -1511.81692307 -1525.87898351 -1497.75486263
1478 -1512.55346153 -1526.63252747 -1498.47439560
1479 -1513.29000000 -1527.38607142 -1499.19392857
1480 -1514.02653846 -1528.13961538 -1499.91346153
1481 -1514.76307692 -1528.89315934 -1500.63299450
1482 -1515.49961538 -1529.64670329 -1501.35252747
1483 -1516.23615384 -1530.40024725 -1502.07206043
1484 -1516.97269230 -1531.15379120 -1502.79159340
1485 -1517.70923076 -1531.90733516 -1503.51112637
1486 -1518.44576923 -1532.66087912 -1504.23065934
1487 -1519.18230769 -1533.41442307 -1504.95019230
1488 -1519.91884615 -1534.16796703 -1505.66972527
1489 -1520.65538461 -1534.92151098 -1506.38925824
1490 -1521.39192307 -1535.67505494 -1507.10879120
1491 -1522.12846153 -1536.42859890 -1507.82832417
1492 -1522.86500000 -1537.18214285 -1508.54785714
1493 -1523.60153846 -1537.93568681 -1509.26739010
1494 -1524.33807692 -1538.68923076 -1509.98692307
1495 -1525.07461538 -1539.44277472 -1510.70645604
1496 -1525.81115384 -1540.19631868 -1511.42598901
1497 -1526.54769230 -1540.94986263 -1512.14552197
1498 -1527.28423076 -1541.70340659 -1512.86505494
1499 -1528.02076923 -1542.45695054 -1513.58458791
1500 -1528.75730769 -1543.21049450 -1514.30412087
1501 -1529.49384615 -1543.96403846 -1515.02365384
1502 -1530.23038461 -1544.71758241 -1515.74318681
1503 -1530.96692307 -1545.47112637 -1516.46271978
1504 -1531.70346153 -1546.22467032 -1517.18225274
1505 -1532.44000000 -1546.97821428 -1517.90178571
1506 -1533.17653846 -1547.73175824 -1518.62131868
1507 -1533.91307692 -1548.48530219 -1519.34085164
1508 -1534.64961538 -1549.23884615 -1520.06038461
1509 -1535.38615384 -1549.99239010 -1520.77991758
1510 -1536.12269230 -1550.74593406 -1521.49945054
1511 -1536.85923076 -1551.49947802 -1522.21898351
1512 -1537.59576923 -1552.25302197 -1522.93851648
1513 -1538.33230769 -1553.00656593 -1523.65804945
1514 -1539.06884615 -1553.76010989 -1524.37758241
1515 -1539.80538461 -1554.51365384 -1525.09711538
1516 -1540.54192307 -1555.26719780 -1525.81664835
1517 -1541.27846153 -1556.02074175 -1526.53618131
1518 -1542.01500000 -1556.77428571 -1527.25571428
1519 -1542.75153846 -1557.52782967 -1527.97524725
1520 -1543.48807692 -1558.28137362 -1528.69478021
1521 -1544.22461538 -1559.03491758 -1529.41431318
1522 -1544.96115384 -1559.78846153 -1530.13384615
1523 -1545.69769230 -1560.54200549 -1530.85337912
1524 -1546.43423076 -1561.29554945 -1531.57291208
1525 -1547.17076923 -1562.04909340 -1532.29244505
1526 -1547.90730769 -1562.80263736 -1533.01197802
1527 -1548.64384615 -1563.55618131 -1533.73151098
1528 -1549.38038461 -1564.30972527 -1534.45104395
1529 -1550.11692307 -1565.06326923 -1535.17057692
1530 -1550.85346153 -1565.81681318 -1535.89010989
1531 -1551.59000000 -1566.57035714 -1536.60964285
1532 -1552.32653846 -1567.32390109 -1537.32917582
1533 -1553.06307692 -1568.07744505 -1538.04870879
1534 -1553.79961538 -1568.83098901 -1538.76824175
1535 -1554.53615384 -1569.58453296 -1539.48777472
1536 -1555.27269230 -1570.33807692 -1540.20730769
1537 -1556.00923076 -1571.09162087 -1540.92684065
1538 -1556.74576923 -1571.84516483 -1541.64637362
1539 -1557.48230769 -1572.59870879 -1542.36590659
1540 -1558.21884615 -1573.35225274 -1543.08543956
1541 -1558.95538461 -1574.10579670 -1543.80497252
1542 -1559.69192307 -1574.85934065 -1544.52450549
1543 -1560.42846153 -1575.61288461 -1545.24403846
1544 -1561.16500000 -1576.36642857 -1545.96357142
1545 -1561.90153846 -1577.11997252 -1546.68310439
1546 -1562.63807692 -1577.87351648 -1547.40263736
1547 -1563.37461538 -1578.62706043 -1548.12217032
1548 -1564.11115384 -1579.38060439 -1548.84170329
1549 -1564.84769230 -1580.13414835 -1549.56123626
1550 -1565.58423076 -1580.88769230 -1550.28076923
1551 -1566.32076923 -1581.64123626 -1551.00030219
1552 -1567.05730769 -1582.39478021 -1551.71983516
1553 -1567.79384615 -1583.14832417 -1552.43936813
1554 -1568.53038461 -1583.90186813 -1553.15890109
1555 -1569.26692307 -1584.65541208 -1553.87843406
1556 -1570.00346153 -1585.40895604 -1554.59796703
1557 -1570.74000000 -1586.16250000 -1555.31750000
1558 -1571.47653846 -1586.91604395 -1556.03703296
1559 -1572.21307692 -1587.66958791 -1556.75656593
1560 -1572.94961538 -1588.42313186 -1557.47609890
1561 -1573.68615384 -1589.17667582 -1558.19563186
1562 -1574.42269230 -1589.93021978 -1558.91516483
1563 -1575.15923076 -1590.68376373 -1559.63469780
1564 -1575.89576923 -1591.43730769 -1560.35423076
1565 -1576.63230769 -1592.19085164 -1561.07376373
1566 -1577.36884615 -1592.94439560 -1561.79329670
1567 -1578.10538461 -1593.69793956 -1562.51282967
1568 -1578.84192307 -1594.45148351 -1563.23236263
1569 -1579.57846153 -1595.20502747 -1563.95189560
1570 -1580.31500000 -1595.95857142 -1564.67142857
1571 -1581.05153846 -1596.71211538 -1565.39096153
1572 -1581.78807692 -1597.46565934 -1566.11049450
1573 -1582.52461538 -1598.21920329 -1566.83002747
1574 -1583.26115384 -1598.97274725 -1567.54956043
1575 -1583.99769230 -1599.72629120 -1568.26909340
1576 -1584.73423076 -1600.47983516 -1568.98862637
1577 -1585.47076923 -1601.23337912 -1569.70815934
1578 -1586.20730769 -1601.98692307 -1570.42769230
1579 -1586.94384615 -1602.74046703 -1571.14722527
1580 -1587.68038461 -1603.49401098 -1571.86675824
1581 -1588.41692307 -1604.24755494 -1572.58629120
1582 -1589.15346153 -1605.00109890 -1573.30582417
1583 -1589.89000000 -1605.75464285 -1574.02535714
1584 -1590.62653846 -1606.50818681 -1574.74489010
1585 -1591.36307692 -1607.26173076 -1575.46442307
1586 -1592.09961538 -1608.01527472 -1576.18395604
1587 -1592.83615384 -1608.76881868 -1576.90348901
1588 -1593.57269230 -1609.52236263 -1577.62302197
1589 -1594.30923076 -1610.27590659 -1578.34255494
1590 -1595.04576923 -1611.02945054 -1579.06208791
1591 -1595.78230769 -1611.78299450 -1579.78162087
1592 -1596.51884615 -1612.53653846 -1580.50115384
1593 -1597.25538461 -1613.29008241 -1581.22068681
1594 -1597.99192307 -1614.04362637 -1581.94021978
1595 -1598.72846153 -1614.79717032 -1582.65975274
1596 -1599.46500000 -1615.55071428 -1583.37928571
1597 -1600.20153846 -1616.30425824 -1584.09881868
1598 -1600.93807692 -1617.05780219 -1584.81835164
1599 -1601.67461538 -1617.81134615 -1585.53788461
1600 -1602.41115384 -1618.56489010 -1586.25741758
1601 -1603.14769230 -1619.31843406 -1586.97695054
1602 -1603.88423076 -1620.07197802 -1587.69648351
1603 -1604.62076923 -1620.82552197 -1588.41601648
1604 -1605.35730769 -1621.57906593 -1589.13554945
1605 -1606.09384615 -1622.33260989 -1589.85508241
1606 -1606.83038461 -1623.08615384 -1590.57461538
1607 -1607.56692307 -1623.83969780 -1591.29414835
1608 -1608.30346153 -1624.59324175 -1592.01368131
1609 -1609.04000000 -1625.34678571 -1592.73321428
1610 -1609.77653846 -1626.10032967 -1593.45274725
1611 -1610.51307692 -1626.85387362 -1594.17228021
1612 -1611.24961538 -1627.60741758 -1594.89181318
1613 -1611.98615384 -1628.36096153 -1595.61134615
1614 -1612.72269230 -1629.11450549 -1596.33087912
1615 -1613.45923076 -1629.86804945 -1597.05041208
1616 -1614.19576923 -1630.62159340 -1597.76994505
1617 -1614.93230769 -1631.37513736 -1598.48947802
1618 -1615.66884615 -1632.12868131 -1599.20901098
1619 -1616.40538461 -1632.88222527 -1599.92854395
1620 -1617.14192307 -1633.63576923 -1600.64807692
1621 -1617.87846153 -1634.38931318 -1601.36760989
1622 -1618.61500000 -1635.14285714 -1602.08714285
1623 -1619.35153846 -1635.89640109 -1602.80667582
1624 -1620.08807692 -1636.64994505 -1603.52620879
1625 -1620.82461538 -1637.40348901 -1604.24574175
1626 -1621.56115384 -1638.15703296 -1604.96527472
1627 -1622.29769230 -1638.91057692 -1605.68480769
1628 -1623.03423076 -1639.66412087 -1606.40434065
1629 -1623.77076923 -1640.41766483 -1607.12387362
1630 -1624.50730769 -1641.17120879 -1607.84340659
1631 -1625.24384615 -1641.92475274 -1608.56293956
1632 -1625.98038461 -1642.67829670 -1609.28247252
1633 -1626.71692307 -1643.43184065 -1610.00200549
1634 -1627.45346153 -1644.18538461 -1610.72153846
1635 -1628.19000000 -1644.93892857 -1611.44107142
1636 -1628.92653846 -1645.69247252 -1612.16060439
1637 -1629.66307692 -1646.44601648 -1612.88013736
1638 -1630.39961538 -1647.19956043 -1613.59967032
1639 -1631.13615384 -1647.95310439 -1614.31920329
1640 -1631.87269230 -1648.70664835 -1615.03873626
1641 -1632.60923076 -1649.46019230 -1615.75826923
1642 -1633.34576923 -1650.21373626 -1616.47780219
1643 -1634.08230769 -1650.96728021 -1617.19733516
1644 -1634.81884615 -1651.72082417 -1617.91686813
1645 -1635.55538461 -1652.47436813 -1618.63640109
1646 -1636.29192307 -1653.22791208 -1619.35593406
1647 -1637.02846153 -1653.98145604 -1620.07546703
1648 -1637.76500000 -1654.73500000 -1620.79500000
1649 -1638.50153846 -1655.48854395 -1621.51453296
1650 -1639.23807692 -1656.24208791 -1622.23406593
1651 -1639.97461538 -1656.99563186 -1622.95359890
1652 -1640.71115384 -1657.74917582 -1623.67313186
1653 -1641.44769230 -1658.50271978 -1624.39266483
1654 -1642.18423076 -1659.25626373 -1625.11219780
1655 -1642.92076923 -1660.00980769 -1625.83173076
1656 -1643.65730769 -1660.76335164 -1626.55126373
1657 -1644.39384615 -1661.51689560 -1627.27079670
1658 -1645.13038461 -1662.27043956 -1627.99032967
1659 -1645.86692307 -1663.02398351 -1628.70986263
1660 -1646.60346153 -1663.77752747 -1629.42939560
1661 -1647.34000000 -1664.53107142 -1630.14892857
1662 -1648.07653846 -1665.28461538 -1630.86846153
1663 -1648.81307692 -1666.03815934 -1631.58799450
1664 -1649.54961538 -1666.79170329 -1632.30752747
1665 -1650.28615384 -1667.54524725 -1633.02706043
1666 -1651.02269230 -1668.29879120 -1633.74659340
1667 -1651.75923076 -1669.05233516 -1634.46612637
1668 -1652.49576923 -1669.80587912 -1635.18565934
1669 -1653.23230769 -1670.55942307 -1635.90519230
1670 -1653.96884615 -1671.31296703 -1636.62472527
1671 -1654.70538461 -1672.06651098 -1637.34425824
1672 -1655.44192307 -1672.82005494 -1638.06379120
1673 -1656.17846153 -1673.57359890 -1638.78332417
1674 -1656.91500000 -1674.32714285 -1639.50285714
1675 -1657.65153846 -1675.08068681 -1640.22239010
1676 -1658.38807692 -1675.83423076 -1640.94192307
1677 -1659.12461538 -1676.58777472 -1641.66145604
1678 -1659.86115384 -1677.34131868 -1642.38098901
1679 -1660.59769230 -1678.09486263 -1643.10052197
1680 -1661.33423076 -1678.84840659 -1643.82005494
1681 -1662.07076923 -1679.60195054 -1644.53958791
1682 -1662.80730769 -1680.35549450 -1645.25912087
1683 -1663.54384615 -1681.10903846 -1645.97865384
1684 -1664.28038461 -1681.86258241 -1646.69818681
1685 -1665.01692307 -1682.61612637 -1647.41771978
1686 -1665.75346153 -1683.36967032 -1648.13725274
1687 -1666.49000000 -1684.12321428 -1648.85678571
1688 -1667.22653846 -1684.87675824 -1649.57631868
1689 -1667.96307692 -1685.63030219 -1650.29585164
1690 -1668.69961538 -1686.38384615 -1651.01538461
1691 -1669.43615384 -1687.13739010 -1651.73491758
1692 -1670.17269230 -1687.89093406 -1652.45445054
1693 -1670.90923076 -1688.64447802 -1653.17398351
1694 -1671.64576923 -1689.39802197 -1653.89351648
1695 -1672.38230769 -1690.15156593 -1654.61304945
1696 -1673.11884615 -1690.90510989 -1655.33258241
1697 -1673.85538461 -1691.65865384 -1656.05211538
1698 -1674.59192307 -1692.41219780 -1656.77164835
1699 -1675.32846153 -1693.16574175 -1657.49118131
1700 -1676.06500000 -1693.91928571 -1658.21071428
1701 -1676.80153846 -1694.67282967 -1658.93024725
1702 -1677.53807692 -1695.42637362 -1659.64978021
1703 -1678.27461538 -1696.17991758 -1660.36931318
1704 -1679.01115384 -1696.93346153 -1661.08884615
1705 -1679.74769230 -1697.68700549 -1661.80837912
1706 -1680.48423076 -1698.44054945 -1662.52791208
1707 -1681.22076923 -1699.19409340 -1663.24744505
1708 -1681.95730769 -1699.94763736 -1663.96697802
1709 -1682.69384615 -1700.70118131 -1664.68651098
1710 -1683.43038461 -1701.45472527 -1665.40604395
1711 -1684.16692307 -1702.20826923 -1666.12557692
1712 -1684.90346153 -1702.96181318 -1666.84510989
1713 -1685.64000000 -1703.71535714 -1667.56464285
1714 -1686.37653846 -1704.46890109 -1668.28417582
1715 -1687.11307692 -1705.22244505 -1669.00370879
1716 -1687.84961538 -1705.97598901 -1669.72324175
1717 -1688.58615384 -1706.72953296 -1670.44277472
1718 -1689.32269230 -1707.48307692 -1671.16230769
1719 -1690.05923076 -1708.23662087 -1671.88184065
1720 -1690.79576923 -1708.99016483 -1672.60137362
1721 -1691.53230769 -1709.74370879 -1673.32090659
1722 -1692.26884615 -1710.49725274 -1674.04043956
1723 -1693.00538461 -1711.25079670 -1674.75997252
1724 -1693.74192307 -1712.00434065 -1675.47950549
1725 -1694.47846153 -1712.75788461 -1676.19903846
1726 -1695.21500000 -1713.51142857 -1676.91857142
1727 -1695.95153846 -1714.26497252 -1677.63810439
1728 -1696.68807692 -1715.01851648 -1678.35763736
1729 -1697.42461538 -1715.77206043 -1679.07717032
1730 -1698.16115384 -1716.52560439 -1679.79670329
1731 -1698.89769230 -1717.27914835 -1680.51623626
1732 -1699.63423076 -1718.03269230 -1681.23576923
1733 -1700.37076923 -1718.78623626 -1681.95530219
1734 -1701.10730769 -1719.53978021 -1682.67483516
1735 -1701.84384615 -1720.29332417 -1683.39436813
1736 -1702.58038461 -1721.04686813 -1684.11390109
1737 -1703.31692307 -1721.80041208 -1684.83343406
1738 -1704.05346153 -1722.55395604 -1685.55296703
1739 -1704.79000000 -1723.30750000 -1686.27250000
1740 -1705.52653846 -1724.06104395 -1686.99203296
1741 -1706.26307692 -1724.81458791 -1687.71156593
1742 -1706.99961538 -1725.56813186 -1688.43109890
1743 -1707.73615384 -1726.32167582 -1689.15063186
1744 -1708.47269230 -1727.07521978 -1689.87016483
1745 -1709.20923076 -1727.82876373 -1690.58969780
1746 -1709.94576923 -1728.58230769 -1691.30923076
1747 -1710.68230769 -1729.33585164 -1692.02876373
1748 -1711.41884615 -1730.08939560 -1692.74829670
1749 -1712.15538461 -1730.84293956 -1693.46782967
1750 -1712.89192307 -1731.59648351 -1694.18736263
1751 -1713.62846153 -1732.35002747 -1694.90689560
1752 -1714.36500000 -1733.10357142 -1695.62642857
1753 -1715.10153846 -1733.85711538 -1696.34596153
1754 -1715.83807692 -1734.61065934 -1697.06549450
1755 -1716.57461538 -1735.36420329 -1697.78502747
1756 -1717.31115384 -1736.11774725 -1698.50456043
1757 -1718.04769230 -1736.87129120 -1699.22409340
1758 -1718.78423076 -1737.62483516 -1699.94362637
1759 -1719.52076923 -1738.37837912 -1700.66315934
1760 -1720.25730769 -1739.13192307 -1701.38269230
1761 -1720.99384615 -1739.88546703 -1702.10222527
1762 -1721.73038461 -1740.63901098 -1702.82175824
1763 -1722.46692307 -1741.39255494 -1703.54129120
1764 -1723.20346153 -1742.14609890 -1704.26082417
1765 -1723.94000000 -1742.89964285 -1704.98035714
1766 -1724.67653846 -1743.65318681 -1705.69989010
1767 -1725.41307692 -1744.40673076 -1706.41942307
1768 -1726.14961538 -1745.16027472 -1707.13895604
1769 -1726.88615384 -1745.91381868 -1707.85848901
1770 -1727.62269230 -1746.66736263 -1708.57802197
1771 -1728.35923076 -1747.42090659 -1709.29755494
1772 -1729.09576923 -1748.17445054 -1710.01708791
1773 -1729.83230769 -1748.92799450 -1710.73662087
1774 -1730.56884615 -1749.68153846 -1711.45615384
1775 -1731.30538461 -1750.43508241 -1712.17568681
1776 -1732.04192307 -1751.18862637 -1712.89521978
1777 -1732.77846153 -1751.94217032 -1713.61475274
1778 -1733.51500000 -1752.69571428 -1714.33428571
1779 -1734.25153846 -1753.44925824 -1715.05381868
1780 -1734.98807692 -1754.20280219 -1715.77335164
1781 -1735.72461538 -1754.95634615 -1716.49288461
1782 -1736.46115384 -1755.70989010 -1717.21241758
1783 -1737.19769230 -1756.46343406 -1717.93195054
1784 -1737.93423076 -1757.21697802 -1718.65148351
1785 -1738.67076923 -1757.97052197 -1719.37101648
1786 -1739.40730769 -1758.72406593 -1720.09054945
1787 -1740.14384615 -1759.47760989 -1720.81008241
1788 -1740.88038461 -1760.23115384 -1721.52961538
1789 -1741.61692307 -1760.98469780 -1722.24914835
1790 -1742.35346153 -1761.73824175 -1722.96868131
1791 -1743.09000000 -1762.49178571 -1723.68821428
1792 -1743.82653846 -1763.24532967 -1724.40774725
1793 -1744.56307692 -1763.99887362 -1725.12728021
1794 -1745.29961538 -1764.75241758 -1725.84681318
1795 -1746.03615384 -1765.50596153 -1726.56634615
1796 -1746.77269230 -1766.25950549 -1727.28587912
1797 -1747.50923076 -1767.01304945 -1728.00541208
1798 -1748.24576923 -1767.76659340 -1728.72494505
1799 -1748.98230769 -1768.52013736 -1729.44447802
1800 -1749.71884615 -1769.27368131 -1730.16401098
1801 -1750.45538461 -1770.02722527 -1730.88354395
1802 -1751.19192307 -1770.78076923 -1731.60307692
1803 -1751.92846153 -1771.53431318 -1732.32260989
1804 -1752.66500000 -1772.28785714 -1733.04214285
1805 -1753.40153846 -1773.04140109 -1733.76167582
1806 -1754.13807692 -1773.79494505 -1734.48120879
1807 -1754.87461538 -1774.54848901 -1735.20074175
1808 -1755.61115384 -1775.30203296 -1735.92027472
1809 -1756.34769230 -1776.05557692 -1736.63980769
1810 -1757.08423076 -1776.80912087 -1737.35934065
1811 -1757.82076923 -1777.56266483 -1738.07887362
1812 -1758.55730769 -1778.31620879 -1738.79840659
1813 -1759.29384615 -1779.06975274 -1739.51793956
1814 -1760.03038461 -1779.82329670 -1740.23747252
1815 -1760.76692307 -1780.57684065 -1740.95700549
1816 -1761.50346153 -1781.33038461 -1741.67653846
1817 -1762.24000000 -1782.08392857 -1742.39607142
1818 -1762.97653846 -1782.83747252 -1743.11560439
1819 -1763.71307692 -1783.59101648 -1743.83513736
1820 -1764.44961538 -1784.34456043 -1744.55467032
1821 -1765.18615384 -1785.09810439 -1745.27420329
1822 -1765.92269230 -1785.85164835 -1745.99373626
1823 -1766.65923076 -1786.60519230 -1746.71326923
1824 -1767.39576923 -1787.35873626 -1747.43280219
1825 -1768.13230769 -1788.11228021 -1748.15233516
1826 -1768.86884615 -1788.86582417 -1748.87186813
1827 -1769.60538461 -1789.61936813 -1749.59140109
1828 -1770.34192307 -1790.37291208 -1750.31093406
1829 -1771.07846153 -1791.12645604 -1751.03046703
1830 -1771.81500000 -1791.88000000 -1751.75000000
