1 0.00137564 0.00133514 0.00141614
2 0.00091709 0.00089009 0.00094409
3 0.00045855 0.00044505 0.00047205
4 0.00000000 0.00000000 0.00000000
5 0.00137564 0.00133514 0.00141614
6 0.00275129 0.00267029 0.00283229
7 0.00412693 0.00400543 0.00424843
8 0.00550257 0.00534057 0.00566457
9 0.00687821 0.00667571 0.00708071
10 0.00825386 0.00801086 0.00849686
11 0.00962950 0.00934600 0.00991300
12 0.01097874 0.01069461 0.01126287
13 0.01232798 0.01204322 0.01261274
14 0.01367722 0.01339183 0.01396261
15 0.01502646 0.01474043 0.01531248
16 0.01637570 0.01608904 0.01666235
17 0.01772493 0.01743765 0.01801222
18 0.01907417 0.01878626 0.01936209
19 0.02042341 0.02013487 0.02071196
20 0.02177265 0.02148348 0.02206183
21 0.02312189 0.02283209 0.02341170
22 0.02447113 0.02418070 0.02476157
23 0.02582037 0.02552930 0.02611143
24 0.02716961 0.02687791 0.02746130
25 0.02851885 0.02822652 0.02881117
26 0.02986809 0.02957513 0.03016104
27 0.03121733 0.03092374 0.03151091
28 0.03256657 0.03227235 0.03286078
29 0.03391580 0.03362096 0.03421065
30 0.03526504 0.03496957 0.03556052
31 0.03661428 0.03631817 0.03691039
32 0.03796352 0.03766678 0.03826026
33 0.03931276 0.03901539 0.03961013
34 0.04066200 0.04036400 0.04096000
35 0.04188164 0.04158522 0.04217806
36 0.04310128 0.04280644 0.04339613
37 0.04432092 0.04402766 0.04461419
38 0.04554056 0.04524888 0.04583225
39 0.04676020 0.04647009 0.04705031
40 0.04797984 0.04769131 0.04826838
41 0.04919948 0.04891253 0.04948644
42 0.05041913 0.05013375 0.05070450
43 0.05163877 0.05135497 0.05192256
44 0.05285841 0.05257619 0.05314063
45 0.05407805 0.05379741 0.05435869
46 0.05529769 0.05501863 0.05557675
47 0.05651733 0.05623984 0.05679481
48 0.05773697 0.05746106 0.05801288
49 0.05895661 0.05868228 0.05923094
50 0.06017625 0.05990350 0.06044900
51 0.06139589 0.06112472 0.06166706
52 0.06261553 0.06234594 0.06288513
53 0.06383517 0.06356716 0.06410319
54 0.06505481 0.06478838 0.06532125
55 0.06627445 0.06600959 0.06653931
56 0.06749409 0.06723081 0.06775738
57 0.06871373 0.06845203 0.06897544
58 0.06993338 0.06967325 0.07019350
59 0.07115302 0.07089447 0.07141156
60 0.07237266 0.07211569 0.07262963
61 0.07359230 0.07333691 0.07384769
62 0.07481194 0.07455813 0.07506575
63 0.07603158 0.07577934 0.07628381
64 0.07725122 0.07700056 0.07750188
65 0.07847086 0.07822178 0.07871994
66 0.07969050 0.07944300 0.07993800
67 0.08090792 0.08066183 0.08115400
68 0.08212533 0.08188067 0.08237000
69 0.08334275 0.08309950 0.08358600
70 0.08456017 0.08431833 0.08480200
71 0.08577758 0.08553717 0.08601800
72 0.08699500 0.08675600 0.08723400
73 0.08821242 0.08797483 0.08845000
74 0.08942983 0.08919367 0.08966600
75 0.09064725 0.09041250 0.09088200
76 0.09186467 0.09163133 0.09209800
77 0.09308208 0.09285017 0.09331400
78 0.09429950 0.09406900 0.09453000
79 0.09551692 0.09528783 0.09574600
80 0.09673433 0.09650667 0.09696200
81 0.09795175 0.09772550 0.09817800
82 0.09916917 0.09894433 0.09939400
83 0.10038658 0.10016317 0.10061000
84 0.10160400 0.10138200 0.10182600
85 0.10282142 0.10260083 0.10304200
86 0.10403883 0.10381967 0.10425800
87 0.10525625 0.10503850 0.10547400
88 0.10647367 0.10625733 0.10669000
89 0.10769108 0.10747617 0.10790600
90 0.10890850 0.10869500 0.10912200
91 0.11012592 0.10991383 0.11033800
92 0.11134333 0.11113267 0.11155400
93 0.11256075 0.11235150 0.11277000
94 0.11377817 0.11357033 0.11398600
95 0.11499558 0.11478917 0.11520200
96 0.11621300 0.11600800 0.11641800
97 0.11744479 0.11723323 0.11765634
98 0.11867657 0.11845846 0.11889468
99 0.11990836 0.11968369 0.12013302
100 0.12114014 0.12090892 0.12137136
101 0.12237193 0.12213415 0.12260970
102 0.12360371 0.12335938 0.12384804
103 0.12483550 0.12458462 0.12508638
104 0.12606729 0.12580985 0.12632473
105 0.12729907 0.12703508 0.12756307
106 0.12853086 0.12826031 0.12880141
107 0.12976264 0.12948554 0.13003975
108 0.13099443 0.13071077 0.13127809
109 0.13222621 0.13193600 0.13251643
110 0.13345800 0.13316123 0.13375477
111 0.13468979 0.13438646 0.13499311
112 0.13592157 0.13561169 0.13623145
113 0.13715336 0.13683692 0.13746979
114 0.13838514 0.13806215 0.13870813
115 0.13961693 0.13928738 0.13994647
116 0.14084871 0.14051262 0.14118481
117 0.14208050 0.14173785 0.14242315
118 0.14331229 0.14296308 0.14366149
119 0.14454407 0.14418831 0.14489984
120 0.14577586 0.14541354 0.14613818
121 0.14700764 0.14663877 0.14737652
122 0.14823943 0.14786400 0.14861486
123 0.14947121 0.14908923 0.14985320
124 0.15070300 0.15031446 0.15109154
125 0.15193479 0.15153969 0.15232988
126 0.15316657 0.15276492 0.15356822
127 0.15439836 0.15399015 0.15480656
128 0.15563014 0.15521538 0.15604490
129 0.15686193 0.15644062 0.15728324
130 0.15809371 0.15766585 0.15852158
131 0.15932550 0.15889108 0.15975992
132 0.16055729 0.16011631 0.16099826
133 0.16178907 0.16134154 0.16223660
134 0.16302086 0.16256677 0.16347495
135 0.16425264 0.16379200 0.16471329
136 0.16548443 0.16501723 0.16595163
137 0.16671621 0.16624246 0.16718997
138 0.16794800 0.16746769 0.16842831
139 0.16917979 0.16869292 0.16966665
140 0.17041157 0.16991815 0.17090499
141 0.17164336 0.17114338 0.17214333
142 0.17287514 0.17236862 0.17338167
143 0.17410693 0.17359385 0.17462001
144 0.17533871 0.17481908 0.17585835
145 0.17657050 0.17604431 0.17709669
146 0.17780229 0.17726954 0.17833503
147 0.17903407 0.17849477 0.17957337
148 0.18026586 0.17972000 0.18081171
149 0.18149764 0.18094523 0.18205005
150 0.18272943 0.18217046 0.18328840
151 0.18396121 0.18339569 0.18452674
152 0.18519300 0.18462092 0.18576508
153 0.18642479 0.18584615 0.18700342
154 0.18765657 0.18707138 0.18824176
155 0.18888836 0.18829662 0.18948010
156 0.19012014 0.18952185 0.19071844
157 0.19135193 0.19074708 0.19195678
158 0.19258371 0.19197231 0.19319512
159 0.19381550 0.19319754 0.19443346
160 0.19504729 0.19442277 0.19567180
161 0.19627907 0.19564800 0.19691014
162 0.19751086 0.19687323 0.19814848
163 0.19874264 0.19809846 0.19938682
164 0.19997443 0.19932369 0.20062516
165 0.20120621 0.20054892 0.20186351
166 0.20243800 0.20177415 0.20310185
167 0.20366979 0.20299938 0.20434019
168 0.20490157 0.20422462 0.20557853
169 0.20613336 0.20544985 0.20681687
170 0.20736514 0.20667508 0.20805521
171 0.20859693 0.20790031 0.20929355
172 0.20982871 0.20912554 0.21053189
173 0.21106050 0.21035077 0.21177023
174 0.21229229 0.21157600 0.21300857
175 0.21352407 0.21280123 0.21424691
176 0.21475586 0.21402646 0.21548525
177 0.21598764 0.21525169 0.21672359
178 0.21721943 0.21647692 0.21796193
179 0.21845121 0.21770215 0.21920027
180 0.21968300 0.21892738 0.22043862
181 0.22091479 0.22015262 0.22167696
182 0.22214657 0.22137785 0.22291530
183 0.22337836 0.22260308 0.22415364
184 0.22461014 0.22382831 0.22539198
185 0.22584193 0.22505354 0.22663032
186 0.22707371 0.22627877 0.22786866
187 0.22830550 0.22750400 0.22910700
188 0.22951770 0.22870974 0.23032566
189 0.23072990 0.22991549 0.23154431
190 0.23194210 0.23112123 0.23276297
191 0.23315430 0.23232698 0.23398162
192 0.23436650 0.23353272 0.23520028
193 0.23557870 0.23473847 0.23641893
194 0.23679090 0.23594421 0.23763759
195 0.23800310 0.23714996 0.23885624
196 0.23921530 0.23835570 0.24007490
197 0.24042750 0.23956144 0.24129356
198 0.24163970 0.24076719 0.24251221
199 0.24285190 0.24197293 0.24373087
200 0.24406410 0.24317868 0.24494952
201 0.24527630 0.24438442 0.24616818
202 0.24648850 0.24559017 0.24738683
203 0.24770070 0.24679591 0.24860549
204 0.24891290 0.24800166 0.24982414
205 0.25012510 0.24920740 0.25104280
206 0.25133730 0.25041314 0.25226146
207 0.25254950 0.25161889 0.25348011
208 0.25376170 0.25282463 0.25469877
209 0.25497390 0.25403038 0.25591742
210 0.25618610 0.25523612 0.25713608
211 0.25739830 0.25644187 0.25835473
212 0.25861050 0.25764761 0.25957339
213 0.25982270 0.25885336 0.26079204
214 0.26103490 0.26005910 0.26201070
215 0.26224710 0.26126484 0.26322936
216 0.26345930 0.26247059 0.26444801
217 0.26467150 0.26367633 0.26566667
218 0.26588370 0.26488208 0.26688532
219 0.26709590 0.26608782 0.26810398
220 0.26830810 0.26729357 0.26932263
221 0.26952030 0.26849931 0.27054129
222 0.27073250 0.26970506 0.27175994
223 0.27194470 0.27091080 0.27297860
224 0.27315690 0.27211654 0.27419726
225 0.27436910 0.27332229 0.27541591
226 0.27558130 0.27452803 0.27663457
227 0.27679350 0.27573378 0.27785322
228 0.27800570 0.27693952 0.27907188
229 0.27921790 0.27814527 0.28029053
230 0.28043010 0.27935101 0.28150919
231 0.28164230 0.28055676 0.28272784
232 0.28285450 0.28176250 0.28394650
233 0.28406670 0.28296824 0.28516516
234 0.28527890 0.28417399 0.28638381
235 0.28649110 0.28537973 0.28760247
236 0.28770330 0.28658548 0.28882112
237 0.28891550 0.28779122 0.29003978
238 0.29012770 0.28899697 0.29125843
239 0.29133990 0.29020271 0.29247709
240 0.29255210 0.29140846 0.29369574
241 0.29376430 0.29261420 0.29491440
242 0.29497650 0.29381994 0.29613306
243 0.29618870 0.29502569 0.29735171
244 0.29740090 0.29623143 0.29857037
245 0.29861310 0.29743718 0.29978902
246 0.29982530 0.29864292 0.30100768
247 0.30103750 0.29984867 0.30222633
248 0.30224970 0.30105441 0.30344499
249 0.30346190 0.30226016 0.30466364
250 0.30467410 0.30346590 0.30588230
251 0.30588630 0.30467164 0.30710096
252 0.30709850 0.30587739 0.30831961
253 0.30831070 0.30708313 0.30953827
254 0.30952290 0.30828888 0.31075692
255 0.31073510 0.30949462 0.31197558
256 0.31194730 0.31070037 0.31319423
257 0.31315950 0.31190611 0.31441289
258 0.31437170 0.31311186 0.31563154
259 0.31558390 0.31431760 0.31685020
260 0.31679610 0.31552334 0.31806886
261 0.31800830 0.31672909 0.31928751
262 0.31922050 0.31793483 0.32050617
263 0.32043270 0.31914058 0.32172482
264 0.32164490 0.32034632 0.32294348
265 0.32285710 0.32155207 0.32416213
266 0.32406930 0.32275781 0.32538079
267 0.32528150 0.32396356 0.32659944
268 0.32649370 0.32516930 0.32781810
269 0.32770590 0.32637504 0.32903676
270 0.32891810 0.32758079 0.33025541
271 0.33013030 0.32878653 0.33147407
272 0.33134250 0.32999228 0.33269272
273 0.33255470 0.33119802 0.33391138
274 0.33376690 0.33240377 0.33513003
275 0.33497910 0.33360951 0.33634869
276 0.33619130 0.33481526 0.33756734
277 0.33740350 0.33602100 0.33878600
278 0.33862860 0.33723182 0.34002539
279 0.33985371 0.33844263 0.34126478
280 0.34107881 0.33965345 0.34250417
281 0.34230391 0.34086426 0.34374357
282 0.34352902 0.34207508 0.34498296
283 0.34475412 0.34328589 0.34622235
284 0.34597922 0.34449671 0.34746174
285 0.34720433 0.34570752 0.34870113
286 0.34842943 0.34691834 0.34994052
287 0.34965453 0.34812915 0.35117991
288 0.35087964 0.34933997 0.35241930
289 0.35210474 0.35055078 0.35365870
290 0.35332984 0.35176160 0.35489809
291 0.35455495 0.35297241 0.35613748
292 0.35578005 0.35418323 0.35737687
293 0.35700515 0.35539404 0.35861626
294 0.35823026 0.35660486 0.35985565
295 0.35945536 0.35781567 0.36109504
296 0.36068046 0.35902649 0.36233443
297 0.36190557 0.36023730 0.36357383
298 0.36313067 0.36144812 0.36481322
299 0.36435577 0.36265893 0.36605261
300 0.36558088 0.36386975 0.36729200
301 0.36680598 0.36508057 0.36853139
302 0.36803108 0.36629138 0.36977078
303 0.36925618 0.36750220 0.37101017
304 0.37048129 0.36871301 0.37224957
305 0.37170639 0.36992383 0.37348896
306 0.37293149 0.37113464 0.37472835
307 0.37415660 0.37234546 0.37596774
308 0.37538170 0.37355627 0.37720713
309 0.37660680 0.37476709 0.37844652
310 0.37783191 0.37597790 0.37968591
311 0.37905701 0.37718872 0.38092530
312 0.38028211 0.37839953 0.38216470
313 0.38150722 0.37961035 0.38340409
314 0.38273232 0.38082116 0.38464348
315 0.38395742 0.38203198 0.38588287
316 0.38518253 0.38324279 0.38712226
317 0.38640763 0.38445361 0.38836165
318 0.38763273 0.38566442 0.38960104
319 0.38885784 0.38687524 0.39084043
320 0.39008294 0.38808605 0.39207983
321 0.39130804 0.38929687 0.39331922
322 0.39253315 0.39050768 0.39455861
323 0.39375825 0.39171850 0.39579800
324 0.39498335 0.39292932 0.39703739
325 0.39620846 0.39414013 0.39827678
326 0.39743356 0.39535095 0.39951617
327 0.39865866 0.39656176 0.40075557
328 0.39988377 0.39777258 0.40199496
329 0.40110887 0.39898339 0.40323435
330 0.40233397 0.40019421 0.40447374
331 0.40355908 0.40140502 0.40571313
332 0.40478418 0.40261584 0.40695252
333 0.40600928 0.40382665 0.40819191
334 0.40723439 0.40503747 0.40943130
335 0.40845949 0.40624828 0.41067070
336 0.40968459 0.40745910 0.41191009
337 0.41090970 0.40866991 0.41314948
338 0.41213480 0.40988073 0.41438887
339 0.41335990 0.41109154 0.41562826
340 0.41458501 0.41230236 0.41686765
341 0.41581011 0.41351317 0.41810704
342 0.41703521 0.41472399 0.41934643
343 0.41826032 0.41593480 0.42058583
344 0.41948542 0.41714562 0.42182522
345 0.42071052 0.41835643 0.42306461
346 0.42193563 0.41956725 0.42430400
347 0.42316073 0.42077807 0.42554339
348 0.42438583 0.42198888 0.42678278
349 0.42561093 0.42319970 0.42802217
350 0.42683604 0.42441051 0.42926157
351 0.42806114 0.42562133 0.43050096
352 0.42928624 0.42683214 0.43174035
353 0.43051135 0.42804296 0.43297974
354 0.43173645 0.42925377 0.43421913
355 0.43296155 0.43046459 0.43545852
356 0.43418666 0.43167540 0.43669791
357 0.43541176 0.43288622 0.43793730
358 0.43663686 0.43409703 0.43917670
359 0.43786197 0.43530785 0.44041609
360 0.43908707 0.43651866 0.44165548
361 0.44031217 0.43772948 0.44289487
362 0.44153728 0.43894029 0.44413426
363 0.44276238 0.44015111 0.44537365
364 0.44398748 0.44136192 0.44661304
365 0.44521259 0.44257274 0.44785243
366 0.44643769 0.44378355 0.44909183
367 0.44766279 0.44499437 0.45033122
368 0.44888790 0.44620518 0.45157061
369 0.45011300 0.44741600 0.45281000
370 0.45136606 0.44866996 0.45406217
371 0.45261913 0.44992392 0.45531433
372 0.45387219 0.45117789 0.45656650
373 0.45512526 0.45243185 0.45781867
374 0.45637832 0.45368581 0.45907083
375 0.45763139 0.45493977 0.46032300
376 0.45888445 0.45619373 0.46157517
377 0.46013751 0.45744769 0.46282733
378 0.46139058 0.45870166 0.46407950
379 0.46264364 0.45995562 0.46533167
380 0.46389671 0.46120958 0.46658383
381 0.46514977 0.46246354 0.46783600
382 0.46640283 0.46371750 0.46908817
383 0.46765590 0.46497146 0.47034033
384 0.46890896 0.46622543 0.47159250
385 0.47016203 0.46747939 0.47284467
386 0.47141509 0.46873335 0.47409683
387 0.47266816 0.46998731 0.47534900
388 0.47392122 0.47124127 0.47660117
389 0.47517428 0.47249524 0.47785333
390 0.47642735 0.47374920 0.47910550
391 0.47768041 0.47500316 0.48035767
392 0.47893348 0.47625712 0.48160983
393 0.48018654 0.47751108 0.48286200
394 0.48143961 0.47876504 0.48411417
395 0.48269267 0.48001901 0.48536633
396 0.48394573 0.48127297 0.48661850
397 0.48519880 0.48252693 0.48787067
398 0.48645186 0.48378089 0.48912283
399 0.48770493 0.48503485 0.49037500
400 0.48895799 0.48628881 0.49162717
401 0.49021105 0.48754278 0.49287933
402 0.49146412 0.48879674 0.49413150
403 0.49271718 0.49005070 0.49538367
404 0.49397025 0.49130466 0.49663583
405 0.49522331 0.49255862 0.49788800
406 0.49647638 0.49381258 0.49914017
407 0.49772944 0.49506655 0.50039233
408 0.49898250 0.49632051 0.50164450
409 0.50023557 0.49757447 0.50289667
410 0.50148863 0.49882843 0.50414883
411 0.50274170 0.50008239 0.50540100
412 0.50399476 0.50133636 0.50665317
413 0.50524783 0.50259032 0.50790533
414 0.50650089 0.50384428 0.50915750
415 0.50775395 0.50509824 0.51040967
416 0.50900702 0.50635220 0.51166183
417 0.51026008 0.50760616 0.51291400
418 0.51151315 0.50886013 0.51416617
419 0.51276621 0.51011409 0.51541833
420 0.51401927 0.51136805 0.51667050
421 0.51527234 0.51262201 0.51792267
422 0.51652540 0.51387597 0.51917483
423 0.51777847 0.51512993 0.52042700
424 0.51903153 0.51638390 0.52167917
425 0.52028460 0.51763786 0.52293133
426 0.52153766 0.51889182 0.52418350
427 0.52279072 0.52014578 0.52543567
428 0.52404379 0.52139974 0.52668783
429 0.52529685 0.52265370 0.52794000
430 0.52654992 0.52390767 0.52919217
431 0.52780298 0.52516163 0.53044433
432 0.52905605 0.52641559 0.53169650
433 0.53030911 0.52766955 0.53294867
434 0.53156217 0.52892351 0.53420083
435 0.53281524 0.53017748 0.53545300
436 0.53406830 0.53143144 0.53670517
437 0.53532137 0.53268540 0.53795733
438 0.53657443 0.53393936 0.53920950
439 0.53782749 0.53519332 0.54046167
440 0.53908056 0.53644728 0.54171383
441 0.54033362 0.53770125 0.54296600
442 0.54158669 0.53895521 0.54421817
443 0.54283975 0.54020917 0.54547033
444 0.54409282 0.54146313 0.54672250
445 0.54534588 0.54271709 0.54797467
446 0.54659894 0.54397105 0.54922683
447 0.54785201 0.54522502 0.55047900
448 0.54910507 0.54647898 0.55173117
449 0.55035814 0.54773294 0.55298333
450 0.55161120 0.54898690 0.55423550
451 0.55286427 0.55024086 0.55548767
452 0.55411733 0.55149483 0.55673983
453 0.55537039 0.55274879 0.55799200
454 0.55662346 0.55400275 0.55924417
455 0.55787652 0.55525671 0.56049633
456 0.55912959 0.55651067 0.56174850
457 0.56038265 0.55776463 0.56300067
458 0.56163571 0.55901860 0.56425283
459 0.56288878 0.56027256 0.56550500
460 0.56414184 0.56152652 0.56675717
461 0.56539491 0.56278048 0.56800933
462 0.56664797 0.56403444 0.56926150
463 0.56790104 0.56528840 0.57051367
464 0.56915410 0.56654237 0.57176583
465 0.57040716 0.56779633 0.57301800
466 0.57166023 0.56905029 0.57427017
467 0.57291329 0.57030425 0.57552233
468 0.57416636 0.57155821 0.57677450
469 0.57541942 0.57281217 0.57802667
470 0.57667249 0.57406614 0.57927883
471 0.57792555 0.57532010 0.58053100
472 0.57917861 0.57657406 0.58178317
473 0.58043168 0.57782802 0.58303533
474 0.58168474 0.57908198 0.58428750
475 0.58293781 0.58033595 0.58553967
476 0.58419087 0.58158991 0.58679183
477 0.58544393 0.58284387 0.58804400
478 0.58669700 0.58409783 0.58929617
479 0.58795006 0.58535179 0.59054833
480 0.58920313 0.58660575 0.59180050
481 0.59045619 0.58785972 0.59305267
482 0.59170926 0.58911368 0.59430483
483 0.59296232 0.59036764 0.59555700
484 0.59421538 0.59162160 0.59680917
485 0.59546845 0.59287556 0.59806133
486 0.59672151 0.59412952 0.59931350
487 0.59797458 0.59538349 0.60056567
488 0.59922764 0.59663745 0.60181783
489 0.60048070 0.59789141 0.60307000
490 0.60173377 0.59914537 0.60432217
491 0.60298683 0.60039933 0.60557433
492 0.60423990 0.60165330 0.60682650
493 0.60549296 0.60290726 0.60807867
494 0.60674603 0.60416122 0.60933083
495 0.60799909 0.60541518 0.61058300
496 0.60925215 0.60666914 0.61183517
497 0.61050522 0.60792310 0.61308733
498 0.61175828 0.60917707 0.61433950
499 0.61301135 0.61043103 0.61559167
500 0.61426441 0.61168499 0.61684383
501 0.61551748 0.61293895 0.61809600
502 0.61677054 0.61419291 0.61934817
503 0.61802360 0.61544687 0.62060033
504 0.61927667 0.61670084 0.62185250
505 0.62052973 0.61795480 0.62310467
506 0.62178280 0.61920876 0.62435683
507 0.62303586 0.62046272 0.62560900
508 0.62428892 0.62171668 0.62686117
509 0.62554199 0.62297064 0.62811333
510 0.62679505 0.62422461 0.62936550
511 0.62804812 0.62547857 0.63061767
512 0.62930118 0.62673253 0.63186983
513 0.63055425 0.62798649 0.63312200
514 0.63180731 0.62924045 0.63437417
515 0.63306037 0.63049442 0.63562633
516 0.63431344 0.63174838 0.63687850
517 0.63556650 0.63300234 0.63813067
518 0.63681957 0.63425630 0.63938283
519 0.63807263 0.63551026 0.64063500
520 0.63932570 0.63676422 0.64188717
521 0.64057876 0.63801819 0.64313933
522 0.64183182 0.63927215 0.64439150
523 0.64308489 0.64052611 0.64564367
524 0.64433795 0.64178007 0.64689583
525 0.64559102 0.64303403 0.64814800
526 0.64684408 0.64428799 0.64940017
527 0.64809714 0.64554196 0.65065233
528 0.64935021 0.64679592 0.65190450
529 0.65060327 0.64804988 0.65315667
530 0.65185634 0.64930384 0.65440883
531 0.65310940 0.65055780 0.65566100
532 0.65436247 0.65181177 0.65691317
533 0.65561553 0.65306573 0.65816533
534 0.65686859 0.65431969 0.65941750
535 0.65812166 0.65557365 0.66066967
536 0.65937472 0.65682761 0.66192183
537 0.66062779 0.65808157 0.66317400
538 0.66188085 0.65933554 0.66442617
539 0.66313392 0.66058950 0.66567833
540 0.66438698 0.66184346 0.66693050
541 0.66564004 0.66309742 0.66818267
542 0.66689311 0.66435138 0.66943483
543 0.66814617 0.66560534 0.67068700
544 0.66939924 0.66685931 0.67193917
545 0.67065230 0.66811327 0.67319133
546 0.67190536 0.66936723 0.67444350
547 0.67315843 0.67062119 0.67569567
548 0.67441149 0.67187515 0.67694783
549 0.67566456 0.67312911 0.67820000
550 0.67691762 0.67438308 0.67945217
551 0.67817069 0.67563704 0.68070433
552 0.67942375 0.67689100 0.68195650
553 0.68067681 0.67814496 0.68320867
554 0.68192988 0.67939892 0.68446083
555 0.68318294 0.68065289 0.68571300
556 0.68443601 0.68190685 0.68696517
557 0.68568907 0.68316081 0.68821733
558 0.68694214 0.68441477 0.68946950
559 0.68819520 0.68566873 0.69072167
560 0.68944826 0.68692269 0.69197383
561 0.69070133 0.68817666 0.69322600
562 0.69195439 0.68943062 0.69447817
563 0.69320746 0.69068458 0.69573033
564 0.69446052 0.69193854 0.69698250
565 0.69571358 0.69319250 0.69823467
566 0.69696665 0.69444646 0.69948683
567 0.69821971 0.69570043 0.70073900
568 0.69947278 0.69695439 0.70199117
569 0.70072584 0.69820835 0.70324333
570 0.70197891 0.69946231 0.70449550
571 0.70323197 0.70071627 0.70574767
572 0.70448503 0.70197024 0.70699983
573 0.70573810 0.70322420 0.70825200
574 0.70699116 0.70447816 0.70950417
575 0.70824423 0.70573212 0.71075633
576 0.70949729 0.70698608 0.71200850
577 0.71075036 0.70824004 0.71326067
578 0.71200342 0.70949401 0.71451283
579 0.71325648 0.71074797 0.71576500
580 0.71450955 0.71200193 0.71701717
581 0.71576261 0.71325589 0.71826933
582 0.71701568 0.71450985 0.71952150
583 0.71826874 0.71576381 0.72077367
584 0.71952180 0.71701778 0.72202583
585 0.72077487 0.71827174 0.72327800
586 0.72202793 0.71952570 0.72453017
587 0.72328100 0.72077966 0.72578233
588 0.72453406 0.72203362 0.72703450
589 0.72578713 0.72328758 0.72828667
590 0.72704019 0.72454155 0.72953883
591 0.72829325 0.72579551 0.73079100
592 0.72954632 0.72704947 0.73204317
593 0.73079938 0.72830343 0.73329533
594 0.73205245 0.72955739 0.73454750
595 0.73330551 0.73081136 0.73579967
596 0.73455858 0.73206532 0.73705183
597 0.73581164 0.73331928 0.73830400
598 0.73706470 0.73457324 0.73955617
599 0.73831777 0.73582720 0.74080833
600 0.73957083 0.73708116 0.74206050
601 0.74082390 0.73833513 0.74331267
602 0.74207696 0.73958909 0.74456483
603 0.74333002 0.74084305 0.74581700
604 0.74458309 0.74209701 0.74706917
605 0.74583615 0.74335097 0.74832133
606 0.74708922 0.74460493 0.74957350
607 0.74834228 0.74585890 0.75082567
608 0.74959535 0.74711286 0.75207783
609 0.75084841 0.74836682 0.75333000
610 0.75210147 0.74962078 0.75458217
611 0.75335454 0.75087474 0.75583433
612 0.75460760 0.75212870 0.75708650
613 0.75586067 0.75338267 0.75833867
614 0.75711373 0.75463663 0.75959083
615 0.75836680 0.75589059 0.76084300
616 0.75961986 0.75714455 0.76209517
617 0.76087292 0.75839851 0.76334733
618 0.76212599 0.75965248 0.76459950
619 0.76337905 0.76090644 0.76585167
620 0.76463212 0.76216040 0.76710383
621 0.76588518 0.76341436 0.76835600
622 0.76713824 0.76466832 0.76960817
623 0.76839131 0.76592228 0.77086033
624 0.76964437 0.76717625 0.77211250
625 0.77089744 0.76843021 0.77336467
626 0.77215050 0.76968417 0.77461683
627 0.77340357 0.77093813 0.77586900
628 0.77465663 0.77219209 0.77712117
629 0.77590969 0.77344605 0.77837333
630 0.77716276 0.77470002 0.77962550
631 0.77841582 0.77595398 0.78087767
632 0.77966889 0.77720794 0.78212983
633 0.78092195 0.77846190 0.78338200
634 0.78217502 0.77971586 0.78463417
635 0.78342808 0.78096983 0.78588633
636 0.78468114 0.78222379 0.78713850
637 0.78593421 0.78347775 0.78839067
638 0.78718727 0.78473171 0.78964283
639 0.78844034 0.78598567 0.79089500
640 0.78969340 0.78723963 0.79214717
641 0.79094646 0.78849360 0.79339933
642 0.79219953 0.78974756 0.79465150
643 0.79345259 0.79100152 0.79590367
644 0.79470566 0.79225548 0.79715583
645 0.79595872 0.79350944 0.79840800
646 0.79721179 0.79476340 0.79966017
647 0.79846485 0.79601737 0.80091233
648 0.79971791 0.79727133 0.80216450
649 0.80097098 0.79852529 0.80341667
650 0.80222404 0.79977925 0.80466883
651 0.80347711 0.80103321 0.80592100
652 0.80473017 0.80228717 0.80717317
653 0.80598324 0.80354114 0.80842533
654 0.80723630 0.80479510 0.80967750
655 0.80848936 0.80604906 0.81092967
656 0.80974243 0.80730302 0.81218183
657 0.81099549 0.80855698 0.81343400
658 0.81224856 0.80981095 0.81468617
659 0.81350162 0.81106491 0.81593833
660 0.81475468 0.81231887 0.81719050
661 0.81600775 0.81357283 0.81844267
662 0.81726081 0.81482679 0.81969483
663 0.81851388 0.81608075 0.82094700
664 0.81976694 0.81733472 0.82219917
665 0.82102001 0.81858868 0.82345133
666 0.82227307 0.81984264 0.82470350
667 0.82352613 0.82109660 0.82595567
668 0.82477920 0.82235056 0.82720783
669 0.82603226 0.82360452 0.82846000
670 0.82728533 0.82485849 0.82971217
671 0.82853839 0.82611245 0.83096433
672 0.82979145 0.82736641 0.83221650
673 0.83104452 0.82862037 0.83346867
674 0.83229758 0.82987433 0.83472083
675 0.83355065 0.83112830 0.83597300
676 0.83480371 0.83238226 0.83722517
677 0.83605678 0.83363622 0.83847733
678 0.83730984 0.83489018 0.83972950
679 0.83856290 0.83614414 0.84098167
680 0.83981597 0.83739810 0.84223383
681 0.84106903 0.83865207 0.84348600
682 0.84232210 0.83990603 0.84473817
683 0.84357516 0.84115999 0.84599033
684 0.84482823 0.84241395 0.84724250
685 0.84608129 0.84366791 0.84849467
686 0.84733435 0.84492187 0.84974683
687 0.84858742 0.84617584 0.85099900
688 0.84984048 0.84742980 0.85225117
689 0.85109355 0.84868376 0.85350333
690 0.85234661 0.84993772 0.85475550
691 0.85359967 0.85119168 0.85600767
692 0.85485274 0.85244564 0.85725983
693 0.85610580 0.85369961 0.85851200
694 0.85735887 0.85495357 0.85976417
695 0.85861193 0.85620753 0.86101633
696 0.85986500 0.85746149 0.86226850
697 0.86111806 0.85871545 0.86352067
698 0.86237112 0.85996942 0.86477283
699 0.86362419 0.86122338 0.86602500
700 0.86487725 0.86247734 0.86727717
701 0.86613032 0.86373130 0.86852933
702 0.86738338 0.86498526 0.86978150
703 0.86863645 0.86623922 0.87103367
704 0.86988951 0.86749319 0.87228583
705 0.87114257 0.86874715 0.87353800
706 0.87239564 0.87000111 0.87479017
707 0.87364870 0.87125507 0.87604233
708 0.87490177 0.87250903 0.87729450
709 0.87615483 0.87376299 0.87854667
710 0.87740789 0.87501696 0.87979883
711 0.87866096 0.87627092 0.88105100
712 0.87991402 0.87752488 0.88230317
713 0.88116709 0.87877884 0.88355533
714 0.88242015 0.88003280 0.88480750
715 0.88367322 0.88128677 0.88605967
716 0.88492628 0.88254073 0.88731183
717 0.88617934 0.88379469 0.88856400
718 0.88743241 0.88504865 0.88981617
719 0.88868547 0.88630261 0.89106833
720 0.88993854 0.88755657 0.89232050
721 0.89119160 0.88881054 0.89357267
722 0.89244467 0.89006450 0.89482483
723 0.89369773 0.89131846 0.89607700
724 0.89495079 0.89257242 0.89732917
725 0.89620386 0.89382638 0.89858133
726 0.89745692 0.89508034 0.89983350
727 0.89870999 0.89633431 0.90108567
728 0.89996305 0.89758827 0.90233783
729 0.90121611 0.89884223 0.90359000
730 0.90246918 0.90009619 0.90484217
731 0.90372224 0.90135015 0.90609433
732 0.90497531 0.90260411 0.90734650
733 0.90622837 0.90385808 0.90859867
734 0.90748144 0.90511204 0.90985083
735 0.90873450 0.90636600 0.91110300
736 0.91013096 0.90775508 0.91250683
737 0.91152741 0.90914415 0.91391067
738 0.91292387 0.91053323 0.91531450
739 0.91432032 0.91192231 0.91671834
740 0.91571678 0.91331138 0.91812217
741 0.91711323 0.91470046 0.91952600
742 0.91850969 0.91608953 0.92092984
743 0.91990614 0.91747861 0.92233367
744 0.92130260 0.91886769 0.92373750
745 0.92269905 0.92025676 0.92514134
746 0.92409551 0.92164584 0.92654517
747 0.92549196 0.92303492 0.92794901
748 0.92688842 0.92442399 0.92935284
749 0.92828487 0.92581307 0.93075667
750 0.92968133 0.92720214 0.93216051
751 0.93107778 0.92859122 0.93356434
752 0.93247424 0.92998030 0.93496817
753 0.93387069 0.93136937 0.93637201
754 0.93526715 0.93275845 0.93777584
755 0.93666360 0.93414753 0.93917968
756 0.93806006 0.93553660 0.94058351
757 0.93945651 0.93692568 0.94198734
758 0.94085297 0.93831475 0.94339118
759 0.94224942 0.93970383 0.94479501
760 0.94364588 0.94109291 0.94619884
761 0.94504233 0.94248198 0.94760268
762 0.94643879 0.94387106 0.94900651
763 0.94783524 0.94526014 0.95041035
764 0.94923170 0.94664921 0.95181418
765 0.95062815 0.94803829 0.95321801
766 0.95202461 0.94942737 0.95462185
767 0.95342106 0.95081644 0.95602568
768 0.95481752 0.95220552 0.95742952
769 0.95621397 0.95359459 0.95883335
770 0.95761043 0.95498367 0.96023718
771 0.95900688 0.95637275 0.96164102
772 0.96040334 0.95776182 0.96304485
773 0.96179979 0.95915090 0.96444868
774 0.96319625 0.96053998 0.96585252
775 0.96459270 0.96192905 0.96725635
776 0.96598916 0.96331813 0.96866019
777 0.96738561 0.96470720 0.97006402
778 0.96878207 0.96609628 0.97146785
779 0.97017852 0.96748536 0.97287169
780 0.97157498 0.96887443 0.97427552
781 0.97297143 0.97026351 0.97567935
782 0.97436789 0.97165259 0.97708319
783 0.97576434 0.97304166 0.97848702
784 0.97716080 0.97443074 0.97989086
785 0.97855725 0.97581981 0.98129469
786 0.97995371 0.97720889 0.98269852
787 0.98135016 0.97859797 0.98410236
788 0.98274662 0.97998704 0.98550619
789 0.98414307 0.98137612 0.98691002
790 0.98553953 0.98276520 0.98831386
791 0.98693598 0.98415427 0.98971769
792 0.98833244 0.98554335 0.99112153
793 0.98972889 0.98693243 0.99252536
794 0.99112535 0.98832150 0.99392919
795 0.99252180 0.98971058 0.99533303
796 0.99391826 0.99109965 0.99673686
797 0.99531471 0.99248873 0.99814069
798 0.99671117 0.99387781 0.99954453
799 0.99810762 0.99526688 1.00094836
800 0.99950408 0.99665596 1.00235220
801 1.00090053 0.99804504 1.00375603
802 1.00229699 0.99943411 1.00515986
803 1.00369344 1.00082319 1.00656370
804 1.00508990 1.00221226 1.00796753
805 1.00648635 1.00360134 1.00937137
806 1.00788281 1.00499042 1.01077520
807 1.00927926 1.00637949 1.01217903
808 1.01067572 1.00776857 1.01358287
809 1.01207217 1.00915765 1.01498670
810 1.01346863 1.01054672 1.01639053
811 1.01486508 1.01193580 1.01779437
812 1.01626154 1.01332487 1.01919820
813 1.01765799 1.01471395 1.02060204
814 1.01905445 1.01610303 1.02200587
815 1.02045090 1.01749210 1.02340970
816 1.02184736 1.01888118 1.02481354
817 1.02324381 1.02027026 1.02621737
818 1.02464027 1.02165933 1.02762120
819 1.02603672 1.02304841 1.02902504
820 1.02743318 1.02443749 1.03042887
821 1.02882963 1.02582656 1.03183271
822 1.03022609 1.02721564 1.03323654
823 1.03162254 1.02860471 1.03464037
824 1.03301900 1.02999379 1.03604421
825 1.03441545 1.03138287 1.03744804
826 1.03581191 1.03277194 1.03885187
827 1.03720836 1.03416102 1.04025571
828 1.03860482 1.03555010 1.04165954
829 1.04000127 1.03693917 1.04306338
830 1.04139773 1.03832825 1.04446721
831 1.04279418 1.03971732 1.04587104
832 1.04419064 1.04110640 1.04727488
833 1.04558709 1.04249548 1.04867871
834 1.04698355 1.04388455 1.05008255
835 1.04838000 1.04527363 1.05148638
836 1.04977646 1.04666271 1.05289021
837 1.05117291 1.04805178 1.05429405
838 1.05256937 1.04944086 1.05569788
839 1.05396582 1.05082993 1.05710171
840 1.05536228 1.05221901 1.05850555
841 1.05675873 1.05360809 1.05990938
842 1.05815519 1.05499716 1.06131322
843 1.05955164 1.05638624 1.06271705
844 1.06094810 1.05777532 1.06412088
845 1.06234455 1.05916439 1.06552472
846 1.06374101 1.06055347 1.06692855
847 1.06513746 1.06194255 1.06833238
848 1.06653392 1.06333162 1.06973622
849 1.06793037 1.06472070 1.07114005
850 1.06932683 1.06610977 1.07254389
851 1.07072328 1.06749885 1.07394772
852 1.07211974 1.06888793 1.07535155
853 1.07351619 1.07027700 1.07675539
854 1.07491265 1.07166608 1.07815922
855 1.07630910 1.07305516 1.07956305
856 1.07770556 1.07444423 1.08096689
857 1.07910202 1.07583331 1.08237072
858 1.08049847 1.07722238 1.08377456
859 1.08189493 1.07861146 1.08517839
860 1.08329138 1.08000054 1.08658222
861 1.08468784 1.08138961 1.08798606
862 1.08608429 1.08277869 1.08938989
863 1.08748075 1.08416777 1.09079372
864 1.08887720 1.08555684 1.09219756
865 1.09027366 1.08694592 1.09360139
866 1.09167011 1.08833499 1.09500523
867 1.09306657 1.08972407 1.09640906
868 1.09446302 1.09111315 1.09781289
869 1.09585948 1.09250222 1.09921673
870 1.09725593 1.09389130 1.10062056
871 1.09865239 1.09528038 1.10202440
872 1.10004884 1.09666945 1.10342823
873 1.10144530 1.09805853 1.10483206
874 1.10284175 1.09944760 1.10623590
875 1.10423821 1.10083668 1.10763973
876 1.10563466 1.10222576 1.10904356
877 1.10703112 1.10361483 1.11044740
878 1.10842757 1.10500391 1.11185123
879 1.10982403 1.10639299 1.11325507
880 1.11122048 1.10778206 1.11465890
881 1.11261694 1.10917114 1.11606273
882 1.11401339 1.11056022 1.11746657
883 1.11540985 1.11194929 1.11887040
884 1.11680630 1.11333837 1.12027423
885 1.11820276 1.11472744 1.12167807
886 1.11959921 1.11611652 1.12308190
887 1.12099567 1.11750560 1.12448574
888 1.12239212 1.11889467 1.12588957
889 1.12378858 1.12028375 1.12729340
890 1.12518503 1.12167283 1.12869724
891 1.12658149 1.12306190 1.13010107
892 1.12797794 1.12445098 1.13150490
893 1.12937440 1.12584005 1.13290874
894 1.13077085 1.12722913 1.13431257
895 1.13216731 1.12861821 1.13571641
896 1.13356376 1.13000728 1.13712024
897 1.13496022 1.13139636 1.13852407
898 1.13635667 1.13278544 1.13992791
899 1.13775313 1.13417451 1.14133174
900 1.13914958 1.13556359 1.14273557
901 1.14054604 1.13695266 1.14413941
902 1.14194249 1.13834174 1.14554324
903 1.14333895 1.13973082 1.14694708
904 1.14473540 1.14111989 1.14835091
905 1.14613186 1.14250897 1.14975474
906 1.14752831 1.14389805 1.15115858
907 1.14892477 1.14528712 1.15256241
908 1.15032122 1.14667620 1.15396625
909 1.15171768 1.14806528 1.15537008
910 1.15311413 1.14945435 1.15677391
911 1.15451059 1.15084343 1.15817775
912 1.15590704 1.15223250 1.15958158
913 1.15730350 1.15362158 1.16098541
914 1.15869995 1.15501066 1.16238925
915 1.16009641 1.15639973 1.16379308
916 1.16149286 1.15778881 1.16519692
917 1.16288932 1.15917789 1.16660075
918 1.16428577 1.16056696 1.16800458
919 1.16568223 1.16195604 1.16940842
920 1.16707868 1.16334511 1.17081225
921 1.16847514 1.16473419 1.17221608
922 1.16987159 1.16612327 1.17361992
923 1.17126805 1.16751234 1.17502375
924 1.17266450 1.16890142 1.17642759
925 1.17406096 1.17029050 1.17783142
926 1.17545741 1.17167957 1.17923525
927 1.17685387 1.17306865 1.18063909
928 1.17825032 1.17445772 1.18204292
929 1.17964678 1.17584680 1.18344675
930 1.18104323 1.17723588 1.18485059
931 1.18243969 1.17862495 1.18625442
932 1.18383614 1.18001403 1.18765826
933 1.18523260 1.18140311 1.18906209
934 1.18662905 1.18279218 1.19046592
935 1.18802551 1.18418126 1.19186976
936 1.18942196 1.18557034 1.19327359
937 1.19081842 1.18695941 1.19467743
938 1.19221487 1.18834849 1.19608126
939 1.19361133 1.18973756 1.19748509
940 1.19500778 1.19112664 1.19888893
941 1.19640424 1.19251572 1.20029276
942 1.19780069 1.19390479 1.20169659
943 1.19919715 1.19529387 1.20310043
944 1.20059360 1.19668295 1.20450426
945 1.20199006 1.19807202 1.20590810
946 1.20338651 1.19946110 1.20731193
947 1.20478297 1.20085017 1.20871576
948 1.20617942 1.20223925 1.21011960
949 1.20757588 1.20362833 1.21152343
950 1.20897233 1.20501740 1.21292726
951 1.21036879 1.20640648 1.21433110
952 1.21176524 1.20779556 1.21573493
953 1.21316170 1.20918463 1.21713877
954 1.21455815 1.21057371 1.21854260
955 1.21595461 1.21196278 1.21994643
956 1.21735106 1.21335186 1.22135027
957 1.21874752 1.21474094 1.22275410
958 1.22014397 1.21613001 1.22415793
959 1.22154043 1.21751909 1.22556177
960 1.22293688 1.21890817 1.22696560
961 1.22433334 1.22029724 1.22836944
962 1.22572979 1.22168632 1.22977327
963 1.22712625 1.22307540 1.23117710
964 1.22852270 1.22446447 1.23258094
965 1.22991916 1.22585355 1.23398477
966 1.23131561 1.22724262 1.23538860
967 1.23271207 1.22863170 1.23679244
968 1.23410852 1.23002078 1.23819627
969 1.23550498 1.23140985 1.23960011
970 1.23690143 1.23279893 1.24100394
971 1.23829789 1.23418801 1.24240777
972 1.23969434 1.23557708 1.24381161
973 1.24109080 1.23696616 1.24521544
974 1.24248725 1.23835523 1.24661928
975 1.24388371 1.23974431 1.24802311
976 1.24528016 1.24113339 1.24942694
977 1.24667662 1.24252246 1.25083078
978 1.24807307 1.24391154 1.25223461
979 1.24946953 1.24530062 1.25363844
980 1.25086599 1.24668969 1.25504228
981 1.25226244 1.24807877 1.25644611
982 1.25365890 1.24946784 1.25784995
983 1.25505535 1.25085692 1.25925378
984 1.25645181 1.25224600 1.26065761
985 1.25784826 1.25363507 1.26206145
986 1.25924472 1.25502415 1.26346528
987 1.26064117 1.25641323 1.26486911
988 1.26203763 1.25780230 1.26627295
989 1.26343408 1.25919138 1.26767678
990 1.26483054 1.26058046 1.26908062
991 1.26622699 1.26196953 1.27048445
992 1.26762345 1.26335861 1.27188828
993 1.26901990 1.26474768 1.27329212
994 1.27041636 1.26613676 1.27469595
995 1.27181281 1.26752584 1.27609978
996 1.27320927 1.26891491 1.27750362
997 1.27460572 1.27030399 1.27890745
998 1.27600218 1.27169307 1.28031129
999 1.27739863 1.27308214 1.28171512
1000 1.27879509 1.27447122 1.28311895
1001 1.28019154 1.27586029 1.28452279
1002 1.28158800 1.27724937 1.28592662
1003 1.28298445 1.27863845 1.28733046
1004 1.28438091 1.28002752 1.28873429
1005 1.28577736 1.28141660 1.29013812
1006 1.28717382 1.28280568 1.29154196
1007 1.28857027 1.28419475 1.29294579
1008 1.28996673 1.28558383 1.29434962
1009 1.29136318 1.28697290 1.29575346
1010 1.29275964 1.28836198 1.29715729
1011 1.29415609 1.28975106 1.29856113
1012 1.29555255 1.29114013 1.29996496
1013 1.29694900 1.29252921 1.30136879
1014 1.29834546 1.29391829 1.30277263
1015 1.29974191 1.29530736 1.30417646
1016 1.30113837 1.29669644 1.30558029
1017 1.30253482 1.29808552 1.30698413
1018 1.30393128 1.29947459 1.30838796
1019 1.30532773 1.30086367 1.30979180
1020 1.30672419 1.30225274 1.31119563
1021 1.30812064 1.30364182 1.31259946
1022 1.30951710 1.30503090 1.31400330
1023 1.31091355 1.30641997 1.31540713
1024 1.31231001 1.30780905 1.31681096
1025 1.31370646 1.30919813 1.31821480
1026 1.31510292 1.31058720 1.31961863
1027 1.31649937 1.31197628 1.32102247
1028 1.31789583 1.31336535 1.32242630
1029 1.31929228 1.31475443 1.32383013
1030 1.32068874 1.31614351 1.32523397
1031 1.32208519 1.31753258 1.32663780
1032 1.32348165 1.31892166 1.32804163
1033 1.32487810 1.32031074 1.32944547
1034 1.32627456 1.32169981 1.33084930
1035 1.32767101 1.32308889 1.33225314
1036 1.32906747 1.32447796 1.33365697
1037 1.33046392 1.32586704 1.33506080
1038 1.33186038 1.32725612 1.33646464
1039 1.33325683 1.32864519 1.33786847
1040 1.33465329 1.33003427 1.33927231
1041 1.33604974 1.33142335 1.34067614
1042 1.33744620 1.33281242 1.34207997
1043 1.33884265 1.33420150 1.34348381
1044 1.34023911 1.33559057 1.34488764
1045 1.34163556 1.33697965 1.34629147
1046 1.34303202 1.33836873 1.34769531
1047 1.34442847 1.33975780 1.34909914
1048 1.34582493 1.34114688 1.35050298
1049 1.34722138 1.34253596 1.35190681
1050 1.34861784 1.34392503 1.35331064
1051 1.35001429 1.34531411 1.35471448
1052 1.35141075 1.34670319 1.35611831
1053 1.35280720 1.34809226 1.35752214
1054 1.35420366 1.34948134 1.35892598
1055 1.35560011 1.35087041 1.36032981
1056 1.35699657 1.35225949 1.36173365
1057 1.35839302 1.35364857 1.36313748
1058 1.35978948 1.35503764 1.36454131
1059 1.36118593 1.35642672 1.36594515
1060 1.36258239 1.35781580 1.36734898
1061 1.36397884 1.35920487 1.36875281
1062 1.36537530 1.36059395 1.37015665
1063 1.36677175 1.36198302 1.37156048
1064 1.36816821 1.36337210 1.37296432
1065 1.36956466 1.36476118 1.37436815
1066 1.37096112 1.36615025 1.37577198
1067 1.37235757 1.36753933 1.37717582
1068 1.37375403 1.36892841 1.37857965
1069 1.37515048 1.37031748 1.37998349
1070 1.37654694 1.37170656 1.38138732
1071 1.37794339 1.37309563 1.38279115
1072 1.37933985 1.37448471 1.38419499
1073 1.38073630 1.37587379 1.38559882
1074 1.38213276 1.37726286 1.38700265
1075 1.38352921 1.37865194 1.38840649
1076 1.38492567 1.38004102 1.38981032
1077 1.38632212 1.38143009 1.39121416
1078 1.38771858 1.38281917 1.39261799
1079 1.38911503 1.38420825 1.39402182
1080 1.39051149 1.38559732 1.39542566
1081 1.39190794 1.38698640 1.39682949
1082 1.39330440 1.38837547 1.39823332
1083 1.39470085 1.38976455 1.39963716
1084 1.39609731 1.39115363 1.40104099
1085 1.39749376 1.39254270 1.40244483
1086 1.39889022 1.39393178 1.40384866
1087 1.40028667 1.39532086 1.40525249
1088 1.40168313 1.39670993 1.40665633
1089 1.40307958 1.39809901 1.40806016
1090 1.40447604 1.39948808 1.40946399
1091 1.40587249 1.40087716 1.41086783
1092 1.40726895 1.40226624 1.41227166
1093 1.40866540 1.40365531 1.41367550
1094 1.41006186 1.40504439 1.41507933
1095 1.41145831 1.40643347 1.41648316
1096 1.41285477 1.40782254 1.41788700
1097 1.41425122 1.40921162 1.41929083
1098 1.41564768 1.41060069 1.42069466
1099 1.41704413 1.41198977 1.42209850
1100 1.41844059 1.41337885 1.42350233
1101 1.41983705 1.41476792 1.42490617
1102 1.42123350 1.41615700 1.42631000
1103 1.42264137 1.41755923 1.42772352
1104 1.42404924 1.41896145 1.42913704
1105 1.42545712 1.42036368 1.43055056
1106 1.42686499 1.42176590 1.43196408
1107 1.42827286 1.42316813 1.43337760
1108 1.42968073 1.42457035 1.43479112
1109 1.43108861 1.42597258 1.43620463
1110 1.43249648 1.42737480 1.43761815
1111 1.43390435 1.42877703 1.43903167
1112 1.43531222 1.43017925 1.44044519
1113 1.43672009 1.43158148 1.44185871
1114 1.43812797 1.43298370 1.44327223
1115 1.43953584 1.43438593 1.44468575
1116 1.44094371 1.43578815 1.44609927
1117 1.44235158 1.43719038 1.44751279
1118 1.44375946 1.43859260 1.44892631
1119 1.44516733 1.43999483 1.45033983
1120 1.44657520 1.44139705 1.45175335
1121 1.44798307 1.44279928 1.45316687
1122 1.44939095 1.44420151 1.45458038
1123 1.45079882 1.44560373 1.45599390
1124 1.45220669 1.44700596 1.45740742
1125 1.45361456 1.44840818 1.45882094
1126 1.45502243 1.44981041 1.46023446
1127 1.45643031 1.45121263 1.46164798
1128 1.45783818 1.45261486 1.46306150
1129 1.45924605 1.45401708 1.46447502
1130 1.46065392 1.45541931 1.46588854
1131 1.46206180 1.45682153 1.46730206
1132 1.46346967 1.45822376 1.46871558
1133 1.46487754 1.45962598 1.47012910
1134 1.46628541 1.46102821 1.47154262
1135 1.46769328 1.46243043 1.47295613
1136 1.46910116 1.46383266 1.47436965
1137 1.47050903 1.46523488 1.47578317
1138 1.47191690 1.46663711 1.47719669
1139 1.47332477 1.46803934 1.47861021
1140 1.47473265 1.46944156 1.48002373
1141 1.47614052 1.47084379 1.48143725
1142 1.47754839 1.47224601 1.48285077
1143 1.47895626 1.47364824 1.48426429
1144 1.48036413 1.47505046 1.48567781
1145 1.48177201 1.47645269 1.48709133
1146 1.48317988 1.47785491 1.48850485
1147 1.48458775 1.47925714 1.48991837
1148 1.48599562 1.48065936 1.49133188
1149 1.48740350 1.48206159 1.49274540
1150 1.48881137 1.48346381 1.49415892
1151 1.49021924 1.48486604 1.49557244
1152 1.49162711 1.48626826 1.49698596
1153 1.49303498 1.48767049 1.49839948
1154 1.49444286 1.48907271 1.49981300
1155 1.49585073 1.49047494 1.50122652
1156 1.49725860 1.49187716 1.50264004
1157 1.49866647 1.49327939 1.50405356
1158 1.50007435 1.49468162 1.50546708
1159 1.50148222 1.49608384 1.50688060
1160 1.50289009 1.49748607 1.50829412
1161 1.50429796 1.49888829 1.50970763
1162 1.50570584 1.50029052 1.51112115
1163 1.50711371 1.50169274 1.51253467
1164 1.50852158 1.50309497 1.51394819
1165 1.50992945 1.50449719 1.51536171
1166 1.51133732 1.50589942 1.51677523
1167 1.51274520 1.50730164 1.51818875
1168 1.51415307 1.50870387 1.51960227
1169 1.51556094 1.51010609 1.52101579
1170 1.51696881 1.51150832 1.52242931
1171 1.51837669 1.51291054 1.52384283
1172 1.51978456 1.51431277 1.52525635
1173 1.52119243 1.51571499 1.52666987
1174 1.52260030 1.51711722 1.52808338
1175 1.52400817 1.51851945 1.52949690
1176 1.52541605 1.51992167 1.53091042
1177 1.52682392 1.52132390 1.53232394
1178 1.52823179 1.52272612 1.53373746
1179 1.52963966 1.52412835 1.53515098
1180 1.53104754 1.52553057 1.53656450
1181 1.53245541 1.52693280 1.53797802
1182 1.53386328 1.52833502 1.53939154
1183 1.53527115 1.52973725 1.54080506
1184 1.53667902 1.53113947 1.54221858
1185 1.53808690 1.53254170 1.54363210
1186 1.53949477 1.53394392 1.54504562
1187 1.54090264 1.53534615 1.54645913
1188 1.54231051 1.53674837 1.54787265
1189 1.54371839 1.53815060 1.54928617
1190 1.54512626 1.53955282 1.55069969
1191 1.54653413 1.54095505 1.55211321
1192 1.54794200 1.54235727 1.55352673
1193 1.54934988 1.54375950 1.55494025
1194 1.55075775 1.54516173 1.55635377
1195 1.55216562 1.54656395 1.55776729
1196 1.55357349 1.54796618 1.55918081
1197 1.55498136 1.54936840 1.56059433
1198 1.55638924 1.55077063 1.56200785
1199 1.55779711 1.55217285 1.56342137
1200 1.55920498 1.55357508 1.56483488
1201 1.56061285 1.55497730 1.56624840
1202 1.56202073 1.55637953 1.56766192
1203 1.56342860 1.55778175 1.56907544
1204 1.56483647 1.55918398 1.57048896
1205 1.56624434 1.56058620 1.57190248
1206 1.56765221 1.56198843 1.57331600
1207 1.56906009 1.56339065 1.57472952
1208 1.57046796 1.56479288 1.57614304
1209 1.57187583 1.56619510 1.57755656
1210 1.57328370 1.56759733 1.57897008
1211 1.57469158 1.56899955 1.58038360
1212 1.57609945 1.57040178 1.58179712
1213 1.57750732 1.57180401 1.58321063
1214 1.57891519 1.57320623 1.58462415
1215 1.58032306 1.57460846 1.58603767
1216 1.58173094 1.57601068 1.58745119
1217 1.58313881 1.57741291 1.58886471
1218 1.58454668 1.57881513 1.59027823
1219 1.58595455 1.58021736 1.59169175
1220 1.58736243 1.58161958 1.59310527
1221 1.58877030 1.58302181 1.59451879
1222 1.59017817 1.58442403 1.59593231
1223 1.59158604 1.58582626 1.59734583
1224 1.59299391 1.58722848 1.59875935
1225 1.59440179 1.58863071 1.60017287
1226 1.59580966 1.59003293 1.60158638
1227 1.59721753 1.59143516 1.60299990
1228 1.59862540 1.59283738 1.60441342
1229 1.60003328 1.59423961 1.60582694
1230 1.60144115 1.59564184 1.60724046
1231 1.60284902 1.59704406 1.60865398
1232 1.60425689 1.59844629 1.61006750
1233 1.60566477 1.59984851 1.61148102
1234 1.60707264 1.60125074 1.61289454
1235 1.60848051 1.60265296 1.61430806
1236 1.60988838 1.60405519 1.61572158
1237 1.61129625 1.60545741 1.61713510
1238 1.61270413 1.60685964 1.61854862
1239 1.61411200 1.60826186 1.61996213
1240 1.61551987 1.60966409 1.62137565
1241 1.61692774 1.61106631 1.62278917
1242 1.61833562 1.61246854 1.62420269
1243 1.61974349 1.61387076 1.62561621
1244 1.62115136 1.61527299 1.62702973
1245 1.62255923 1.61667521 1.62844325
1246 1.62396710 1.61807744 1.62985677
1247 1.62537498 1.61947966 1.63127029
1248 1.62678285 1.62088189 1.63268381
1249 1.62819072 1.62228412 1.63409733
1250 1.62959859 1.62368634 1.63551085
1251 1.63100647 1.62508857 1.63692437
1252 1.63241434 1.62649079 1.63833788
1253 1.63382221 1.62789302 1.63975140
1254 1.63523008 1.62929524 1.64116492
1255 1.63663795 1.63069747 1.64257844
1256 1.63804583 1.63209969 1.64399196
1257 1.63945370 1.63350192 1.64540548
1258 1.64086157 1.63490414 1.64681900
1259 1.64226944 1.63630637 1.64823252
1260 1.64367732 1.63770859 1.64964604
1261 1.64508519 1.63911082 1.65105956
1262 1.64649306 1.64051304 1.65247308
1263 1.64790093 1.64191527 1.65388660
1264 1.64930880 1.64331749 1.65530012
1265 1.65071668 1.64471972 1.65671363
1266 1.65212455 1.64612195 1.65812715
1267 1.65353242 1.64752417 1.65954067
1268 1.65494029 1.64892640 1.66095419
1269 1.65634817 1.65032862 1.66236771
1270 1.65775604 1.65173085 1.66378123
1271 1.65916391 1.65313307 1.66519475
1272 1.66057178 1.65453530 1.66660827
1273 1.66197966 1.65593752 1.66802179
1274 1.66338753 1.65733975 1.66943531
1275 1.66479540 1.65874197 1.67084883
1276 1.66620327 1.66014420 1.67226235
1277 1.66761114 1.66154642 1.67367587
1278 1.66901902 1.66294865 1.67508938
1279 1.67042689 1.66435087 1.67650290
1280 1.67183476 1.66575310 1.67791642
1281 1.67324263 1.66715532 1.67932994
1282 1.67465051 1.66855755 1.68074346
1283 1.67605838 1.66995977 1.68215698
1284 1.67746625 1.67136200 1.68357050
1285 1.67887412 1.67276423 1.68498402
1286 1.68028199 1.67416645 1.68639754
1287 1.68168987 1.67556868 1.68781106
1288 1.68309774 1.67697090 1.68922458
1289 1.68450561 1.67837313 1.69063810
1290 1.68591348 1.67977535 1.69205162
1291 1.68732136 1.68117758 1.69346513
1292 1.68872923 1.68257980 1.69487865
1293 1.69013710 1.68398203 1.69629217
1294 1.69154497 1.68538425 1.69770569
1295 1.69295284 1.68678648 1.69911921
1296 1.69436072 1.68818870 1.70053273
1297 1.69576859 1.68959093 1.70194625
1298 1.69717646 1.69099315 1.70335977
1299 1.69858433 1.69239538 1.70477329
1300 1.69999221 1.69379760 1.70618681
1301 1.70140008 1.69519983 1.70760033
1302 1.70280795 1.69660205 1.70901385
1303 1.70421582 1.69800428 1.71042737
1304 1.70562370 1.69940651 1.71184088
1305 1.70703157 1.70080873 1.71325440
1306 1.70843944 1.70221096 1.71466792
1307 1.70984731 1.70361318 1.71608144
1308 1.71125518 1.70501541 1.71749496
1309 1.71266306 1.70641763 1.71890848
1310 1.71407093 1.70781986 1.72032200
1311 1.71547880 1.70922208 1.72173552
1312 1.71688667 1.71062431 1.72314904
1313 1.71829455 1.71202653 1.72456256
1314 1.71970242 1.71342876 1.72597608
1315 1.72111029 1.71483098 1.72738960
1316 1.72251816 1.71623321 1.72880312
1317 1.72392603 1.71763543 1.73021663
1318 1.72533391 1.71903766 1.73163015
1319 1.72674178 1.72043988 1.73304367
1320 1.72814965 1.72184211 1.73445719
1321 1.72955752 1.72324434 1.73587071
1322 1.73096540 1.72464656 1.73728423
1323 1.73237327 1.72604879 1.73869775
1324 1.73378114 1.72745101 1.74011127
1325 1.73518901 1.72885324 1.74152479
1326 1.73659688 1.73025546 1.74293831
1327 1.73800476 1.73165769 1.74435183
1328 1.73941263 1.73305991 1.74576535
1329 1.74082050 1.73446214 1.74717887
1330 1.74222837 1.73586436 1.74859238
1331 1.74363625 1.73726659 1.75000590
1332 1.74504412 1.73866881 1.75141942
1333 1.74645199 1.74007104 1.75283294
1334 1.74785986 1.74147326 1.75424646
1335 1.74926773 1.74287549 1.75565998
1336 1.75067561 1.74427771 1.75707350
1337 1.75208348 1.74567994 1.75848702
1338 1.75349135 1.74708216 1.75990054
1339 1.75489922 1.74848439 1.76131406
1340 1.75630710 1.74988662 1.76272758
1341 1.75771497 1.75128884 1.76414110
1342 1.75912284 1.75269107 1.76555462
1343 1.76053071 1.75409329 1.76696813
1344 1.76193859 1.75549552 1.76838165
1345 1.76334646 1.75689774 1.76979517
1346 1.76475433 1.75829997 1.77120869
1347 1.76616220 1.75970219 1.77262221
1348 1.76757007 1.76110442 1.77403573
1349 1.76897795 1.76250664 1.77544925
1350 1.77038582 1.76390887 1.77686277
1351 1.77179369 1.76531109 1.77827629
1352 1.77320156 1.76671332 1.77968981
1353 1.77460944 1.76811554 1.78110333
1354 1.77601731 1.76951777 1.78251685
1355 1.77742518 1.77091999 1.78393037
1356 1.77883305 1.77232222 1.78534388
1357 1.78024092 1.77372445 1.78675740
1358 1.78164880 1.77512667 1.78817092
1359 1.78305667 1.77652890 1.78958444
1360 1.78446454 1.77793112 1.79099796
1361 1.78587241 1.77933335 1.79241148
1362 1.78728029 1.78073557 1.79382500
1363 1.78868816 1.78213780 1.79523852
1364 1.79009603 1.78354002 1.79665204
1365 1.79150390 1.78494225 1.79806556
1366 1.79291177 1.78634447 1.79947908
1367 1.79431965 1.78774670 1.80089260
1368 1.79572752 1.78914892 1.80230612
1369 1.79713539 1.79055115 1.80371963
1370 1.79854326 1.79195337 1.80513315
1371 1.79995114 1.79335560 1.80654667
1372 1.80135901 1.79475782 1.80796019
1373 1.80276688 1.79616005 1.80937371
1374 1.80417475 1.79756227 1.81078723
1375 1.80558263 1.79896450 1.81220075
1376 1.80699050 1.80036673 1.81361427
1377 1.80839837 1.80176895 1.81502779
1378 1.80980624 1.80317118 1.81644131
1379 1.81121411 1.80457340 1.81785483
1380 1.81262199 1.80597563 1.81926835
1381 1.81402986 1.80737785 1.82068187
1382 1.81543773 1.80878008 1.82209538
1383 1.81684560 1.81018230 1.82350890
1384 1.81825348 1.81158453 1.82492242
1385 1.81966135 1.81298675 1.82633594
1386 1.82106922 1.81438898 1.82774946
1387 1.82247709 1.81579120 1.82916298
1388 1.82388496 1.81719343 1.83057650
1389 1.82529284 1.81859565 1.83199002
1390 1.82670071 1.81999788 1.83340354
1391 1.82810858 1.82140010 1.83481706
1392 1.82951645 1.82280233 1.83623058
1393 1.83092433 1.82420455 1.83764410
1394 1.83233220 1.82560678 1.83905762
1395 1.83374007 1.82700901 1.84047113
1396 1.83514794 1.82841123 1.84188465
1397 1.83655581 1.82981346 1.84329817
1398 1.83796369 1.83121568 1.84471169
1399 1.83937156 1.83261791 1.84612521
1400 1.84077943 1.83402013 1.84753873
1401 1.84218730 1.83542236 1.84895225
1402 1.84359518 1.83682458 1.85036577
1403 1.84500305 1.83822681 1.85177929
1404 1.84641092 1.83962903 1.85319281
1405 1.84781879 1.84103126 1.85460633
1406 1.84922666 1.84243348 1.85601985
1407 1.85063454 1.84383571 1.85743337
1408 1.85204241 1.84523793 1.85884688
1409 1.85345028 1.84664016 1.86026040
1410 1.85485815 1.84804238 1.86167392
1411 1.85626603 1.84944461 1.86308744
1412 1.85767390 1.85084684 1.86450096
1413 1.85908177 1.85224906 1.86591448
1414 1.86048964 1.85365129 1.86732800
1415 1.86189752 1.85505351 1.86874152
1416 1.86330539 1.85645574 1.87015504
1417 1.86471326 1.85785796 1.87156856
1418 1.86612113 1.85926019 1.87298208
1419 1.86752900 1.86066241 1.87439560
1420 1.86893688 1.86206464 1.87580912
1421 1.87034475 1.86346686 1.87722263
1422 1.87175262 1.86486909 1.87863615
1423 1.87316049 1.86627131 1.88004967
1424 1.87456837 1.86767354 1.88146319
1425 1.87597624 1.86907576 1.88287671
1426 1.87738411 1.87047799 1.88429023
1427 1.87879198 1.87188021 1.88570375
1428 1.88019985 1.87328244 1.88711727
1429 1.88160773 1.87468466 1.88853079
1430 1.88301560 1.87608689 1.88994431
1431 1.88442347 1.87748912 1.89135783
1432 1.88583134 1.87889134 1.89277135
1433 1.88723922 1.88029357 1.89418487
1434 1.88864709 1.88169579 1.89559838
1435 1.89005496 1.88309802 1.89701190
1436 1.89146283 1.88450024 1.89842542
1437 1.89287070 1.88590247 1.89983894
1438 1.89427858 1.88730469 1.90125246
1439 1.89568645 1.88870692 1.90266598
1440 1.89709432 1.89010914 1.90407950
1441 1.89850219 1.89151137 1.90549302
1442 1.89991007 1.89291359 1.90690654
1443 1.90131794 1.89431582 1.90832006
1444 1.90272581 1.89571804 1.90973358
1445 1.90413368 1.89712027 1.91114710
1446 1.90554155 1.89852249 1.91256062
1447 1.90694943 1.89992472 1.91397413
1448 1.90835730 1.90132695 1.91538765
1449 1.90976517 1.90272917 1.91680117
1450 1.91117304 1.90413140 1.91821469
1451 1.91258092 1.90553362 1.91962821
1452 1.91398879 1.90693585 1.92104173
1453 1.91539666 1.90833807 1.92245525
1454 1.91680453 1.90974030 1.92386877
1455 1.91821241 1.91114252 1.92528229
1456 1.91962028 1.91254475 1.92669581
1457 1.92102815 1.91394697 1.92810933
1458 1.92243602 1.91534920 1.92952285
1459 1.92384389 1.91675142 1.93093637
1460 1.92525177 1.91815365 1.93234988
1461 1.92665964 1.91955587 1.93376340
1462 1.92806751 1.92095810 1.93517692
1463 1.92947538 1.92236032 1.93659044
1464 1.93088326 1.92376255 1.93800396
1465 1.93229113 1.92516477 1.93941748
1466 1.93369900 1.92656700 1.94083100
1467 1.93522773 1.92807026 1.94238521
1468 1.93675647 1.92957352 1.94393942
1469 1.93828520 1.93107677 1.94549363
1470 1.93981393 1.93258003 1.94704784
1471 1.94134267 1.93408329 1.94860204
1472 1.94287140 1.93558655 1.95015625
1473 1.94440013 1.93708981 1.95171046
1474 1.94592887 1.93859307 1.95326467
1475 1.94745760 1.94009632 1.95481888
1476 1.94898634 1.94159958 1.95637309
1477 1.95051507 1.94310284 1.95792730
1478 1.95204380 1.94460610 1.95948151
1479 1.95357254 1.94610936 1.96103571
1480 1.95510127 1.94761262 1.96258992
1481 1.95663000 1.94911587 1.96414413
1482 1.95815874 1.95061913 1.96569834
1483 1.95968747 1.95212239 1.96725255
1484 1.96121620 1.95362565 1.96880676
1485 1.96274494 1.95512891 1.97036097
1486 1.96427367 1.95663216 1.97191518
1487 1.96580240 1.95813542 1.97346938
1488 1.96733114 1.95963868 1.97502359
1489 1.96885987 1.96114194 1.97657780
1490 1.97038860 1.96264520 1.97813201
1491 1.97191734 1.96414846 1.97968622
1492 1.97344607 1.96565171 1.98124043
1493 1.97497480 1.96715497 1.98279464
1494 1.97650354 1.96865823 1.98434885
1495 1.97803227 1.97016149 1.98590305
1496 1.97956101 1.97166475 1.98745726
1497 1.98108974 1.97316801 1.98901147
1498 1.98261847 1.97467126 1.99056568
1499 1.98414721 1.97617452 1.99211989
1500 1.98567594 1.97767778 1.99367410
1501 1.98720467 1.97918104 1.99522831
1502 1.98873341 1.98068430 1.99678252
1503 1.99026214 1.98218755 1.99833673
1504 1.99179087 1.98369081 1.99989093
1505 1.99331961 1.98519407 2.00144514
1506 1.99484834 1.98669733 2.00299935
1507 1.99637707 1.98820059 2.00455356
1508 1.99790581 1.98970385 2.00610777
1509 1.99943454 1.99120710 2.00766198
1510 2.00096327 1.99271036 2.00921619
1511 2.00249201 1.99421362 2.01077040
1512 2.00402074 1.99571688 2.01232460
1513 2.00554948 1.99722014 2.01387881
1514 2.00707821 1.99872340 2.01543302
1515 2.00860694 2.00022665 2.01698723
1516 2.01013568 2.00172991 2.01854144
1517 2.01166441 2.00323317 2.02009565
1518 2.01319314 2.00473643 2.02164986
1519 2.01472188 2.00623969 2.02320407
1520 2.01625061 2.00774295 2.02475827
1521 2.01777934 2.00924620 2.02631248
1522 2.01930808 2.01074946 2.02786669
1523 2.02083681 2.01225272 2.02942090
1524 2.02236554 2.01375598 2.03097511
1525 2.02389428 2.01525924 2.03252932
1526 2.02542301 2.01676249 2.03408353
1527 2.02695174 2.01826575 2.03563774
1528 2.02848048 2.01976901 2.03719195
1529 2.03000921 2.02127227 2.03874615
1530 2.03153795 2.02277553 2.04030036
1531 2.03306668 2.02427879 2.04185457
1532 2.03459541 2.02578204 2.04340878
1533 2.03612415 2.02728530 2.04496299
1534 2.03765288 2.02878856 2.04651720
1535 2.03918161 2.03029182 2.04807141
1536 2.04071035 2.03179508 2.04962562
1537 2.04223908 2.03329834 2.05117982
1538 2.04376781 2.03480159 2.05273403
1539 2.04529655 2.03630485 2.05428824
1540 2.04682528 2.03780811 2.05584245
1541 2.04835401 2.03931137 2.05739666
1542 2.04988275 2.04081463 2.05895087
1543 2.05141148 2.04231788 2.06050508
1544 2.05294021 2.04382114 2.06205929
1545 2.05446895 2.04532440 2.06361349
1546 2.05599768 2.04682766 2.06516770
1547 2.05752641 2.04833092 2.06672191
1548 2.05905515 2.04983418 2.06827612
1549 2.06058388 2.05133743 2.06983033
1550 2.06211262 2.05284069 2.07138454
1551 2.06364135 2.05434395 2.07293875
1552 2.06517008 2.05584721 2.07449296
1553 2.06669882 2.05735047 2.07604716
1554 2.06822755 2.05885373 2.07760137
1555 2.06975628 2.06035698 2.07915558
1556 2.07128502 2.06186024 2.08070979
1557 2.07281375 2.06336350 2.08226400
1558 2.07434248 2.06486676 2.08381821
1559 2.07587122 2.06637002 2.08537242
1560 2.07739995 2.06787327 2.08692663
1561 2.07892868 2.06937653 2.08848084
1562 2.08045742 2.07087979 2.09003504
1563 2.08198615 2.07238305 2.09158925
1564 2.08351488 2.07388631 2.09314346
1565 2.08504362 2.07538957 2.09469767
1566 2.08657235 2.07689282 2.09625188
1567 2.08810109 2.07839608 2.09780609
1568 2.08962982 2.07989934 2.09936030
1569 2.09115855 2.08140260 2.10091451
1570 2.09268729 2.08290586 2.10246871
1571 2.09421602 2.08440912 2.10402292
1572 2.09574475 2.08591237 2.10557713
1573 2.09727349 2.08741563 2.10713134
1574 2.09880222 2.08891889 2.10868555
1575 2.10033095 2.09042215 2.11023976
1576 2.10185969 2.09192541 2.11179397
1577 2.10338842 2.09342866 2.11334818
1578 2.10491715 2.09493192 2.11490238
1579 2.10644589 2.09643518 2.11645659
1580 2.10797462 2.09793844 2.11801080
1581 2.10950335 2.09944170 2.11956501
1582 2.11103209 2.10094496 2.12111922
1583 2.11256082 2.10244821 2.12267343
1584 2.11408955 2.10395147 2.12422764
1585 2.11561829 2.10545473 2.12578185
1586 2.11714702 2.10695799 2.12733605
1587 2.11867576 2.10846125 2.12889026
1588 2.12020449 2.10996451 2.13044447
1589 2.12173322 2.11146776 2.13199868
1590 2.12326196 2.11297102 2.13355289
1591 2.12479069 2.11447428 2.13510710
1592 2.12631942 2.11597754 2.13666131
1593 2.12784816 2.11748080 2.13821552
1594 2.12937689 2.11898405 2.13976973
1595 2.13090562 2.12048731 2.14132393
1596 2.13243436 2.12199057 2.14287814
1597 2.13396309 2.12349383 2.14443235
1598 2.13549182 2.12499709 2.14598656
1599 2.13702056 2.12650035 2.14754077
1600 2.13854929 2.12800360 2.14909498
1601 2.14007802 2.12950686 2.15064919
1602 2.14160676 2.13101012 2.15220340
1603 2.14313549 2.13251338 2.15375760
1604 2.14466423 2.13401664 2.15531181
1605 2.14619296 2.13551990 2.15686602
1606 2.14772169 2.13702315 2.15842023
1607 2.14925043 2.13852641 2.15997444
1608 2.15077916 2.14002967 2.16152865
1609 2.15230789 2.14153293 2.16308286
1610 2.15383663 2.14303619 2.16463707
1611 2.15536536 2.14453945 2.16619127
1612 2.15689409 2.14604270 2.16774548
1613 2.15842283 2.14754596 2.16929969
1614 2.15995156 2.14904922 2.17085390
1615 2.16148029 2.15055248 2.17240811
1616 2.16300903 2.15205574 2.17396232
1617 2.16453776 2.15355899 2.17551653
1618 2.16606649 2.15506225 2.17707074
1619 2.16759523 2.15656551 2.17862495
1620 2.16912396 2.15806877 2.18017915
1621 2.17065270 2.15957203 2.18173336
1622 2.17218143 2.16107529 2.18328757
1623 2.17371016 2.16257854 2.18484178
1624 2.17523890 2.16408180 2.18639599
1625 2.17676763 2.16558506 2.18795020
1626 2.17829636 2.16708832 2.18950441
1627 2.17982510 2.16859158 2.19105862
1628 2.18135383 2.17009484 2.19261282
1629 2.18288256 2.17159809 2.19416703
1630 2.18441130 2.17310135 2.19572124
1631 2.18594003 2.17460461 2.19727545
1632 2.18746876 2.17610787 2.19882966
1633 2.18899750 2.17761113 2.20038387
1634 2.19052623 2.17911438 2.20193808
1635 2.19205496 2.18061764 2.20349229
1636 2.19358370 2.18212090 2.20504649
1637 2.19511243 2.18362416 2.20660070
1638 2.19664116 2.18512742 2.20815491
1639 2.19816990 2.18663068 2.20970912
1640 2.19969863 2.18813393 2.21126333
1641 2.20122737 2.18963719 2.21281754
1642 2.20275610 2.19114045 2.21437175
1643 2.20428483 2.19264371 2.21592596
1644 2.20581357 2.19414697 2.21748016
1645 2.20734230 2.19565023 2.21903437
1646 2.20887103 2.19715348 2.22058858
1647 2.21039977 2.19865674 2.22214279
1648 2.21192850 2.20016000 2.22369700
1649 2.21345723 2.20166326 2.22525121
1650 2.21498597 2.20316652 2.22680542
1651 2.21651470 2.20466977 2.22835963
1652 2.21804343 2.20617303 2.22991384
1653 2.21957217 2.20767629 2.23146804
1654 2.22110090 2.20917955 2.23302225
1655 2.22262963 2.21068281 2.23457646
1656 2.22415837 2.21218607 2.23613067
1657 2.22568710 2.21368932 2.23768488
1658 2.22721584 2.21519258 2.23923909
1659 2.22874457 2.21669584 2.24079330
1660 2.23027330 2.21819910 2.24234751
1661 2.23180204 2.21970236 2.24390171
1662 2.23333077 2.22120562 2.24545592
1663 2.23485950 2.22270887 2.24701013
1664 2.23638824 2.22421213 2.24856434
1665 2.23791697 2.22571539 2.25011855
1666 2.23944570 2.22721865 2.25167276
1667 2.24097444 2.22872191 2.25322697
1668 2.24250317 2.23022516 2.25478118
1669 2.24403190 2.23172842 2.25633538
1670 2.24556064 2.23323168 2.25788959
1671 2.24708937 2.23473494 2.25944380
1672 2.24861810 2.23623820 2.26099801
1673 2.25014684 2.23774146 2.26255222
1674 2.25167557 2.23924471 2.26410643
1675 2.25320430 2.24074797 2.26566064
1676 2.25473304 2.24225123 2.26721485
1677 2.25626177 2.24375449 2.26876905
1678 2.25779051 2.24525775 2.27032326
1679 2.25931924 2.24676101 2.27187747
1680 2.26084797 2.24826426 2.27343168
1681 2.26237671 2.24976752 2.27498589
1682 2.26390544 2.25127078 2.27654010
1683 2.26543417 2.25277404 2.27809431
1684 2.26696291 2.25427730 2.27964852
1685 2.26849164 2.25578055 2.28120273
1686 2.27002037 2.25728381 2.28275693
1687 2.27154911 2.25878707 2.28431114
1688 2.27307784 2.26029033 2.28586535
1689 2.27460657 2.26179359 2.28741956
1690 2.27613531 2.26329685 2.28897377
1691 2.27766404 2.26480010 2.29052798
1692 2.27919277 2.26630336 2.29208219
1693 2.28072151 2.26780662 2.29363640
1694 2.28225024 2.26930988 2.29519060
1695 2.28377898 2.27081314 2.29674481
1696 2.28530771 2.27231640 2.29829902
1697 2.28683644 2.27381965 2.29985323
1698 2.28836518 2.27532291 2.30140744
1699 2.28989391 2.27682617 2.30296165
1700 2.29142264 2.27832943 2.30451586
1701 2.29295138 2.27983269 2.30607007
1702 2.29448011 2.28133595 2.30762427
1703 2.29600884 2.28283920 2.30917848
1704 2.29753758 2.28434246 2.31073269
1705 2.29906631 2.28584572 2.31228690
1706 2.30059504 2.28734898 2.31384111
1707 2.30212378 2.28885224 2.31539532
1708 2.30365251 2.29035549 2.31694953
1709 2.30518124 2.29185875 2.31850374
1710 2.30670998 2.29336201 2.32005795
1711 2.30823871 2.29486527 2.32161215
1712 2.30976745 2.29636853 2.32316636
1713 2.31129618 2.29787179 2.32472057
1714 2.31282491 2.29937504 2.32627478
1715 2.31435365 2.30087830 2.32782899
1716 2.31588238 2.30238156 2.32938320
1717 2.31741111 2.30388482 2.33093741
1718 2.31893985 2.30538808 2.33249162
1719 2.32046858 2.30689134 2.33404582
1720 2.32199731 2.30839459 2.33560003
1721 2.32352605 2.30989785 2.33715424
1722 2.32505478 2.31140111 2.33870845
1723 2.32658351 2.31290437 2.34026266
1724 2.32811225 2.31440763 2.34181687
1725 2.32964098 2.31591088 2.34337108
1726 2.33116971 2.31741414 2.34492529
1727 2.33269845 2.31891740 2.34647949
1728 2.33422718 2.32042066 2.34803370
1729 2.33575591 2.32192392 2.34958791
1730 2.33728465 2.32342718 2.35114212
1731 2.33881338 2.32493043 2.35269633
1732 2.34034212 2.32643369 2.35425054
1733 2.34187085 2.32793695 2.35580475
1734 2.34339958 2.32944021 2.35735896
1735 2.34492832 2.33094347 2.35891316
1736 2.34645705 2.33244673 2.36046737
1737 2.34798578 2.33394998 2.36202158
1738 2.34951452 2.33545324 2.36357579
1739 2.35104325 2.33695650 2.36513000
1740 2.35257198 2.33845976 2.36668421
1741 2.35410072 2.33996302 2.36823842
1742 2.35562945 2.34146627 2.36979263
1743 2.35715818 2.34296953 2.37134684
1744 2.35868692 2.34447279 2.37290104
1745 2.36021565 2.34597605 2.37445525
1746 2.36174438 2.34747931 2.37600946
1747 2.36327312 2.34898257 2.37756367
1748 2.36480185 2.35048582 2.37911788
1749 2.36633059 2.35198908 2.38067209
1750 2.36785932 2.35349234 2.38222630
1751 2.36938805 2.35499560 2.38378051
1752 2.37091679 2.35649886 2.38533471
1753 2.37244552 2.35800212 2.38688892
1754 2.37397425 2.35950537 2.38844313
1755 2.37550299 2.36100863 2.38999734
1756 2.37703172 2.36251189 2.39155155
1757 2.37856045 2.36401515 2.39310576
1758 2.38008919 2.36551841 2.39465997
1759 2.38161792 2.36702166 2.39621418
1760 2.38314665 2.36852492 2.39776838
1761 2.38467539 2.37002818 2.39932259
1762 2.38620412 2.37153144 2.40087680
1763 2.38773285 2.37303470 2.40243101
1764 2.38926159 2.37453796 2.40398522
1765 2.39079032 2.37604121 2.40553943
1766 2.39231905 2.37754447 2.40709364
1767 2.39384779 2.37904773 2.40864785
1768 2.39537652 2.38055099 2.41020205
1769 2.39690526 2.38205425 2.41175626
1770 2.39843399 2.38355751 2.41331047
1771 2.39996272 2.38506076 2.41486468
1772 2.40149146 2.38656402 2.41641889
1773 2.40302019 2.38806728 2.41797310
1774 2.40454892 2.38957054 2.41952731
1775 2.40607766 2.39107380 2.42108152
1776 2.40760639 2.39257705 2.42263573
1777 2.40913512 2.39408031 2.42418993
1778 2.41066386 2.39558357 2.42574414
1779 2.41219259 2.39708683 2.42729835
1780 2.41372132 2.39859009 2.42885256
1781 2.41525006 2.40009335 2.43040677
1782 2.41677879 2.40159660 2.43196098
1783 2.41830752 2.40309986 2.43351519
1784 2.41983626 2.40460312 2.43506940
1785 2.42136499 2.40610638 2.43662360
1786 2.42289373 2.40760964 2.43817781
1787 2.42442246 2.40911290 2.43973202
1788 2.42595119 2.41061615 2.44128623
1789 2.42747993 2.41211941 2.44284044
1790 2.42900866 2.41362267 2.44439465
1791 2.43053739 2.41512593 2.44594886
1792 2.43206613 2.41662919 2.44750307
1793 2.43359486 2.41813245 2.44905727
1794 2.43512359 2.41963570 2.45061148
1795 2.43665233 2.42113896 2.45216569
1796 2.43818106 2.42264222 2.45371990
1797 2.43970979 2.42414548 2.45527411
1798 2.44123853 2.42564874 2.45682832
1799 2.44276726 2.42715199 2.45838253
1800 2.44429599 2.42865525 2.45993674
1801 2.44582473 2.43015851 2.46149095
1802 2.44735346 2.43166177 2.46304515
1803 2.44888220 2.43316503 2.46459936
1804 2.45041093 2.43466829 2.46615357
1805 2.45193966 2.43617154 2.46770778
1806 2.45346840 2.43767480 2.46926199
1807 2.45499713 2.43917806 2.47081620
1808 2.45652586 2.44068132 2.47237041
1809 2.45805460 2.44218458 2.47392462
1810 2.45958333 2.44368784 2.47547882
1811 2.46111206 2.44519109 2.47703303
1812 2.46264080 2.44669435 2.47858724
1813 2.46416953 2.44819761 2.48014145
1814 2.46569826 2.44970087 2.48169566
1815 2.46722700 2.45120413 2.48324987
1816 2.46875573 2.45270738 2.48480408
1817 2.47028446 2.45421064 2.48635829
1818 2.47181320 2.45571390 2.48791249
1819 2.47334193 2.45721716 2.48946670
1820 2.47487066 2.45872042 2.49102091
1821 2.47639940 2.46022368 2.49257512
1822 2.47792813 2.46172693 2.49412933
1823 2.47945687 2.46323019 2.49568354
1824 2.48098560 2.46473345 2.49723775
1825 2.48251433 2.46623671 2.49879196
1826 2.48404307 2.46773997 2.50034616
1827 2.48557180 2.46924323 2.50190037
1828 2.48710053 2.47074648 2.50345458
1829 2.48862927 2.47224974 2.50500879
1830 2.49015800 2.47375300 2.50656300
