1 0.71033333 0.68333333 0.73733333
2 0.71033333 0.68333333 0.73733333
3 0.71033333 0.68333333 0.73733333
4 0.00000000 0.00000000 0.00000000
5 0.54400000 0.53700000 0.55100000
6 1.06833333 1.05750000 1.07916667
7 1.59266667 1.57800000 1.60733333
8 2.11700000 2.09850000 2.13550000
9 2.64133333 2.61900000 2.66366667
10 3.16566667 3.13950000 3.19183333
11 3.69000000 3.66000000 3.72000000
12 4.15428571 4.12285714 4.18571429
13 4.61857143 4.58571429 4.65142857
14 5.08285714 5.04857143 5.11714286
15 5.54714286 5.51142857 5.58285714
16 6.01142857 5.97428571 6.04857143
17 6.47571429 6.43714286 6.51428571
18 6.94000000 6.90000000 6.98000000
19 7.40000000 7.35571429 7.44428571
20 7.86000000 7.81142857 7.90857143
21 8.32000000 8.26714286 8.37285714
22 8.78000000 8.72285714 8.83714286
23 9.24000000 9.17857143 9.30142857
24 9.70000000 9.63428571 9.76571429
25 10.16000000 10.09000000 10.23000000
26 10.63444444 10.56444444 10.70444444
27 11.10888889 11.03888889 11.17888889
28 11.58333333 11.51333333 11.65333333
29 12.05777778 11.98777778 12.12777778
30 12.53222222 12.46222222 12.60222222
31 13.00666667 12.93666667 13.07666667
32 13.48111111 13.41111111 13.55111111
33 13.95555556 13.88555556 14.02555556
34 14.43000000 14.36000000 14.50000000
35 14.89218750 14.81968750 14.96468750
36 15.35437500 15.27937500 15.42937500
37 15.81656250 15.73906250 15.89406250
38 16.27875000 16.19875000 16.35875000
39 16.74093750 16.65843750 16.82343750
40 17.20312500 17.11812500 17.28812500
41 17.66531250 17.57781250 17.75281250
42 18.12750000 18.03750000 18.21750000
43 18.58968750 18.49718750 18.68218750
44 19.05187500 18.95687500 19.14687500
45 19.51406250 19.41656250 19.61156250
46 19.97625000 19.87625000 20.07625000
47 20.43843750 20.33593750 20.54093750
48 20.90062500 20.79562500 21.00562500
49 21.36281250 21.25531250 21.47031250
50 21.82500000 21.71500000 21.93500000
51 22.28718750 22.17468750 22.39968750
52 22.74937500 22.63437500 22.86437500
53 23.21156250 23.09406250 23.32906250
54 23.67375000 23.55375000 23.79375000
55 24.13593750 24.01343750 24.25843750
56 24.59812500 24.47312500 24.72312500
57 25.06031250 24.93281250 25.18781250
58 25.52250000 25.39250000 25.65250000
59 25.98468750 25.85218750 26.11718750
60 26.44687500 26.31187500 26.58187500
61 26.90906250 26.77156250 27.04656250
62 27.37125000 27.23125000 27.51125000
63 27.83343750 27.69093750 27.97593750
64 28.29562500 28.15062500 28.44062500
65 28.75781250 28.61031250 28.90531250
66 29.22000000 29.07000000 29.37000000
67 29.67383333 29.52033333 29.82733333
68 30.12766667 29.97066667 30.28466667
69 30.58150000 30.42100000 30.74200000
70 31.03533333 30.87133333 31.19933333
71 31.48916667 31.32166667 31.65666667
72 31.94300000 31.77200000 32.11400000
73 32.39683333 32.22233333 32.57133333
74 32.85066667 32.67266667 33.02866667
75 33.30450000 33.12300000 33.48600000
76 33.75833333 33.57333333 33.94333333
77 34.21216667 34.02366667 34.40066667
78 34.66600000 34.47400000 34.85800000
79 35.11983333 34.92433333 35.31533333
80 35.57366667 35.37466667 35.77266667
81 36.02750000 35.82500000 36.23000000
82 36.48133333 36.27533333 36.68733333
83 36.93516667 36.72566667 37.14466667
84 37.38900000 37.17600000 37.60200000
85 37.84283333 37.62633333 38.05933333
86 38.29666667 38.07666667 38.51666667
87 38.75050000 38.52700000 38.97400000
88 39.20433333 38.97733333 39.43133333
89 39.65816667 39.42766667 39.88866667
90 40.11200000 39.87800000 40.34600000
91 40.56583333 40.32833333 40.80333333
92 41.01966667 40.77866667 41.26066667
93 41.47350000 41.22900000 41.71800000
94 41.92733333 41.67933333 42.17533333
95 42.38116667 42.12966667 42.63266667
96 42.83500000 42.58000000 43.09000000
97 43.26533333 43.00766667 43.52300000
98 43.69566667 43.43533333 43.95600000
99 44.12600000 43.86300000 44.38900000
100 44.55633333 44.29066667 44.82200000
101 44.98666667 44.71833333 45.25500000
102 45.41700000 45.14600000 45.68800000
103 45.84733333 45.57366667 46.12100000
104 46.27766667 46.00133333 46.55400000
105 46.70800000 46.42900000 46.98700000
106 47.13833333 46.85666667 47.42000000
107 47.56866667 47.28433333 47.85300000
108 47.99900000 47.71200000 48.28600000
109 48.42933333 48.13966667 48.71900000
110 48.85966667 48.56733333 49.15200000
111 49.29000000 48.99500000 49.58500000
112 49.72033333 49.42266667 50.01800000
113 50.15066667 49.85033333 50.45100000
114 50.58100000 50.27800000 50.88400000
115 51.01133333 50.70566667 51.31700000
116 51.44166667 51.13333333 51.75000000
117 51.87200000 51.56100000 52.18300000
118 52.30233333 51.98866667 52.61600000
119 52.73266667 52.41633333 53.04900000
120 53.16300000 52.84400000 53.48200000
121 53.59333333 53.27166667 53.91500000
122 54.02366667 53.69933333 54.34800000
123 54.45400000 54.12700000 54.78100000
124 54.88433333 54.55466667 55.21400000
125 55.31466667 54.98233333 55.64700000
126 55.74500000 55.41000000 56.08000000
127 56.17112903 55.83387097 56.50838710
128 56.59725806 56.25774194 56.93677419
129 57.02338710 56.68161290 57.36516129
130 57.44951613 57.10548387 57.79354839
131 57.87564516 57.52935484 58.22193548
132 58.30177419 57.95322581 58.65032258
133 58.72790323 58.37709677 59.07870968
134 59.15403226 58.80096774 59.50709677
135 59.58016129 59.22483871 59.93548387
136 60.00629032 59.64870968 60.36387097
137 60.43241935 60.07258065 60.79225806
138 60.85854839 60.49645161 61.22064516
139 61.28467742 60.92032258 61.64903226
140 61.71080645 61.34419355 62.07741935
141 62.13693548 61.76806452 62.50580645
142 62.56306452 62.19193548 62.93419355
143 62.98919355 62.61580645 63.36258065
144 63.41532258 63.03967742 63.79096774
145 63.84145161 63.46354839 64.21935484
146 64.26758065 63.88741935 64.64774194
147 64.69370968 64.31129032 65.07612903
148 65.11983871 64.73516129 65.50451613
149 65.54596774 65.15903226 65.93290323
150 65.97209677 65.58290323 66.36129032
151 66.39822581 66.00677419 66.78967742
152 66.82435484 66.43064516 67.21806452
153 67.25048387 66.85451613 67.64645161
154 67.67661290 67.27838710 68.07483871
155 68.10274194 67.70225806 68.50322581
156 68.52887097 68.12612903 68.93161290
157 68.95500000 68.55000000 69.36000000
158 69.36833333 68.95600000 69.78066667
159 69.78166667 69.36200000 70.20133333
160 70.19500000 69.76800000 70.62200000
161 70.60833333 70.17400000 71.04266667
162 71.02166667 70.58000000 71.46333333
163 71.43500000 70.98600000 71.88400000
164 71.84833333 71.39200000 72.30466667
165 72.26166667 71.79800000 72.72533333
166 72.67500000 72.20400000 73.14600000
167 73.08833333 72.61000000 73.56666667
168 73.50166667 73.01600000 73.98733333
169 73.91500000 73.42200000 74.40800000
170 74.32833333 73.82800000 74.82866667
171 74.74166667 74.23400000 75.24933333
172 75.15500000 74.64000000 75.67000000
173 75.56833333 75.04600000 76.09066667
174 75.98166667 75.45200000 76.51133333
175 76.39500000 75.85800000 76.93200000
176 76.80833333 76.26400000 77.35266667
177 77.22166667 76.67000000 77.77333333
178 77.63500000 77.07600000 78.19400000
179 78.04833333 77.48200000 78.61466667
180 78.46166667 77.88800000 79.03533333
181 78.87500000 78.29400000 79.45600000
182 79.28833333 78.70000000 79.87666667
183 79.70166667 79.10600000 80.29733333
184 80.11500000 79.51200000 80.71800000
185 80.52833333 79.91800000 81.13866667
186 80.94166667 80.32400000 81.55933333
187 81.35500000 80.73000000 81.98000000
188 81.82303030 81.19909091 82.44696970
189 82.29106061 81.66818182 82.91393939
190 82.75909091 82.13727273 83.38090909
191 83.22712121 82.60636364 83.84787879
192 83.69515152 83.07545455 84.31484848
193 84.16318182 83.54454545 84.78181818
194 84.63121212 84.01363636 85.24878788
195 85.09924242 84.48272727 85.71575758
196 85.56727273 84.95181818 86.18272727
197 86.03530303 85.42090909 86.64969697
198 86.50333333 85.89000000 87.11666667
199 86.97136364 86.35909091 87.58363636
200 87.43939394 86.82818182 88.05060606
201 87.90742424 87.29727273 88.51757576
202 88.37545455 87.76636364 88.98454545
203 88.84348485 88.23545455 89.45151515
204 89.31151515 88.70454545 89.91848485
205 89.77954545 89.17363636 90.38545455
206 90.24757576 89.64272727 90.85242424
207 90.71560606 90.11181818 91.31939394
208 91.18363636 90.58090909 91.78636364
209 91.65166667 91.05000000 92.25333333
210 92.11969697 91.51909091 92.72030303
211 92.58772727 91.98818182 93.18727273
212 93.05575758 92.45727273 93.65424242
213 93.52378788 92.92636364 94.12121212
214 93.99181818 93.39545455 94.58818182
215 94.45984848 93.86454545 95.05515152
216 94.92787879 94.33363636 95.52212121
217 95.39590909 94.80272727 95.98909091
218 95.86393939 95.27181818 96.45606061
219 96.33196970 95.74090909 96.92303030
220 96.80000000 96.21000000 97.39000000
221 97.22844828 96.63034483 97.82655172
222 97.65689655 97.05068966 98.26310345
223 98.08534483 97.47103448 98.69965517
224 98.51379310 97.89137931 99.13620690
225 98.94224138 98.31172414 99.57275862
226 99.37068966 98.73206897 100.00931034
227 99.79913793 99.15241379 100.44586207
228 100.22758621 99.57275862 100.88241379
229 100.65603448 99.99310345 101.31896552
230 101.08448276 100.41344828 101.75551724
231 101.51293103 100.83379310 102.19206897
232 101.94137931 101.25413793 102.62862069
233 102.36982759 101.67448276 103.06517241
234 102.79827586 102.09482759 103.50172414
235 103.22672414 102.51517241 103.93827586
236 103.65517241 102.93551724 104.37482759
237 104.08362069 103.35586207 104.81137931
238 104.51206897 103.77620690 105.24793103
239 104.94051724 104.19655172 105.68448276
240 105.36896552 104.61689655 106.12103448
241 105.79741379 105.03724138 106.55758621
242 106.22586207 105.45758621 106.99413793
243 106.65431034 105.87793103 107.43068966
244 107.08275862 106.29827586 107.86724138
245 107.51120690 106.71862069 108.30379310
246 107.93965517 107.13896552 108.74034483
247 108.36810345 107.55931034 109.17689655
248 108.79655172 107.97965517 109.61344828
249 109.22500000 108.40000000 110.05000000
250 109.66000000 108.83035714 110.48964286
251 110.09500000 109.26071429 110.92928571
252 110.53000000 109.69107143 111.36892857
253 110.96500000 110.12142857 111.80857143
254 111.40000000 110.55178571 112.24821429
255 111.83500000 110.98214286 112.68785714
256 112.27000000 111.41250000 113.12750000
257 112.70500000 111.84285714 113.56714286
258 113.14000000 112.27321429 114.00678571
259 113.57500000 112.70357143 114.44642857
260 114.01000000 113.13392857 114.88607143
261 114.44500000 113.56428571 115.32571429
262 114.88000000 113.99464286 115.76535714
263 115.31500000 114.42500000 116.20500000
264 115.75000000 114.85535714 116.64464286
265 116.18500000 115.28571429 117.08428571
266 116.62000000 115.71607143 117.52392857
267 117.05500000 116.14642857 117.96357143
268 117.49000000 116.57678571 118.40321429
269 117.92500000 117.00714286 118.84285714
270 118.36000000 117.43750000 119.28250000
271 118.79500000 117.86785714 119.72214286
272 119.23000000 118.29821429 120.16178571
273 119.66500000 118.72857143 120.60142857
274 120.10000000 119.15892857 121.04107143
275 120.53500000 119.58928571 121.48071429
276 120.97000000 120.01964286 121.92035714
277 121.40500000 120.45000000 122.36000000
278 121.84258065 120.88064516 122.80451613
279 122.28016129 121.31129032 123.24903226
280 122.71774194 121.74193548 123.69354839
281 123.15532258 122.17258065 124.13806452
282 123.59290323 122.60322581 124.58258065
283 124.03048387 123.03387097 125.02709677
284 124.46806452 123.46451613 125.47161290
285 124.90564516 123.89516129 125.91612903
286 125.34322581 124.32580645 126.36064516
287 125.78080645 124.75645161 126.80516129
288 126.21838710 125.18709677 127.24967742
289 126.65596774 125.61774194 127.69419355
290 127.09354839 126.04838710 128.13870968
291 127.53112903 126.47903226 128.58322581
292 127.96870968 126.90967742 129.02774194
293 128.40629032 127.34032258 129.47225806
294 128.84387097 127.77096774 129.91677419
295 129.28145161 128.20161290 130.36129032
296 129.71903226 128.63225806 130.80580645
297 130.15661290 129.06290323 131.25032258
298 130.59419355 129.49354839 131.69483871
299 131.03177419 129.92419355 132.13935484
300 131.46935484 130.35483871 132.58387097
301 131.90693548 130.78548387 133.02838710
302 132.34451613 131.21612903 133.47290323
303 132.78209677 131.64677419 133.91741935
304 133.21967742 132.07741935 134.36193548
305 133.65725806 132.50806452 134.80645161
306 134.09483871 132.93870968 135.25096774
307 134.53241935 133.36935484 135.69548387
308 134.97000000 133.80000000 136.14000000
309 135.41322581 134.23548387 136.59096774
310 135.85645161 134.67096774 137.04193548
311 136.29967742 135.10645161 137.49290323
312 136.74290323 135.54193548 137.94387097
313 137.18612903 135.97741935 138.39483871
314 137.62935484 136.41290323 138.84580645
315 138.07258065 136.84838710 139.29677419
316 138.51580645 137.28387097 139.74774194
317 138.95903226 137.71935484 140.19870968
318 139.40225806 138.15483871 140.64967742
319 139.84548387 138.59032258 141.10064516
320 140.28870968 139.02580645 141.55161290
321 140.73193548 139.46129032 142.00258065
322 141.17516129 139.89677419 142.45354839
323 141.61838710 140.33225806 142.90451613
324 142.06161290 140.76774194 143.35548387
325 142.50483871 141.20322581 143.80645161
326 142.94806452 141.63870968 144.25741935
327 143.39129032 142.07419355 144.70838710
328 143.83451613 142.50967742 145.15935484
329 144.27774194 142.94516129 145.61032258
330 144.72096774 143.38064516 146.06129032
331 145.16419355 143.81612903 146.51225806
332 145.60741935 144.25161290 146.96322581
333 146.05064516 144.68709677 147.41419355
334 146.49387097 145.12258065 147.86516129
335 146.93709677 145.55806452 148.31612903
336 147.38032258 145.99354839 148.76709677
337 147.82354839 146.42903226 149.21806452
338 148.26677419 146.86451613 149.66903226
339 148.71000000 147.30000000 150.12000000
340 149.17233333 147.76366667 150.58100000
341 149.63466667 148.22733333 151.04200000
342 150.09700000 148.69100000 151.50300000
343 150.55933333 149.15466667 151.96400000
344 151.02166667 149.61833333 152.42500000
345 151.48400000 150.08200000 152.88600000
346 151.94633333 150.54566667 153.34700000
347 152.40866667 151.00933333 153.80800000
348 152.87100000 151.47300000 154.26900000
349 153.33333333 151.93666667 154.73000000
350 153.79566667 152.40033333 155.19100000
351 154.25800000 152.86400000 155.65200000
352 154.72033333 153.32766667 156.11300000
353 155.18266667 153.79133333 156.57400000
354 155.64500000 154.25500000 157.03500000
355 156.10733333 154.71866667 157.49600000
356 156.56966667 155.18233333 157.95700000
357 157.03200000 155.64600000 158.41800000
358 157.49433333 156.10966667 158.87900000
359 157.95666667 156.57333333 159.34000000
360 158.41900000 157.03700000 159.80100000
361 158.88133333 157.50066667 160.26200000
362 159.34366667 157.96433333 160.72300000
363 159.80600000 158.42800000 161.18400000
364 160.26833333 158.89166667 161.64500000
365 160.73066667 159.35533333 162.10600000
366 161.19300000 159.81900000 162.56700000
367 161.65533333 160.28266667 163.02800000
368 162.11766667 160.74633333 163.48900000
369 162.58000000 161.21000000 163.95000000
370 163.04005435 161.66260870 164.41750000
371 163.50010870 162.11521739 164.88500000
372 163.96016304 162.56782609 165.35250000
373 164.42021739 163.02043478 165.82000000
374 164.88027174 163.47304348 166.28750000
375 165.34032609 163.92565217 166.75500000
376 165.80038043 164.37826087 167.22250000
377 166.26043478 164.83086957 167.69000000
378 166.72048913 165.28347826 168.15750000
379 167.18054348 165.73608696 168.62500000
380 167.64059783 166.18869565 169.09250000
381 168.10065217 166.64130435 169.56000000
382 168.56070652 167.09391304 170.02750000
383 169.02076087 167.54652174 170.49500000
384 169.48081522 167.99913043 170.96250000
385 169.94086957 168.45173913 171.43000000
386 170.40092391 168.90434783 171.89750000
387 170.86097826 169.35695652 172.36500000
388 171.32103261 169.80956522 172.83250000
389 171.78108696 170.26217391 173.30000000
390 172.24114130 170.71478261 173.76750000
391 172.70119565 171.16739130 174.23500000
392 173.16125000 171.62000000 174.70250000
393 173.62130435 172.07260870 175.17000000
394 174.08135870 172.52521739 175.63750000
395 174.54141304 172.97782609 176.10500000
396 175.00146739 173.43043478 176.57250000
397 175.46152174 173.88304348 177.04000000
398 175.92157609 174.33565217 177.50750000
399 176.38163043 174.78826087 177.97500000
400 176.84168478 175.24086957 178.44250000
401 177.30173913 175.69347826 178.91000000
402 177.76179348 176.14608696 179.37750000
403 178.22184783 176.59869565 179.84500000
404 178.68190217 177.05130435 180.31250000
405 179.14195652 177.50391304 180.78000000
406 179.60201087 177.95652174 181.24750000
407 180.06206522 178.40913043 181.71500000
408 180.52211957 178.86173913 182.18250000
409 180.98217391 179.31434783 182.65000000
410 181.44222826 179.76695652 183.11750000
411 181.90228261 180.21956522 183.58500000
412 182.36233696 180.67217391 184.05250000
413 182.82239130 181.12478261 184.52000000
414 183.28244565 181.57739130 184.98750000
415 183.74250000 182.03000000 185.45500000
416 184.20255435 182.48260870 185.92250000
417 184.66260870 182.93521739 186.39000000
418 185.12266304 183.38782609 186.85750000
419 185.58271739 183.84043478 187.32500000
420 186.04277174 184.29304348 187.79250000
421 186.50282609 184.74565217 188.26000000
422 186.96288043 185.19826087 188.72750000
423 187.42293478 185.65086957 189.19500000
424 187.88298913 186.10347826 189.66250000
425 188.34304348 186.55608696 190.13000000
426 188.80309783 187.00869565 190.59750000
427 189.26315217 187.46130435 191.06500000
428 189.72320652 187.91391304 191.53250000
429 190.18326087 188.36652174 192.00000000
430 190.64331522 188.81913043 192.46750000
431 191.10336957 189.27173913 192.93500000
432 191.56342391 189.72434783 193.40250000
433 192.02347826 190.17695652 193.87000000
434 192.48353261 190.62956522 194.33750000
435 192.94358696 191.08217391 194.80500000
436 193.40364130 191.53478261 195.27250000
437 193.86369565 191.98739130 195.74000000
438 194.32375000 192.44000000 196.20750000
439 194.78380435 192.89260870 196.67500000
440 195.24385870 193.34521739 197.14250000
441 195.70391304 193.79782609 197.61000000
442 196.16396739 194.25043478 198.07750000
443 196.62402174 194.70304348 198.54500000
444 197.08407609 195.15565217 199.01250000
445 197.54413043 195.60826087 199.48000000
446 198.00418478 196.06086957 199.94750000
447 198.46423913 196.51347826 200.41500000
448 198.92429348 196.96608696 200.88250000
449 199.38434783 197.41869565 201.35000000
450 199.84440217 197.87130435 201.81750000
451 200.30445652 198.32391304 202.28500000
452 200.76451087 198.77652174 202.75250000
453 201.22456522 199.22913043 203.22000000
454 201.68461957 199.68173913 203.68750000
455 202.14467391 200.13434783 204.15500000
456 202.60472826 200.58695652 204.62250000
457 203.06478261 201.03956522 205.09000000
458 203.52483696 201.49217391 205.55750000
459 203.98489130 201.94478261 206.02500000
460 204.44494565 202.39739130 206.49250000
461 204.90500000 202.85000000 206.96000000
462 205.36862637 203.30472527 207.43252747
463 205.83225275 203.75945055 207.90505495
464 206.29587912 204.21417582 208.37758242
465 206.75950549 204.66890110 208.85010989
466 207.22313187 205.12362637 209.32263736
467 207.68675824 205.57835165 209.79516484
468 208.15038462 206.03307692 210.26769231
469 208.61401099 206.48780220 210.74021978
470 209.07763736 206.94252747 211.21274725
471 209.54126374 207.39725275 211.68527473
472 210.00489011 207.85197802 212.15780220
473 210.46851648 208.30670330 212.63032967
474 210.93214286 208.76142857 213.10285714
475 211.39576923 209.21615385 213.57538462
476 211.85939560 209.67087912 214.04791209
477 212.32302198 210.12560440 214.52043956
478 212.78664835 210.58032967 214.99296703
479 213.25027473 211.03505495 215.46549451
480 213.71390110 211.48978022 215.93802198
481 214.17752747 211.94450549 216.41054945
482 214.64115385 212.39923077 216.88307692
483 215.10478022 212.85395604 217.35560440
484 215.56840659 213.30868132 217.82813187
485 216.03203297 213.76340659 218.30065934
486 216.49565934 214.21813187 218.77318681
487 216.95928571 214.67285714 219.24571429
488 217.42291209 215.12758242 219.71824176
489 217.88653846 215.58230769 220.19076923
490 218.35016484 216.03703297 220.66329670
491 218.81379121 216.49175824 221.13582418
492 219.27741758 216.94648352 221.60835165
493 219.74104396 217.40120879 222.08087912
494 220.20467033 217.85593407 222.55340659
495 220.66829670 218.31065934 223.02593407
496 221.13192308 218.76538462 223.49846154
497 221.59554945 219.22010989 223.97098901
498 222.05917582 219.67483516 224.44351648
499 222.52280220 220.12956044 224.91604396
500 222.98642857 220.58428571 225.38857143
501 223.45005495 221.03901099 225.86109890
502 223.91368132 221.49373626 226.33362637
503 224.37730769 221.94846154 226.80615385
504 224.84093407 222.40318681 227.27868132
505 225.30456044 222.85791209 227.75120879
506 225.76818681 223.31263736 228.22373626
507 226.23181319 223.76736264 228.69626374
508 226.69543956 224.22208791 229.16879121
509 227.15906593 224.67681319 229.64131868
510 227.62269231 225.13153846 230.11384615
511 228.08631868 225.58626374 230.58637363
512 228.54994505 226.04098901 231.05890110
513 229.01357143 226.49571429 231.53142857
514 229.47719780 226.95043956 232.00395604
515 229.94082418 227.40516484 232.47648352
516 230.40445055 227.85989011 232.94901099
517 230.86807692 228.31461538 233.42153846
518 231.33170330 228.76934066 233.89406593
519 231.79532967 229.22406593 234.36659341
520 232.25895604 229.67879121 234.83912088
521 232.72258242 230.13351648 235.31164835
522 233.18620879 230.58824176 235.78417582
523 233.64983516 231.04296703 236.25670330
524 234.11346154 231.49769231 236.72923077
525 234.57708791 231.95241758 237.20175824
526 235.04071429 232.40714286 237.67428571
527 235.50434066 232.86186813 238.14681319
528 235.96796703 233.31659341 238.61934066
529 236.43159341 233.77131868 239.09186813
530 236.89521978 234.22604396 239.56439560
531 237.35884615 234.68076923 240.03692308
532 237.82247253 235.13549451 240.50945055
533 238.28609890 235.59021978 240.98197802
534 238.74972527 236.04494505 241.45450549
535 239.21335165 236.49967033 241.92703297
536 239.67697802 236.95439560 242.39956044
537 240.14060440 237.40912088 242.87208791
538 240.60423077 237.86384615 243.34461538
539 241.06785714 238.31857143 243.81714286
540 241.53148352 238.77329670 244.28967033
541 241.99510989 239.22802198 244.76219780
542 242.45873626 239.68274725 245.23472527
543 242.92236264 240.13747253 245.70725275
544 243.38598901 240.59219780 246.17978022
545 243.84961538 241.04692308 246.65230769
546 244.31324176 241.50164835 247.12483516
547 244.77686813 241.95637363 247.59736264
548 245.24049451 242.41109890 248.06989011
549 245.70412088 242.86582418 248.54241758
550 246.16774725 243.32054945 249.01494505
551 246.63137363 243.77527473 249.48747253
552 247.09500000 244.23000000 249.96000000
553 247.55351648 244.67439560 250.43263736
554 248.01203297 245.11879121 250.90527473
555 248.47054945 245.56318681 251.37791209
556 248.92906593 246.00758242 251.85054945
557 249.38758242 246.45197802 252.32318681
558 249.84609890 246.89637363 252.79582418
559 250.30461538 247.34076923 253.26846154
560 250.76313187 247.78516484 253.74109890
561 251.22164835 248.22956044 254.21373626
562 251.68016484 248.67395604 254.68637363
563 252.13868132 249.11835165 255.15901099
564 252.59719780 249.56274725 255.63164835
565 253.05571429 250.00714286 256.10428571
566 253.51423077 250.45153846 256.57692308
567 253.97274725 250.89593407 257.04956044
568 254.43126374 251.34032967 257.52219780
569 254.88978022 251.78472527 257.99483516
570 255.34829670 252.22912088 258.46747253
571 255.80681319 252.67351648 258.94010989
572 256.26532967 253.11791209 259.41274725
573 256.72384615 253.56230769 259.88538462
574 257.18236264 254.00670330 260.35802198
575 257.64087912 254.45109890 260.83065934
576 258.09939560 254.89549451 261.30329670
577 258.55791209 255.33989011 261.77593407
578 259.01642857 255.78428571 262.24857143
579 259.47494505 256.22868132 262.72120879
580 259.93346154 256.67307692 263.19384615
581 260.39197802 257.11747253 263.66648352
582 260.85049451 257.56186813 264.13912088
583 261.30901099 258.00626374 264.61175824
584 261.76752747 258.45065934 265.08439560
585 262.22604396 258.89505495 265.55703297
586 262.68456044 259.33945055 266.02967033
587 263.14307692 259.78384615 266.50230769
588 263.60159341 260.22824176 266.97494505
589 264.06010989 260.67263736 267.44758242
590 264.51862637 261.11703297 267.92021978
591 264.97714286 261.56142857 268.39285714
592 265.43565934 262.00582418 268.86549451
593 265.89417582 262.45021978 269.33813187
594 266.35269231 262.89461538 269.81076923
595 266.81120879 263.33901099 270.28340659
596 267.26972527 263.78340659 270.75604396
597 267.72824176 264.22780220 271.22868132
598 268.18675824 264.67219780 271.70131868
599 268.64527473 265.11659341 272.17395604
600 269.10379121 265.56098901 272.64659341
601 269.56230769 266.00538462 273.11923077
602 270.02082418 266.44978022 273.59186813
603 270.47934066 266.89417582 274.06450549
604 270.93785714 267.33857143 274.53714286
605 271.39637363 267.78296703 275.00978022
606 271.85489011 268.22736264 275.48241758
607 272.31340659 268.67175824 275.95505495
608 272.77192308 269.11615385 276.42769231
609 273.23043956 269.56054945 276.90032967
610 273.68895604 270.00494505 277.37296703
611 274.14747253 270.44934066 277.84560440
612 274.60598901 270.89373626 278.31824176
613 275.06450549 271.33813187 278.79087912
614 275.52302198 271.78252747 279.26351648
615 275.98153846 272.22692308 279.73615385
616 276.44005495 272.67131868 280.20879121
617 276.89857143 273.11571429 280.68142857
618 277.35708791 273.56010989 281.15406593
619 277.81560440 274.00450549 281.62670330
620 278.27412088 274.44890110 282.09934066
621 278.73263736 274.89329670 282.57197802
622 279.19115385 275.33769231 283.04461538
623 279.64967033 275.78208791 283.51725275
624 280.10818681 276.22648352 283.98989011
625 280.56670330 276.67087912 284.46252747
626 281.02521978 277.11527473 284.93516484
627 281.48373626 277.55967033 285.40780220
628 281.94225275 278.00406593 285.88043956
629 282.40076923 278.44846154 286.35307692
630 282.85928571 278.89285714 286.82571429
631 283.31780220 279.33725275 287.29835165
632 283.77631868 279.78164835 287.77098901
633 284.23483516 280.22604396 288.24362637
634 284.69335165 280.67043956 288.71626374
635 285.15186813 281.11483516 289.18890110
636 285.61038462 281.55923077 289.66153846
637 286.06890110 282.00362637 290.13417582
638 286.52741758 282.44802198 290.60681319
639 286.98593407 282.89241758 291.07945055
640 287.44445055 283.33681319 291.55208791
641 287.90296703 283.78120879 292.02472527
642 288.36148352 284.22560440 292.49736264
643 288.82000000 284.67000000 292.97000000
644 289.29103261 285.14000000 293.44206522
645 289.76206522 285.61000000 293.91413043
646 290.23309783 286.08000000 294.38619565
647 290.70413043 286.55000000 294.85826087
648 291.17516304 287.02000000 295.33032609
649 291.64619565 287.49000000 295.80239130
650 292.11722826 287.96000000 296.27445652
651 292.58826087 288.43000000 296.74652174
652 293.05929348 288.90000000 297.21858696
653 293.53032609 289.37000000 297.69065217
654 294.00135870 289.84000000 298.16271739
655 294.47239130 290.31000000 298.63478261
656 294.94342391 290.78000000 299.10684783
657 295.41445652 291.25000000 299.57891304
658 295.88548913 291.72000000 300.05097826
659 296.35652174 292.19000000 300.52304348
660 296.82755435 292.66000000 300.99510870
661 297.29858696 293.13000000 301.46717391
662 297.76961957 293.60000000 301.93923913
663 298.24065217 294.07000000 302.41130435
664 298.71168478 294.54000000 302.88336957
665 299.18271739 295.01000000 303.35543478
666 299.65375000 295.48000000 303.82750000
667 300.12478261 295.95000000 304.29956522
668 300.59581522 296.42000000 304.77163043
669 301.06684783 296.89000000 305.24369565
670 301.53788043 297.36000000 305.71576087
671 302.00891304 297.83000000 306.18782609
672 302.47994565 298.30000000 306.65989130
673 302.95097826 298.77000000 307.13195652
674 303.42201087 299.24000000 307.60402174
675 303.89304348 299.71000000 308.07608696
676 304.36407609 300.18000000 308.54815217
677 304.83510870 300.65000000 309.02021739
678 305.30614130 301.12000000 309.49228261
679 305.77717391 301.59000000 309.96434783
680 306.24820652 302.06000000 310.43641304
681 306.71923913 302.53000000 310.90847826
682 307.19027174 303.00000000 311.38054348
683 307.66130435 303.47000000 311.85260870
684 308.13233696 303.94000000 312.32467391
685 308.60336957 304.41000000 312.79673913
686 309.07440217 304.88000000 313.26880435
687 309.54543478 305.35000000 313.74086957
688 310.01646739 305.82000000 314.21293478
689 310.48750000 306.29000000 314.68500000
690 310.95853261 306.76000000 315.15706522
691 311.42956522 307.23000000 315.62913043
692 311.90059783 307.70000000 316.10119565
693 312.37163043 308.17000000 316.57326087
694 312.84266304 308.64000000 317.04532609
695 313.31369565 309.11000000 317.51739130
696 313.78472826 309.58000000 317.98945652
697 314.25576087 310.05000000 318.46152174
698 314.72679348 310.52000000 318.93358696
699 315.19782609 310.99000000 319.40565217
700 315.66885870 311.46000000 319.87771739
701 316.13989130 311.93000000 320.34978261
702 316.61092391 312.40000000 320.82184783
703 317.08195652 312.87000000 321.29391304
704 317.55298913 313.34000000 321.76597826
705 318.02402174 313.81000000 322.23804348
706 318.49505435 314.28000000 322.71010870
707 318.96608696 314.75000000 323.18217391
708 319.43711957 315.22000000 323.65423913
709 319.90815217 315.69000000 324.12630435
710 320.37918478 316.16000000 324.59836957
711 320.85021739 316.63000000 325.07043478
712 321.32125000 317.10000000 325.54250000
713 321.79228261 317.57000000 326.01456522
714 322.26331522 318.04000000 326.48663043
715 322.73434783 318.51000000 326.95869565
716 323.20538043 318.98000000 327.43076087
717 323.67641304 319.45000000 327.90282609
718 324.14744565 319.92000000 328.37489130
719 324.61847826 320.39000000 328.84695652
720 325.08951087 320.86000000 329.31902174
721 325.56054348 321.33000000 329.79108696
722 326.03157609 321.80000000 330.26315217
723 326.50260870 322.27000000 330.73521739
724 326.97364130 322.74000000 331.20728261
725 327.44467391 323.21000000 331.67934783
726 327.91570652 323.68000000 332.15141304
727 328.38673913 324.15000000 332.62347826
728 328.85777174 324.62000000 333.09554348
729 329.32880435 325.09000000 333.56760870
730 329.79983696 325.56000000 334.03967391
731 330.27086957 326.03000000 334.51173913
732 330.74190217 326.50000000 334.98380435
733 331.21293478 326.97000000 335.45586957
734 331.68396739 327.44000000 335.92793478
735 332.15500000 327.91000000 336.40000000
736 332.59777929 328.34790191 336.84765668
737 333.04055858 328.78580381 337.29531335
738 333.48333787 329.22370572 337.74297003
739 333.92611717 329.66160763 338.19062670
740 334.36889646 330.09950954 338.63828338
741 334.81167575 330.53741144 339.08594005
742 335.25445504 330.97531335 339.53359673
743 335.69723433 331.41321526 339.98125341
744 336.14001362 331.85111717 340.42891008
745 336.58279292 332.28901907 340.87656676
746 337.02557221 332.72692098 341.32422343
747 337.46835150 333.16482289 341.77188011
748 337.91113079 333.60272480 342.21953678
749 338.35391008 334.04062670 342.66719346
750 338.79668937 334.47852861 343.11485014
751 339.23946866 334.91643052 343.56250681
752 339.68224796 335.35433243 344.01016349
753 340.12502725 335.79223433 344.45782016
754 340.56780654 336.23013624 344.90547684
755 341.01058583 336.66803815 345.35313352
756 341.45336512 337.10594005 345.80079019
757 341.89614441 337.54384196 346.24844687
758 342.33892371 337.98174387 346.69610354
759 342.78170300 338.41964578 347.14376022
760 343.22448229 338.85754768 347.59141689
761 343.66726158 339.29544959 348.03907357
762 344.11004087 339.73335150 348.48673025
763 344.55282016 340.17125341 348.93438692
764 344.99559946 340.60915531 349.38204360
765 345.43837875 341.04705722 349.82970027
766 345.88115804 341.48495913 350.27735695
767 346.32393733 341.92286104 350.72501362
768 346.76671662 342.36076294 351.17267030
769 347.20949591 342.79866485 351.62032698
770 347.65227520 343.23656676 352.06798365
771 348.09505450 343.67446866 352.51564033
772 348.53783379 344.11237057 352.96329700
773 348.98061308 344.55027248 353.41095368
774 349.42339237 344.98817439 353.85861035
775 349.86617166 345.42607629 354.30626703
776 350.30895095 345.86397820 354.75392371
777 350.75173025 346.30188011 355.20158038
778 351.19450954 346.73978202 355.64923706
779 351.63728883 347.17768392 356.09689373
780 352.08006812 347.61558583 356.54455041
781 352.52284741 348.05348774 356.99220708
782 352.96562670 348.49138965 357.43986376
783 353.40840599 348.92929155 357.88752044
784 353.85118529 349.36719346 358.33517711
785 354.29396458 349.80509537 358.78283379
786 354.73674387 350.24299728 359.23049046
787 355.17952316 350.68089918 359.67814714
788 355.62230245 351.11880109 360.12580381
789 356.06508174 351.55670300 360.57346049
790 356.50786104 351.99460490 361.02111717
791 356.95064033 352.43250681 361.46877384
792 357.39341962 352.87040872 361.91643052
793 357.83619891 353.30831063 362.36408719
794 358.27897820 353.74621253 362.81174387
795 358.72175749 354.18411444 363.25940055
796 359.16453678 354.62201635 363.70705722
797 359.60731608 355.05991826 364.15471390
798 360.05009537 355.49782016 364.60237057
799 360.49287466 355.93572207 365.05002725
800 360.93565395 356.37362398 365.49768392
801 361.37843324 356.81152589 365.94534060
802 361.82121253 357.24942779 366.39299728
803 362.26399183 357.68732970 366.84065395
804 362.70677112 358.12523161 367.28831063
805 363.14955041 358.56313352 367.73596730
806 363.59232970 359.00103542 368.18362398
807 364.03510899 359.43893733 368.63128065
808 364.47788828 359.87683924 369.07893733
809 364.92066757 360.31474114 369.52659401
810 365.36344687 360.75264305 369.97425068
811 365.80622616 361.19054496 370.42190736
812 366.24900545 361.62844687 370.86956403
813 366.69178474 362.06634877 371.31722071
814 367.13456403 362.50425068 371.76487738
815 367.57734332 362.94215259 372.21253406
816 368.02012262 363.38005450 372.66019074
817 368.46290191 363.81795640 373.10784741
818 368.90568120 364.25585831 373.55550409
819 369.34846049 364.69376022 374.00316076
820 369.79123978 365.13166213 374.45081744
821 370.23401907 365.56956403 374.89847411
822 370.67679837 366.00746594 375.34613079
823 371.11957766 366.44536785 375.79378747
824 371.56235695 366.88326975 376.24144414
825 372.00513624 367.32117166 376.68910082
826 372.44791553 367.75907357 377.13675749
827 372.89069482 368.19697548 377.58441417
828 373.33347411 368.63487738 378.03207084
829 373.77625341 369.07277929 378.47972752
830 374.21903270 369.51068120 378.92738420
831 374.66181199 369.94858311 379.37504087
832 375.10459128 370.38648501 379.82269755
833 375.54737057 370.82438692 380.27035422
834 375.99014986 371.26228883 380.71801090
835 376.43292916 371.70019074 381.16566757
836 376.87570845 372.13809264 381.61332425
837 377.31848774 372.57599455 382.06098093
838 377.76126703 373.01389646 382.50863760
839 378.20404632 373.45179837 382.95629428
840 378.64682561 373.88970027 383.40395095
841 379.08960490 374.32760218 383.85160763
842 379.53238420 374.76550409 384.29926431
843 379.97516349 375.20340599 384.74692098
844 380.41794278 375.64130790 385.19457766
845 380.86072207 376.07920981 385.64223433
846 381.30350136 376.51711172 386.08989101
847 381.74628065 376.95501362 386.53754768
848 382.18905995 377.39291553 386.98520436
849 382.63183924 377.83081744 387.43286104
850 383.07461853 378.26871935 387.88051771
851 383.51739782 378.70662125 388.32817439
852 383.96017711 379.14452316 388.77583106
853 384.40295640 379.58242507 389.22348774
854 384.84573569 380.02032698 389.67114441
855 385.28851499 380.45822888 390.11880109
856 385.73129428 380.89613079 390.56645777
857 386.17407357 381.33403270 391.01411444
858 386.61685286 381.77193460 391.46177112
859 387.05963215 382.20983651 391.90942779
860 387.50241144 382.64773842 392.35708447
861 387.94519074 383.08564033 392.80474114
862 388.38797003 383.52354223 393.25239782
863 388.83074932 383.96144414 393.70005450
864 389.27352861 384.39934605 394.14771117
865 389.71630790 384.83724796 394.59536785
866 390.15908719 385.27514986 395.04302452
867 390.60186649 385.71305177 395.49068120
868 391.04464578 386.15095368 395.93833787
869 391.48742507 386.58885559 396.38599455
870 391.93020436 387.02675749 396.83365123
871 392.37298365 387.46465940 397.28130790
872 392.81576294 387.90256131 397.72896458
873 393.25854223 388.34046322 398.17662125
874 393.70132153 388.77836512 398.62427793
875 394.14410082 389.21626703 399.07193460
876 394.58688011 389.65416894 399.51959128
877 395.02965940 390.09207084 399.96724796
878 395.47243869 390.52997275 400.41490463
879 395.91521798 390.96787466 400.86256131
880 396.35799728 391.40577657 401.31021798
881 396.80077657 391.84367847 401.75787466
882 397.24355586 392.28158038 402.20553134
883 397.68633515 392.71948229 402.65318801
884 398.12911444 393.15738420 403.10084469
885 398.57189373 393.59528610 403.54850136
886 399.01467302 394.03318801 403.99615804
887 399.45745232 394.47108992 404.44381471
888 399.90023161 394.90899183 404.89147139
889 400.34301090 395.34689373 405.33912807
890 400.78579019 395.78479564 405.78678474
891 401.22856948 396.22269755 406.23444142
892 401.67134877 396.66059946 406.68209809
893 402.11412807 397.09850136 407.12975477
894 402.55690736 397.53640327 407.57741144
895 402.99968665 397.97430518 408.02506812
896 403.44246594 398.41220708 408.47272480
897 403.88524523 398.85010899 408.92038147
898 404.32802452 399.28801090 409.36803815
899 404.77080381 399.72591281 409.81569482
900 405.21358311 400.16381471 410.26335150
901 405.65636240 400.60171662 410.71100817
902 406.09914169 401.03961853 411.15866485
903 406.54192098 401.47752044 411.60632153
904 406.98470027 401.91542234 412.05397820
905 407.42747956 402.35332425 412.50163488
906 407.87025886 402.79122616 412.94929155
907 408.31303815 403.22912807 413.39694823
908 408.75581744 403.66702997 413.84460490
909 409.19859673 404.10493188 414.29226158
910 409.64137602 404.54283379 414.73991826
911 410.08415531 404.98073569 415.18757493
912 410.52693460 405.41863760 415.63523161
913 410.96971390 405.85653951 416.08288828
914 411.41249319 406.29444142 416.53054496
915 411.85527248 406.73234332 416.97820163
916 412.29805177 407.17024523 417.42585831
917 412.74083106 407.60814714 417.87351499
918 413.18361035 408.04604905 418.32117166
919 413.62638965 408.48395095 418.76882834
920 414.06916894 408.92185286 419.21648501
921 414.51194823 409.35975477 419.66414169
922 414.95472752 409.79765668 420.11179837
923 415.39750681 410.23555858 420.55945504
924 415.84028610 410.67346049 421.00711172
925 416.28306540 411.11136240 421.45476839
926 416.72584469 411.54926431 421.90242507
927 417.16862398 411.98716621 422.35008174
928 417.61140327 412.42506812 422.79773842
929 418.05418256 412.86297003 423.24539510
930 418.49696185 413.30087193 423.69305177
931 418.93974114 413.73877384 424.14070845
932 419.38252044 414.17667575 424.58836512
933 419.82529973 414.61457766 425.03602180
934 420.26807902 415.05247956 425.48367847
935 420.71085831 415.49038147 425.93133515
936 421.15363760 415.92828338 426.37899183
937 421.59641689 416.36618529 426.82664850
938 422.03919619 416.80408719 427.27430518
939 422.48197548 417.24198910 427.72196185
940 422.92475477 417.67989101 428.16961853
941 423.36753406 418.11779292 428.61727520
942 423.81031335 418.55569482 429.06493188
943 424.25309264 418.99359673 429.51258856
944 424.69587193 419.43149864 429.96024523
945 425.13865123 419.86940055 430.40790191
946 425.58143052 420.30730245 430.85555858
947 426.02420981 420.74520436 431.30321526
948 426.46698910 421.18310627 431.75087193
949 426.90976839 421.62100817 432.19852861
950 427.35254768 422.05891008 432.64618529
951 427.79532698 422.49681199 433.09384196
952 428.23810627 422.93471390 433.54149864
953 428.68088556 423.37261580 433.98915531
954 429.12366485 423.81051771 434.43681199
955 429.56644414 424.24841962 434.88446866
956 430.00922343 424.68632153 435.33212534
957 430.45200272 425.12422343 435.77978202
958 430.89478202 425.56212534 436.22743869
959 431.33756131 426.00002725 436.67509537
960 431.78034060 426.43792916 437.12275204
961 432.22311989 426.87583106 437.57040872
962 432.66589918 427.31373297 438.01806540
963 433.10867847 427.75163488 438.46572207
964 433.55145777 428.18953678 438.91337875
965 433.99423706 428.62743869 439.36103542
966 434.43701635 429.06534060 439.80869210
967 434.87979564 429.50324251 440.25634877
968 435.32257493 429.94114441 440.70400545
969 435.76535422 430.37904632 441.15166213
970 436.20813352 430.81694823 441.59931880
971 436.65091281 431.25485014 442.04697548
972 437.09369210 431.69275204 442.49463215
973 437.53647139 432.13065395 442.94228883
974 437.97925068 432.56855586 443.38994550
975 438.42202997 433.00645777 443.83760218
976 438.86480926 433.44435967 444.28525886
977 439.30758856 433.88226158 444.73291553
978 439.75036785 434.32016349 445.18057221
979 440.19314714 434.75806540 445.62822888
980 440.63592643 435.19596730 446.07588556
981 441.07870572 435.63386921 446.52354223
982 441.52148501 436.07177112 446.97119891
983 441.96426431 436.50967302 447.41885559
984 442.40704360 436.94757493 447.86651226
985 442.84982289 437.38547684 448.31416894
986 443.29260218 437.82337875 448.76182561
987 443.73538147 438.26128065 449.20948229
988 444.17816076 438.69918256 449.65713896
989 444.62094005 439.13708447 450.10479564
990 445.06371935 439.57498638 450.55245232
991 445.50649864 440.01288828 451.00010899
992 445.94927793 440.45079019 451.44776567
993 446.39205722 440.88869210 451.89542234
994 446.83483651 441.32659401 452.34307902
995 447.27761580 441.76449591 452.79073569
996 447.72039510 442.20239782 453.23839237
997 448.16317439 442.64029973 453.68604905
998 448.60595368 443.07820163 454.13370572
999 449.04873297 443.51610354 454.58136240
1000 449.49151226 443.95400545 455.02901907
1001 449.93429155 444.39190736 455.47667575
1002 450.37707084 444.82980926 455.92433243
1003 450.81985014 445.26771117 456.37198910
1004 451.26262943 445.70561308 456.81964578
1005 451.70540872 446.14351499 457.26730245
1006 452.14818801 446.58141689 457.71495913
1007 452.59096730 447.01931880 458.16261580
1008 453.03374659 447.45722071 458.61027248
1009 453.47652589 447.89512262 459.05792916
1010 453.91930518 448.33302452 459.50558583
1011 454.36208447 448.77092643 459.95324251
1012 454.80486376 449.20882834 460.40089918
1013 455.24764305 449.64673025 460.84855586
1014 455.69042234 450.08463215 461.29621253
1015 456.13320163 450.52253406 461.74386921
1016 456.57598093 450.96043597 462.19152589
1017 457.01876022 451.39833787 462.63918256
1018 457.46153951 451.83623978 463.08683924
1019 457.90431880 452.27414169 463.53449591
1020 458.34709809 452.71204360 463.98215259
1021 458.78987738 453.14994550 464.42980926
1022 459.23265668 453.58784741 464.87746594
1023 459.67543597 454.02574932 465.32512262
1024 460.11821526 454.46365123 465.77277929
1025 460.56099455 454.90155313 466.22043597
1026 461.00377384 455.33945504 466.66809264
1027 461.44655313 455.77735695 467.11574932
1028 461.88933243 456.21525886 467.56340599
1029 462.33211172 456.65316076 468.01106267
1030 462.77489101 457.09106267 468.45871935
1031 463.21767030 457.52896458 468.90637602
1032 463.66044959 457.96686649 469.35403270
1033 464.10322888 458.40476839 469.80168937
1034 464.54600817 458.84267030 470.24934605
1035 464.98878747 459.28057221 470.69700272
1036 465.43156676 459.71847411 471.14465940
1037 465.87434605 460.15637602 471.59231608
1038 466.31712534 460.59427793 472.03997275
1039 466.75990463 461.03217984 472.48762943
1040 467.20268392 461.47008174 472.93528610
1041 467.64546322 461.90798365 473.38294278
1042 468.08824251 462.34588556 473.83059946
1043 468.53102180 462.78378747 474.27825613
1044 468.97380109 463.22168937 474.72591281
1045 469.41658038 463.65959128 475.17356948
1046 469.85935967 464.09749319 475.62122616
1047 470.30213896 464.53539510 476.06888283
1048 470.74491826 464.97329700 476.51653951
1049 471.18769755 465.41119891 476.96419619
1050 471.63047684 465.84910082 477.41185286
1051 472.07325613 466.28700272 477.85950954
1052 472.51603542 466.72490463 478.30716621
1053 472.95881471 467.16280654 478.75482289
1054 473.40159401 467.60070845 479.20247956
1055 473.84437330 468.03861035 479.65013624
1056 474.28715259 468.47651226 480.09779292
1057 474.72993188 468.91441417 480.54544959
1058 475.17271117 469.35231608 480.99310627
1059 475.61549046 469.79021798 481.44076294
1060 476.05826975 470.22811989 481.88841962
1061 476.50104905 470.66602180 482.33607629
1062 476.94382834 471.10392371 482.78373297
1063 477.38660763 471.54182561 483.23138965
1064 477.82938692 471.97972752 483.67904632
1065 478.27216621 472.41762943 484.12670300
1066 478.71494550 472.85553134 484.57435967
1067 479.15772480 473.29343324 485.02201635
1068 479.60050409 473.73133515 485.46967302
1069 480.04328338 474.16923706 485.91732970
1070 480.48606267 474.60713896 486.36498638
1071 480.92884196 475.04504087 486.81264305
1072 481.37162125 475.48294278 487.26029973
1073 481.81440055 475.92084469 487.70795640
1074 482.25717984 476.35874659 488.15561308
1075 482.69995913 476.79664850 488.60326975
1076 483.14273842 477.23455041 489.05092643
1077 483.58551771 477.67245232 489.49858311
1078 484.02829700 478.11035422 489.94623978
1079 484.47107629 478.54825613 490.39389646
1080 484.91385559 478.98615804 490.84155313
1081 485.35663488 479.42405995 491.28920981
1082 485.79941417 479.86196185 491.73686649
1083 486.24219346 480.29986376 492.18452316
1084 486.68497275 480.73776567 492.63217984
1085 487.12775204 481.17566757 493.07983651
1086 487.57053134 481.61356948 493.52749319
1087 488.01331063 482.05147139 493.97514986
1088 488.45608992 482.48937330 494.42280654
1089 488.89886921 482.92727520 494.87046322
1090 489.34164850 483.36517711 495.31811989
1091 489.78442779 483.80307902 495.76577657
1092 490.22720708 484.24098093 496.21343324
1093 490.66998638 484.67888283 496.66108992
1094 491.11276567 485.11678474 497.10874659
1095 491.55554496 485.55468665 497.55640327
1096 491.99832425 485.99258856 498.00405995
1097 492.44110354 486.43049046 498.45171662
1098 492.88388283 486.86839237 498.89937330
1099 493.32666213 487.30629428 499.34702997
1100 493.76944142 487.74419619 499.79468665
1101 494.21222071 488.18209809 500.24234332
1102 494.65500000 488.62000000 500.69000000
1103 495.08250000 489.04587912 501.11912088
1104 495.51000000 489.47175824 501.54824176
1105 495.93750000 489.89763736 501.97736264
1106 496.36500000 490.32351648 502.40648352
1107 496.79250000 490.74939560 502.83560440
1108 497.22000000 491.17527473 503.26472527
1109 497.64750000 491.60115385 503.69384615
1110 498.07500000 492.02703297 504.12296703
1111 498.50250000 492.45291209 504.55208791
1112 498.93000000 492.87879121 504.98120879
1113 499.35750000 493.30467033 505.41032967
1114 499.78500000 493.73054945 505.83945055
1115 500.21250000 494.15642857 506.26857143
1116 500.64000000 494.58230769 506.69769231
1117 501.06750000 495.00818681 507.12681319
1118 501.49500000 495.43406593 507.55593407
1119 501.92250000 495.85994505 507.98505495
1120 502.35000000 496.28582418 508.41417582
1121 502.77750000 496.71170330 508.84329670
1122 503.20500000 497.13758242 509.27241758
1123 503.63250000 497.56346154 509.70153846
1124 504.06000000 497.98934066 510.13065934
1125 504.48750000 498.41521978 510.55978022
1126 504.91500000 498.84109890 510.98890110
1127 505.34250000 499.26697802 511.41802198
1128 505.77000000 499.69285714 511.84714286
1129 506.19750000 500.11873626 512.27626374
1130 506.62500000 500.54461538 512.70538462
1131 507.05250000 500.97049451 513.13450549
1132 507.48000000 501.39637363 513.56362637
1133 507.90750000 501.82225275 513.99274725
1134 508.33500000 502.24813187 514.42186813
1135 508.76250000 502.67401099 514.85098901
1136 509.19000000 503.09989011 515.28010989
1137 509.61750000 503.52576923 515.70923077
1138 510.04500000 503.95164835 516.13835165
1139 510.47250000 504.37752747 516.56747253
1140 510.90000000 504.80340659 516.99659341
1141 511.32750000 505.22928571 517.42571429
1142 511.75500000 505.65516484 517.85483516
1143 512.18250000 506.08104396 518.28395604
1144 512.61000000 506.50692308 518.71307692
1145 513.03750000 506.93280220 519.14219780
1146 513.46500000 507.35868132 519.57131868
1147 513.89250000 507.78456044 520.00043956
1148 514.32000000 508.21043956 520.42956044
1149 514.74750000 508.63631868 520.85868132
1150 515.17500000 509.06219780 521.28780220
1151 515.60250000 509.48807692 521.71692308
1152 516.03000000 509.91395604 522.14604396
1153 516.45750000 510.33983516 522.57516484
1154 516.88500000 510.76571429 523.00428571
1155 517.31250000 511.19159341 523.43340659
1156 517.74000000 511.61747253 523.86252747
1157 518.16750000 512.04335165 524.29164835
1158 518.59500000 512.46923077 524.72076923
1159 519.02250000 512.89510989 525.14989011
1160 519.45000000 513.32098901 525.57901099
1161 519.87750000 513.74686813 526.00813187
1162 520.30500000 514.17274725 526.43725275
1163 520.73250000 514.59862637 526.86637363
1164 521.16000000 515.02450549 527.29549451
1165 521.58750000 515.45038462 527.72461538
1166 522.01500000 515.87626374 528.15373626
1167 522.44250000 516.30214286 528.58285714
1168 522.87000000 516.72802198 529.01197802
1169 523.29750000 517.15390110 529.44109890
1170 523.72500000 517.57978022 529.87021978
1171 524.15250000 518.00565934 530.29934066
1172 524.58000000 518.43153846 530.72846154
1173 525.00750000 518.85741758 531.15758242
1174 525.43500000 519.28329670 531.58670330
1175 525.86250000 519.70917582 532.01582418
1176 526.29000000 520.13505495 532.44494505
1177 526.71750000 520.56093407 532.87406593
1178 527.14500000 520.98681319 533.30318681
1179 527.57250000 521.41269231 533.73230769
1180 528.00000000 521.83857143 534.16142857
1181 528.42750000 522.26445055 534.59054945
1182 528.85500000 522.69032967 535.01967033
1183 529.28250000 523.11620879 535.44879121
1184 529.71000000 523.54208791 535.87791209
1185 530.13750000 523.96796703 536.30703297
1186 530.56500000 524.39384615 536.73615385
1187 530.99250000 524.81972527 537.16527473
1188 531.42000000 525.24560440 537.59439560
1189 531.84750000 525.67148352 538.02351648
1190 532.27500000 526.09736264 538.45263736
1191 532.70250000 526.52324176 538.88175824
1192 533.13000000 526.94912088 539.31087912
1193 533.55750000 527.37500000 539.74000000
1194 533.98500000 527.80087912 540.16912088
1195 534.41250000 528.22675824 540.59824176
1196 534.84000000 528.65263736 541.02736264
1197 535.26750000 529.07851648 541.45648352
1198 535.69500000 529.50439560 541.88560440
1199 536.12250000 529.93027473 542.31472527
1200 536.55000000 530.35615385 542.74384615
1201 536.97750000 530.78203297 543.17296703
1202 537.40500000 531.20791209 543.60208791
1203 537.83250000 531.63379121 544.03120879
1204 538.26000000 532.05967033 544.46032967
1205 538.68750000 532.48554945 544.88945055
1206 539.11500000 532.91142857 545.31857143
1207 539.54250000 533.33730769 545.74769231
1208 539.97000000 533.76318681 546.17681319
1209 540.39750000 534.18906593 546.60593407
1210 540.82500000 534.61494505 547.03505495
1211 541.25250000 535.04082418 547.46417582
1212 541.68000000 535.46670330 547.89329670
1213 542.10750000 535.89258242 548.32241758
1214 542.53500000 536.31846154 548.75153846
1215 542.96250000 536.74434066 549.18065934
1216 543.39000000 537.17021978 549.60978022
1217 543.81750000 537.59609890 550.03890110
1218 544.24500000 538.02197802 550.46802198
1219 544.67250000 538.44785714 550.89714286
1220 545.10000000 538.87373626 551.32626374
1221 545.52750000 539.29961538 551.75538462
1222 545.95500000 539.72549451 552.18450549
1223 546.38250000 540.15137363 552.61362637
1224 546.81000000 540.57725275 553.04274725
1225 547.23750000 541.00313187 553.47186813
1226 547.66500000 541.42901099 553.90098901
1227 548.09250000 541.85489011 554.33010989
1228 548.52000000 542.28076923 554.75923077
1229 548.94750000 542.70664835 555.18835165
1230 549.37500000 543.13252747 555.61747253
1231 549.80250000 543.55840659 556.04659341
1232 550.23000000 543.98428571 556.47571429
1233 550.65750000 544.41016484 556.90483516
1234 551.08500000 544.83604396 557.33395604
1235 551.51250000 545.26192308 557.76307692
1236 551.94000000 545.68780220 558.19219780
1237 552.36750000 546.11368132 558.62131868
1238 552.79500000 546.53956044 559.05043956
1239 553.22250000 546.96543956 559.47956044
1240 553.65000000 547.39131868 559.90868132
1241 554.07750000 547.81719780 560.33780220
1242 554.50500000 548.24307692 560.76692308
1243 554.93250000 548.66895604 561.19604396
1244 555.36000000 549.09483516 561.62516484
1245 555.78750000 549.52071429 562.05428571
1246 556.21500000 549.94659341 562.48340659
1247 556.64250000 550.37247253 562.91252747
1248 557.07000000 550.79835165 563.34164835
1249 557.49750000 551.22423077 563.77076923
1250 557.92500000 551.65010989 564.19989011
1251 558.35250000 552.07598901 564.62901099
1252 558.78000000 552.50186813 565.05813187
1253 559.20750000 552.92774725 565.48725275
1254 559.63500000 553.35362637 565.91637363
1255 560.06250000 553.77950549 566.34549451
1256 560.49000000 554.20538462 566.77461538
1257 560.91750000 554.63126374 567.20373626
1258 561.34500000 555.05714286 567.63285714
1259 561.77250000 555.48302198 568.06197802
1260 562.20000000 555.90890110 568.49109890
1261 562.62750000 556.33478022 568.92021978
1262 563.05500000 556.76065934 569.34934066
1263 563.48250000 557.18653846 569.77846154
1264 563.91000000 557.61241758 570.20758242
1265 564.33750000 558.03829670 570.63670330
1266 564.76500000 558.46417582 571.06582418
1267 565.19250000 558.89005495 571.49494505
1268 565.62000000 559.31593407 571.92406593
1269 566.04750000 559.74181319 572.35318681
1270 566.47500000 560.16769231 572.78230769
1271 566.90250000 560.59357143 573.21142857
1272 567.33000000 561.01945055 573.64054945
1273 567.75750000 561.44532967 574.06967033
1274 568.18500000 561.87120879 574.49879121
1275 568.61250000 562.29708791 574.92791209
1276 569.04000000 562.72296703 575.35703297
1277 569.46750000 563.14884615 575.78615385
1278 569.89500000 563.57472527 576.21527473
1279 570.32250000 564.00060440 576.64439560
1280 570.75000000 564.42648352 577.07351648
1281 571.17750000 564.85236264 577.50263736
1282 571.60500000 565.27824176 577.93175824
1283 572.03250000 565.70412088 578.36087912
1284 572.46000000 566.13000000 578.79000000
1285 572.88750000 566.55587912 579.21912088
1286 573.31500000 566.98175824 579.64824176
1287 573.74250000 567.40763736 580.07736264
1288 574.17000000 567.83351648 580.50648352
1289 574.59750000 568.25939560 580.93560440
1290 575.02500000 568.68527473 581.36472527
1291 575.45250000 569.11115385 581.79384615
1292 575.88000000 569.53703297 582.22296703
1293 576.30750000 569.96291209 582.65208791
1294 576.73500000 570.38879121 583.08120879
1295 577.16250000 570.81467033 583.51032967
1296 577.59000000 571.24054945 583.93945055
1297 578.01750000 571.66642857 584.36857143
1298 578.44500000 572.09230769 584.79769231
1299 578.87250000 572.51818681 585.22681319
1300 579.30000000 572.94406593 585.65593407
1301 579.72750000 573.36994505 586.08505495
1302 580.15500000 573.79582418 586.51417582
1303 580.58250000 574.22170330 586.94329670
1304 581.01000000 574.64758242 587.37241758
1305 581.43750000 575.07346154 587.80153846
1306 581.86500000 575.49934066 588.23065934
1307 582.29250000 575.92521978 588.65978022
1308 582.72000000 576.35109890 589.08890110
1309 583.14750000 576.77697802 589.51802198
1310 583.57500000 577.20285714 589.94714286
1311 584.00250000 577.62873626 590.37626374
1312 584.43000000 578.05461538 590.80538462
1313 584.85750000 578.48049451 591.23450549
1314 585.28500000 578.90637363 591.66362637
1315 585.71250000 579.33225275 592.09274725
1316 586.14000000 579.75813187 592.52186813
1317 586.56750000 580.18401099 592.95098901
1318 586.99500000 580.60989011 593.38010989
1319 587.42250000 581.03576923 593.80923077
1320 587.85000000 581.46164835 594.23835165
1321 588.27750000 581.88752747 594.66747253
1322 588.70500000 582.31340659 595.09659341
1323 589.13250000 582.73928571 595.52571429
1324 589.56000000 583.16516484 595.95483516
1325 589.98750000 583.59104396 596.38395604
1326 590.41500000 584.01692308 596.81307692
1327 590.84250000 584.44280220 597.24219780
1328 591.27000000 584.86868132 597.67131868
1329 591.69750000 585.29456044 598.10043956
1330 592.12500000 585.72043956 598.52956044
1331 592.55250000 586.14631868 598.95868132
1332 592.98000000 586.57219780 599.38780220
1333 593.40750000 586.99807692 599.81692308
1334 593.83500000 587.42395604 600.24604396
1335 594.26250000 587.84983516 600.67516484
1336 594.69000000 588.27571429 601.10428571
1337 595.11750000 588.70159341 601.53340659
1338 595.54500000 589.12747253 601.96252747
1339 595.97250000 589.55335165 602.39164835
1340 596.40000000 589.97923077 602.82076923
1341 596.82750000 590.40510989 603.24989011
1342 597.25500000 590.83098901 603.67901099
1343 597.68250000 591.25686813 604.10813187
1344 598.11000000 591.68274725 604.53725275
1345 598.53750000 592.10862637 604.96637363
1346 598.96500000 592.53450549 605.39549451
1347 599.39250000 592.96038462 605.82461538
1348 599.82000000 593.38626374 606.25373626
1349 600.24750000 593.81214286 606.68285714
1350 600.67500000 594.23802198 607.11197802
1351 601.10250000 594.66390110 607.54109890
1352 601.53000000 595.08978022 607.97021978
1353 601.95750000 595.51565934 608.39934066
1354 602.38500000 595.94153846 608.82846154
1355 602.81250000 596.36741758 609.25758242
1356 603.24000000 596.79329670 609.68670330
1357 603.66750000 597.21917582 610.11582418
1358 604.09500000 597.64505495 610.54494505
1359 604.52250000 598.07093407 610.97406593
1360 604.95000000 598.49681319 611.40318681
1361 605.37750000 598.92269231 611.83230769
1362 605.80500000 599.34857143 612.26142857
1363 606.23250000 599.77445055 612.69054945
1364 606.66000000 600.20032967 613.11967033
1365 607.08750000 600.62620879 613.54879121
1366 607.51500000 601.05208791 613.97791209
1367 607.94250000 601.47796703 614.40703297
1368 608.37000000 601.90384615 614.83615385
1369 608.79750000 602.32972527 615.26527473
1370 609.22500000 602.75560440 615.69439560
1371 609.65250000 603.18148352 616.12351648
1372 610.08000000 603.60736264 616.55263736
1373 610.50750000 604.03324176 616.98175824
1374 610.93500000 604.45912088 617.41087912
1375 611.36250000 604.88500000 617.84000000
1376 611.79000000 605.31087912 618.26912088
1377 612.21750000 605.73675824 618.69824176
1378 612.64500000 606.16263736 619.12736264
1379 613.07250000 606.58851648 619.55648352
1380 613.50000000 607.01439560 619.98560440
1381 613.92750000 607.44027473 620.41472527
1382 614.35500000 607.86615385 620.84384615
1383 614.78250000 608.29203297 621.27296703
1384 615.21000000 608.71791209 621.70208791
1385 615.63750000 609.14379121 622.13120879
1386 616.06500000 609.56967033 622.56032967
1387 616.49250000 609.99554945 622.98945055
1388 616.92000000 610.42142857 623.41857143
1389 617.34750000 610.84730769 623.84769231
1390 617.77500000 611.27318681 624.27681319
1391 618.20250000 611.69906593 624.70593407
1392 618.63000000 612.12494505 625.13505495
1393 619.05750000 612.55082418 625.56417582
1394 619.48500000 612.97670330 625.99329670
1395 619.91250000 613.40258242 626.42241758
1396 620.34000000 613.82846154 626.85153846
1397 620.76750000 614.25434066 627.28065934
1398 621.19500000 614.68021978 627.70978022
1399 621.62250000 615.10609890 628.13890110
1400 622.05000000 615.53197802 628.56802198
1401 622.47750000 615.95785714 628.99714286
1402 622.90500000 616.38373626 629.42626374
1403 623.33250000 616.80961538 629.85538462
1404 623.76000000 617.23549451 630.28450549
1405 624.18750000 617.66137363 630.71362637
1406 624.61500000 618.08725275 631.14274725
1407 625.04250000 618.51313187 631.57186813
1408 625.47000000 618.93901099 632.00098901
1409 625.89750000 619.36489011 632.43010989
1410 626.32500000 619.79076923 632.85923077
1411 626.75250000 620.21664835 633.28835165
1412 627.18000000 620.64252747 633.71747253
1413 627.60750000 621.06840659 634.14659341
1414 628.03500000 621.49428571 634.57571429
1415 628.46250000 621.92016484 635.00483516
1416 628.89000000 622.34604396 635.43395604
1417 629.31750000 622.77192308 635.86307692
1418 629.74500000 623.19780220 636.29219780
1419 630.17250000 623.62368132 636.72131868
1420 630.60000000 624.04956044 637.15043956
1421 631.02750000 624.47543956 637.57956044
1422 631.45500000 624.90131868 638.00868132
1423 631.88250000 625.32719780 638.43780220
1424 632.31000000 625.75307692 638.86692308
1425 632.73750000 626.17895604 639.29604396
1426 633.16500000 626.60483516 639.72516484
1427 633.59250000 627.03071429 640.15428571
1428 634.02000000 627.45659341 640.58340659
1429 634.44750000 627.88247253 641.01252747
1430 634.87500000 628.30835165 641.44164835
1431 635.30250000 628.73423077 641.87076923
1432 635.73000000 629.16010989 642.29989011
1433 636.15750000 629.58598901 642.72901099
1434 636.58500000 630.01186813 643.15813187
1435 637.01250000 630.43774725 643.58725275
1436 637.44000000 630.86362637 644.01637363
1437 637.86750000 631.28950549 644.44549451
1438 638.29500000 631.71538462 644.87461538
1439 638.72250000 632.14126374 645.30373626
1440 639.15000000 632.56714286 645.73285714
1441 639.57750000 632.99302198 646.16197802
1442 640.00500000 633.41890110 646.59109890
1443 640.43250000 633.84478022 647.02021978
1444 640.86000000 634.27065934 647.44934066
1445 641.28750000 634.69653846 647.87846154
1446 641.71500000 635.12241758 648.30758242
1447 642.14250000 635.54829670 648.73670330
1448 642.57000000 635.97417582 649.16582418
1449 642.99750000 636.40005495 649.59494505
1450 643.42500000 636.82593407 650.02406593
1451 643.85250000 637.25181319 650.45318681
1452 644.28000000 637.67769231 650.88230769
1453 644.70750000 638.10357143 651.31142857
1454 645.13500000 638.52945055 651.74054945
1455 645.56250000 638.95532967 652.16967033
1456 645.99000000 639.38120879 652.59879121
1457 646.41750000 639.80708791 653.02791209
1458 646.84500000 640.23296703 653.45703297
1459 647.27250000 640.65884615 653.88615385
1460 647.70000000 641.08472527 654.31527473
1461 648.12750000 641.51060440 654.74439560
1462 648.55500000 641.93648352 655.17351648
1463 648.98250000 642.36236264 655.60263736
1464 649.41000000 642.78824176 656.03175824
1465 649.83750000 643.21412088 656.46087912
1466 650.26500000 643.64000000 656.89000000
1467 650.68976648 644.06076923 657.31876374
1468 651.11453297 644.48153846 657.74752747
1469 651.53929945 644.90230769 658.17629121
1470 651.96406593 645.32307692 658.60505495
1471 652.38883242 645.74384615 659.03381868
1472 652.81359890 646.16461538 659.46258242
1473 653.23836538 646.58538462 659.89134615
1474 653.66313187 647.00615385 660.32010989
1475 654.08789835 647.42692308 660.74887363
1476 654.51266484 647.84769231 661.17763736
1477 654.93743132 648.26846154 661.60640110
1478 655.36219780 648.68923077 662.03516484
1479 655.78696429 649.11000000 662.46392857
1480 656.21173077 649.53076923 662.89269231
1481 656.63649725 649.95153846 663.32145604
1482 657.06126374 650.37230769 663.75021978
1483 657.48603022 650.79307692 664.17898352
1484 657.91079670 651.21384615 664.60774725
1485 658.33556319 651.63461538 665.03651099
1486 658.76032967 652.05538462 665.46527473
1487 659.18509615 652.47615385 665.89403846
1488 659.60986264 652.89692308 666.32280220
1489 660.03462912 653.31769231 666.75156593
1490 660.45939560 653.73846154 667.18032967
1491 660.88416209 654.15923077 667.60909341
1492 661.30892857 654.58000000 668.03785714
1493 661.73369505 655.00076923 668.46662088
1494 662.15846154 655.42153846 668.89538462
1495 662.58322802 655.84230769 669.32414835
1496 663.00799451 656.26307692 669.75291209
1497 663.43276099 656.68384615 670.18167582
1498 663.85752747 657.10461538 670.61043956
1499 664.28229396 657.52538462 671.03920330
1500 664.70706044 657.94615385 671.46796703
1501 665.13182692 658.36692308 671.89673077
1502 665.55659341 658.78769231 672.32549451
1503 665.98135989 659.20846154 672.75425824
1504 666.40612637 659.62923077 673.18302198
1505 666.83089286 660.05000000 673.61178571
1506 667.25565934 660.47076923 674.04054945
1507 667.68042582 660.89153846 674.46931319
1508 668.10519231 661.31230769 674.89807692
1509 668.52995879 661.73307692 675.32684066
1510 668.95472527 662.15384615 675.75560440
1511 669.37949176 662.57461538 676.18436813
1512 669.80425824 662.99538462 676.61313187
1513 670.22902473 663.41615385 677.04189560
1514 670.65379121 663.83692308 677.47065934
1515 671.07855769 664.25769231 677.89942308
1516 671.50332418 664.67846154 678.32818681
1517 671.92809066 665.09923077 678.75695055
1518 672.35285714 665.52000000 679.18571429
1519 672.77762363 665.94076923 679.61447802
1520 673.20239011 666.36153846 680.04324176
1521 673.62715659 666.78230769 680.47200549
1522 674.05192308 667.20307692 680.90076923
1523 674.47668956 667.62384615 681.32953297
1524 674.90145604 668.04461538 681.75829670
1525 675.32622253 668.46538462 682.18706044
1526 675.75098901 668.88615385 682.61582418
1527 676.17575549 669.30692308 683.04458791
1528 676.60052198 669.72769231 683.47335165
1529 677.02528846 670.14846154 683.90211538
1530 677.45005495 670.56923077 684.33087912
1531 677.87482143 670.99000000 684.75964286
1532 678.29958791 671.41076923 685.18840659
1533 678.72435440 671.83153846 685.61717033
1534 679.14912088 672.25230769 686.04593407
1535 679.57388736 672.67307692 686.47469780
1536 679.99865385 673.09384615 686.90346154
1537 680.42342033 673.51461538 687.33222527
1538 680.84818681 673.93538462 687.76098901
1539 681.27295330 674.35615385 688.18975275
1540 681.69771978 674.77692308 688.61851648
1541 682.12248626 675.19769231 689.04728022
1542 682.54725275 675.61846154 689.47604396
1543 682.97201923 676.03923077 689.90480769
1544 683.39678571 676.46000000 690.33357143
1545 683.82155220 676.88076923 690.76233516
1546 684.24631868 677.30153846 691.19109890
1547 684.67108516 677.72230769 691.61986264
1548 685.09585165 678.14307692 692.04862637
1549 685.52061813 678.56384615 692.47739011
1550 685.94538462 678.98461538 692.90615385
1551 686.37015110 679.40538462 693.33491758
1552 686.79491758 679.82615385 693.76368132
1553 687.21968407 680.24692308 694.19244505
1554 687.64445055 680.66769231 694.62120879
1555 688.06921703 681.08846154 695.04997253
1556 688.49398352 681.50923077 695.47873626
1557 688.91875000 681.93000000 695.90750000
1558 689.34351648 682.35076923 696.33626374
1559 689.76828297 682.77153846 696.76502747
1560 690.19304945 683.19230769 697.19379121
1561 690.61781593 683.61307692 697.62255495
1562 691.04258242 684.03384615 698.05131868
1563 691.46734890 684.45461538 698.48008242
1564 691.89211538 684.87538462 698.90884615
1565 692.31688187 685.29615385 699.33760989
1566 692.74164835 685.71692308 699.76637363
1567 693.16641484 686.13769231 700.19513736
1568 693.59118132 686.55846154 700.62390110
1569 694.01594780 686.97923077 701.05266484
1570 694.44071429 687.40000000 701.48142857
1571 694.86548077 687.82076923 701.91019231
1572 695.29024725 688.24153846 702.33895604
1573 695.71501374 688.66230769 702.76771978
1574 696.13978022 689.08307692 703.19648352
1575 696.56454670 689.50384615 703.62524725
1576 696.98931319 689.92461538 704.05401099
1577 697.41407967 690.34538462 704.48277473
1578 697.83884615 690.76615385 704.91153846
1579 698.26361264 691.18692308 705.34030220
1580 698.68837912 691.60769231 705.76906593
1581 699.11314560 692.02846154 706.19782967
1582 699.53791209 692.44923077 706.62659341
1583 699.96267857 692.87000000 707.05535714
1584 700.38744505 693.29076923 707.48412088
1585 700.81221154 693.71153846 707.91288462
1586 701.23697802 694.13230769 708.34164835
1587 701.66174451 694.55307692 708.77041209
1588 702.08651099 694.97384615 709.19917582
1589 702.51127747 695.39461538 709.62793956
1590 702.93604396 695.81538462 710.05670330
1591 703.36081044 696.23615385 710.48546703
1592 703.78557692 696.65692308 710.91423077
1593 704.21034341 697.07769231 711.34299451
1594 704.63510989 697.49846154 711.77175824
1595 705.05987637 697.91923077 712.20052198
1596 705.48464286 698.34000000 712.62928571
1597 705.90940934 698.76076923 713.05804945
1598 706.33417582 699.18153846 713.48681319
1599 706.75894231 699.60230769 713.91557692
1600 707.18370879 700.02307692 714.34434066
1601 707.60847527 700.44384615 714.77310440
1602 708.03324176 700.86461538 715.20186813
1603 708.45800824 701.28538462 715.63063187
1604 708.88277473 701.70615385 716.05939560
1605 709.30754121 702.12692308 716.48815934
1606 709.73230769 702.54769231 716.91692308
1607 710.15707418 702.96846154 717.34568681
1608 710.58184066 703.38923077 717.77445055
1609 711.00660714 703.81000000 718.20321429
1610 711.43137363 704.23076923 718.63197802
1611 711.85614011 704.65153846 719.06074176
1612 712.28090659 705.07230769 719.48950549
1613 712.70567308 705.49307692 719.91826923
1614 713.13043956 705.91384615 720.34703297
1615 713.55520604 706.33461538 720.77579670
1616 713.97997253 706.75538462 721.20456044
1617 714.40473901 707.17615385 721.63332418
1618 714.82950549 707.59692308 722.06208791
1619 715.25427198 708.01769231 722.49085165
1620 715.67903846 708.43846154 722.91961538
1621 716.10380495 708.85923077 723.34837912
1622 716.52857143 709.28000000 723.77714286
1623 716.95333791 709.70076923 724.20590659
1624 717.37810440 710.12153846 724.63467033
1625 717.80287088 710.54230769 725.06343407
1626 718.22763736 710.96307692 725.49219780
1627 718.65240385 711.38384615 725.92096154
1628 719.07717033 711.80461538 726.34972527
1629 719.50193681 712.22538462 726.77848901
1630 719.92670330 712.64615385 727.20725275
1631 720.35146978 713.06692308 727.63601648
1632 720.77623626 713.48769231 728.06478022
1633 721.20100275 713.90846154 728.49354396
1634 721.62576923 714.32923077 728.92230769
1635 722.05053571 714.75000000 729.35107143
1636 722.47530220 715.17076923 729.77983516
1637 722.90006868 715.59153846 730.20859890
1638 723.32483516 716.01230769 730.63736264
1639 723.74960165 716.43307692 731.06612637
1640 724.17436813 716.85384615 731.49489011
1641 724.59913462 717.27461538 731.92365385
1642 725.02390110 717.69538462 732.35241758
1643 725.44866758 718.11615385 732.78118132
1644 725.87343407 718.53692308 733.20994505
1645 726.29820055 718.95769231 733.63870879
1646 726.72296703 719.37846154 734.06747253
1647 727.14773352 719.79923077 734.49623626
1648 727.57250000 720.22000000 734.92500000
1649 727.99726648 720.64076923 735.35376374
1650 728.42203297 721.06153846 735.78252747
1651 728.84679945 721.48230769 736.21129121
1652 729.27156593 721.90307692 736.64005495
1653 729.69633242 722.32384615 737.06881868
1654 730.12109890 722.74461538 737.49758242
1655 730.54586538 723.16538462 737.92634615
1656 730.97063187 723.58615385 738.35510989
1657 731.39539835 724.00692308 738.78387363
1658 731.82016484 724.42769231 739.21263736
1659 732.24493132 724.84846154 739.64140110
1660 732.66969780 725.26923077 740.07016484
1661 733.09446429 725.69000000 740.49892857
1662 733.51923077 726.11076923 740.92769231
1663 733.94399725 726.53153846 741.35645604
1664 734.36876374 726.95230769 741.78521978
1665 734.79353022 727.37307692 742.21398352
1666 735.21829670 727.79384615 742.64274725
1667 735.64306319 728.21461538 743.07151099
1668 736.06782967 728.63538462 743.50027473
1669 736.49259615 729.05615385 743.92903846
1670 736.91736264 729.47692308 744.35780220
1671 737.34212912 729.89769231 744.78656593
1672 737.76689560 730.31846154 745.21532967
1673 738.19166209 730.73923077 745.64409341
1674 738.61642857 731.16000000 746.07285714
1675 739.04119505 731.58076923 746.50162088
1676 739.46596154 732.00153846 746.93038462
1677 739.89072802 732.42230769 747.35914835
1678 740.31549451 732.84307692 747.78791209
1679 740.74026099 733.26384615 748.21667582
1680 741.16502747 733.68461538 748.64543956
1681 741.58979396 734.10538462 749.07420330
1682 742.01456044 734.52615385 749.50296703
1683 742.43932692 734.94692308 749.93173077
1684 742.86409341 735.36769231 750.36049451
1685 743.28885989 735.78846154 750.78925824
1686 743.71362637 736.20923077 751.21802198
1687 744.13839286 736.63000000 751.64678571
1688 744.56315934 737.05076923 752.07554945
1689 744.98792582 737.47153846 752.50431319
1690 745.41269231 737.89230769 752.93307692
1691 745.83745879 738.31307692 753.36184066
1692 746.26222527 738.73384615 753.79060440
1693 746.68699176 739.15461538 754.21936813
1694 747.11175824 739.57538462 754.64813187
1695 747.53652473 739.99615385 755.07689560
1696 747.96129121 740.41692308 755.50565934
1697 748.38605769 740.83769231 755.93442308
1698 748.81082418 741.25846154 756.36318681
1699 749.23559066 741.67923077 756.79195055
1700 749.66035714 742.10000000 757.22071429
1701 750.08512363 742.52076923 757.64947802
1702 750.50989011 742.94153846 758.07824176
1703 750.93465659 743.36230769 758.50700549
1704 751.35942308 743.78307692 758.93576923
1705 751.78418956 744.20384615 759.36453297
1706 752.20895604 744.62461538 759.79329670
1707 752.63372253 745.04538462 760.22206044
1708 753.05848901 745.46615385 760.65082418
1709 753.48325549 745.88692308 761.07958791
1710 753.90802198 746.30769231 761.50835165
1711 754.33278846 746.72846154 761.93711538
1712 754.75755495 747.14923077 762.36587912
1713 755.18232143 747.57000000 762.79464286
1714 755.60708791 747.99076923 763.22340659
1715 756.03185440 748.41153846 763.65217033
1716 756.45662088 748.83230769 764.08093407
1717 756.88138736 749.25307692 764.50969780
1718 757.30615385 749.67384615 764.93846154
1719 757.73092033 750.09461538 765.36722527
1720 758.15568681 750.51538462 765.79598901
1721 758.58045330 750.93615385 766.22475275
1722 759.00521978 751.35692308 766.65351648
1723 759.42998626 751.77769231 767.08228022
1724 759.85475275 752.19846154 767.51104396
1725 760.27951923 752.61923077 767.93980769
1726 760.70428571 753.04000000 768.36857143
1727 761.12905220 753.46076923 768.79733516
1728 761.55381868 753.88153846 769.22609890
1729 761.97858516 754.30230769 769.65486264
1730 762.40335165 754.72307692 770.08362637
1731 762.82811813 755.14384615 770.51239011
1732 763.25288462 755.56461538 770.94115385
1733 763.67765110 755.98538462 771.36991758
1734 764.10241758 756.40615385 771.79868132
1735 764.52718407 756.82692308 772.22744505
1736 764.95195055 757.24769231 772.65620879
1737 765.37671703 757.66846154 773.08497253
1738 765.80148352 758.08923077 773.51373626
1739 766.22625000 758.51000000 773.94250000
1740 766.65101648 758.93076923 774.37126374
1741 767.07578297 759.35153846 774.80002747
1742 767.50054945 759.77230769 775.22879121
1743 767.92531593 760.19307692 775.65755495
1744 768.35008242 760.61384615 776.08631868
1745 768.77484890 761.03461538 776.51508242
1746 769.19961538 761.45538462 776.94384615
1747 769.62438187 761.87615385 777.37260989
1748 770.04914835 762.29692308 777.80137363
1749 770.47391484 762.71769231 778.23013736
1750 770.89868132 763.13846154 778.65890110
1751 771.32344780 763.55923077 779.08766484
1752 771.74821429 763.98000000 779.51642857
1753 772.17298077 764.40076923 779.94519231
1754 772.59774725 764.82153846 780.37395604
1755 773.02251374 765.24230769 780.80271978
1756 773.44728022 765.66307692 781.23148352
1757 773.87204670 766.08384615 781.66024725
1758 774.29681319 766.50461538 782.08901099
1759 774.72157967 766.92538462 782.51777473
1760 775.14634615 767.34615385 782.94653846
1761 775.57111264 767.76692308 783.37530220
1762 775.99587912 768.18769231 783.80406593
1763 776.42064560 768.60846154 784.23282967
1764 776.84541209 769.02923077 784.66159341
1765 777.27017857 769.45000000 785.09035714
1766 777.69494505 769.87076923 785.51912088
1767 778.11971154 770.29153846 785.94788462
1768 778.54447802 770.71230769 786.37664835
1769 778.96924451 771.13307692 786.80541209
1770 779.39401099 771.55384615 787.23417582
1771 779.81877747 771.97461538 787.66293956
1772 780.24354396 772.39538462 788.09170330
1773 780.66831044 772.81615385 788.52046703
1774 781.09307692 773.23692308 788.94923077
1775 781.51784341 773.65769231 789.37799451
1776 781.94260989 774.07846154 789.80675824
1777 782.36737637 774.49923077 790.23552198
1778 782.79214286 774.92000000 790.66428571
1779 783.21690934 775.34076923 791.09304945
1780 783.64167582 775.76153846 791.52181319
1781 784.06644231 776.18230769 791.95057692
1782 784.49120879 776.60307692 792.37934066
1783 784.91597527 777.02384615 792.80810440
1784 785.34074176 777.44461538 793.23686813
1785 785.76550824 777.86538462 793.66563187
1786 786.19027473 778.28615385 794.09439560
1787 786.61504121 778.70692308 794.52315934
1788 787.03980769 779.12769231 794.95192308
1789 787.46457418 779.54846154 795.38068681
1790 787.88934066 779.96923077 795.80945055
1791 788.31410714 780.39000000 796.23821429
1792 788.73887363 780.81076923 796.66697802
1793 789.16364011 781.23153846 797.09574176
1794 789.58840659 781.65230769 797.52450549
1795 790.01317308 782.07307692 797.95326923
1796 790.43793956 782.49384615 798.38203297
1797 790.86270604 782.91461538 798.81079670
1798 791.28747253 783.33538462 799.23956044
1799 791.71223901 783.75615385 799.66832418
1800 792.13700549 784.17692308 800.09708791
1801 792.56177198 784.59769231 800.52585165
1802 792.98653846 785.01846154 800.95461538
1803 793.41130495 785.43923077 801.38337912
1804 793.83607143 785.86000000 801.81214286
1805 794.26083791 786.28076923 802.24090659
1806 794.68560440 786.70153846 802.66967033
1807 795.11037088 787.12230769 803.09843407
1808 795.53513736 787.54307692 803.52719780
1809 795.95990385 787.96384615 803.95596154
1810 796.38467033 788.38461538 804.38472527
1811 796.80943681 788.80538462 804.81348901
1812 797.23420330 789.22615385 805.24225275
1813 797.65896978 789.64692308 805.67101648
1814 798.08373626 790.06769231 806.09978022
1815 798.50850275 790.48846154 806.52854396
1816 798.93326923 790.90923077 806.95730769
1817 799.35803571 791.33000000 807.38607143
1818 799.78280220 791.75076923 807.81483516
1819 800.20756868 792.17153846 808.24359890
1820 800.63233516 792.59230769 808.67236264
1821 801.05710165 793.01307692 809.10112637
1822 801.48186813 793.43384615 809.52989011
1823 801.90663462 793.85461538 809.95865385
1824 802.33140110 794.27538462 810.38741758
1825 802.75616758 794.69615385 810.81618132
1826 803.18093407 795.11692308 811.24494505
1827 803.60570055 795.53769231 811.67370879
1828 804.03046703 795.95846154 812.10247253
1829 804.45523352 796.37923077 812.53123626
1830 804.88000000 796.80000000 812.96000000
