1 -0.15400000 -0.21450000 -0.09350000
2 -0.15400000 -0.21450000 -0.09350000
3 -0.15400000 -0.21450000 -0.09350000
4 -0.15400000 -0.21450000 -0.09350000
5 0.00000000 0.00000000 0.00000000
6 -0.14100000 -0.16300000 -0.11900000
7 -0.28250000 -0.30916666 -0.25583333
8 -0.42400000 -0.45533333 -0.39266666
9 -0.56550000 -0.60150000 -0.52950000
10 -0.70700000 -0.74766666 -0.66633333
11 -0.84850000 -0.89383333 -0.80316666
12 -0.99000000 -1.04000000 -0.94000000
13 -1.13357142 -1.18571428 -1.08142857
14 -1.27714285 -1.33142857 -1.22285714
15 -1.42071428 -1.47714285 -1.36428571
16 -1.56428571 -1.62285714 -1.50571428
17 -1.70785714 -1.76857142 -1.64714285
18 -1.85142857 -1.91428571 -1.78857142
19 -1.99500000 -2.06000000 -1.93000000
20 -2.13857142 -2.20714285 -2.07000000
21 -2.28214285 -2.35428571 -2.21000000
22 -2.42571428 -2.50142857 -2.35000000
23 -2.56928571 -2.64857142 -2.49000000
24 -2.71285714 -2.79571428 -2.63000000
25 -2.85642857 -2.94285714 -2.77000000
26 -3.00000000 -3.09000000 -2.91000000
27 -3.14500000 -3.23444444 -3.05555555
28 -3.29000000 -3.37888888 -3.20111111
29 -3.43500000 -3.52333333 -3.34666666
30 -3.58000000 -3.66777777 -3.49222222
31 -3.72500000 -3.81222222 -3.63777777
32 -3.87000000 -3.95666666 -3.78333333
33 -4.01500000 -4.10111111 -3.92888888
34 -4.16000000 -4.24555555 -4.07444444
35 -4.30500000 -4.39000000 -4.22000000
36 -4.44887096 -4.53580645 -4.36193548
37 -4.59274193 -4.68161290 -4.50387096
38 -4.73661290 -4.82741935 -4.64580645
39 -4.88048387 -4.97322580 -4.78774193
40 -5.02435483 -5.11903225 -4.92967741
41 -5.16822580 -5.26483870 -5.07161290
42 -5.31209677 -5.41064516 -5.21354838
43 -5.45596774 -5.55645161 -5.35548387
44 -5.59983870 -5.70225806 -5.49741935
45 -5.74370967 -5.84806451 -5.63935483
46 -5.88758064 -5.99387096 -5.78129032
47 -6.03145161 -6.13967741 -5.92322580
48 -6.17532258 -6.28548387 -6.06516129
49 -6.31919354 -6.43129032 -6.20709677
50 -6.46306451 -6.57709677 -6.34903225
51 -6.60693548 -6.72290322 -6.49096774
52 -6.75080645 -6.86870967 -6.63290322
53 -6.89467741 -7.01451612 -6.77483870
54 -7.03854838 -7.16032258 -6.91677419
55 -7.18241935 -7.30612903 -7.05870967
56 -7.32629032 -7.45193548 -7.20064516
57 -7.47016129 -7.59774193 -7.34258064
58 -7.61403225 -7.74354838 -7.48451612
59 -7.75790322 -7.88935483 -7.62645161
60 -7.90177419 -8.03516129 -7.76838709
61 -8.04564516 -8.18096774 -7.91032258
62 -8.18951612 -8.32677419 -8.05225806
63 -8.33338709 -8.47258064 -8.19419354
64 -8.47725806 -8.61838709 -8.33612903
65 -8.62112903 -8.76419354 -8.47806451
66 -8.76500000 -8.91000000 -8.62000000
67 -8.92709677 -9.07387096 -8.78032258
68 -9.08919354 -9.23774193 -8.94064516
69 -9.25129032 -9.40161290 -9.10096774
70 -9.41338709 -9.56548387 -9.26129032
71 -9.57548387 -9.72935483 -9.42161290
72 -9.73758064 -9.89322580 -9.58193548
73 -9.89967741 -10.05709677 -9.74225806
74 -10.06177419 -10.22096774 -9.90258064
75 -10.22387096 -10.38483870 -10.06290322
76 -10.38596774 -10.54870967 -10.22322580
77 -10.54806451 -10.71258064 -10.38354838
78 -10.71016129 -10.87645161 -10.54387096
79 -10.87225806 -11.04032258 -10.70419354
80 -11.03435483 -11.20419354 -10.86451612
81 -11.19645161 -11.36806451 -11.02483870
82 -11.35854838 -11.53193548 -11.18516129
83 -11.52064516 -11.69580645 -11.34548387
84 -11.68274193 -11.85967741 -11.50580645
85 -11.84483870 -12.02354838 -11.66612903
86 -12.00693548 -12.18741935 -11.82645161
87 -12.16903225 -12.35129032 -11.98677419
88 -12.33112903 -12.51516129 -12.14709677
89 -12.49322580 -12.67903225 -12.30741935
90 -12.65532258 -12.84290322 -12.46774193
91 -12.81741935 -13.00677419 -12.62806451
92 -12.97951612 -13.17064516 -12.78838709
93 -13.14161290 -13.33451612 -12.94870967
94 -13.30370967 -13.49838709 -13.10903225
95 -13.46580645 -13.66225806 -13.26935483
96 -13.62790322 -13.82612903 -13.42967741
97 -13.79000000 -13.99000000 -13.59000000
98 -13.94424242 -14.14727272 -13.74121212
99 -14.09848484 -14.30454545 -13.89242424
100 -14.25272727 -14.46181818 -14.04363636
101 -14.40696969 -14.61909090 -14.19484848
102 -14.56121212 -14.77636363 -14.34606060
103 -14.71545454 -14.93363636 -14.49727272
104 -14.86969696 -15.09090909 -14.64848484
105 -15.02393939 -15.24818181 -14.79969696
106 -15.17818181 -15.40545454 -14.95090909
107 -15.33242424 -15.56272727 -15.10212121
108 -15.48666666 -15.72000000 -15.25333333
109 -15.64090909 -15.87727272 -15.40454545
110 -15.79515151 -16.03454545 -15.55575757
111 -15.94939393 -16.19181818 -15.70696969
112 -16.10363636 -16.34909090 -15.85818181
113 -16.25787878 -16.50636363 -16.00939393
114 -16.41212121 -16.66363636 -16.16060606
115 -16.56636363 -16.82090909 -16.31181818
116 -16.72060606 -16.97818181 -16.46303030
117 -16.87484848 -17.13545454 -16.61424242
118 -17.02909090 -17.29272727 -16.76545454
119 -17.18333333 -17.45000000 -16.91666666
120 -17.33757575 -17.60727272 -17.06787878
121 -17.49181818 -17.76454545 -17.21909090
122 -17.64606060 -17.92181818 -17.37030303
123 -17.80030303 -18.07909090 -17.52151515
124 -17.95454545 -18.23636363 -17.67272727
125 -18.10878787 -18.39363636 -17.82393939
126 -18.26303030 -18.55090909 -17.97515151
127 -18.41727272 -18.70818181 -18.12636363
128 -18.57151515 -18.86545454 -18.27757575
129 -18.72575757 -19.02272727 -18.42878787
130 -18.88000000 -19.18000000 -18.58000000
131 -19.04232142 -19.34642857 -18.73821428
132 -19.20464285 -19.51285714 -18.89642857
133 -19.36696428 -19.67928571 -19.05464285
134 -19.52928571 -19.84571428 -19.21285714
135 -19.69160714 -20.01214285 -19.37107142
136 -19.85392857 -20.17857142 -19.52928571
137 -20.01625000 -20.34500000 -19.68750000
138 -20.17857142 -20.51142857 -19.84571428
139 -20.34089285 -20.67785714 -20.00392857
140 -20.50321428 -20.84428571 -20.16214285
141 -20.66553571 -21.01071428 -20.32035714
142 -20.82785714 -21.17714285 -20.47857142
143 -20.99017857 -21.34357142 -20.63678571
144 -21.15250000 -21.51000000 -20.79500000
145 -21.31482142 -21.67642857 -20.95321428
146 -21.47714285 -21.84285714 -21.11142857
147 -21.63946428 -22.00928571 -21.26964285
148 -21.80178571 -22.17571428 -21.42785714
149 -21.96410714 -22.34214285 -21.58607142
150 -22.12642857 -22.50857142 -21.74428571
151 -22.28875000 -22.67500000 -21.90250000
152 -22.45107142 -22.84142857 -22.06071428
153 -22.61339285 -23.00785714 -22.21892857
154 -22.77571428 -23.17428571 -22.37714285
155 -22.93803571 -23.34071428 -22.53535714
156 -23.10035714 -23.50714285 -22.69357142
157 -23.26267857 -23.67357142 -22.85178571
158 -23.42500000 -23.84000000 -23.01000000
159 -23.58800000 -24.00766666 -23.16833333
160 -23.75100000 -24.17533333 -23.32666666
161 -23.91400000 -24.34300000 -23.48500000
162 -24.07700000 -24.51066666 -23.64333333
163 -24.24000000 -24.67833333 -23.80166666
164 -24.40300000 -24.84600000 -23.96000000
165 -24.56600000 -25.01366666 -24.11833333
166 -24.72900000 -25.18133333 -24.27666666
167 -24.89200000 -25.34900000 -24.43500000
168 -25.05500000 -25.51666666 -24.59333333
169 -25.21800000 -25.68433333 -24.75166666
170 -25.38100000 -25.85200000 -24.91000000
171 -25.54400000 -26.01966666 -25.06833333
172 -25.70700000 -26.18733333 -25.22666666
173 -25.87000000 -26.35500000 -25.38500000
174 -26.03300000 -26.52266666 -25.54333333
175 -26.19600000 -26.69033333 -25.70166666
176 -26.35900000 -26.85800000 -25.86000000
177 -26.52200000 -27.02566666 -26.01833333
178 -26.68500000 -27.19333333 -26.17666666
179 -26.84800000 -27.36100000 -26.33500000
180 -27.01100000 -27.52866666 -26.49333333
181 -27.17400000 -27.69633333 -26.65166666
182 -27.33700000 -27.86400000 -26.81000000
183 -27.50000000 -28.03166666 -26.96833333
184 -27.66300000 -28.19933333 -27.12666666
185 -27.82600000 -28.36700000 -27.28500000
186 -27.98900000 -28.53466666 -27.44333333
187 -28.15200000 -28.70233333 -27.60166666
188 -28.31500000 -28.87000000 -27.76000000
189 -28.45375000 -29.01437500 -27.89312500
190 -28.59250000 -29.15875000 -28.02625000
191 -28.73125000 -29.30312500 -28.15937500
192 -28.87000000 -29.44750000 -28.29250000
193 -29.00875000 -29.59187500 -28.42562500
194 -29.14750000 -29.73625000 -28.55875000
195 -29.28625000 -29.88062500 -28.69187500
196 -29.42500000 -30.02500000 -28.82500000
197 -29.56375000 -30.16937500 -28.95812500
198 -29.70250000 -30.31375000 -29.09125000
199 -29.84125000 -30.45812500 -29.22437500
200 -29.98000000 -30.60250000 -29.35750000
201 -30.11875000 -30.74687500 -29.49062500
202 -30.25750000 -30.89125000 -29.62375000
203 -30.39625000 -31.03562500 -29.75687500
204 -30.53500000 -31.18000000 -29.89000000
205 -30.67375000 -31.32437500 -30.02312500
206 -30.81250000 -31.46875000 -30.15625000
207 -30.95125000 -31.61312500 -30.28937500
208 -31.09000000 -31.75750000 -30.42250000
209 -31.22875000 -31.90187500 -30.55562500
210 -31.36750000 -32.04625000 -30.68875000
211 -31.50625000 -32.19062500 -30.82187500
212 -31.64500000 -32.33500000 -30.95500000
213 -31.78375000 -32.47937500 -31.08812500
214 -31.92250000 -32.62375000 -31.22125000
215 -32.06125000 -32.76812500 -31.35437500
216 -32.20000000 -32.91250000 -31.48750000
217 -32.33875000 -33.05687500 -31.62062500
218 -32.47750000 -33.20125000 -31.75375000
219 -32.61625000 -33.34562500 -31.88687500
220 -32.75500000 -33.49000000 -32.02000000
221 -32.89583333 -33.63566666 -32.15600000
222 -33.03666666 -33.78133333 -32.29200000
223 -33.17750000 -33.92700000 -32.42800000
224 -33.31833333 -34.07266666 -32.56400000
225 -33.45916666 -34.21833333 -32.70000000
226 -33.60000000 -34.36400000 -32.83600000
227 -33.74083333 -34.50966666 -32.97200000
228 -33.88166666 -34.65533333 -33.10800000
229 -34.02250000 -34.80100000 -33.24400000
230 -34.16333333 -34.94666666 -33.38000000
231 -34.30416666 -35.09233333 -33.51600000
232 -34.44500000 -35.23800000 -33.65200000
233 -34.58583333 -35.38366666 -33.78800000
234 -34.72666666 -35.52933333 -33.92400000
235 -34.86750000 -35.67500000 -34.06000000
236 -35.00833333 -35.82066666 -34.19600000
237 -35.14916666 -35.96633333 -34.33200000
238 -35.29000000 -36.11200000 -34.46800000
239 -35.43083333 -36.25766666 -34.60400000
240 -35.57166666 -36.40333333 -34.74000000
241 -35.71250000 -36.54900000 -34.87600000
242 -35.85333333 -36.69466666 -35.01200000
243 -35.99416666 -36.84033333 -35.14800000
244 -36.13500000 -36.98600000 -35.28400000
245 -36.27583333 -37.13166666 -35.42000000
246 -36.41666666 -37.27733333 -35.55600000
247 -36.55750000 -37.42300000 -35.69200000
248 -36.69833333 -37.56866666 -35.82800000
249 -36.83916666 -37.71433333 -35.96400000
250 -36.98000000 -37.86000000 -36.10000000
251 -37.11910714 -38.00392857 -36.23428571
252 -37.25821428 -38.14785714 -36.36857142
253 -37.39732142 -38.29178571 -36.50285714
254 -37.53642857 -38.43571428 -36.63714285
255 -37.67553571 -38.57964285 -36.77142857
256 -37.81464285 -38.72357142 -36.90571428
257 -37.95375000 -38.86750000 -37.04000000
258 -38.09285714 -39.01142857 -37.17428571
259 -38.23196428 -39.15535714 -37.30857142
260 -38.37107142 -39.29928571 -37.44285714
261 -38.51017857 -39.44321428 -37.57714285
262 -38.64928571 -39.58714285 -37.71142857
263 -38.78839285 -39.73107142 -37.84571428
264 -38.92750000 -39.87500000 -37.98000000
265 -39.06660714 -40.01892857 -38.11428571
266 -39.20571428 -40.16285714 -38.24857142
267 -39.34482142 -40.30678571 -38.38285714
268 -39.48392857 -40.45071428 -38.51714285
269 -39.62303571 -40.59464285 -38.65142857
270 -39.76214285 -40.73857142 -38.78571428
271 -39.90125000 -40.88250000 -38.92000000
272 -40.04035714 -41.02642857 -39.05428571
273 -40.17946428 -41.17035714 -39.18857142
274 -40.31857142 -41.31428571 -39.32285714
275 -40.45767857 -41.45821428 -39.45714285
276 -40.59678571 -41.60214285 -39.59142857
277 -40.73589285 -41.74607142 -39.72571428
278 -40.87500000 -41.89000000 -39.86000000
279 -41.00287878 -42.01939393 -39.98636363
280 -41.13075757 -42.14878787 -40.11272727
281 -41.25863636 -42.27818181 -40.23909090
282 -41.38651515 -42.40757575 -40.36545454
283 -41.51439393 -42.53696969 -40.49181818
284 -41.64227272 -42.66636363 -40.61818181
285 -41.77015151 -42.79575757 -40.74454545
286 -41.89803030 -42.92515151 -40.87090909
287 -42.02590909 -43.05454545 -40.99727272
288 -42.15378787 -43.18393939 -41.12363636
289 -42.28166666 -43.31333333 -41.25000000
290 -42.40954545 -43.44272727 -41.37636363
291 -42.53742424 -43.57212121 -41.50272727
292 -42.66530303 -43.70151515 -41.62909090
293 -42.79318181 -43.83090909 -41.75545454
294 -42.92106060 -43.96030303 -41.88181818
295 -43.04893939 -44.08969696 -42.00818181
296 -43.17681818 -44.21909090 -42.13454545
297 -43.30469696 -44.34848484 -42.26090909
298 -43.43257575 -44.47787878 -42.38727272
299 -43.56045454 -44.60727272 -42.51363636
300 -43.68833333 -44.73666666 -42.64000000
301 -43.81621212 -44.86606060 -42.76636363
302 -43.94409090 -44.99545454 -42.89272727
303 -44.07196969 -45.12484848 -43.01909090
304 -44.19984848 -45.25424242 -43.14545454
305 -44.32772727 -45.38363636 -43.27181818
306 -44.45560606 -45.51303030 -43.39818181
307 -44.58348484 -45.64242424 -43.52454545
308 -44.71136363 -45.77181818 -43.65090909
309 -44.83924242 -45.90121212 -43.77727272
310 -44.96712121 -46.03060606 -43.90363636
311 -45.09500000 -46.16000000 -44.03000000
312 -45.21375000 -46.28071428 -44.14678571
313 -45.33250000 -46.40142857 -44.26357142
314 -45.45125000 -46.52214285 -44.38035714
315 -45.57000000 -46.64285714 -44.49714285
316 -45.68875000 -46.76357142 -44.61392857
317 -45.80750000 -46.88428571 -44.73071428
318 -45.92625000 -47.00500000 -44.84750000
319 -46.04500000 -47.12571428 -44.96428571
320 -46.16375000 -47.24642857 -45.08107142
321 -46.28250000 -47.36714285 -45.19785714
322 -46.40125000 -47.48785714 -45.31464285
323 -46.52000000 -47.60857142 -45.43142857
324 -46.63875000 -47.72928571 -45.54821428
325 -46.75750000 -47.85000000 -45.66500000
326 -46.87625000 -47.97071428 -45.78178571
327 -46.99500000 -48.09142857 -45.89857142
328 -47.11375000 -48.21214285 -46.01535714
329 -47.23250000 -48.33285714 -46.13214285
330 -47.35125000 -48.45357142 -46.24892857
331 -47.47000000 -48.57428571 -46.36571428
332 -47.58875000 -48.69500000 -46.48250000
333 -47.70750000 -48.81571428 -46.59928571
334 -47.82625000 -48.93642857 -46.71607142
335 -47.94500000 -49.05714285 -46.83285714
336 -48.06375000 -49.17785714 -46.94964285
337 -48.18250000 -49.29857142 -47.06642857
338 -48.30125000 -49.41928571 -47.18321428
339 -48.42000000 -49.54000000 -47.30000000
340 -48.54161290 -49.66677419 -47.41645161
341 -48.66322580 -49.79354838 -47.53290322
342 -48.78483870 -49.92032258 -47.64935483
343 -48.90645161 -50.04709677 -47.76580645
344 -49.02806451 -50.17387096 -47.88225806
345 -49.14967741 -50.30064516 -47.99870967
346 -49.27129032 -50.42741935 -48.11516129
347 -49.39290322 -50.55419354 -48.23161290
348 -49.51451612 -50.68096774 -48.34806451
349 -49.63612903 -50.80774193 -48.46451612
350 -49.75774193 -50.93451612 -48.58096774
351 -49.87935483 -51.06129032 -48.69741935
352 -50.00096774 -51.18806451 -48.81387096
353 -50.12258064 -51.31483870 -48.93032258
354 -50.24419354 -51.44161290 -49.04677419
355 -50.36580645 -51.56838709 -49.16322580
356 -50.48741935 -51.69516129 -49.27967741
357 -50.60903225 -51.82193548 -49.39612903
358 -50.73064516 -51.94870967 -49.51258064
359 -50.85225806 -52.07548387 -49.62903225
360 -50.97387096 -52.20225806 -49.74548387
361 -51.09548387 -52.32903225 -49.86193548
362 -51.21709677 -52.45580645 -49.97838709
363 -51.33870967 -52.58258064 -50.09483870
364 -51.46032258 -52.70935483 -50.21129032
365 -51.58193548 -52.83612903 -50.32774193
366 -51.70354838 -52.96290322 -50.44419354
367 -51.82516129 -53.08967741 -50.56064516
368 -51.94677419 -53.21645161 -50.67709677
369 -52.06838709 -53.34322580 -50.79354838
370 -52.19000000 -53.47000000 -50.91000000
371 -52.29461956 -53.58684782 -51.00239130
372 -52.39923913 -53.70369565 -51.09478260
373 -52.50385869 -53.82054347 -51.18717391
374 -52.60847826 -53.93739130 -51.27956521
375 -52.71309782 -54.05423913 -51.37195652
376 -52.81771739 -54.17108695 -51.46434782
377 -52.92233695 -54.28793478 -51.55673913
378 -53.02695652 -54.40478260 -51.64913043
379 -53.13157608 -54.52163043 -51.74152173
380 -53.23619565 -54.63847826 -51.83391304
381 -53.34081521 -54.75532608 -51.92630434
382 -53.44543478 -54.87217391 -52.01869565
383 -53.55005434 -54.98902173 -52.11108695
384 -53.65467391 -55.10586956 -52.20347826
385 -53.75929347 -55.22271739 -52.29586956
386 -53.86391304 -55.33956521 -52.38826086
387 -53.96853260 -55.45641304 -52.48065217
388 -54.07315217 -55.57326086 -52.57304347
389 -54.17777173 -55.69010869 -52.66543478
390 -54.28239130 -55.80695652 -52.75782608
391 -54.38701086 -55.92380434 -52.85021739
392 -54.49163043 -56.04065217 -52.94260869
393 -54.59625000 -56.15750000 -53.03500000
394 -54.70086956 -56.27434782 -53.12739130
395 -54.80548913 -56.39119565 -53.21978260
396 -54.91010869 -56.50804347 -53.31217391
397 -55.01472826 -56.62489130 -53.40456521
398 -55.11934782 -56.74173913 -53.49695652
399 -55.22396739 -56.85858695 -53.58934782
400 -55.32858695 -56.97543478 -53.68173913
401 -55.43320652 -57.09228260 -53.77413043
402 -55.53782608 -57.20913043 -53.86652173
403 -55.64244565 -57.32597826 -53.95891304
404 -55.74706521 -57.44282608 -54.05130434
405 -55.85168478 -57.55967391 -54.14369565
406 -55.95630434 -57.67652173 -54.23608695
407 -56.06092391 -57.79336956 -54.32847826
408 -56.16554347 -57.91021739 -54.42086956
409 -56.27016304 -58.02706521 -54.51326086
410 -56.37478260 -58.14391304 -54.60565217
411 -56.47940217 -58.26076086 -54.69804347
412 -56.58402173 -58.37760869 -54.79043478
413 -56.68864130 -58.49445652 -54.88282608
414 -56.79326086 -58.61130434 -54.97521739
415 -56.89788043 -58.72815217 -55.06760869
416 -57.00250000 -58.84500000 -55.16000000
417 -57.10711956 -58.96184782 -55.25239130
418 -57.21173913 -59.07869565 -55.34478260
419 -57.31635869 -59.19554347 -55.43717391
420 -57.42097826 -59.31239130 -55.52956521
421 -57.52559782 -59.42923913 -55.62195652
422 -57.63021739 -59.54608695 -55.71434782
423 -57.73483695 -59.66293478 -55.80673913
424 -57.83945652 -59.77978260 -55.89913043
425 -57.94407608 -59.89663043 -55.99152173
426 -58.04869565 -60.01347826 -56.08391304
427 -58.15331521 -60.13032608 -56.17630434
428 -58.25793478 -60.24717391 -56.26869565
429 -58.36255434 -60.36402173 -56.36108695
430 -58.46717391 -60.48086956 -56.45347826
431 -58.57179347 -60.59771739 -56.54586956
432 -58.67641304 -60.71456521 -56.63826086
433 -58.78103260 -60.83141304 -56.73065217
434 -58.88565217 -60.94826086 -56.82304347
435 -58.99027173 -61.06510869 -56.91543478
436 -59.09489130 -61.18195652 -57.00782608
437 -59.19951086 -61.29880434 -57.10021739
438 -59.30413043 -61.41565217 -57.19260869
439 -59.40875000 -61.53250000 -57.28500000
440 -59.51336956 -61.64934782 -57.37739130
441 -59.61798913 -61.76619565 -57.46978260
442 -59.72260869 -61.88304347 -57.56217391
443 -59.82722826 -61.99989130 -57.65456521
444 -59.93184782 -62.11673913 -57.74695652
445 -60.03646739 -62.23358695 -57.83934782
446 -60.14108695 -62.35043478 -57.93173913
447 -60.24570652 -62.46728260 -58.02413043
448 -60.35032608 -62.58413043 -58.11652173
449 -60.45494565 -62.70097826 -58.20891304
450 -60.55956521 -62.81782608 -58.30130434
451 -60.66418478 -62.93467391 -58.39369565
452 -60.76880434 -63.05152173 -58.48608695
453 -60.87342391 -63.16836956 -58.57847826
454 -60.97804347 -63.28521739 -58.67086956
455 -61.08266304 -63.40206521 -58.76326086
456 -61.18728260 -63.51891304 -58.85565217
457 -61.29190217 -63.63576086 -58.94804347
458 -61.39652173 -63.75260869 -59.04043478
459 -61.50114130 -63.86945652 -59.13282608
460 -61.60576086 -63.98630434 -59.22521739
461 -61.71038043 -64.10315217 -59.31760869
462 -61.81500000 -64.22000000 -59.41000000
463 -61.91571428 -64.33604395 -59.49538461
464 -62.01642857 -64.45208791 -59.58076923
465 -62.11714285 -64.56813186 -59.66615384
466 -62.21785714 -64.68417582 -59.75153846
467 -62.31857142 -64.80021978 -59.83692307
468 -62.41928571 -64.91626373 -59.92230769
469 -62.52000000 -65.03230769 -60.00769230
470 -62.62071428 -65.14835164 -60.09307692
471 -62.72142857 -65.26439560 -60.17846153
472 -62.82214285 -65.38043956 -60.26384615
473 -62.92285714 -65.49648351 -60.34923076
474 -63.02357142 -65.61252747 -60.43461538
475 -63.12428571 -65.72857142 -60.52000000
476 -63.22500000 -65.84461538 -60.60538461
477 -63.32571428 -65.96065934 -60.69076923
478 -63.42642857 -66.07670329 -60.77615384
479 -63.52714285 -66.19274725 -60.86153846
480 -63.62785714 -66.30879120 -60.94692307
481 -63.72857142 -66.42483516 -61.03230769
482 -63.82928571 -66.54087912 -61.11769230
483 -63.93000000 -66.65692307 -61.20307692
484 -64.03071428 -66.77296703 -61.28846153
485 -64.13142857 -66.88901098 -61.37384615
486 -64.23214285 -67.00505494 -61.45923076
487 -64.33285714 -67.12109890 -61.54461538
488 -64.43357142 -67.23714285 -61.63000000
489 -64.53428571 -67.35318681 -61.71538461
490 -64.63500000 -67.46923076 -61.80076923
491 -64.73571428 -67.58527472 -61.88615384
492 -64.83642857 -67.70131868 -61.97153846
493 -64.93714285 -67.81736263 -62.05692307
494 -65.03785714 -67.93340659 -62.14230769
495 -65.13857142 -68.04945054 -62.22769230
496 -65.23928571 -68.16549450 -62.31307692
497 -65.34000000 -68.28153846 -62.39846153
498 -65.44071428 -68.39758241 -62.48384615
499 -65.54142857 -68.51362637 -62.56923076
500 -65.64214285 -68.62967032 -62.65461538
501 -65.74285714 -68.74571428 -62.74000000
502 -65.84357142 -68.86175824 -62.82538461
503 -65.94428571 -68.97780219 -62.91076923
504 -66.04500000 -69.09384615 -62.99615384
505 -66.14571428 -69.20989010 -63.08153846
506 -66.24642857 -69.32593406 -63.16692307
507 -66.34714285 -69.44197802 -63.25230769
508 -66.44785714 -69.55802197 -63.33769230
509 -66.54857142 -69.67406593 -63.42307692
510 -66.64928571 -69.79010989 -63.50846153
511 -66.75000000 -69.90615384 -63.59384615
512 -66.85071428 -70.02219780 -63.67923076
513 -66.95142857 -70.13824175 -63.76461538
514 -67.05214285 -70.25428571 -63.85000000
515 -67.15285714 -70.37032967 -63.93538461
516 -67.25357142 -70.48637362 -64.02076923
517 -67.35428571 -70.60241758 -64.10615384
518 -67.45500000 -70.71846153 -64.19153846
519 -67.55571428 -70.83450549 -64.27692307
520 -67.65642857 -70.95054945 -64.36230769
521 -67.75714285 -71.06659340 -64.44769230
522 -67.85785714 -71.18263736 -64.53307692
523 -67.95857142 -71.29868131 -64.61846153
524 -68.05928571 -71.41472527 -64.70384615
525 -68.16000000 -71.53076923 -64.78923076
526 -68.26071428 -71.64681318 -64.87461538
527 -68.36142857 -71.76285714 -64.96000000
528 -68.46214285 -71.87890109 -65.04538461
529 -68.56285714 -71.99494505 -65.13076923
530 -68.66357142 -72.11098901 -65.21615384
531 -68.76428571 -72.22703296 -65.30153846
532 -68.86500000 -72.34307692 -65.38692307
533 -68.96571428 -72.45912087 -65.47230769
534 -69.06642857 -72.57516483 -65.55769230
535 -69.16714285 -72.69120879 -65.64307692
536 -69.26785714 -72.80725274 -65.72846153
537 -69.36857142 -72.92329670 -65.81384615
538 -69.46928571 -73.03934065 -65.89923076
539 -69.57000000 -73.15538461 -65.98461538
540 -69.67071428 -73.27142857 -66.07000000
541 -69.77142857 -73.38747252 -66.15538461
542 -69.87214285 -73.50351648 -66.24076923
543 -69.97285714 -73.61956043 -66.32615384
544 -70.07357142 -73.73560439 -66.41153846
545 -70.17428571 -73.85164835 -66.49692307
546 -70.27500000 -73.96769230 -66.58230769
547 -70.37571428 -74.08373626 -66.66769230
548 -70.47642857 -74.19978021 -66.75307692
549 -70.57714285 -74.31582417 -66.83846153
550 -70.67785714 -74.43186813 -66.92384615
551 -70.77857142 -74.54791208 -67.00923076
552 -70.87928571 -74.66395604 -67.09461538
553 -70.98000000 -74.78000000 -67.18000000
554 -71.07532967 -74.88791208 -67.26274725
555 -71.17065934 -74.99582417 -67.34549450
556 -71.26598901 -75.10373626 -67.42824175
557 -71.36131868 -75.21164835 -67.51098901
558 -71.45664835 -75.31956043 -67.59373626
559 -71.55197802 -75.42747252 -67.67648351
560 -71.64730769 -75.53538461 -67.75923076
561 -71.74263736 -75.64329670 -67.84197802
562 -71.83796703 -75.75120879 -67.92472527
563 -71.93329670 -75.85912087 -68.00747252
564 -72.02862637 -75.96703296 -68.09021978
565 -72.12395604 -76.07494505 -68.17296703
566 -72.21928571 -76.18285714 -68.25571428
567 -72.31461538 -76.29076923 -68.33846153
568 -72.40994505 -76.39868131 -68.42120879
569 -72.50527472 -76.50659340 -68.50395604
570 -72.60060439 -76.61450549 -68.58670329
571 -72.69593406 -76.72241758 -68.66945054
572 -72.79126373 -76.83032967 -68.75219780
573 -72.88659340 -76.93824175 -68.83494505
574 -72.98192307 -77.04615384 -68.91769230
575 -73.07725274 -77.15406593 -69.00043956
576 -73.17258241 -77.26197802 -69.08318681
577 -73.26791208 -77.36989010 -69.16593406
578 -73.36324175 -77.47780219 -69.24868131
579 -73.45857142 -77.58571428 -69.33142857
580 -73.55390109 -77.69362637 -69.41417582
581 -73.64923076 -77.80153846 -69.49692307
582 -73.74456043 -77.90945054 -69.57967032
583 -73.83989010 -78.01736263 -69.66241758
584 -73.93521978 -78.12527472 -69.74516483
585 -74.03054945 -78.23318681 -69.82791208
586 -74.12587912 -78.34109890 -69.91065934
587 -74.22120879 -78.44901098 -69.99340659
588 -74.31653846 -78.55692307 -70.07615384
589 -74.41186813 -78.66483516 -70.15890109
590 -74.50719780 -78.77274725 -70.24164835
591 -74.60252747 -78.88065934 -70.32439560
592 -74.69785714 -78.98857142 -70.40714285
593 -74.79318681 -79.09648351 -70.48989010
594 -74.88851648 -79.20439560 -70.57263736
595 -74.98384615 -79.31230769 -70.65538461
596 -75.07917582 -79.42021978 -70.73813186
597 -75.17450549 -79.52813186 -70.82087912
598 -75.26983516 -79.63604395 -70.90362637
599 -75.36516483 -79.74395604 -70.98637362
600 -75.46049450 -79.85186813 -71.06912087
601 -75.55582417 -79.95978021 -71.15186813
602 -75.65115384 -80.06769230 -71.23461538
603 -75.74648351 -80.17560439 -71.31736263
604 -75.84181318 -80.28351648 -71.40010989
605 -75.93714285 -80.39142857 -71.48285714
606 -76.03247252 -80.49934065 -71.56560439
607 -76.12780219 -80.60725274 -71.64835164
608 -76.22313186 -80.71516483 -71.73109890
609 -76.31846153 -80.82307692 -71.81384615
610 -76.41379120 -80.93098901 -71.89659340
611 -76.50912087 -81.03890109 -71.97934065
612 -76.60445054 -81.14681318 -72.06208791
613 -76.69978021 -81.25472527 -72.14483516
614 -76.79510989 -81.36263736 -72.22758241
615 -76.89043956 -81.47054945 -72.31032967
616 -76.98576923 -81.57846153 -72.39307692
617 -77.08109890 -81.68637362 -72.47582417
618 -77.17642857 -81.79428571 -72.55857142
619 -77.27175824 -81.90219780 -72.64131868
620 -77.36708791 -82.01010989 -72.72406593
621 -77.46241758 -82.11802197 -72.80681318
622 -77.55774725 -82.22593406 -72.88956043
623 -77.65307692 -82.33384615 -72.97230769
624 -77.74840659 -82.44175824 -73.05505494
625 -77.84373626 -82.54967032 -73.13780219
626 -77.93906593 -82.65758241 -73.22054945
627 -78.03439560 -82.76549450 -73.30329670
628 -78.12972527 -82.87340659 -73.38604395
629 -78.22505494 -82.98131868 -73.46879120
630 -78.32038461 -83.08923076 -73.55153846
631 -78.41571428 -83.19714285 -73.63428571
632 -78.51104395 -83.30505494 -73.71703296
633 -78.60637362 -83.41296703 -73.79978021
634 -78.70170329 -83.52087912 -73.88252747
635 -78.79703296 -83.62879120 -73.96527472
636 -78.89236263 -83.73670329 -74.04802197
637 -78.98769230 -83.84461538 -74.13076923
638 -79.08302197 -83.95252747 -74.21351648
639 -79.17835164 -84.06043956 -74.29626373
640 -79.27368131 -84.16835164 -74.37901098
641 -79.36901098 -84.27626373 -74.46175824
642 -79.46434065 -84.38417582 -74.54450549
643 -79.55967032 -84.49208791 -74.62725274
644 -79.65500000 -84.60000000 -74.71000000
645 -79.75400000 -84.70473684 -74.80326315
646 -79.85300000 -84.80947368 -74.89652631
647 -79.95200000 -84.91421052 -74.98978947
648 -80.05100000 -85.01894736 -75.08305263
649 -80.15000000 -85.12368421 -75.17631578
650 -80.24900000 -85.22842105 -75.26957894
651 -80.34800000 -85.33315789 -75.36284210
652 -80.44700000 -85.43789473 -75.45610526
653 -80.54600000 -85.54263157 -75.54936842
654 -80.64500000 -85.64736842 -75.64263157
655 -80.74400000 -85.75210526 -75.73589473
656 -80.84300000 -85.85684210 -75.82915789
657 -80.94200000 -85.96157894 -75.92242105
658 -81.04100000 -86.06631578 -76.01568421
659 -81.14000000 -86.17105263 -76.10894736
660 -81.23900000 -86.27578947 -76.20221052
661 -81.33800000 -86.38052631 -76.29547368
662 -81.43700000 -86.48526315 -76.38873684
663 -81.53600000 -86.59000000 -76.48200000
664 -81.63500000 -86.69473684 -76.57526315
665 -81.73400000 -86.79947368 -76.66852631
666 -81.83300000 -86.90421052 -76.76178947
667 -81.93200000 -87.00894736 -76.85505263
668 -82.03100000 -87.11368421 -76.94831578
669 -82.13000000 -87.21842105 -77.04157894
670 -82.22900000 -87.32315789 -77.13484210
671 -82.32800000 -87.42789473 -77.22810526
672 -82.42700000 -87.53263157 -77.32136842
673 -82.52600000 -87.63736842 -77.41463157
674 -82.62500000 -87.74210526 -77.50789473
675 -82.72400000 -87.84684210 -77.60115789
676 -82.82300000 -87.95157894 -77.69442105
677 -82.92200000 -88.05631578 -77.78768421
678 -83.02100000 -88.16105263 -77.88094736
679 -83.12000000 -88.26578947 -77.97421052
680 -83.21900000 -88.37052631 -78.06747368
681 -83.31800000 -88.47526315 -78.16073684
682 -83.41700000 -88.58000000 -78.25400000
683 -83.51600000 -88.68473684 -78.34726315
684 -83.61500000 -88.78947368 -78.44052631
685 -83.71400000 -88.89421052 -78.53378947
686 -83.81300000 -88.99894736 -78.62705263
687 -83.91200000 -89.10368421 -78.72031578
688 -84.01100000 -89.20842105 -78.81357894
689 -84.11000000 -89.31315789 -78.90684210
690 -84.20900000 -89.41789473 -79.00010526
691 -84.30800000 -89.52263157 -79.09336842
692 -84.40700000 -89.62736842 -79.18663157
693 -84.50600000 -89.73210526 -79.27989473
694 -84.60500000 -89.83684210 -79.37315789
695 -84.70400000 -89.94157894 -79.46642105
696 -84.80300000 -90.04631578 -79.55968421
697 -84.90200000 -90.15105263 -79.65294736
698 -85.00100000 -90.25578947 -79.74621052
699 -85.10000000 -90.36052631 -79.83947368
700 -85.19900000 -90.46526315 -79.93273684
701 -85.29800000 -90.57000000 -80.02600000
702 -85.39700000 -90.67473684 -80.11926315
703 -85.49600000 -90.77947368 -80.21252631
704 -85.59500000 -90.88421052 -80.30578947
705 -85.69400000 -90.98894736 -80.39905263
706 -85.79300000 -91.09368421 -80.49231578
707 -85.89200000 -91.19842105 -80.58557894
708 -85.99100000 -91.30315789 -80.67884210
709 -86.09000000 -91.40789473 -80.77210526
710 -86.18900000 -91.51263157 -80.86536842
711 -86.28800000 -91.61736842 -80.95863157
712 -86.38700000 -91.72210526 -81.05189473
713 -86.48600000 -91.82684210 -81.14515789
714 -86.58500000 -91.93157894 -81.23842105
715 -86.68400000 -92.03631578 -81.33168421
716 -86.78300000 -92.14105263 -81.42494736
717 -86.88200000 -92.24578947 -81.51821052
718 -86.98100000 -92.35052631 -81.61147368
719 -87.08000000 -92.45526315 -81.70473684
720 -87.17900000 -92.56000000 -81.79800000
721 -87.27800000 -92.66473684 -81.89126315
722 -87.37700000 -92.76947368 -81.98452631
723 -87.47600000 -92.87421052 -82.07778947
724 -87.57500000 -92.97894736 -82.17105263
725 -87.67400000 -93.08368421 -82.26431578
726 -87.77300000 -93.18842105 -82.35757894
727 -87.87200000 -93.29315789 -82.45084210
728 -87.97100000 -93.39789473 -82.54410526
729 -88.07000000 -93.50263157 -82.63736842
730 -88.16900000 -93.60736842 -82.73063157
731 -88.26800000 -93.71210526 -82.82389473
732 -88.36700000 -93.81684210 -82.91715789
733 -88.46600000 -93.92157894 -83.01042105
734 -88.56500000 -94.02631578 -83.10368421
735 -88.66400000 -94.13105263 -83.19694736
736 -88.76300000 -94.23578947 -83.29021052
737 -88.86200000 -94.34052631 -83.38347368
738 -88.96100000 -94.44526315 -83.47673684
739 -89.06000000 -94.55000000 -83.57000000
740 -89.16456043 -94.67115384 -83.65796703
741 -89.26912087 -94.79230769 -83.74593406
742 -89.37368131 -94.91346153 -83.83390109
743 -89.47824175 -95.03461538 -83.92186813
744 -89.58280219 -95.15576923 -84.00983516
745 -89.68736263 -95.27692307 -84.09780219
746 -89.79192307 -95.39807692 -84.18576923
747 -89.89648351 -95.51923076 -84.27373626
748 -90.00104395 -95.64038461 -84.36170329
749 -90.10560439 -95.76153846 -84.44967032
750 -90.21016483 -95.88269230 -84.53763736
751 -90.31472527 -96.00384615 -84.62560439
752 -90.41928571 -96.12500000 -84.71357142
753 -90.52384615 -96.24615384 -84.80153846
754 -90.62840659 -96.36730769 -84.88950549
755 -90.73296703 -96.48846153 -84.97747252
756 -90.83752747 -96.60961538 -85.06543956
757 -90.94208791 -96.73076923 -85.15340659
758 -91.04664835 -96.85192307 -85.24137362
759 -91.15120879 -96.97307692 -85.32934065
760 -91.25576923 -97.09423076 -85.41730769
761 -91.36032967 -97.21538461 -85.50527472
762 -91.46489010 -97.33653846 -85.59324175
763 -91.56945054 -97.45769230 -85.68120879
764 -91.67401098 -97.57884615 -85.76917582
765 -91.77857142 -97.70000000 -85.85714285
766 -91.88313186 -97.82115384 -85.94510989
767 -91.98769230 -97.94230769 -86.03307692
768 -92.09225274 -98.06346153 -86.12104395
769 -92.19681318 -98.18461538 -86.20901098
770 -92.30137362 -98.30576923 -86.29697802
771 -92.40593406 -98.42692307 -86.38494505
772 -92.51049450 -98.54807692 -86.47291208
773 -92.61505494 -98.66923076 -86.56087912
774 -92.71961538 -98.79038461 -86.64884615
775 -92.82417582 -98.91153846 -86.73681318
776 -92.92873626 -99.03269230 -86.82478021
777 -93.03329670 -99.15384615 -86.91274725
778 -93.13785714 -99.27500000 -87.00071428
779 -93.24241758 -99.39615384 -87.08868131
780 -93.34697802 -99.51730769 -87.17664835
781 -93.45153846 -99.63846153 -87.26461538
782 -93.55609890 -99.75961538 -87.35258241
783 -93.66065934 -99.88076923 -87.44054945
784 -93.76521978 -100.00192307 -87.52851648
785 -93.86978021 -100.12307692 -87.61648351
786 -93.97434065 -100.24423076 -87.70445054
787 -94.07890109 -100.36538461 -87.79241758
788 -94.18346153 -100.48653846 -87.88038461
789 -94.28802197 -100.60769230 -87.96835164
790 -94.39258241 -100.72884615 -88.05631868
791 -94.49714285 -100.85000000 -88.14428571
792 -94.60170329 -100.97115384 -88.23225274
793 -94.70626373 -101.09230769 -88.32021978
794 -94.81082417 -101.21346153 -88.40818681
795 -94.91538461 -101.33461538 -88.49615384
796 -95.01994505 -101.45576923 -88.58412087
797 -95.12450549 -101.57692307 -88.67208791
798 -95.22906593 -101.69807692 -88.76005494
799 -95.33362637 -101.81923076 -88.84802197
800 -95.43818681 -101.94038461 -88.93598901
801 -95.54274725 -102.06153846 -89.02395604
802 -95.64730769 -102.18269230 -89.11192307
803 -95.75186813 -102.30384615 -89.19989010
804 -95.85642857 -102.42500000 -89.28785714
805 -95.96098901 -102.54615384 -89.37582417
806 -96.06554945 -102.66730769 -89.46379120
807 -96.17010989 -102.78846153 -89.55175824
808 -96.27467032 -102.90961538 -89.63972527
809 -96.37923076 -103.03076923 -89.72769230
810 -96.48379120 -103.15192307 -89.81565934
811 -96.58835164 -103.27307692 -89.90362637
812 -96.69291208 -103.39423076 -89.99159340
813 -96.79747252 -103.51538461 -90.07956043
814 -96.90203296 -103.63653846 -90.16752747
815 -97.00659340 -103.75769230 -90.25549450
816 -97.11115384 -103.87884615 -90.34346153
817 -97.21571428 -104.00000000 -90.43142857
818 -97.32027472 -104.12115384 -90.51939560
819 -97.42483516 -104.24230769 -90.60736263
820 -97.52939560 -104.36346153 -90.69532967
821 -97.63395604 -104.48461538 -90.78329670
822 -97.73851648 -104.60576923 -90.87126373
823 -97.84307692 -104.72692307 -90.95923076
824 -97.94763736 -104.84807692 -91.04719780
825 -98.05219780 -104.96923076 -91.13516483
826 -98.15675824 -105.09038461 -91.22313186
827 -98.26131868 -105.21153846 -91.31109890
828 -98.36587912 -105.33269230 -91.39906593
829 -98.47043956 -105.45384615 -91.48703296
830 -98.57500000 -105.57500000 -91.57500000
831 -98.67956043 -105.69615384 -91.66296703
832 -98.78412087 -105.81730769 -91.75093406
833 -98.88868131 -105.93846153 -91.83890109
834 -98.99324175 -106.05961538 -91.92686813
835 -99.09780219 -106.18076923 -92.01483516
836 -99.20236263 -106.30192307 -92.10280219
837 -99.30692307 -106.42307692 -92.19076923
838 -99.41148351 -106.54423076 -92.27873626
839 -99.51604395 -106.66538461 -92.36670329
840 -99.62060439 -106.78653846 -92.45467032
841 -99.72516483 -106.90769230 -92.54263736
842 -99.82972527 -107.02884615 -92.63060439
843 -99.93428571 -107.15000000 -92.71857142
844 -100.03884615 -107.27115384 -92.80653846
845 -100.14340659 -107.39230769 -92.89450549
846 -100.24796703 -107.51346153 -92.98247252
847 -100.35252747 -107.63461538 -93.07043956
848 -100.45708791 -107.75576923 -93.15840659
849 -100.56164835 -107.87692307 -93.24637362
850 -100.66620879 -107.99807692 -93.33434065
851 -100.77076923 -108.11923076 -93.42230769
852 -100.87532967 -108.24038461 -93.51027472
853 -100.97989010 -108.36153846 -93.59824175
854 -101.08445054 -108.48269230 -93.68620879
855 -101.18901098 -108.60384615 -93.77417582
856 -101.29357142 -108.72500000 -93.86214285
857 -101.39813186 -108.84615384 -93.95010989
858 -101.50269230 -108.96730769 -94.03807692
859 -101.60725274 -109.08846153 -94.12604395
860 -101.71181318 -109.20961538 -94.21401098
861 -101.81637362 -109.33076923 -94.30197802
862 -101.92093406 -109.45192307 -94.38994505
863 -102.02549450 -109.57307692 -94.47791208
864 -102.13005494 -109.69423076 -94.56587912
865 -102.23461538 -109.81538461 -94.65384615
866 -102.33917582 -109.93653846 -94.74181318
867 -102.44373626 -110.05769230 -94.82978021
868 -102.54829670 -110.17884615 -94.91774725
869 -102.65285714 -110.30000000 -95.00571428
870 -102.75741758 -110.42115384 -95.09368131
871 -102.86197802 -110.54230769 -95.18164835
872 -102.96653846 -110.66346153 -95.26961538
873 -103.07109890 -110.78461538 -95.35758241
874 -103.17565934 -110.90576923 -95.44554945
875 -103.28021978 -111.02692307 -95.53351648
876 -103.38478021 -111.14807692 -95.62148351
877 -103.48934065 -111.26923076 -95.70945054
878 -103.59390109 -111.39038461 -95.79741758
879 -103.69846153 -111.51153846 -95.88538461
880 -103.80302197 -111.63269230 -95.97335164
881 -103.90758241 -111.75384615 -96.06131868
882 -104.01214285 -111.87500000 -96.14928571
883 -104.11670329 -111.99615384 -96.23725274
884 -104.22126373 -112.11730769 -96.32521978
885 -104.32582417 -112.23846153 -96.41318681
886 -104.43038461 -112.35961538 -96.50115384
887 -104.53494505 -112.48076923 -96.58912087
888 -104.63950549 -112.60192307 -96.67708791
889 -104.74406593 -112.72307692 -96.76505494
890 -104.84862637 -112.84423076 -96.85302197
891 -104.95318681 -112.96538461 -96.94098901
892 -105.05774725 -113.08653846 -97.02895604
893 -105.16230769 -113.20769230 -97.11692307
894 -105.26686813 -113.32884615 -97.20489010
895 -105.37142857 -113.45000000 -97.29285714
896 -105.47598901 -113.57115384 -97.38082417
897 -105.58054945 -113.69230769 -97.46879120
898 -105.68510989 -113.81346153 -97.55675824
899 -105.78967032 -113.93461538 -97.64472527
900 -105.89423076 -114.05576923 -97.73269230
901 -105.99879120 -114.17692307 -97.82065934
902 -106.10335164 -114.29807692 -97.90862637
903 -106.20791208 -114.41923076 -97.99659340
904 -106.31247252 -114.54038461 -98.08456043
905 -106.41703296 -114.66153846 -98.17252747
906 -106.52159340 -114.78269230 -98.26049450
907 -106.62615384 -114.90384615 -98.34846153
908 -106.73071428 -115.02500000 -98.43642857
909 -106.83527472 -115.14615384 -98.52439560
910 -106.93983516 -115.26730769 -98.61236263
911 -107.04439560 -115.38846153 -98.70032967
912 -107.14895604 -115.50961538 -98.78829670
913 -107.25351648 -115.63076923 -98.87626373
914 -107.35807692 -115.75192307 -98.96423076
915 -107.46263736 -115.87307692 -99.05219780
916 -107.56719780 -115.99423076 -99.14016483
917 -107.67175824 -116.11538461 -99.22813186
918 -107.77631868 -116.23653846 -99.31609890
919 -107.88087912 -116.35769230 -99.40406593
920 -107.98543956 -116.47884615 -99.49203296
921 -108.09000000 -116.60000000 -99.58000000
922 -108.19456043 -116.72115384 -99.66796703
923 -108.29912087 -116.84230769 -99.75593406
924 -108.40368131 -116.96346153 -99.84390109
925 -108.50824175 -117.08461538 -99.93186813
926 -108.61280219 -117.20576923 -100.01983516
927 -108.71736263 -117.32692307 -100.10780219
928 -108.82192307 -117.44807692 -100.19576923
929 -108.92648351 -117.56923076 -100.28373626
930 -109.03104395 -117.69038461 -100.37170329
931 -109.13560439 -117.81153846 -100.45967032
932 -109.24016483 -117.93269230 -100.54763736
933 -109.34472527 -118.05384615 -100.63560439
934 -109.44928571 -118.17500000 -100.72357142
935 -109.55384615 -118.29615384 -100.81153846
936 -109.65840659 -118.41730769 -100.89950549
937 -109.76296703 -118.53846153 -100.98747252
938 -109.86752747 -118.65961538 -101.07543956
939 -109.97208791 -118.78076923 -101.16340659
940 -110.07664835 -118.90192307 -101.25137362
941 -110.18120879 -119.02307692 -101.33934065
942 -110.28576923 -119.14423076 -101.42730769
943 -110.39032967 -119.26538461 -101.51527472
944 -110.49489010 -119.38653846 -101.60324175
945 -110.59945054 -119.50769230 -101.69120879
946 -110.70401098 -119.62884615 -101.77917582
947 -110.80857142 -119.75000000 -101.86714285
948 -110.91313186 -119.87115384 -101.95510989
949 -111.01769230 -119.99230769 -102.04307692
950 -111.12225274 -120.11346153 -102.13104395
951 -111.22681318 -120.23461538 -102.21901098
952 -111.33137362 -120.35576923 -102.30697802
953 -111.43593406 -120.47692307 -102.39494505
954 -111.54049450 -120.59807692 -102.48291208
955 -111.64505494 -120.71923076 -102.57087912
956 -111.74961538 -120.84038461 -102.65884615
957 -111.85417582 -120.96153846 -102.74681318
958 -111.95873626 -121.08269230 -102.83478021
959 -112.06329670 -121.20384615 -102.92274725
960 -112.16785714 -121.32500000 -103.01071428
961 -112.27241758 -121.44615384 -103.09868131
962 -112.37697802 -121.56730769 -103.18664835
963 -112.48153846 -121.68846153 -103.27461538
964 -112.58609890 -121.80961538 -103.36258241
965 -112.69065934 -121.93076923 -103.45054945
966 -112.79521978 -122.05192307 -103.53851648
967 -112.89978021 -122.17307692 -103.62648351
968 -113.00434065 -122.29423076 -103.71445054
969 -113.10890109 -122.41538461 -103.80241758
970 -113.21346153 -122.53653846 -103.89038461
971 -113.31802197 -122.65769230 -103.97835164
972 -113.42258241 -122.77884615 -104.06631868
973 -113.52714285 -122.90000000 -104.15428571
974 -113.63170329 -123.02115384 -104.24225274
975 -113.73626373 -123.14230769 -104.33021978
976 -113.84082417 -123.26346153 -104.41818681
977 -113.94538461 -123.38461538 -104.50615384
978 -114.04994505 -123.50576923 -104.59412087
979 -114.15450549 -123.62692307 -104.68208791
980 -114.25906593 -123.74807692 -104.77005494
981 -114.36362637 -123.86923076 -104.85802197
982 -114.46818681 -123.99038461 -104.94598901
983 -114.57274725 -124.11153846 -105.03395604
984 -114.67730769 -124.23269230 -105.12192307
985 -114.78186813 -124.35384615 -105.20989010
986 -114.88642857 -124.47500000 -105.29785714
987 -114.99098901 -124.59615384 -105.38582417
988 -115.09554945 -124.71730769 -105.47379120
989 -115.20010989 -124.83846153 -105.56175824
990 -115.30467032 -124.95961538 -105.64972527
991 -115.40923076 -125.08076923 -105.73769230
992 -115.51379120 -125.20192307 -105.82565934
993 -115.61835164 -125.32307692 -105.91362637
994 -115.72291208 -125.44423076 -106.00159340
995 -115.82747252 -125.56538461 -106.08956043
996 -115.93203296 -125.68653846 -106.17752747
997 -116.03659340 -125.80769230 -106.26549450
998 -116.14115384 -125.92884615 -106.35346153
999 -116.24571428 -126.05000000 -106.44142857
1000 -116.35027472 -126.17115384 -106.52939560
1001 -116.45483516 -126.29230769 -106.61736263
1002 -116.55939560 -126.41346153 -106.70532967
1003 -116.66395604 -126.53461538 -106.79329670
1004 -116.76851648 -126.65576923 -106.88126373
1005 -116.87307692 -126.77692307 -106.96923076
1006 -116.97763736 -126.89807692 -107.05719780
1007 -117.08219780 -127.01923076 -107.14516483
1008 -117.18675824 -127.14038461 -107.23313186
1009 -117.29131868 -127.26153846 -107.32109890
1010 -117.39587912 -127.38269230 -107.40906593
1011 -117.50043956 -127.50384615 -107.49703296
1012 -117.60500000 -127.62500000 -107.58500000
1013 -117.70956043 -127.74615384 -107.67296703
1014 -117.81412087 -127.86730769 -107.76093406
1015 -117.91868131 -127.98846153 -107.84890109
1016 -118.02324175 -128.10961538 -107.93686813
1017 -118.12780219 -128.23076923 -108.02483516
1018 -118.23236263 -128.35192307 -108.11280219
1019 -118.33692307 -128.47307692 -108.20076923
1020 -118.44148351 -128.59423076 -108.28873626
1021 -118.54604395 -128.71538461 -108.37670329
1022 -118.65060439 -128.83653846 -108.46467032
1023 -118.75516483 -128.95769230 -108.55263736
1024 -118.85972527 -129.07884615 -108.64060439
1025 -118.96428571 -129.20000000 -108.72857142
1026 -119.06884615 -129.32115384 -108.81653846
1027 -119.17340659 -129.44230769 -108.90450549
1028 -119.27796703 -129.56346153 -108.99247252
1029 -119.38252747 -129.68461538 -109.08043956
1030 -119.48708791 -129.80576923 -109.16840659
1031 -119.59164835 -129.92692307 -109.25637362
1032 -119.69620879 -130.04807692 -109.34434065
1033 -119.80076923 -130.16923076 -109.43230769
1034 -119.90532967 -130.29038461 -109.52027472
1035 -120.00989010 -130.41153846 -109.60824175
1036 -120.11445054 -130.53269230 -109.69620879
1037 -120.21901098 -130.65384615 -109.78417582
1038 -120.32357142 -130.77500000 -109.87214285
1039 -120.42813186 -130.89615384 -109.96010989
1040 -120.53269230 -131.01730769 -110.04807692
1041 -120.63725274 -131.13846153 -110.13604395
1042 -120.74181318 -131.25961538 -110.22401098
1043 -120.84637362 -131.38076923 -110.31197802
1044 -120.95093406 -131.50192307 -110.39994505
1045 -121.05549450 -131.62307692 -110.48791208
1046 -121.16005494 -131.74423076 -110.57587912
1047 -121.26461538 -131.86538461 -110.66384615
1048 -121.36917582 -131.98653846 -110.75181318
1049 -121.47373626 -132.10769230 -110.83978021
1050 -121.57829670 -132.22884615 -110.92774725
1051 -121.68285714 -132.35000000 -111.01571428
1052 -121.78741758 -132.47115384 -111.10368131
1053 -121.89197802 -132.59230769 -111.19164835
1054 -121.99653846 -132.71346153 -111.27961538
1055 -122.10109890 -132.83461538 -111.36758241
1056 -122.20565934 -132.95576923 -111.45554945
1057 -122.31021978 -133.07692307 -111.54351648
1058 -122.41478021 -133.19807692 -111.63148351
1059 -122.51934065 -133.31923076 -111.71945054
1060 -122.62390109 -133.44038461 -111.80741758
1061 -122.72846153 -133.56153846 -111.89538461
1062 -122.83302197 -133.68269230 -111.98335164
1063 -122.93758241 -133.80384615 -112.07131868
1064 -123.04214285 -133.92500000 -112.15928571
1065 -123.14670329 -134.04615384 -112.24725274
1066 -123.25126373 -134.16730769 -112.33521978
1067 -123.35582417 -134.28846153 -112.42318681
1068 -123.46038461 -134.40961538 -112.51115384
1069 -123.56494505 -134.53076923 -112.59912087
1070 -123.66950549 -134.65192307 -112.68708791
1071 -123.77406593 -134.77307692 -112.77505494
1072 -123.87862637 -134.89423076 -112.86302197
1073 -123.98318681 -135.01538461 -112.95098901
1074 -124.08774725 -135.13653846 -113.03895604
1075 -124.19230769 -135.25769230 -113.12692307
1076 -124.29686813 -135.37884615 -113.21489010
1077 -124.40142857 -135.50000000 -113.30285714
1078 -124.50598901 -135.62115384 -113.39082417
1079 -124.61054945 -135.74230769 -113.47879120
1080 -124.71510989 -135.86346153 -113.56675824
1081 -124.81967032 -135.98461538 -113.65472527
1082 -124.92423076 -136.10576923 -113.74269230
1083 -125.02879120 -136.22692307 -113.83065934
1084 -125.13335164 -136.34807692 -113.91862637
1085 -125.23791208 -136.46923076 -114.00659340
1086 -125.34247252 -136.59038461 -114.09456043
1087 -125.44703296 -136.71153846 -114.18252747
1088 -125.55159340 -136.83269230 -114.27049450
1089 -125.65615384 -136.95384615 -114.35846153
1090 -125.76071428 -137.07500000 -114.44642857
1091 -125.86527472 -137.19615384 -114.53439560
1092 -125.96983516 -137.31730769 -114.62236263
1093 -126.07439560 -137.43846153 -114.71032967
1094 -126.17895604 -137.55961538 -114.79829670
1095 -126.28351648 -137.68076923 -114.88626373
1096 -126.38807692 -137.80192307 -114.97423076
1097 -126.49263736 -137.92307692 -115.06219780
1098 -126.59719780 -138.04423076 -115.15016483
1099 -126.70175824 -138.16538461 -115.23813186
1100 -126.80631868 -138.28653846 -115.32609890
1101 -126.91087912 -138.40769230 -115.41406593
1102 -127.01543956 -138.52884615 -115.50203296
1103 -127.12000000 -138.65000000 -115.59000000
1104 -127.23619505 -138.77912087 -115.69326923
1105 -127.35239010 -138.90824175 -115.79653846
1106 -127.46858516 -139.03736263 -115.89980769
1107 -127.58478021 -139.16648351 -116.00307692
1108 -127.70097527 -139.29560439 -116.10634615
1109 -127.81717032 -139.42472527 -116.20961538
1110 -127.93336538 -139.55384615 -116.31288461
1111 -128.04956043 -139.68296703 -116.41615384
1112 -128.16575549 -139.81208791 -116.51942307
1113 -128.28195054 -139.94120879 -116.62269230
1114 -128.39814560 -140.07032967 -116.72596153
1115 -128.51434065 -140.19945054 -116.82923076
1116 -128.63053571 -140.32857142 -116.93250000
1117 -128.74673076 -140.45769230 -117.03576923
1118 -128.86292582 -140.58681318 -117.13903846
1119 -128.97912087 -140.71593406 -117.24230769
1120 -129.09531593 -140.84505494 -117.34557692
1121 -129.21151098 -140.97417582 -117.44884615
1122 -129.32770604 -141.10329670 -117.55211538
1123 -129.44390109 -141.23241758 -117.65538461
1124 -129.56009615 -141.36153846 -117.75865384
1125 -129.67629120 -141.49065934 -117.86192307
1126 -129.79248626 -141.61978021 -117.96519230
1127 -129.90868131 -141.74890109 -118.06846153
1128 -130.02487637 -141.87802197 -118.17173076
1129 -130.14107142 -142.00714285 -118.27500000
1130 -130.25726648 -142.13626373 -118.37826923
1131 -130.37346153 -142.26538461 -118.48153846
1132 -130.48965659 -142.39450549 -118.58480769
1133 -130.60585164 -142.52362637 -118.68807692
1134 -130.72204670 -142.65274725 -118.79134615
1135 -130.83824175 -142.78186813 -118.89461538
1136 -130.95443681 -142.91098901 -118.99788461
1137 -131.07063186 -143.04010989 -119.10115384
1138 -131.18682692 -143.16923076 -119.20442307
1139 -131.30302197 -143.29835164 -119.30769230
1140 -131.41921703 -143.42747252 -119.41096153
1141 -131.53541208 -143.55659340 -119.51423076
1142 -131.65160714 -143.68571428 -119.61750000
1143 -131.76780219 -143.81483516 -119.72076923
1144 -131.88399725 -143.94395604 -119.82403846
1145 -132.00019230 -144.07307692 -119.92730769
1146 -132.11638736 -144.20219780 -120.03057692
1147 -132.23258241 -144.33131868 -120.13384615
1148 -132.34877747 -144.46043956 -120.23711538
1149 -132.46497252 -144.58956043 -120.34038461
1150 -132.58116758 -144.71868131 -120.44365384
1151 -132.69736263 -144.84780219 -120.54692307
1152 -132.81355769 -144.97692307 -120.65019230
1153 -132.92975274 -145.10604395 -120.75346153
1154 -133.04594780 -145.23516483 -120.85673076
1155 -133.16214285 -145.36428571 -120.96000000
1156 -133.27833791 -145.49340659 -121.06326923
1157 -133.39453296 -145.62252747 -121.16653846
1158 -133.51072802 -145.75164835 -121.26980769
1159 -133.62692307 -145.88076923 -121.37307692
1160 -133.74311813 -146.00989010 -121.47634615
1161 -133.85931318 -146.13901098 -121.57961538
1162 -133.97550824 -146.26813186 -121.68288461
1163 -134.09170329 -146.39725274 -121.78615384
1164 -134.20789835 -146.52637362 -121.88942307
1165 -134.32409340 -146.65549450 -121.99269230
1166 -134.44028846 -146.78461538 -122.09596153
1167 -134.55648351 -146.91373626 -122.19923076
1168 -134.67267857 -147.04285714 -122.30250000
1169 -134.78887362 -147.17197802 -122.40576923
1170 -134.90506868 -147.30109890 -122.50903846
1171 -135.02126373 -147.43021978 -122.61230769
1172 -135.13745879 -147.55934065 -122.71557692
1173 -135.25365384 -147.68846153 -122.81884615
1174 -135.36984890 -147.81758241 -122.92211538
1175 -135.48604395 -147.94670329 -123.02538461
1176 -135.60223901 -148.07582417 -123.12865384
1177 -135.71843406 -148.20494505 -123.23192307
1178 -135.83462912 -148.33406593 -123.33519230
1179 -135.95082417 -148.46318681 -123.43846153
1180 -136.06701923 -148.59230769 -123.54173076
1181 -136.18321428 -148.72142857 -123.64500000
1182 -136.29940934 -148.85054945 -123.74826923
1183 -136.41560439 -148.97967032 -123.85153846
1184 -136.53179945 -149.10879120 -123.95480769
1185 -136.64799450 -149.23791208 -124.05807692
1186 -136.76418956 -149.36703296 -124.16134615
1187 -136.88038461 -149.49615384 -124.26461538
1188 -136.99657967 -149.62527472 -124.36788461
1189 -137.11277472 -149.75439560 -124.47115384
1190 -137.22896978 -149.88351648 -124.57442307
1191 -137.34516483 -150.01263736 -124.67769230
1192 -137.46135989 -150.14175824 -124.78096153
1193 -137.57755494 -150.27087912 -124.88423076
1194 -137.69375000 -150.40000000 -124.98750000
1195 -137.80994505 -150.52912087 -125.09076923
1196 -137.92614010 -150.65824175 -125.19403846
1197 -138.04233516 -150.78736263 -125.29730769
1198 -138.15853021 -150.91648351 -125.40057692
1199 -138.27472527 -151.04560439 -125.50384615
1200 -138.39092032 -151.17472527 -125.60711538
1201 -138.50711538 -151.30384615 -125.71038461
1202 -138.62331043 -151.43296703 -125.81365384
1203 -138.73950549 -151.56208791 -125.91692307
1204 -138.85570054 -151.69120879 -126.02019230
1205 -138.97189560 -151.82032967 -126.12346153
1206 -139.08809065 -151.94945054 -126.22673076
1207 -139.20428571 -152.07857142 -126.33000000
1208 -139.32048076 -152.20769230 -126.43326923
1209 -139.43667582 -152.33681318 -126.53653846
1210 -139.55287087 -152.46593406 -126.63980769
1211 -139.66906593 -152.59505494 -126.74307692
1212 -139.78526098 -152.72417582 -126.84634615
1213 -139.90145604 -152.85329670 -126.94961538
1214 -140.01765109 -152.98241758 -127.05288461
1215 -140.13384615 -153.11153846 -127.15615384
1216 -140.25004120 -153.24065934 -127.25942307
1217 -140.36623626 -153.36978021 -127.36269230
1218 -140.48243131 -153.49890109 -127.46596153
1219 -140.59862637 -153.62802197 -127.56923076
1220 -140.71482142 -153.75714285 -127.67250000
1221 -140.83101648 -153.88626373 -127.77576923
1222 -140.94721153 -154.01538461 -127.87903846
1223 -141.06340659 -154.14450549 -127.98230769
1224 -141.17960164 -154.27362637 -128.08557692
1225 -141.29579670 -154.40274725 -128.18884615
1226 -141.41199175 -154.53186813 -128.29211538
1227 -141.52818681 -154.66098901 -128.39538461
1228 -141.64438186 -154.79010989 -128.49865384
1229 -141.76057692 -154.91923076 -128.60192307
1230 -141.87677197 -155.04835164 -128.70519230
1231 -141.99296703 -155.17747252 -128.80846153
1232 -142.10916208 -155.30659340 -128.91173076
1233 -142.22535714 -155.43571428 -129.01500000
1234 -142.34155219 -155.56483516 -129.11826923
1235 -142.45774725 -155.69395604 -129.22153846
1236 -142.57394230 -155.82307692 -129.32480769
1237 -142.69013736 -155.95219780 -129.42807692
1238 -142.80633241 -156.08131868 -129.53134615
1239 -142.92252747 -156.21043956 -129.63461538
1240 -143.03872252 -156.33956043 -129.73788461
1241 -143.15491758 -156.46868131 -129.84115384
1242 -143.27111263 -156.59780219 -129.94442307
1243 -143.38730769 -156.72692307 -130.04769230
1244 -143.50350274 -156.85604395 -130.15096153
1245 -143.61969780 -156.98516483 -130.25423076
1246 -143.73589285 -157.11428571 -130.35750000
1247 -143.85208791 -157.24340659 -130.46076923
1248 -143.96828296 -157.37252747 -130.56403846
1249 -144.08447802 -157.50164835 -130.66730769
1250 -144.20067307 -157.63076923 -130.77057692
1251 -144.31686813 -157.75989010 -130.87384615
1252 -144.43306318 -157.88901098 -130.97711538
1253 -144.54925824 -158.01813186 -131.08038461
1254 -144.66545329 -158.14725274 -131.18365384
1255 -144.78164835 -158.27637362 -131.28692307
1256 -144.89784340 -158.40549450 -131.39019230
1257 -145.01403846 -158.53461538 -131.49346153
1258 -145.13023351 -158.66373626 -131.59673076
1259 -145.24642857 -158.79285714 -131.70000000
1260 -145.36262362 -158.92197802 -131.80326923
1261 -145.47881868 -159.05109890 -131.90653846
1262 -145.59501373 -159.18021978 -132.00980769
1263 -145.71120879 -159.30934065 -132.11307692
1264 -145.82740384 -159.43846153 -132.21634615
1265 -145.94359890 -159.56758241 -132.31961538
1266 -146.05979395 -159.69670329 -132.42288461
1267 -146.17598901 -159.82582417 -132.52615384
1268 -146.29218406 -159.95494505 -132.62942307
1269 -146.40837912 -160.08406593 -132.73269230
1270 -146.52457417 -160.21318681 -132.83596153
1271 -146.64076923 -160.34230769 -132.93923076
1272 -146.75696428 -160.47142857 -133.04250000
1273 -146.87315934 -160.60054945 -133.14576923
1274 -146.98935439 -160.72967032 -133.24903846
1275 -147.10554945 -160.85879120 -133.35230769
1276 -147.22174450 -160.98791208 -133.45557692
1277 -147.33793956 -161.11703296 -133.55884615
1278 -147.45413461 -161.24615384 -133.66211538
1279 -147.57032967 -161.37527472 -133.76538461
1280 -147.68652472 -161.50439560 -133.86865384
1281 -147.80271978 -161.63351648 -133.97192307
1282 -147.91891483 -161.76263736 -134.07519230
1283 -148.03510989 -161.89175824 -134.17846153
1284 -148.15130494 -162.02087912 -134.28173076
1285 -148.26750000 -162.15000000 -134.38500000
1286 -148.38369505 -162.27912087 -134.48826923
1287 -148.49989010 -162.40824175 -134.59153846
1288 -148.61608516 -162.53736263 -134.69480769
1289 -148.73228021 -162.66648351 -134.79807692
1290 -148.84847527 -162.79560439 -134.90134615
1291 -148.96467032 -162.92472527 -135.00461538
1292 -149.08086538 -163.05384615 -135.10788461
1293 -149.19706043 -163.18296703 -135.21115384
1294 -149.31325549 -163.31208791 -135.31442307
1295 -149.42945054 -163.44120879 -135.41769230
1296 -149.54564560 -163.57032967 -135.52096153
1297 -149.66184065 -163.69945054 -135.62423076
1298 -149.77803571 -163.82857142 -135.72750000
1299 -149.89423076 -163.95769230 -135.83076923
1300 -150.01042582 -164.08681318 -135.93403846
1301 -150.12662087 -164.21593406 -136.03730769
1302 -150.24281593 -164.34505494 -136.14057692
1303 -150.35901098 -164.47417582 -136.24384615
1304 -150.47520604 -164.60329670 -136.34711538
1305 -150.59140109 -164.73241758 -136.45038461
1306 -150.70759615 -164.86153846 -136.55365384
1307 -150.82379120 -164.99065934 -136.65692307
1308 -150.93998626 -165.11978021 -136.76019230
1309 -151.05618131 -165.24890109 -136.86346153
1310 -151.17237637 -165.37802197 -136.96673076
1311 -151.28857142 -165.50714285 -137.07000000
1312 -151.40476648 -165.63626373 -137.17326923
1313 -151.52096153 -165.76538461 -137.27653846
1314 -151.63715659 -165.89450549 -137.37980769
1315 -151.75335164 -166.02362637 -137.48307692
1316 -151.86954670 -166.15274725 -137.58634615
1317 -151.98574175 -166.28186813 -137.68961538
1318 -152.10193681 -166.41098901 -137.79288461
1319 -152.21813186 -166.54010989 -137.89615384
1320 -152.33432692 -166.66923076 -137.99942307
1321 -152.45052197 -166.79835164 -138.10269230
1322 -152.56671703 -166.92747252 -138.20596153
1323 -152.68291208 -167.05659340 -138.30923076
1324 -152.79910714 -167.18571428 -138.41250000
1325 -152.91530219 -167.31483516 -138.51576923
1326 -153.03149725 -167.44395604 -138.61903846
1327 -153.14769230 -167.57307692 -138.72230769
1328 -153.26388736 -167.70219780 -138.82557692
1329 -153.38008241 -167.83131868 -138.92884615
1330 -153.49627747 -167.96043956 -139.03211538
1331 -153.61247252 -168.08956043 -139.13538461
1332 -153.72866758 -168.21868131 -139.23865384
1333 -153.84486263 -168.34780219 -139.34192307
1334 -153.96105769 -168.47692307 -139.44519230
1335 -154.07725274 -168.60604395 -139.54846153
1336 -154.19344780 -168.73516483 -139.65173076
1337 -154.30964285 -168.86428571 -139.75500000
1338 -154.42583791 -168.99340659 -139.85826923
1339 -154.54203296 -169.12252747 -139.96153846
1340 -154.65822802 -169.25164835 -140.06480769
1341 -154.77442307 -169.38076923 -140.16807692
1342 -154.89061813 -169.50989010 -140.27134615
1343 -155.00681318 -169.63901098 -140.37461538
1344 -155.12300824 -169.76813186 -140.47788461
1345 -155.23920329 -169.89725274 -140.58115384
1346 -155.35539835 -170.02637362 -140.68442307
1347 -155.47159340 -170.15549450 -140.78769230
1348 -155.58778846 -170.28461538 -140.89096153
1349 -155.70398351 -170.41373626 -140.99423076
1350 -155.82017857 -170.54285714 -141.09750000
1351 -155.93637362 -170.67197802 -141.20076923
1352 -156.05256868 -170.80109890 -141.30403846
1353 -156.16876373 -170.93021978 -141.40730769
1354 -156.28495879 -171.05934065 -141.51057692
1355 -156.40115384 -171.18846153 -141.61384615
1356 -156.51734890 -171.31758241 -141.71711538
1357 -156.63354395 -171.44670329 -141.82038461
1358 -156.74973901 -171.57582417 -141.92365384
1359 -156.86593406 -171.70494505 -142.02692307
1360 -156.98212912 -171.83406593 -142.13019230
1361 -157.09832417 -171.96318681 -142.23346153
1362 -157.21451923 -172.09230769 -142.33673076
1363 -157.33071428 -172.22142857 -142.44000000
1364 -157.44690934 -172.35054945 -142.54326923
1365 -157.56310439 -172.47967032 -142.64653846
1366 -157.67929945 -172.60879120 -142.74980769
1367 -157.79549450 -172.73791208 -142.85307692
1368 -157.91168956 -172.86703296 -142.95634615
1369 -158.02788461 -172.99615384 -143.05961538
1370 -158.14407967 -173.12527472 -143.16288461
1371 -158.26027472 -173.25439560 -143.26615384
1372 -158.37646978 -173.38351648 -143.36942307
1373 -158.49266483 -173.51263736 -143.47269230
1374 -158.60885989 -173.64175824 -143.57596153
1375 -158.72505494 -173.77087912 -143.67923076
1376 -158.84125000 -173.90000000 -143.78250000
1377 -158.95744505 -174.02912087 -143.88576923
1378 -159.07364010 -174.15824175 -143.98903846
1379 -159.18983516 -174.28736263 -144.09230769
1380 -159.30603021 -174.41648351 -144.19557692
1381 -159.42222527 -174.54560439 -144.29884615
1382 -159.53842032 -174.67472527 -144.40211538
1383 -159.65461538 -174.80384615 -144.50538461
1384 -159.77081043 -174.93296703 -144.60865384
1385 -159.88700549 -175.06208791 -144.71192307
1386 -160.00320054 -175.19120879 -144.81519230
1387 -160.11939560 -175.32032967 -144.91846153
1388 -160.23559065 -175.44945054 -145.02173076
1389 -160.35178571 -175.57857142 -145.12500000
1390 -160.46798076 -175.70769230 -145.22826923
1391 -160.58417582 -175.83681318 -145.33153846
1392 -160.70037087 -175.96593406 -145.43480769
1393 -160.81656593 -176.09505494 -145.53807692
1394 -160.93276098 -176.22417582 -145.64134615
1395 -161.04895604 -176.35329670 -145.74461538
1396 -161.16515109 -176.48241758 -145.84788461
1397 -161.28134615 -176.61153846 -145.95115384
1398 -161.39754120 -176.74065934 -146.05442307
1399 -161.51373626 -176.86978021 -146.15769230
1400 -161.62993131 -176.99890109 -146.26096153
1401 -161.74612637 -177.12802197 -146.36423076
1402 -161.86232142 -177.25714285 -146.46750000
1403 -161.97851648 -177.38626373 -146.57076923
1404 -162.09471153 -177.51538461 -146.67403846
1405 -162.21090659 -177.64450549 -146.77730769
1406 -162.32710164 -177.77362637 -146.88057692
1407 -162.44329670 -177.90274725 -146.98384615
1408 -162.55949175 -178.03186813 -147.08711538
1409 -162.67568681 -178.16098901 -147.19038461
1410 -162.79188186 -178.29010989 -147.29365384
1411 -162.90807692 -178.41923076 -147.39692307
1412 -163.02427197 -178.54835164 -147.50019230
1413 -163.14046703 -178.67747252 -147.60346153
1414 -163.25666208 -178.80659340 -147.70673076
1415 -163.37285714 -178.93571428 -147.81000000
1416 -163.48905219 -179.06483516 -147.91326923
1417 -163.60524725 -179.19395604 -148.01653846
1418 -163.72144230 -179.32307692 -148.11980769
1419 -163.83763736 -179.45219780 -148.22307692
1420 -163.95383241 -179.58131868 -148.32634615
1421 -164.07002747 -179.71043956 -148.42961538
1422 -164.18622252 -179.83956043 -148.53288461
1423 -164.30241758 -179.96868131 -148.63615384
1424 -164.41861263 -180.09780219 -148.73942307
1425 -164.53480769 -180.22692307 -148.84269230
1426 -164.65100274 -180.35604395 -148.94596153
1427 -164.76719780 -180.48516483 -149.04923076
1428 -164.88339285 -180.61428571 -149.15250000
1429 -164.99958791 -180.74340659 -149.25576923
1430 -165.11578296 -180.87252747 -149.35903846
1431 -165.23197802 -181.00164835 -149.46230769
1432 -165.34817307 -181.13076923 -149.56557692
1433 -165.46436813 -181.25989010 -149.66884615
1434 -165.58056318 -181.38901098 -149.77211538
1435 -165.69675824 -181.51813186 -149.87538461
1436 -165.81295329 -181.64725274 -149.97865384
1437 -165.92914835 -181.77637362 -150.08192307
1438 -166.04534340 -181.90549450 -150.18519230
1439 -166.16153846 -182.03461538 -150.28846153
1440 -166.27773351 -182.16373626 -150.39173076
1441 -166.39392857 -182.29285714 -150.49500000
1442 -166.51012362 -182.42197802 -150.59826923
1443 -166.62631868 -182.55109890 -150.70153846
1444 -166.74251373 -182.68021978 -150.80480769
1445 -166.85870879 -182.80934065 -150.90807692
1446 -166.97490384 -182.93846153 -151.01134615
1447 -167.09109890 -183.06758241 -151.11461538
1448 -167.20729395 -183.19670329 -151.21788461
1449 -167.32348901 -183.32582417 -151.32115384
1450 -167.43968406 -183.45494505 -151.42442307
1451 -167.55587912 -183.58406593 -151.52769230
1452 -167.67207417 -183.71318681 -151.63096153
1453 -167.78826923 -183.84230769 -151.73423076
1454 -167.90446428 -183.97142857 -151.83750000
1455 -168.02065934 -184.10054945 -151.94076923
1456 -168.13685439 -184.22967032 -152.04403846
1457 -168.25304945 -184.35879120 -152.14730769
1458 -168.36924450 -184.48791208 -152.25057692
1459 -168.48543956 -184.61703296 -152.35384615
1460 -168.60163461 -184.74615384 -152.45711538
1461 -168.71782967 -184.87527472 -152.56038461
1462 -168.83402472 -185.00439560 -152.66365384
1463 -168.95021978 -185.13351648 -152.76692307
1464 -169.06641483 -185.26263736 -152.87019230
1465 -169.18260989 -185.39175824 -152.97346153
1466 -169.29880494 -185.52087912 -153.07673076
1467 -169.41500000 -185.65000000 -153.18000000
1468 -169.55115384 -185.80079670 -153.30151098
1469 -169.68730769 -185.95159340 -153.42302197
1470 -169.82346153 -186.10239010 -153.54453296
1471 -169.95961538 -186.25318681 -153.66604395
1472 -170.09576923 -186.40398351 -153.78755494
1473 -170.23192307 -186.55478021 -153.90906593
1474 -170.36807692 -186.70557692 -154.03057692
1475 -170.50423076 -186.85637362 -154.15208791
1476 -170.64038461 -187.00717032 -154.27359890
1477 -170.77653846 -187.15796703 -154.39510989
1478 -170.91269230 -187.30876373 -154.51662087
1479 -171.04884615 -187.45956043 -154.63813186
1480 -171.18500000 -187.61035714 -154.75964285
1481 -171.32115384 -187.76115384 -154.88115384
1482 -171.45730769 -187.91195054 -155.00266483
1483 -171.59346153 -188.06274725 -155.12417582
1484 -171.72961538 -188.21354395 -155.24568681
1485 -171.86576923 -188.36434065 -155.36719780
1486 -172.00192307 -188.51513736 -155.48870879
1487 -172.13807692 -188.66593406 -155.61021978
1488 -172.27423076 -188.81673076 -155.73173076
1489 -172.41038461 -188.96752747 -155.85324175
1490 -172.54653846 -189.11832417 -155.97475274
1491 -172.68269230 -189.26912087 -156.09626373
1492 -172.81884615 -189.41991758 -156.21777472
1493 -172.95500000 -189.57071428 -156.33928571
1494 -173.09115384 -189.72151098 -156.46079670
1495 -173.22730769 -189.87230769 -156.58230769
1496 -173.36346153 -190.02310439 -156.70381868
1497 -173.49961538 -190.17390109 -156.82532967
1498 -173.63576923 -190.32469780 -156.94684065
1499 -173.77192307 -190.47549450 -157.06835164
1500 -173.90807692 -190.62629120 -157.18986263
1501 -174.04423076 -190.77708791 -157.31137362
1502 -174.18038461 -190.92788461 -157.43288461
1503 -174.31653846 -191.07868131 -157.55439560
1504 -174.45269230 -191.22947802 -157.67590659
1505 -174.58884615 -191.38027472 -157.79741758
1506 -174.72500000 -191.53107142 -157.91892857
1507 -174.86115384 -191.68186813 -158.04043956
1508 -174.99730769 -191.83266483 -158.16195054
1509 -175.13346153 -191.98346153 -158.28346153
1510 -175.26961538 -192.13425824 -158.40497252
1511 -175.40576923 -192.28505494 -158.52648351
1512 -175.54192307 -192.43585164 -158.64799450
1513 -175.67807692 -192.58664835 -158.76950549
1514 -175.81423076 -192.73744505 -158.89101648
1515 -175.95038461 -192.88824175 -159.01252747
1516 -176.08653846 -193.03903846 -159.13403846
1517 -176.22269230 -193.18983516 -159.25554945
1518 -176.35884615 -193.34063186 -159.37706043
1519 -176.49500000 -193.49142857 -159.49857142
1520 -176.63115384 -193.64222527 -159.62008241
1521 -176.76730769 -193.79302197 -159.74159340
1522 -176.90346153 -193.94381868 -159.86310439
1523 -177.03961538 -194.09461538 -159.98461538
1524 -177.17576923 -194.24541208 -160.10612637
1525 -177.31192307 -194.39620879 -160.22763736
1526 -177.44807692 -194.54700549 -160.34914835
1527 -177.58423076 -194.69780219 -160.47065934
1528 -177.72038461 -194.84859890 -160.59217032
1529 -177.85653846 -194.99939560 -160.71368131
1530 -177.99269230 -195.15019230 -160.83519230
1531 -178.12884615 -195.30098901 -160.95670329
1532 -178.26500000 -195.45178571 -161.07821428
1533 -178.40115384 -195.60258241 -161.19972527
1534 -178.53730769 -195.75337912 -161.32123626
1535 -178.67346153 -195.90417582 -161.44274725
1536 -178.80961538 -196.05497252 -161.56425824
1537 -178.94576923 -196.20576923 -161.68576923
1538 -179.08192307 -196.35656593 -161.80728021
1539 -179.21807692 -196.50736263 -161.92879120
1540 -179.35423076 -196.65815934 -162.05030219
1541 -179.49038461 -196.80895604 -162.17181318
1542 -179.62653846 -196.95975274 -162.29332417
1543 -179.76269230 -197.11054945 -162.41483516
1544 -179.89884615 -197.26134615 -162.53634615
1545 -180.03500000 -197.41214285 -162.65785714
1546 -180.17115384 -197.56293956 -162.77936813
1547 -180.30730769 -197.71373626 -162.90087912
1548 -180.44346153 -197.86453296 -163.02239010
1549 -180.57961538 -198.01532967 -163.14390109
1550 -180.71576923 -198.16612637 -163.26541208
1551 -180.85192307 -198.31692307 -163.38692307
1552 -180.98807692 -198.46771978 -163.50843406
1553 -181.12423076 -198.61851648 -163.62994505
1554 -181.26038461 -198.76931318 -163.75145604
1555 -181.39653846 -198.92010989 -163.87296703
1556 -181.53269230 -199.07090659 -163.99447802
1557 -181.66884615 -199.22170329 -164.11598901
1558 -181.80500000 -199.37250000 -164.23750000
1559 -181.94115384 -199.52329670 -164.35901098
1560 -182.07730769 -199.67409340 -164.48052197
1561 -182.21346153 -199.82489010 -164.60203296
1562 -182.34961538 -199.97568681 -164.72354395
1563 -182.48576923 -200.12648351 -164.84505494
1564 -182.62192307 -200.27728021 -164.96656593
1565 -182.75807692 -200.42807692 -165.08807692
1566 -182.89423076 -200.57887362 -165.20958791
1567 -183.03038461 -200.72967032 -165.33109890
1568 -183.16653846 -200.88046703 -165.45260989
1569 -183.30269230 -201.03126373 -165.57412087
1570 -183.43884615 -201.18206043 -165.69563186
1571 -183.57500000 -201.33285714 -165.81714285
1572 -183.71115384 -201.48365384 -165.93865384
1573 -183.84730769 -201.63445054 -166.06016483
1574 -183.98346153 -201.78524725 -166.18167582
1575 -184.11961538 -201.93604395 -166.30318681
1576 -184.25576923 -202.08684065 -166.42469780
1577 -184.39192307 -202.23763736 -166.54620879
1578 -184.52807692 -202.38843406 -166.66771978
1579 -184.66423076 -202.53923076 -166.78923076
1580 -184.80038461 -202.69002747 -166.91074175
1581 -184.93653846 -202.84082417 -167.03225274
1582 -185.07269230 -202.99162087 -167.15376373
1583 -185.20884615 -203.14241758 -167.27527472
1584 -185.34500000 -203.29321428 -167.39678571
1585 -185.48115384 -203.44401098 -167.51829670
1586 -185.61730769 -203.59480769 -167.63980769
1587 -185.75346153 -203.74560439 -167.76131868
1588 -185.88961538 -203.89640109 -167.88282967
1589 -186.02576923 -204.04719780 -168.00434065
1590 -186.16192307 -204.19799450 -168.12585164
1591 -186.29807692 -204.34879120 -168.24736263
1592 -186.43423076 -204.49958791 -168.36887362
1593 -186.57038461 -204.65038461 -168.49038461
1594 -186.70653846 -204.80118131 -168.61189560
1595 -186.84269230 -204.95197802 -168.73340659
1596 -186.97884615 -205.10277472 -168.85491758
1597 -187.11500000 -205.25357142 -168.97642857
1598 -187.25115384 -205.40436813 -169.09793956
1599 -187.38730769 -205.55516483 -169.21945054
1600 -187.52346153 -205.70596153 -169.34096153
1601 -187.65961538 -205.85675824 -169.46247252
1602 -187.79576923 -206.00755494 -169.58398351
1603 -187.93192307 -206.15835164 -169.70549450
1604 -188.06807692 -206.30914835 -169.82700549
1605 -188.20423076 -206.45994505 -169.94851648
1606 -188.34038461 -206.61074175 -170.07002747
1607 -188.47653846 -206.76153846 -170.19153846
1608 -188.61269230 -206.91233516 -170.31304945
1609 -188.74884615 -207.06313186 -170.43456043
1610 -188.88500000 -207.21392857 -170.55607142
1611 -189.02115384 -207.36472527 -170.67758241
1612 -189.15730769 -207.51552197 -170.79909340
1613 -189.29346153 -207.66631868 -170.92060439
1614 -189.42961538 -207.81711538 -171.04211538
1615 -189.56576923 -207.96791208 -171.16362637
1616 -189.70192307 -208.11870879 -171.28513736
1617 -189.83807692 -208.26950549 -171.40664835
1618 -189.97423076 -208.42030219 -171.52815934
1619 -190.11038461 -208.57109890 -171.64967032
1620 -190.24653846 -208.72189560 -171.77118131
1621 -190.38269230 -208.87269230 -171.89269230
1622 -190.51884615 -209.02348901 -172.01420329
1623 -190.65500000 -209.17428571 -172.13571428
1624 -190.79115384 -209.32508241 -172.25722527
1625 -190.92730769 -209.47587912 -172.37873626
1626 -191.06346153 -209.62667582 -172.50024725
1627 -191.19961538 -209.77747252 -172.62175824
1628 -191.33576923 -209.92826923 -172.74326923
1629 -191.47192307 -210.07906593 -172.86478021
1630 -191.60807692 -210.22986263 -172.98629120
1631 -191.74423076 -210.38065934 -173.10780219
1632 -191.88038461 -210.53145604 -173.22931318
1633 -192.01653846 -210.68225274 -173.35082417
1634 -192.15269230 -210.83304945 -173.47233516
1635 -192.28884615 -210.98384615 -173.59384615
1636 -192.42500000 -211.13464285 -173.71535714
1637 -192.56115384 -211.28543956 -173.83686813
1638 -192.69730769 -211.43623626 -173.95837912
1639 -192.83346153 -211.58703296 -174.07989010
1640 -192.96961538 -211.73782967 -174.20140109
1641 -193.10576923 -211.88862637 -174.32291208
1642 -193.24192307 -212.03942307 -174.44442307
1643 -193.37807692 -212.19021978 -174.56593406
1644 -193.51423076 -212.34101648 -174.68744505
1645 -193.65038461 -212.49181318 -174.80895604
1646 -193.78653846 -212.64260989 -174.93046703
1647 -193.92269230 -212.79340659 -175.05197802
1648 -194.05884615 -212.94420329 -175.17348901
1649 -194.19500000 -213.09500000 -175.29500000
1650 -194.33115384 -213.24579670 -175.41651098
1651 -194.46730769 -213.39659340 -175.53802197
1652 -194.60346153 -213.54739010 -175.65953296
1653 -194.73961538 -213.69818681 -175.78104395
1654 -194.87576923 -213.84898351 -175.90255494
1655 -195.01192307 -213.99978021 -176.02406593
1656 -195.14807692 -214.15057692 -176.14557692
1657 -195.28423076 -214.30137362 -176.26708791
1658 -195.42038461 -214.45217032 -176.38859890
1659 -195.55653846 -214.60296703 -176.51010989
1660 -195.69269230 -214.75376373 -176.63162087
1661 -195.82884615 -214.90456043 -176.75313186
1662 -195.96500000 -215.05535714 -176.87464285
1663 -196.10115384 -215.20615384 -176.99615384
1664 -196.23730769 -215.35695054 -177.11766483
1665 -196.37346153 -215.50774725 -177.23917582
1666 -196.50961538 -215.65854395 -177.36068681
1667 -196.64576923 -215.80934065 -177.48219780
1668 -196.78192307 -215.96013736 -177.60370879
1669 -196.91807692 -216.11093406 -177.72521978
1670 -197.05423076 -216.26173076 -177.84673076
1671 -197.19038461 -216.41252747 -177.96824175
1672 -197.32653846 -216.56332417 -178.08975274
1673 -197.46269230 -216.71412087 -178.21126373
1674 -197.59884615 -216.86491758 -178.33277472
1675 -197.73500000 -217.01571428 -178.45428571
1676 -197.87115384 -217.16651098 -178.57579670
1677 -198.00730769 -217.31730769 -178.69730769
1678 -198.14346153 -217.46810439 -178.81881868
1679 -198.27961538 -217.61890109 -178.94032967
1680 -198.41576923 -217.76969780 -179.06184065
1681 -198.55192307 -217.92049450 -179.18335164
1682 -198.68807692 -218.07129120 -179.30486263
1683 -198.82423076 -218.22208791 -179.42637362
1684 -198.96038461 -218.37288461 -179.54788461
1685 -199.09653846 -218.52368131 -179.66939560
1686 -199.23269230 -218.67447802 -179.79090659
1687 -199.36884615 -218.82527472 -179.91241758
1688 -199.50500000 -218.97607142 -180.03392857
1689 -199.64115384 -219.12686813 -180.15543956
1690 -199.77730769 -219.27766483 -180.27695054
1691 -199.91346153 -219.42846153 -180.39846153
1692 -200.04961538 -219.57925824 -180.51997252
1693 -200.18576923 -219.73005494 -180.64148351
1694 -200.32192307 -219.88085164 -180.76299450
1695 -200.45807692 -220.03164835 -180.88450549
1696 -200.59423076 -220.18244505 -181.00601648
1697 -200.73038461 -220.33324175 -181.12752747
1698 -200.86653846 -220.48403846 -181.24903846
1699 -201.00269230 -220.63483516 -181.37054945
1700 -201.13884615 -220.78563186 -181.49206043
1701 -201.27500000 -220.93642857 -181.61357142
1702 -201.41115384 -221.08722527 -181.73508241
1703 -201.54730769 -221.23802197 -181.85659340
1704 -201.68346153 -221.38881868 -181.97810439
1705 -201.81961538 -221.53961538 -182.09961538
1706 -201.95576923 -221.69041208 -182.22112637
1707 -202.09192307 -221.84120879 -182.34263736
1708 -202.22807692 -221.99200549 -182.46414835
1709 -202.36423076 -222.14280219 -182.58565934
1710 -202.50038461 -222.29359890 -182.70717032
1711 -202.63653846 -222.44439560 -182.82868131
1712 -202.77269230 -222.59519230 -182.95019230
1713 -202.90884615 -222.74598901 -183.07170329
1714 -203.04500000 -222.89678571 -183.19321428
1715 -203.18115384 -223.04758241 -183.31472527
1716 -203.31730769 -223.19837912 -183.43623626
1717 -203.45346153 -223.34917582 -183.55774725
1718 -203.58961538 -223.49997252 -183.67925824
1719 -203.72576923 -223.65076923 -183.80076923
1720 -203.86192307 -223.80156593 -183.92228021
1721 -203.99807692 -223.95236263 -184.04379120
1722 -204.13423076 -224.10315934 -184.16530219
1723 -204.27038461 -224.25395604 -184.28681318
1724 -204.40653846 -224.40475274 -184.40832417
1725 -204.54269230 -224.55554945 -184.52983516
1726 -204.67884615 -224.70634615 -184.65134615
1727 -204.81500000 -224.85714285 -184.77285714
1728 -204.95115384 -225.00793956 -184.89436813
1729 -205.08730769 -225.15873626 -185.01587912
1730 -205.22346153 -225.30953296 -185.13739010
1731 -205.35961538 -225.46032967 -185.25890109
1732 -205.49576923 -225.61112637 -185.38041208
1733 -205.63192307 -225.76192307 -185.50192307
1734 -205.76807692 -225.91271978 -185.62343406
1735 -205.90423076 -226.06351648 -185.74494505
1736 -206.04038461 -226.21431318 -185.86645604
1737 -206.17653846 -226.36510989 -185.98796703
1738 -206.31269230 -226.51590659 -186.10947802
1739 -206.44884615 -226.66670329 -186.23098901
1740 -206.58500000 -226.81750000 -186.35250000
1741 -206.72115384 -226.96829670 -186.47401098
1742 -206.85730769 -227.11909340 -186.59552197
1743 -206.99346153 -227.26989010 -186.71703296
1744 -207.12961538 -227.42068681 -186.83854395
1745 -207.26576923 -227.57148351 -186.96005494
1746 -207.40192307 -227.72228021 -187.08156593
1747 -207.53807692 -227.87307692 -187.20307692
1748 -207.67423076 -228.02387362 -187.32458791
1749 -207.81038461 -228.17467032 -187.44609890
1750 -207.94653846 -228.32546703 -187.56760989
1751 -208.08269230 -228.47626373 -187.68912087
1752 -208.21884615 -228.62706043 -187.81063186
1753 -208.35500000 -228.77785714 -187.93214285
1754 -208.49115384 -228.92865384 -188.05365384
1755 -208.62730769 -229.07945054 -188.17516483
1756 -208.76346153 -229.23024725 -188.29667582
1757 -208.89961538 -229.38104395 -188.41818681
1758 -209.03576923 -229.53184065 -188.53969780
1759 -209.17192307 -229.68263736 -188.66120879
1760 -209.30807692 -229.83343406 -188.78271978
1761 -209.44423076 -229.98423076 -188.90423076
1762 -209.58038461 -230.13502747 -189.02574175
1763 -209.71653846 -230.28582417 -189.14725274
1764 -209.85269230 -230.43662087 -189.26876373
1765 -209.98884615 -230.58741758 -189.39027472
1766 -210.12500000 -230.73821428 -189.51178571
1767 -210.26115384 -230.88901098 -189.63329670
1768 -210.39730769 -231.03980769 -189.75480769
1769 -210.53346153 -231.19060439 -189.87631868
1770 -210.66961538 -231.34140109 -189.99782967
1771 -210.80576923 -231.49219780 -190.11934065
1772 -210.94192307 -231.64299450 -190.24085164
1773 -211.07807692 -231.79379120 -190.36236263
1774 -211.21423076 -231.94458791 -190.48387362
1775 -211.35038461 -232.09538461 -190.60538461
1776 -211.48653846 -232.24618131 -190.72689560
1777 -211.62269230 -232.39697802 -190.84840659
1778 -211.75884615 -232.54777472 -190.96991758
1779 -211.89500000 -232.69857142 -191.09142857
1780 -212.03115384 -232.84936813 -191.21293956
1781 -212.16730769 -233.00016483 -191.33445054
1782 -212.30346153 -233.15096153 -191.45596153
1783 -212.43961538 -233.30175824 -191.57747252
1784 -212.57576923 -233.45255494 -191.69898351
1785 -212.71192307 -233.60335164 -191.82049450
1786 -212.84807692 -233.75414835 -191.94200549
1787 -212.98423076 -233.90494505 -192.06351648
1788 -213.12038461 -234.05574175 -192.18502747
1789 -213.25653846 -234.20653846 -192.30653846
1790 -213.39269230 -234.35733516 -192.42804945
1791 -213.52884615 -234.50813186 -192.54956043
1792 -213.66500000 -234.65892857 -192.67107142
1793 -213.80115384 -234.80972527 -192.79258241
1794 -213.93730769 -234.96052197 -192.91409340
1795 -214.07346153 -235.11131868 -193.03560439
1796 -214.20961538 -235.26211538 -193.15711538
1797 -214.34576923 -235.41291208 -193.27862637
1798 -214.48192307 -235.56370879 -193.40013736
1799 -214.61807692 -235.71450549 -193.52164835
1800 -214.75423076 -235.86530219 -193.64315934
1801 -214.89038461 -236.01609890 -193.76467032
1802 -215.02653846 -236.16689560 -193.88618131
1803 -215.16269230 -236.31769230 -194.00769230
1804 -215.29884615 -236.46848901 -194.12920329
1805 -215.43500000 -236.61928571 -194.25071428
1806 -215.57115384 -236.77008241 -194.37222527
1807 -215.70730769 -236.92087912 -194.49373626
1808 -215.84346153 -237.07167582 -194.61524725
1809 -215.97961538 -237.22247252 -194.73675824
1810 -216.11576923 -237.37326923 -194.85826923
1811 -216.25192307 -237.52406593 -194.97978021
1812 -216.38807692 -237.67486263 -195.10129120
1813 -216.52423076 -237.82565934 -195.22280219
1814 -216.66038461 -237.97645604 -195.34431318
1815 -216.79653846 -238.12725274 -195.46582417
1816 -216.93269230 -238.27804945 -195.58733516
1817 -217.06884615 -238.42884615 -195.70884615
1818 -217.20500000 -238.57964285 -195.83035714
1819 -217.34115384 -238.73043956 -195.95186813
1820 -217.47730769 -238.88123626 -196.07337912
1821 -217.61346153 -239.03203296 -196.19489010
1822 -217.74961538 -239.18282967 -196.31640109
1823 -217.88576923 -239.33362637 -196.43791208
1824 -218.02192307 -239.48442307 -196.55942307
1825 -218.15807692 -239.63521978 -196.68093406
1826 -218.29423076 -239.78601648 -196.80244505
1827 -218.43038461 -239.93681318 -196.92395604
1828 -218.56653846 -240.08760989 -197.04546703
1829 -218.70269230 -240.23840659 -197.16697802
1830 -218.83884615 -240.38920329 -197.28848901
1831 -218.97500000 -240.54000000 -197.41000000
