 1.97024130217
2 2.82898039145709
1 3.43263600000051
4 4.48671532878067
5 5.5338096517952
6 6.58098132725103
7 7.67339013144446
8 8.76588037554911
9 9.85845203987304
10 10.9511051288695
11 12.02223972076
12 13.0934464075581
13 14.1166346930026
14 15.1398912502893
15 16.1632160722246
16 17.1866091660068
17 18.2100705244348
18 19.2320563002605
19 20.2541097141624
20 21.2762307661442
21 22.2984194562031
22 23.3206757843392
23 24.3429997505542
24 25.3653913548474
25 26.3930613836286
26 27.4208011779956
27 28.4486107307353
28 29.4764900490599
29 30.5044391257562
30 31.5324579680421
31 32.560546568695
32 33.5887049349384
33 34.7392836781574
34 35.8855121248502
35 37.0318182355516
36 38.1782020219141
37 39.3246634606298
38 40.4712025633514
39 41.6178193300788
40 42.7645137608111
41 43.9112858555538
42 45.0581356143005
43 46.2050630487138
44 47.352068135474
45 48.4991508862418
46 49.6463113010163
47 50.7935493797966
48 51.9408651225837
49 53.0882585293766
50 54.2357296118398
51 55.3832783466471
52 56.5309047454611
53 57.6786088082819
54 58.8263905351084
55 59.9742499259417
56 61.1221869807827
57 62.270201711294
58 63.4182940941484
59 64.5664641410077
60 65.7147118518755
61 66.8976594158892
62 68.0806873869326
63 69.2637957650086
64 70.4469845501151
65 71.6302537539225
66 72.8105612997826
67 73.9909478029357
68 75.1714132560972
69 76.3519576629128
70 77.5325810270222
71 78.7132833411411
72 79.8940646089094
73 81.07492484565
74 82.2558640207226
75 83.4368821494463
76 84.6179792354732
77 85.7991552714994
78 86.9804102611786
79 88.1617442081619
80 89.3431571051435
81 90.5246489557773
82 91.7062197753936
83 92.8878695333317
84 94.06959824492
85 95.251405913818
86 96.4332925327106
87 97.6152581052534
88 98.7973026351088
89 99.9794261149559
90 101.161628560134
91 102.343909950946
92 103.526270291748
93 104.708709586202
94 105.891227837972
95 107.12689413079
96 108.354024768266
97 109.581234172634
98 110.808522359924
99 112.035889322122
100 113.263335062896
101 114.490859563223
102 115.718462850142
103 116.946144915642
104 118.173905752375
105 119.401745364015
106 120.629663742551
107 121.857660904007
108 123.085736840369
109 124.313891555317
110 125.542125029805
111 126.770437290887
112 127.998828330561
113 129.227298141459
114 130.455846727264
115 131.684474079969
116 132.913180215589
117 134.141965126117
118 135.370828815237
119 136.599771263887
120 137.828792499135
121 139.057892512981
122 140.287071298043
123 141.516328858014
124 142.745665184889
125 143.975080294673
126 145.203020688879
127 146.431039088373
128 147.659135485151
129 148.887309895217
130 150.115562310571
131 151.34389273121
132 152.572301160837
133 153.800787580351
134 155.029352016852
135 156.257994458638
136 157.48671490571
137 158.715513350072
138 159.944389807719
139 161.173344270652
140 162.402376738871
141 163.631487216085
142 164.860675683176
143 166.089942167256
144 167.31928665662
145 168.548709154985
146 169.778209643221
147 171.007788148446
148 172.237444658958
149 173.467179174758
150 174.69699169956
151 175.926882214225
152 177.156850745884
153 178.38689728283
154 179.617021828781
155 180.847224364592
156 182.077504917398
157 183.303099153342
158 184.528769055972
159 185.754514617844
160 186.980335830966
161 188.206232722488
162 189.432205273246
163 190.658253486967
164 191.884377355667
165 193.110576895313
166 194.336852097922
167 195.563202967227
168 196.789629495762
169 198.016131675546
170 199.24270953374
171 200.469363051163
172 201.696092231549
173 202.922897066919
174 204.14977757323
175 205.376733742504
176 206.60376557848
177 207.83087307368
178 209.058056220124
179 210.285315044992
180 211.51264952908
181 212.74005967613
182 213.967545478169
183 215.195106951146
184 216.422744087084
185 217.651548121124
186 218.880427891343
187 220.129899352268
188 221.379456579642
189 222.629099577681
190 223.878828326694
191 225.128642842156
192 226.378543116559
193 227.628529153658
194 228.87860095345
195 230.128758519697
196 231.379001844881
197 232.629330944487
198 233.879745798822
199 235.130246412092
200 236.380832788058
201 237.631504930482
202 238.882262831838
203 240.133106495889
204 241.384035922636
205 242.635051127575
206 243.886152079712
207 245.137338794544
208 246.388611275842
209 247.639969516066
210 248.891413518983
211 250.142943288371
212 251.394558816679
213 252.646260119417
214 253.898047173117
215 255.149919993289
216 256.401878572378
217 257.653922914163
218 258.906053022423
219 260.158268889599
220 261.395604266716
221 262.633018149665
222 263.87051055775
223 265.108081459931
224 266.345730875509
225 267.583458800706
226 268.821265231729
227 270.059150176155
228 271.297113626408
229 272.535155590067
230 273.773276071291
231 275.011475054179
232 276.249752546685
233 277.488108545012
234 278.726543056749
235 279.965056074305
236 281.203647605273
237 282.442317645856
238 283.681066204003
239 284.919893263818
240 286.158798829448
241 287.397782908496
242 288.636845493356
243 289.875986591634
244 291.115206199527
245 292.354504313232
246 293.593880940356
247 294.83333608504
248 296.072869731395
249 297.314976548821
250 298.557163076412
251 299.799429314168
252 301.041775262089
253 302.284200920173
254 303.526706288423
255 304.769291378589
256 306.011956167169
257 307.254700665913
258 308.497524874822
259 309.740428793895
260 310.983412423134
261 312.226475762536
262 313.469618812104
263 314.712841583592
264 315.956144053491
265 317.199526233553
266 318.44298812378
267 319.686529724172
268 320.93015103473
269 322.173852055451
270 323.417632786337
271 324.661493239148
272 325.905433390364
273 327.149453251745
274 328.39355282329
275 329.637732105
276 330.887856344888
277 332.139049971272
278 333.390324225059
279 334.641679090398
280 335.893114571378
281 337.144630675672
282 338.396227407371
283 339.64790475062
284 340.89966270951
285 342.151501291715
286 343.403420489557
287 344.655420322485
288 345.907500759281
289 347.159661819399
290 348.411903495149
291 349.664225794221
292 350.916628720695
293 352.169112258723
294 353.42167641238
295 354.674321189366
296 355.927046593747
297 357.179852609688
298 358.432739241254
299 359.685706496149
300 360.93875436667
301 362.191882872293
302 363.445091981768
303 364.698381714576
304 365.951752063003
305 367.205203046541
306 368.458734633923
307 369.712346844643
308 370.968219759116
309 372.224174329263
310 373.480210574587
311 374.736328467673
312 375.992528016431
313 377.248809228591
314 378.505172100288
315 379.761616639433
316 381.018142830206
317 382.274750676645
318 383.531440186492
319 384.788211367657
320 386.045064192707
321 387.301998681165
322 388.559014829162
323 389.816112632821
324 391.073292111674
325 392.330553238284
326 393.587896020552
327 394.845320466234
328 396.10282658324
329 397.360414344118
330 398.618083768413
331 399.875834848365
332 401.133667591736
333 402.391582006429
334 403.649578064989
335 404.907655786972
336 406.165815168492
337 407.424056205661
338 408.682378918045
339 409.948216908881
340 411.214140083498
341 412.480148434116
342 413.746241976416
343 415.012420690709
344 416.278684580999
345 417.545033651181
346 418.811467905151
347 420.077987346906
348 421.34459195676
349 422.611281750405
350 423.878056720041
351 425.144916881362
352 426.411862214682
353 427.678892723991
354 428.946008413191
355 430.213209286186
356 431.480495346964
357 432.747866575836
358 434.015322988508
359 435.282864577161
360 436.550491345706
361 437.818203309851
362 439.086000438179
363 440.353882746395
364 441.621850238417
365 442.889902918217
366 444.158040766108
367 445.426263797806
368 446.721921510378
369 448.016773617517
370 449.311712628594
371 450.606738516079
372 451.901851299618
373 453.19705097529
374 454.492337543094
375 455.78771099911
376 457.083171362985
377 458.37871860719
378 459.674352743529
379 460.970073771998
380 462.265881688674
381 463.561776513218
382 464.857758218088
383 466.153826815092
384 467.449982304228
385 468.746224681565
386 470.042553966778
387 471.338970132313
388 472.635473189982
389 473.932063135848
390 475.228739977782
391 476.52550371185
392 477.822354349865
393 479.119291868198
394 480.416316274725
395 481.713427577325
396 483.01062577206
397 484.307910870741
398 485.605282845796
399 486.90274171693
400 488.200287480196
401 489.497920135595
402 490.795639694945
403 492.093446130661
404 493.391339462459
405 494.689319686391
406 495.987386802456
407 497.285540810655
408 498.583781718851
409 499.882109511316
410 501.180524195914
411 502.479025772644
412 503.777614237548
413 505.076289610369
414 506.375051863498
415 507.673901008762
416 508.972837046158
417 510.271859971724
418 511.570969805211
419 512.870166519007
420 514.169450124935
421 515.468820619031
422 516.768278009224
423 518.067822291553
424 519.367453477841
425 520.667171544436
426 521.966976499193
427 523.266868350054
428 524.566847093045
429 525.866912740003
430 527.167065267263
431 528.46730468268
432 529.767630994206
433 531.068044197865
434 532.36854430549
435 533.669131289437
436 534.969805169495
437 536.270565941687
438 537.571413606011
439 538.872348162468
440 540.173369618911
441 541.474477959635
442 542.775673192491
443 544.076955317482
444 545.378324330618
445 546.679780251712
446 547.981323053101
447 549.282952746624
448 550.58466933228
449 551.886472806075
450 553.188363187838
451 554.490340449894
452 555.792404604082
453 557.094555650403
454 558.396793584861
455 559.699118415449
456 561.001530150013
457 562.304028764867
458 563.606614267853
459 564.909286666972
460 566.212045958224
461 567.516322742326
462 568.820687085379
463 570.125138991222
464 571.42967846386
465 572.734305507297
466 574.039020113522
467 575.343822302401
468 576.648712042212
469 577.953689348821
470 579.258754226234
471 580.563906666429
472 581.869146685269
473 583.174474263067
474 584.479889403644
475 585.785392111017
476 587.0909823892
477 588.396660242012
478 589.702425653786
479 591.008278628333
480 592.314219169676
481 593.620247281834
482 594.926362956764
483 596.232566210343
484 597.538857022885
485 598.845235398198
486 600.151701340304
487 601.458254853232
488 602.764895940784
489 604.071624587303
490 605.378440796584
491 606.685344572661
492 607.992335919564
493 609.299414841089
494 610.606581317547
495 611.913835364835
496 613.221176974882
497 614.528606151721
498 615.836122899395
499 617.143727221686
500 618.45141910295
501 619.759198546966
502 621.067065557778
503 622.375020139425
504 623.683062295689
505 624.991192006882
506 626.299409288915
507 627.607714133697
508 628.916106545271
509 630.224586539556
510 631.533154084719
511 632.841809196675
512 634.150551879479
513 635.459382125024
514 636.768299941415
515 638.07730533242
516 639.386398278347
517 640.695578795125
518 642.004846874641
519 643.314202520949
520 644.623645749985
521 645.933176529882
522 647.242794876573
523 648.552500794121
524 649.862294274401
525 651.172175337413
526 652.482143951281
527 653.792200131943
528 655.102343883466
529 656.412575197715
530 657.722894078758
531 659.033300542545
532 660.343794557176
533 661.654376138602
534 662.965045290894
535 664.275802005908
536 665.586646303672
537 666.897578152273
538 668.208597567669
539 669.519704553937
540 670.830899102921
541 672.14218123058
542 673.453550917234
543 674.765008166601
544 676.07655298276
545 677.388185369797
546 678.699905319546
547 680.011712852059
548 681.323607935394
549 682.635590585525
550 683.840297364281
551 685.044801380525
552 686.2470123037
553 687.41468564804
554 688.582034653271
555 689.749060549323
556 690.915762426242
557 692.082139349758
558 693.248192538012
559 694.413921104667
560 695.579324828777
561 696.744402768464
562 697.909156189155
563 699.073584798949
564 700.237687116608
565 701.40146284961
566 702.564913252024
567 703.728037401439
568 704.890834351105
569 706.05330537898
570 707.2154495506
571 708.377266656628
572 709.538755762411
573 710.699918157943
574 711.860752884337
575 713.021259649289
576 714.18143846982
577 715.341289029357
578 716.500811130712
579 717.660003838878
580 718.818868443652
581 719.97740400222
582 721.135610316868
583 722.293486440481
584 723.451033687235
585 724.608251097651
586 725.765137724464
587 726.921695548559
588 728.077922289022
589 729.233818414994
590 730.389382979006
591 731.544617295026
592 732.699520415563
593 733.854092143098
594 735.008331529491
595 736.162239889307
596 737.315816298676
597 738.469059761669
598 739.62197164472
599 740.774551666425
600 741.926798259587
601 743.078711154965
602 744.230291702635
603 745.381538942639
604 746.532452677214
605 747.683031933819
606 748.833278086977
607 749.983190176534
608 751.132767205959
609 752.282010585634
610 753.430919319512
611 754.579493900226
612 755.727731997116
613 756.875635676004
614 758.023203963961
615 759.17043588064
616 760.317332812363
617 761.463893798469
618 762.610118652809
619 763.756006366341
620 764.90155836181
621 766.046773678353
622 767.191652093462
623 768.33619333744
624 769.480397438576
625 770.624264102775
626 771.767792321144
627 772.910983552479
628 774.053836787347
629 775.196351851291
630 776.338527747136
631 777.480365909468
632 778.621865353019
633 779.763025903261
634 780.903846526489
635 782.044329425391
636 783.184472170977
637 784.324274445443
638 785.463737743836
639 786.602861044203
640 787.741644171874
641 788.880086117178
642 790.018188362855
643 791.161161961747
644 792.30379667036
645 793.446091449484
646 794.588047796832
647 795.729665433176
648 796.870941883264
649 798.011879364955
650 799.152476874659
651 800.292734232019
652 801.432650385515
653 802.572226885072
654 803.711462686921
655 804.850356771587
656 805.988910661102
657 807.12712332764
658 808.264994590697
659 809.402524162327
660 810.539712100718
661 811.676558117887
662 812.813062029072
663 813.949222802443
664 815.085041996221
665 816.220518558271
666 817.355651448248
667 818.490442240632
668 819.624889883128
669 820.758994202772
670 821.892754167371
671 823.026172087853
672 824.159245406986
673 825.291974732146
674 826.424358998664
675 827.556399781425
676 828.688096051585
677 829.819446728181
678 830.950453430455
679 832.081115101333
680 833.211431571822
681 834.34140176493
682 835.471027315616
683 836.600307911567
684 837.729240958237
685 838.857828863151
686 839.986070545591
687 841.11396583224
688 842.241513669618
689 843.368715693054
690 844.495570813222
691 845.622078884824
692 846.748238826064
693 847.874052292842
694 848.999518191403
695 850.124636244894
696 851.249406546999
697 852.373828796934
698 853.497902837321
699 854.621627578237
700 855.745004687241
701 856.868033082824
702 857.990712615292
703 859.113042194495
704 860.235023492429
705 861.356655418946
706 862.477937696939
707 863.598870420015
708 864.719453306831
709 865.839686172366
710 866.959567945803
711 868.079100311476
712 869.198282190819
713 870.317113414236
714 871.43559287902
715 872.553722313358
716 873.671500622985
717 874.788926688847
718 875.906003057115
719 877.022727009731
720 878.139099190538
721 879.255118508411
722 880.370786684196
723 881.486102610579
724 882.601065192765
725 883.715676171473
726 884.829934431488
727 885.943839826908
728 887.057391242294
729 888.170590422831
730 889.283437091
731 890.395929444735
732 891.508067202768
733 892.619852106275
734 893.731283063553
735 894.830391360083
736 895.929142063713
737 897.027534049674
738 898.252002044268
739 899.476491419382
740 900.701002807786
741 901.925533532934
742 903.150087157223
743 904.374660033942
744 905.599254891628
745 906.823870553956
746 908.048507282485
747 909.273165717849
748 910.497843158832
749 911.722543204657
750 912.947262159726
751 914.172003627772
752 915.396763904418
753 916.621546617611
754 917.846348047233
755 919.071171817243
756 920.296015213715
757 921.520878869652
758 922.745763057882
759 923.970667416951
760 925.195592216222
761 926.420537089951
762 927.645502319504
763 928.870487543357
764 930.095493022383
765 931.320519401837
766 932.545563942666
767 933.770630306354
768 934.995714722841
769 936.220820889835
770 937.445945029276
771 938.67109081861
772 939.896254479495
773 941.121439710158
774 942.34664373485
775 943.57186635533
776 944.797110411259
777 946.022372110765
778 947.247655157012
779 948.472955754389
780 949.69827761405
781 950.923617959499
782 952.148977431953
783 953.374356329182
784 954.59975425249
785 955.825171499664
786 957.050607704514
787 958.276063148561
788 959.501537441598
789 960.727030893431
790 961.952544160981
791 963.178074386878
792 964.403625391839
793 965.629193270263
794 966.854781843144
795 968.080387192582
796 969.306013144135
797 970.531655783025
798 971.757318947088
799 972.98299976191
800 974.208698893062
801 975.434416646156
802 976.660152635023
803 977.885907156702
804 979.111679800975
805 980.337470909495
806 981.563279155407
807 982.789107557282
808 984.014953203706
809 985.240816764732
810 986.46669854945
811 987.692598147511
812 988.918515900633
813 990.144451382119
814 991.370404909687
815 992.59637717766
816 993.822365228977
817 995.048373012175
818 996.274396509866
819 997.500439630534
820 998.726498380511
821 999.952576684883
822 1001.17867049301
823 1002.40478379032
824 1003.63091360356
825 1004.85706061082
826 1006.08322515394
827 1007.30940680595
828 1008.53560590102
829 1009.76182201551
830 1010.98805547158
831 1012.21430587823
832 1013.44057354131
833 1014.66685915122
834 1015.89315973776
835 1017.11947928715
836 1018.34581371147
837 1019.57216609251
838 1020.79853511383
839 1022.02492108134
840 1023.25132359184
841 1024.47774297961
842 1025.70417993862
843 1026.93063142554
844 1028.15710152064
845 1029.38358607021
846 1030.61008914279
847 1031.83660657666
848 1033.06314245604
849 1034.28969258282
850 1035.51626107423
851 1036.74284488181
852 1037.96944468423
853 1039.1960608476
854 1040.42269292472
855 1041.64934127305
856 1042.87600544535
857 1044.10268579574
858 1045.32938303922
859 1046.5560940902
860 1047.78282308375
861 1049.00956579483
862 1050.23632635879
863 1051.46310054691
864 1052.68989252662
865 1053.91669802076
866 1055.14352123747
867 1056.37035903353
868 1057.59721117789
869 1058.82408090033
870 1060.05096391086
871 1061.2778644381
872 1062.50477815562
873 1063.7317092967
874 1064.95865354998
875 1066.18561514902
876 1067.41259093416
877 1068.63958162069
878 1069.86658759906
879 1071.09360839748
880 1072.32064438567
881 1073.54769510383
882 1074.77476093042
883 1076.00184140125
884 1077.22893690682
885 1078.4560481507
886 1079.68317196423
887 1080.91031261786
888 1082.13746575084
889 1083.36463564266
890 1084.59181792787
891 1085.81901688627
892 1087.04622934863
893 1088.2734560098
894 1089.50069727681
895 1090.72795266114
896 1091.95522255341
897 1093.18250648916
898 1094.40980485903
899 1095.63711617905
900 1096.86444383039
901 1098.0917845584
902 1099.31913912712
903 1100.54650789111
904 1101.7738903978
905 1103.00128704229
906 1104.22869732708
907 1105.45612165933
908 1106.68355955024
909 1107.91101140263
910 1109.13847795677
911 1110.36595592816
912 1111.5934497609
913 1112.82095490824
914 1114.04847582664
915 1115.27600798987
916 1116.50355583825
917 1117.73111483315
918 1118.95868943167
919 1120.18627633967
920 1121.41387628987
921 1122.64148968519
922 1123.86911604861
923 1125.09675577102
924 1126.32440837976
925 1127.552074269
926 1128.7797541838
927 1130.00744481356
928 1131.23514962381
929 1132.4628670884
930 1133.69059762243
931 1134.918340741
932 1136.14609685044
933 1137.37386542964
934 1138.60164692992
935 1139.82944209215
936 1141.05724755635
937 1142.28506786712
938 1143.51289837692
939 1144.74074365479
940 1145.96859904961
941 1147.19646913839
942 1148.42434924554
943 1149.65224396046
944 1150.88014990261
945 1152.1080678041
946 1153.33599812083
947 1154.56394032698
948 1155.79189484991
949 1157.01986118788
950 1158.24783976064
951 1159.47583004551
952 1160.70383248638
953 1161.93184784869
954 1163.1598727219
955 1164.38791170947
956 1165.61596010921
957 1166.84402255347
958 1168.07209431879
959 1169.30017899969
960 1170.52827632365
961 1171.7563828189
962 1172.98450317454
963 1174.21263263123
964 1175.44077585749
965 1176.66892808152
966 1177.89709400521
967 1179.12526885198
968 1180.35345731195
969 1181.58165591687
970 1182.80986543564
971 1184.0380863245
972 1185.26631803289
973 1186.49456103681
974 1187.72281477356
975 1188.95107971917
976 1190.17935532742
977 1191.40764205339
978 1192.63594069172
979 1193.86424769579
980 1195.09256786646
981 1196.32089632802
982 1197.54923786197
983 1198.77758759541
984 1200.00595032228
985 1201.2343211782
986 1202.46270494092
987 1203.69109807497
988 1204.91950137065
989 1206.14791528447
990 1207.376338193
991 1208.60477381585
992 1209.83321725113
993 1211.06167332612
994 1212.29013848025
995 1213.51861349638
996 1214.74709885399
997 1215.9755939822
998 1217.20409936944
999 1218.43261445243
1000 1219.66113971961
1001 1220.88967459557
1002 1222.11821957324
1003 1223.34677543454
1004 1224.5753385856
1005 1225.80391390415
1006 1227.03249642527
1007 1228.26109103914
1008 1229.48969278494
1009 1230.71830653217
1010 1231.94692730754
1011 1233.17556002613
1012 1234.40420105237
1013 1235.63285120141
1014 1236.86151094979
1015 1238.09017972624
1016 1239.31885803467
1017 1240.54754527956
1018 1241.77624197379
1019 1243.00494752942
1020 1244.23366244728
1021 1245.46238642212
1022 1246.6911191352
1023 1247.91986107978
1024 1249.14861167988
1025 1250.37737144851
1026 1251.60613978543
1027 1252.83491720817
1028 1254.06370452345
1029 1255.2924980251
1030 1256.52130274048
1031 1257.7501135669
1032 1258.97893553207
1033 1260.20776352081
1034 1261.4366025657
1035 1262.6654475422
1036 1263.89430350744
1037 1265.12316674982
1038 1266.35203804882
1039 1267.58091795398
1040 1268.80980584499
1041 1270.03870226245
1042 1271.26760658598
1043 1272.4965193531
1044 1273.72543993889
1045 1274.95436888089
1046 1276.18330700736
1047 1277.41225054913
1048 1278.64120461255
1049 1279.87016401125
1050 1281.09913384883
1051 1282.32810894617
1052 1283.55709326861
1053 1284.78608503277
1054 1286.01508481576
1055 1287.24409340215
1056 1288.47310701698
1057 1289.70213082572
1058 1290.93115957518
1059 1292.16019843121
1060 1293.38924215685
1061 1294.6182959093
1062 1295.84735588107
1063 1297.07642290072
1064 1298.30549753035
1065 1299.53457912024
1066 1300.76366823703
1067 1301.99276422195
1068 1303.22186766589
1069 1304.45097789481
1070 1305.68009549514
1071 1306.90922128369
1072 1308.13835142717
1073 1309.36749113345
1074 1310.59663511438
1075 1311.82578858726
1076 1313.05494623476
1077 1314.28411332307
1078 1315.51328448597
1079 1316.74246501879
1080 1317.97165103728
1081 1319.20084335076
1082 1320.43004257014
1083 1321.65924683257
1084 1322.8884602657
1085 1324.11767749436
1086 1325.34690380159
1087 1326.57613382392
1088 1327.805372866
1089 1329.03461701495
1090 1330.2638671243
1091 1331.49312375662
1092 1332.72238626601
1093 1333.95165523024
1094 1335.18092996698
1095 1336.41021109949
1096 1337.63949943313
1097 1338.86879104157
1098 1340.09809130867
1099 1341.32739477003
1100 1342.55670679777
1101 1343.78602193617
1102 1345.0083933965
1103 1346.26311456813
1104 1347.51791400389
1105 1348.77278626705
1106 1350.02773678256
1107 1351.28276161834
1108 1352.53786166041
1109 1353.79303753998
1110 1355.04828861385
1111 1356.30361551329
1112 1357.55901758289
1113 1358.81449547826
1114 1360.07004851965
1115 1361.325677387
1116 1362.58138138838
1117 1363.83716119162
1118 1365.09301612902
1119 1366.34894685634
1120 1367.60495270581
1121 1368.86103433323
1122 1370.1171926252
1123 1371.37342357438
1124 1372.62973271844
1125 1373.88611451967
1126 1375.14257451613
1127 1376.39910714543
1128 1377.65571795816
1129 1378.91240139153
1130 1380.16916299654
1131 1381.42599721
1132 1382.68290959543
1133 1383.93989455281
1134 1385.19695768251
1135 1386.45409338411
1136 1387.7113072462
1137 1388.9685952232
1138 1390.22595821418
1139 1391.48339688746
1140 1392.74091055053
1141 1393.99849989606
1142 1395.25616420719
1143 1396.51390418879
1144 1397.77171914823
1145 1399.02960974185
1146 1400.28757530127
1147 1401.54561650716
1148 1402.80373264249
1149 1404.06192441229
1150 1405.32019271617
1151 1406.57853344558
1152 1407.83695227736
1153 1409.09544353459
1154 1410.3540128945
1155 1411.61265464332
1156 1412.87137449513
1157 1414.13016673575
1158 1415.38903705537
1159 1416.64797973941
1160 1417.9070005149
1161 1419.1660936304
1162 1420.42526483767
1163 1421.68450836053
1164 1422.94382996332
1165 1424.20322549913
1166 1425.46269585576
1167 1426.72224176299
1168 1427.98186247895
1169 1429.24155872129
1170 1430.50132976028
1171 1431.76117632579
1172 1433.02109767584
1173 1434.28109452819
1174 1435.54116616516
1175 1436.80131330456
1176 1438.06153520431
1177 1439.32183258227
1178 1440.58220472063
1179 1441.84265233733
1180 1443.1031763329
1181 1444.36377249709
1182 1445.62444669523
1183 1446.88519303755
1184 1448.14601740193
1185 1449.40691391035
1186 1450.66788842896
1187 1451.92893506714
1188 1453.19005970363
1189 1454.45125644737
1190 1455.7125311897
1191 1456.973878027
1192 1458.23530285098
1193 1459.49679975761
1194 1460.75837463903
1195 1462.02002324658
1196 1463.28174649328
1197 1464.54354512185
1198 1465.80541837745
1199 1467.06736701501
1200 1468.32939025528
1201 1469.59148886542
1202 1470.85366206612
1203 1472.11591062461
1204 1473.37823377368
1205 1474.64063225627
1206 1475.9031053173
1207 1477.16565371192
1208 1478.42827667283
1209 1479.69097495522
1210 1480.95374947276
1211 1482.21659592548
1212 1483.47952029449
1213 1484.74251658634
1214 1486.00559078255
1215 1487.26873687707
1216 1488.53196088839
1217 1489.79525677348
1218 1491.05863056345
1219 1492.322076227
1220 1493.58559977131
1221 1494.84919517686
1222 1496.1128684634
1223 1497.37661358663
1224 1498.64043659111
1225 1499.90433312618
1226 1501.16830410582
1227 1502.43235032226
1228 1503.69647097109
1229 1504.96066684458
1230 1506.22493713827
1231 1507.48928264448
1232 1508.7537025587
1233 1510.01819767331
1234 1511.28276718372
1235 1512.54741189456
1236 1513.81213097682
1237 1515.07692524738
1238 1516.34179563296
1239 1517.60673770742
1240 1518.87175761627
1241 1520.1368492138
1242 1521.40201863374
1243 1522.66725971777
1244 1523.93257863663
1245 1525.19796919498
1246 1526.4634375762
1247 1527.72897758449
1248 1528.99459540368
1249 1530.26028483753
1250 1531.52605208249
1251 1532.79189091751
1252 1534.05780755166
1253 1535.32379754459
1254 1536.58986178677
1255 1537.85600113219
1256 1539.12221473902
1257 1540.38850342471
1258 1541.65486634738
1259 1542.92130434893
1260 1544.18781658741
1261 1545.45440388039
1262 1546.72106539807
1263 1547.98780195805
1264 1549.25461274268
1265 1550.52149855742
1266 1551.78845856016
1267 1553.05549360523
1268 1554.32260462033
1269 1555.58978707699
1270 1556.85704728583
1271 1558.12437892378
1272 1559.39178830191
1273 1560.65926909669
1274 1561.92682761963
1275 1563.19445754677
1276 1564.46216520227
1277 1565.7299442495
1278 1566.99780101307
1279 1568.2657291315
1280 1569.53373497867
1281 1570.80181216821
1282 1572.06996707448
1283 1573.3381951181
1284 1574.60649725152
1285 1575.8748743174
1286 1577.14332546079
1287 1578.41185153662
1288 1579.68045166547
1289 1580.94912672675
1290 1582.21787581654
1291 1583.48669982653
1292 1584.75559787717
1293 1586.02457082356
1294 1587.29361778608
1295 1588.56273964434
1296 1589.83193550643
1297 1591.10120625201
1298 1592.37055283418
1299 1593.63997060971
1300 1594.90946604247
1301 1596.17903266832
1302 1597.44867693935
1303 1598.71839237873
1304 1599.98818546347
1305 1601.25804970405
1306 1602.52799157792
1307 1603.79800459512
1308 1605.06809524578
1309 1606.3382570028
1310 1607.60849639343
1311 1608.87880874825
1312 1610.14919500839
1313 1611.41965607843
1314 1612.69019102924
1315 1613.9608007899
1316 1615.231484419
1317 1616.50224284569
1318 1617.77307512848
1319 1619.04398219658
1320 1620.31496312067
1321 1621.58601880557
1322 1622.85714691552
1323 1624.12835262341
1324 1625.39962932532
1325 1626.67098360085
1326 1627.94241075364
1327 1629.21391171308
1328 1630.48548739646
1329 1631.75713688637
1330 1633.02886110015
1331 1634.30065909588
1332 1635.57253181542
1333 1636.84447830454
1334 1638.11649949295
1335 1639.38859443857
1336 1640.66076408341
1337 1641.93300748534
1338 1643.20532556194
1339 1644.47771738326
1340 1645.75018386696
1341 1647.02272599201
1342 1648.29533896134
1343 1649.56802946879
1344 1650.8407907957
1345 1652.11362966086
1346 1653.38653933289
1347 1654.65952653106
1348 1655.93258453576
1349 1657.20572004224
1350 1658.47892633042
1351 1659.75221013273
1352 1661.02556470415
1353 1662.29899677758
1354 1663.57249959528
1355 1664.84607991511
1356 1666.11973290111
1357 1667.3934595081
1358 1668.6672607033
1359 1669.94113551933
1360 1671.21508491123
1361 1672.48910789932
1362 1673.76320545093
1363 1675.03737659857
1364 1676.31162229739
1365 1677.58594157982
1366 1678.86033540109
1367 1680.13480279355
1368 1681.40934472476
1369 1682.68396020249
1370 1683.9586502066
1371 1685.23341571709
1372 1686.50825182158
1373 1687.78316538016
1374 1689.05814952012
1375 1690.33321110202
1376 1691.60834325265
1377 1692.88355284532
1378 1694.15883298183
1379 1695.43419054822
1380 1696.70961865807
1381 1697.98512418562
1382 1699.26070024399
1383 1700.53635370791
1384 1701.81207767773
1385 1703.08787906545
1386 1704.36375293197
1387 1705.6397002331
1388 1706.91572197382
1389 1708.19181713671
1390 1709.46798673905
1391 1710.74422976336
1392 1712.02054720249
1393 1713.29693803886
1394 1714.57340330219
1395 1715.84994195031
1396 1717.12655500072
1397 1718.40324143572
1398 1719.68000224836
1399 1720.95683845636
1400 1722.23374501991
1401 1723.5107289652
1402 1724.78778325337
1403 1726.06491491108
1404 1727.34211691125
1405 1728.61939626877
1406 1729.89674595606
1407 1731.1741729885
1408 1732.45167032575
1409 1733.72924502048
1410 1735.00688999507
1411 1736.2846123272
1412 1737.56240491422
1413 1738.84027484657
1414 1740.11821706994
1415 1741.39623256559
1416 1742.67432236398
1417 1743.95248542215
1418 1745.23072277064
1419 1746.50903337868
1420 1747.78741826461
1421 1749.06587638532
1422 1750.34440878377
1423 1751.62301439221
1424 1752.9016942905
1425 1754.18044738629
1426 1755.45927473493
1427 1756.73817529311
1428 1758.0171500917
1429 1759.29620012494
1430 1760.57532029863
1431 1761.85451775677
1432 1763.13378531807
1433 1764.41313017613
1434 1765.69254511235
1435 1766.97203734538
1436 1768.25159964381
1437 1769.53123921454
1438 1770.81094885022
1439 1772.09073574594
1440 1773.37059269387
1441 1774.65052690187
1442 1775.93053114933
1443 1777.21061263235
1444 1778.49076622989
1445 1779.77099289965
1446 1781.05129374686
1447 1782.33166765375
1448 1783.61211572562
1449 1784.89263685692
1450 1786.17323212843
1451 1787.4539004591
1452 1788.73464291752
1453 1790.01545842254
1454 1791.29634805511
1455 1792.57731070945
1456 1793.85834747886
1457 1795.13945725747
1458 1796.42064115096
1459 1797.70190014228
1460 1798.9832290336
1461 1800.26463512382
1462 1801.54611107668
1463 1802.82766424074
1464 1804.10928725466
1465 1805.39098745521
1466 1806.68729600308
1467 1807.98368313609
1468 1809.28014459197
1469 1810.57668456705
1470 1811.87330090307
1471 1813.16999142686
1472 1814.46676034746
1473 1815.76360340416
1474 1817.0605247671
1475 1818.35752174152
1476 1819.65459539967
1477 1820.9517451318
1478 1822.2489687911
1479 1823.54627057298
1480 1824.84364619108
1481 1826.14109986801
1482 1827.43862729019
1483 1828.73623270511
1484 1830.03391392882
1485 1831.33166877474
1486 1832.62950149078
1487 1833.92740775265
1488 1835.22539180618
1489 1836.52344932677
1490 1837.82158616204
1491 1839.11979693924
1492 1840.41808106035
1493 1841.71644279889
1494 1843.01487777791
1495 1844.31339031303
1496 1845.61197816777
1497 1846.91063916925
1498 1848.20937759171
1499 1849.50818905743
1500 1850.80707787786
1501 1852.10603967732
1502 1853.40507875287
1503 1854.70419288216
1504 1856.00338146702
1505 1857.30264561753
1506 1858.60198252015
1507 1859.90139653659
1508 1861.20088321384
1509 1862.50044691392
1510 1863.8000854139
1511 1865.09979647585
1512 1866.39958443018
1513 1867.69944487234
1514 1868.99938214045
1515 1870.29939181973
1516 1871.59947824619
1517 1872.89963918403
1518 1874.19987240947
1519 1875.50018388427
1520 1876.80056594226
1521 1878.1010245725
1522 1879.40155531976
1523 1880.70216256042
1524 1882.00284405812
1525 1883.30359753682
1526 1884.60442739797
1527 1885.90532917568
1528 1887.20630725693
1529 1888.50735718043
1530 1889.80848333347
1531 1891.10968345448
1532 1892.41095529394
1533 1893.71230326419
1534 1895.01372447514
1535 1896.31522011423
1536 1897.61678730085
1537 1898.91843046273
1538 1900.22014733775
1539 1901.52193563636
1540 1902.82379979907
1541 1904.12573530849
1542 1905.42774660292
1543 1906.72982916469
1544 1908.03198744718
1545 1909.33421916061
1546 1910.6365220173
1547 1911.93890048347
1548 1913.24135001347
1549 1914.54387671808
1550 1915.84647276037
1551 1917.14914425876
1552 1918.45188892534
1553 1919.75470445705
1554 1921.05759533349
1555 1922.36055699804
1556 1923.66359392808
1557 1924.96670155436
1558 1926.26988439405
1559 1927.57314013151
1560 1928.87646644093
1561 1930.17986783994
1562 1931.48333974365
1563 1932.78688665765
1564 1934.09050565177
1565 1935.39419793672
1566 1936.69796284386
1567 1938.00179805663
1568 1939.30570809373
1569 1940.6096883593
1570 1941.91374338214
1571 1943.21786852908
1572 1944.52206838111
1573 1945.82634058436
1574 1947.13068281188
1575 1948.43509960811
1576 1949.73958634884
1577 1951.04414759116
1578 1952.34877868841
1579 1953.65348588582
1580 1954.95826351245
1581 1956.2631108694
1582 1957.56803254897
1583 1958.87302387902
1584 1960.1780894794
1585 1961.48322463805
1586 1962.78843398011
1587 1964.09371515051
1588 1965.39906575943
1589 1966.70449045217
1590 1968.00998451585
1591 1969.31555257139
1592 1970.62118993284
1593 1971.92690120653
1594 1973.2326857183
1595 1974.53853773228
1596 1975.84446354645
1597 1977.1504584617
1598 1978.45652713709
1599 1979.76266480883
1600 1981.06887614866
1601 1982.37515879056
1602 1983.6815103162
1603 1984.98793540277
1604 1986.29442931034
1605 1987.60099671141
1606 1988.90763284365
1607 1990.21434238959
1608 1991.52112295796
1609 1992.82797383691
1610 1994.13489632525
1611 1995.44188736422
1612 1996.74895162744
1613 1998.05608436111
1614 1999.36329023916
1615 2000.67056688206
1616 2001.97791187021
1617 2003.28532990276
1618 2004.59281620297
1619 2005.90037548
1620 2007.20800293708
1621 2008.51570330839
1622 2009.82347416435
1623 2011.13131479276
1624 2012.43922651767
1625 2013.74720621702
1626 2015.05525865316
1627 2016.36337898339
1628 2017.67157198274
1629 2018.97983519633
1630 2020.28816620333
1631 2021.59656975452
1632 2022.90504100904
1633 2024.21358474004
1634 2025.52219610631
1635 2026.83087987164
1636 2028.13963360256
1637 2029.44845483087
1638 2030.75735008886
1639 2032.06631105763
1640 2033.37534425002
1641 2034.68444478384
1642 2035.99361747346
1643 2037.30285986277
1644 2038.61216948026
1645 2039.92155115313
1646 2041.23099997634
1647 2042.54052076233
1648 2043.85010863043
1649 2045.15976840852
1650 2046.46949760005
1651 2047.77929376033
1652 2049.08916171771
1653 2050.39909829502
1654 2051.709104845
1655 2053.01917821754
1656 2054.32932321417
1657 2055.63953739496
1658 2056.94981826239
1659 2058.26017065833
1660 2059.57058967532
1661 2060.88108015279
1662 2062.1916371582
1663 2063.50226557119
1664 2064.81296288156
1665 2066.12372660629
1666 2067.4345616255
1667 2068.74546297828
1668 2070.05643729016
1669 2071.36747611253
1670 2072.6785860932
1671 2073.98976469933
1672 2075.30100945967
1673 2076.61232525271
1674 2077.92370710672
1675 2079.23515994043
1676 2080.54667874182
1677 2081.85826844741
1678 2083.16992653336
1679 2084.48165047824
1680 2085.7934452264
1681 2087.10530575256
1682 2088.41723700138
1683 2089.7292382221
1684 2091.04130333625
1685 2092.35343907208
1686 2093.66564039381
1687 2094.97791226894
1688 2096.29024963656
1689 2097.60265749208
1690 2098.91513328576
1691 2100.22767447034
1692 2101.54028601695
1693 2102.85296288578
1694 2104.16571005334
1695 2105.47852246708
1696 2106.79140508639
1697 2108.10435540091
1698 2109.41737261918
1699 2110.73045815784
1700 2112.04360876266
1701 2113.35682940342
1702 2114.67011501678
1703 2115.98347061285
1704 2117.29689361585
1705 2118.61038147725
1706 2119.92393920768
1707 2121.23756171527
1708 2122.5512540234
1709 2123.86501103029
1710 2125.17883776918
1711 2126.49273165917
1712 2127.80669013585
1713 2129.12072002079
1714 2130.43481262906
1715 2131.74897479206
1716 2133.06320136957
1717 2134.37749743606
1718 2135.69186040204
1719 2137.00628768053
1720 2138.32078434652
1721 2139.63534523122
1722 2140.94997542237
1723 2142.2646697785
1724 2143.57943337242
1725 2144.89426360443
1726 2146.20915787454
1727 2147.52412128081
1728 2148.8391504544
1729 2150.1542468877
1730 2151.46940719614
1731 2152.78463651129
1732 2154.09993220513
1733 2155.41529166459
1734 2156.73072002906
1735 2158.04621206521
1736 2159.36177292517
1737 2160.67739740297
1738 2161.99309063577
1739 2163.3088499854
1740 2164.62467283815
1741 2165.94056433169
1742 2167.25651924674
1743 2168.57254457308
1744 2169.88863141531
1745 2171.20478675111
1746 2172.52100796648
1747 2173.83729241928
1748 2175.15364526887
1749 2176.47006126691
1750 2177.7865455928
1751 2179.10309300078
1752 2180.41970866766
1753 2181.73638994154
1754 2183.05313419499
1755 2184.36994659293
1756 2185.68682187626
1757 2187.00376708776
1758 2188.3207732656
1759 2189.63784745285
1760 2190.95498702179
1761 2192.27218926688
1762 2193.58945943169
1763 2194.9067922186
1764 2196.22419284375
1765 2197.54165600914
1766 2198.85918694663
1767 2200.17678298763
1768 2201.49444147129
1769 2202.81216760217
1770 2204.12995609378
1771 2205.4478121913
1772 2206.76573240587
1773 2208.08371830655
1774 2209.40176905285
1775 2210.7198819627
1776 2212.03806229456
1777 2213.35630472341
1778 2214.67461449262
1779 2215.99298627679
1780 2217.31142535996
1781 2218.62992902246
1782 2219.94849458458
1783 2221.2671273433
1784 2222.58582190713
1785 2223.90458359099
1786 2225.22340701546
1787 2226.5422993547
1788 2227.86125417579
1789 2229.1802706096
1790 2230.49935399163
1791 2231.81849893213
1792 2233.13771075149
1793 2234.45698403472
1794 2235.7763241429
1795 2237.09572831773
1796 2238.41519386573
1797 2239.73472612367
1798 2241.05431964769
1799 2242.37397982465
1800 2243.69370121337
1801 2245.0134891607
1802 2246.3333428182
1803 2247.65325569652
1804 2248.97323504836
1805 2250.29327540675
1806 2251.61338216917
1807 2252.93354988067
1808 2254.25378391732
1809 2255.57408153185
1810 2256.89443996727
1811 2258.21486464993
1812 2259.53535007111
1813 2260.85590165751
1814 2262.17651392799
1815 2263.49719228167
1816 2264.81793396124
1817 2266.13873809989
1818 2267.4596063405
1819 2268.78053506689
1820 2270.10152971949
1821 2271.42258477539
1822 2272.74370569302
1823 2274.06488967397
1824 2275.38613397232
1825 2276.70744401698
1826 2278.02881428409
1827 2279.35025022778
1828 2280.67174632694
1829 2281.9933080454
1830 2283.32236458058
1831 2284.67343347088
1832 2286.02456856729
1833 2287.37576979375
1834 2288.72703708663
1835 2290.07836847783
1836 2291.42976768769
1837 2292.7812327606
1838 2294.13276362044
1839 2295.48436019836
1840 2296.83602242862
1841 2298.18775110139
1842 2299.53954442244
1843 2300.89140318708
1844 2302.24332733159
1845 2303.59531677981
1846 2304.94736955033
1847 2306.29948938976
1848 2307.65167434166
1849 2309.00392431736
1850 2310.35623925307
1851 2311.70861716703
1852 2313.06106181891
1853 2314.413574017
1854 2315.7661481051
1855 2317.11878682177
1856 2318.47149007826
1857 2319.82425587466
1858 2321.17708803165
1859 2322.52998451202
1860 2323.88294527679
1861 2325.23597023719
1862 2326.58905741058
1863 2327.94221057049
1864 2329.29542773434
1865 2330.64871165432
1866 2332.00205660948
1867 2333.35546536435
1868 2334.70893589847
1869 2336.06247203594
1870 2337.41607175636
1871 2338.76973499576
1872 2340.12346169015
1873 2341.47724981866
1874 2342.83110320608
1875 2344.18501982635
1876 2345.53899963837
1877 2346.89304539021
1878 2348.24714941363
1879 2349.60131833877
1880 2350.95555018183
1881 2352.30984485381
1882 2353.66420229064
1883 2355.01862244071
1884 2356.37310325736
1885 2357.7276485917
1886 2359.08225643451
1887 2360.43692668429
1888 2361.79165931431
1889 2363.14645512095
1890 2364.50131225671
1891 2365.85623154288
1892 2367.21121292776
1893 2368.56625632223
1894 2369.92135971101
1895 2371.27652694452
1896 2372.63175599506
1897 2373.98704678594
1898 2375.34239926542
1899 2376.69781335681
1900 2378.05328702464
1901 2379.40882701664
1902 2380.76442553336
1903 2382.1200853925
1904 2383.47580652981
1905 2384.83158689695
1906 2386.18743038518
1907 2387.54333493374
1908 2388.89930047832
1909 2390.25532696708
1910 2391.61141432322
1911 2392.96756051043
1912 2394.3237693905
1913 2395.68004184595
1914 2397.03637200323
1915 2398.39276269365
1916 2399.74921185551
1917 2401.10572339399
1918 2402.46229525995
1919 2403.81892740145
1920 2405.17561971664
1921 2406.53237018089
1922 2407.88918268754
1923 2409.24605518703
1924 2410.60298761493
1925 2411.95998281626
1926 2413.31703489518
1927 2414.67414469855
1928 2416.03131614543
1929 2417.38854718582
1930 2418.74583773744
1931 2420.10318774635
1932 2421.4605951443
1933 2422.81806386354
1934 2424.17559184117
1935 2425.53317898765
1936 2426.8908252634
1937 2428.24853154079
1938 2429.60629584393
1939 2430.9641190826
1940 2432.32200115473
1941 2433.6799420207
1942 2435.03794160339
1943 2436.3959978265
1944 2437.75411464868
1945 2439.11228996869
1946 2440.47052375937
1947 2441.82881591856
1948 2443.18716438206
1949 2444.5455760783
1950 2445.90404299249
1951 2447.26256801646
1952 2448.62115109799
1953 2449.97979215988
1954 2451.33848911243
1955 2452.69724594077
1956 2454.05606055526
1957 2455.41493287864
1958 2456.77386284616
1959 2458.13284839274
1960 2459.49189346665
1961 2460.85099897854
1962 2462.21015888736
1963 2463.56937611637
1964 2464.9286485751
1965 2466.28798023749
1966 2467.64736902561
1967 2469.0068148443
1968 2470.36631766433
1969 2471.72587740303
1970 2473.08549196945
1971 2474.44516535082
1972 2475.80489845807
1973 2477.16468521023
1974 2478.52452855663
1975 2479.8844263934
1976 2481.24438272096
1977 2482.60439542299
1978 2483.96446445956
1979 2485.32458975321
1980 2486.68476921217
1981 2488.04500681252
1982 2489.40530048757
1983 2490.7656501473
1984 2492.12605876738
1985 2493.48652022131
1986 2494.84703543049
1987 2496.20760841654
1988 2497.56823706221
1989 2498.92892130249
1990 2500.28966107232
1991 2501.65045426653
1992 2503.01130491273
1993 2504.37221089329
1994 2505.73317214313
1995 2507.09418858464
1996 2508.45526117921
1997 2509.81638783382
1998 2511.17756950981
1999 2512.53880611702
2000 2513.90009760284
2001 2515.2614438896
2002 2516.62284287125
2003 2517.98429858404
2004 2519.34580892016
2005 2520.70737379656
2006 2522.06899314805
2007 2523.43066486817
2008 2524.79239606746
2009 2526.15417847809
2010 2527.51601511549
2011 2528.87790590191
2012 2530.23985078463
2013 2531.60184761915
2014 2532.96390048612
2015 2534.32600724111
2016 2535.68816781882
2017 2537.0503821665
2018 2538.41264815176
2019 2539.77496981838
2020 2541.13734816618
2021 2542.49977691572
2022 2543.86225909078
2023 2545.22479258183
2024 2546.58738144047
2025 2547.95002355903
2026 2549.31271883455
2027 2550.67546723925
2028 2552.03826868269
2029 2553.40112103158
2030 2554.76402836877
2031 2556.12698856104
2032 2557.49000466394
2033 2558.85307037021
2034 2560.21618664197
2035 2561.57935760033
2036 2562.94258108661
2037 2564.30585703534
2038 2565.66918538105
2039 2567.03256396458
2040 2568.39599690237
2041 2569.7594820586
2042 2571.12301934986
2043 2572.48660871064
2044 2573.85025322276
2045 2575.21394445705
2046 2576.57768965833
2047 2577.94148666698
2048 2579.30533544254
2049 2580.66923589437
2050 2582.03318587492
2051 2583.39718952009
2052 2584.76124464478
2053 2586.12535120848
2054 2587.48950913303
2055 2588.85371835282
2056 2590.21797986852
2057 2591.58229150703
2058 2592.94665423849
2059 2594.31106802058
2060 2595.67553278225
2061 2597.04004634998
2062 2598.40461287372
2063 2599.76923019255
2064 2601.13389822825
2065 2602.4986169151
2066 2603.86338409171
2067 2605.2282038962
2068 2606.59307735489
2069 2607.9579980394
2070 2609.32296905897
2071 2610.68799034785
2072 2612.05305973162
2073 2613.4181813743
2074 2614.78335308899
2075 2616.14857483498
2076 2617.51384652139
2077 2618.87916598052
2078 2620.24453738792
2079 2621.60995855084
2080 2622.97543261756
2081 2624.34095311925
2082 2625.70652106955
2083 2627.07214063388
2084 2628.43780966216
2085 2629.80352805085
2086 2631.16929575918
2087 2632.53511272126
2088 2633.90097673623
2089 2635.26689200803
2090 2636.63285633586
2091 2637.99886966635
2092 2639.36493514902
2093 2640.73104413924
2094 2642.09720408212
2095 2643.46341274588
2096 2644.82967010054
2097 2646.1959760747
2098 2647.56232845409
2099 2648.9287314692
2100 2650.29518290582
2101 2651.66168269795
2102 2653.02823079213
2103 2654.39482712233
2104 2655.7614727283
2105 2657.12816533247
2106 2658.4949059871
2107 2659.86169461355
2108 2661.2285311709
2109 2662.5954134314
2110 2663.96234562708
2111 2665.3293255554
2112 2666.69635315025
2113 2668.06342834007
2114 2669.43055106963
2115 2670.79771913038
2116 2672.16494002364
2117 2673.53220499704
2118 2674.89951725274
2119 2676.26687673715
2120 2677.63428123417
2121 2679.00173496483
2122 2680.3692357508
2123 2681.73678350075
2124 2683.10437816104
2125 2684.47201750259
2126 2685.83970579742
2127 2687.20744080392
2128 2688.57522576339
2129 2689.94305401979
2130 2691.31092882685
2131 2692.67884791726
2132 2694.04681558358
2133 2695.41482960721
2134 2696.78288990382
2135 2698.15099641969
2136 2699.51914692482
2137 2700.88734569279
2138 2702.25559049366
2139 2703.62388124852
2140 2704.99222123768
2141 2706.36060158784
2142 2707.72902988211
2143 2709.0975039027
2144 2710.46602357066
2145 2711.83458883219
2146 2713.20319963347
2147 2714.57185371842
2148 2715.94055538736
2149 2717.30930240944
2150 2718.67809470015
2151 2720.04693221661
2152 2721.41581604488
2153 2722.78474381519
2154 2724.15371661901
2155 2725.52273438988
2156 2726.89179707392
2157 2728.26090460464
2158 2729.630054725
2159 2730.99925176211
2160 2732.36849345901
2161 2733.73777974916
2162 2735.10711057865
2163 2736.47648369
2164 2737.84590676052
2165 2739.2153708214
2166 2740.58487918062
2167 2741.95443174643
2168 2743.32402629322
2169 2744.69366713537
2170 2746.06335202213
2171 2747.43308087432
2172 2748.80285365053
2173 2750.17267028413
2174 2751.54252850415
2175 2752.9124326652
2176 2754.28238387241
2177 2755.65237530714
2178 2757.02241029126
2179 2758.39248654077
2180 2759.7626084362
2181 2761.13277368102
2182 2762.50298222112
2183 2763.87323401502
2184 2765.24352675307
2185 2766.61386482915
2186 2767.98424595337
2187 2769.35467007003
2188 2770.72514052214
2189 2772.09565045034
2190 2773.46620095962
2191 2774.83679643215
2192 2776.20743458303
2193 2777.5781153707
2194 2778.94883870314
2195 2780.31960233281
2196 2781.68157003563
2197 2783.06228631189
2198 2784.4430371091
2199 2785.8238267906
2200 2787.20465305089
2201 2788.58551358016
2202 2789.9664127422
2203 2791.34734601204
2204 2792.72831774979
2205 2794.10932343016
2206 2795.49036741197
2207 2796.8714473891
2208 2798.25256105115
2209 2799.6337127755
2210 2801.01489802345
2211 2802.39612115606
2212 2803.7773798668
2213 2805.15867184881
2214 2806.54000148878
2215 2807.92136766566
2216 2809.30276788324
2217 2810.68420102863
2218 2812.06567149307
2219 2813.44717696944
2220 2814.82871510845
2221 2816.2102903396
2222 2817.59189807184
2223 2818.97354271834
2224 2820.35522195891
2225 2821.73693345494
2226 2823.11868163662
2227 2824.50046189547
2228 2825.88227866197
2229 2827.26412736919
2230 2828.64601240602
2231 2830.0279314517
2232 2831.40988218516
2233 2832.79186902095
2234 2834.17388735346
2235 2835.55594163942
2236 2836.93802951575
2237 2838.32014866094
2238 2839.70230349429
2239 2841.08448943058
2240 2842.46671088939
2241 2843.84896328365
2242 2845.23125104587
2243 2846.61357183758
2244 2847.99592331143
2245 2849.37830991296
2246 2850.76072703056
2247 2852.14317911005
2248 2853.52566380397
2249 2854.90817877311
2250 2856.29072846371
2251 2857.67330825479
2252 2859.05592261406
2253 2860.43856690758
2254 2861.8212455948
2255 2863.20395633621
2256 2864.5866967708
2257 2865.96947135845
2258 2867.35227547296
2259 2868.73511358711
2260 2870.1179833342
2261 2871.50088237808
2262 2872.8838151626
2263 2874.26677706483
2264 2875.6497725709
2265 2877.0327970282
2266 2878.41585491052
2267 2879.79894386876
2268 2881.1820615368
2269 2882.56521238885
2270 2883.94839180084
2271 2885.33160423053
2272 2886.71484732841
2273 2888.09811874466
2274 2889.4814229248
2275 2890.86475525661
2276 2892.24812021531
2277 2893.63151315894
2278 2895.01493855036
2279 2896.39839405916
2280 2897.78187729699
2281 2899.16539276093
2282 2900.54893579969
2283 2901.93251090214
2284 2903.31611570095
2285 2904.69974783264
2286 2906.08341178649
2287 2907.46710290626
2288 2908.85082928534
2289 2910.2345790891
2290 2911.61836038165
2291 2913.00217082449
2292 2914.38600802826
2293 2915.76987650436
2294 2917.15377156164
2295 2918.5376977539
2296 2919.92165266217
2297 2921.3056339346
2298 2922.68964608187
2299 2924.07368442464
2300 2925.45775347535
2301 2926.84184856696
2302 2928.22597421638
2303 2929.61012802929
2304 2930.99430764059
2305 2932.37851758024
2306 2933.76275312562
2307 2935.14701885758
2308 2936.53131236029
2309 2937.91563123869
2310 2939.29998004878
2311 2940.68435409662
2312 2942.06875789632
2313 2943.45318676626
2314 2944.83764525741
2315 2946.22213096596
2316 2947.60664149624
2317 2948.9911813926
2318 2950.37574597263
2319 2951.76033975142
2320 2953.14495804622
2321 2954.52960540198
2322 2955.91427942271
2323 2957.29897769102
2324 2958.68370480295
2325 2960.06845602003
2326 2961.45323590059
2327 2962.83804205246
2328 2964.22287206623
2329 2965.60773051332
2330 2966.99261267136
2331 2968.37752310783
2332 2969.76245708735
2333 2971.14741918896
2334 2972.53240700722
2335 2973.91741813209
2336 2975.30245714869
2337 2976.68751930817
2338 2978.07260920433
2339 2979.45772441862
2340 2980.84286254484
2341 2982.22802817724
2342 2983.61321654079
2343 2984.99843227232
2344 2986.38367057952
2345 2987.76893607418
2346 2989.15422636246
2347 2990.53953898259
2348 2991.92487857213
2349 2993.31024035491
2350 2994.69562892646
2351 2996.08104189253
2352 2997.46647681488
2353 2998.85193830646
2354 3000.23742159864
2355 3001.62293130466
2356 3003.00846264719
2357 3004.39402026081
2358 3005.77960169996
2359 3007.16520455679
2360 3008.5508334283
2361 3009.93648727567
2362 3011.32216328531
2363 3012.70786273345
2364 3014.09358318644
2365 3015.47932929705
2366 3016.86509625659
2367 3018.25088870545
2368 3019.63670185161
2369 3021.02254034408
2370 3022.40840172359
2371 3023.79428357556
2372 3025.18019052843
2373 3026.56611778501
2374 3027.95206999941
2375 3029.33804473725
2376 3030.72403953413
2377 3032.11005905727
2378 3033.49609850032
2379 3034.88216250109
2380 3036.26824626555
2381 3037.65435446156
2382 3039.04048461169
2383 3040.42663429333
2384 3041.81280816207
2385 3043.19900140601
2386 3044.58521868105
2387 3045.97145753338
2388 3047.35771553995
2389 3048.74399734003
2390 3050.13029812526
2391 3051.51662256497
2392 3052.90296583337
2393 3054.28933260011
2394 3055.67572041645
2395 3057.06212682896
2396 3058.44855650769
2397 3059.83500463045
2398 3061.22147587588
2399 3062.60796778213
2400 3063.99447789973
2401 3065.38101090776
2402 3066.76756195779
2403 3068.15413577171
2404 3069.54072747096
2405 3070.92734176502
2406 3072.31397618572
2407 3073.70062827028
2408 3075.08730272419
2409 3076.47399468518
2410 3077.86070886348
2411 3079.24744279175
2412 3080.63419399406
2413 3082.02096719382
2414 3083.40775752343
2415 3084.7945696812
2416 3086.18139880366
2417 3087.56824962305
2418 3088.95511966316
2419 3090.34200644742
2420 3091.72891468316
2421 3093.11583950603
2422 3094.50278565351
2423 3095.88975061906
2424 3097.27673195109
2425 3098.66373436908
2426 3100.05075300789
2427 3101.43779256315
2428 3102.82484818207
2429 3104.21192459047
2430 3105.59901930658
2431 3106.98612982737
2432 3108.37326092995
2433 3109.76041155536
2434 3111.14757874303
2435 3112.5347638651
2436 3113.92196441358
2437 3115.30918516636
2438 3116.69642120542
2439 3118.083677279
2440 3119.47094849419
2441 3120.85823960403
2442 3122.24554812567
2443 3123.6328715423
2444 3125.02021462711
2445 3126.40757248633
2446 3127.79494985653
2447 3129.18234183091
2448 3130.56975318901
2449 3131.95718140919
2450 3133.34462402487
2451 3134.73208577792
2452 3136.11956176884
2453 3137.50705675251
2454 3138.89456824954
2455 3140.28209373748
2456 3141.66963802255
2457 3143.05719614537
2458 3144.44477290789
2459 3145.83236336311
2460 3147.21997229937
2461 3148.60759723666
2462 3149.99523562645
2463 3151.38289228875
2464 3152.77056227571
2465 3154.15825037762
2466 3155.54595408857
2467 3156.93367090233
2468 3158.32140560965
2469 3159.70915326182
2470 3161.09691866721
2471 3162.48469687217
2472 3163.87249267266
2473 3165.26030357487
2474 3166.6481270419
2475 3168.03596789559
2476 3169.42382117332
2477 3170.81169167994
2478 3172.19957690847
2479 3173.58747433308
2480 3174.97538878914
2481 3176.36331528311
2482 3177.75125865064
2483 3179.1392139152
2484 3180.52718590814
2485 3181.91517210912
2486 3183.30316998477
2487 3184.69118436688
2488 3186.07921026533
2489 3187.46725254233
2490 3188.85530864701
2491 3190.24337605825
2492 3191.63145961327
2493 3193.01955431645
2494 3194.40766503076
2495 3195.79578675214
2496 3197.18392431378
2497 3198.57207520701
2498 3199.96023687884
2499 3201.34841419301
2500 3202.73660213996
2501 3204.12480557102
2502 3205.51302196435
2503 3206.90124878036
2504 3208.28949085813
2505 3209.67774321733
2506 3211.06601467943
2507 3212.45429229043
2508 3213.84258487662
2509 3215.23088991086
2510 3216.61920484485
2511 3218.00753454422
2512 3219.39587399732
2513 3220.78422807007
2514 3222.17259423956
2515 3223.56096992689
2516 3224.94936002393
2517 3226.3377595043
2518 3227.72617326019
2519 3229.1145962405
2520 3230.50303335049
2521 3231.89148204113
2522 3233.27993973284
2523 3234.66841133137
2524 3236.05689181492
2525 3237.44538605934
2526 3238.83389151514
2527 3240.22240561975
2528 3241.61093327498
2529 3242.99946943267
2530 3244.38801899967
2531 3245.77657692275
2532 3247.16514810906
2533 3248.55373000266
2534 3249.94232005308
2535 3251.33092313773
2536 3252.71953421999
2537 3254.10815820779
2538 3255.49679254583
2539 3256.88543465769
2540 3258.27408946454
2541 3259.6627519114
2542 3261.05142689424
2543 3262.440109388
2544 3263.82880427145
2545 3265.21750900613
2546 3266.60622101502
2547 3267.99494520285
2548 3269.38367653094
2549 3270.77241992187
2550 3272.16117278095
2551 3273.54993255619
2552 3274.93870417756
2553 3276.32748256724
2554 3277.71627265658
2555 3279.10506935465
2556 3280.49387762342
2557 3281.88269488029
2558 3283.27151853438
2559 3284.6603535481
2560 3286.04919481213
2561 3287.42017082693
2562 3289.02061566524
2563 3290.62121970519
2564 3292.22198943656
2565 3293.82291974933
2566 3295.42401714655
2567 3297.02527334008
2568 3298.62669231303
2569 3300.22828060652
2570 3301.83002485869
2571 3303.43193161148
2572 3305.03400486746
2573 3306.63623629858
2574 3308.23863244759
2575 3309.84119228785
2576 3311.44391001804
2577 3313.04678962813
2578 3314.64983104865
2579 3316.25304081094
2580 3317.85640551647
2581 3319.45993173463
2582 3321.06362347602
2583 3322.66747239613
2584 3324.27148504653
2585 3325.87566041294
2586 3327.47999265382
2587 3329.08448579858
2588 3330.68914388992
2589 3332.29396108597
2590 3333.89893635908
2591 3335.50407215553
2592 3337.10937250569
2593 3338.71482902511
2594 3340.32044829868
2595 3341.92622929894
2596 3343.53216618245
2597 3345.13826296111
2598 3346.74452374162
2599 3348.35094262323
2600 3349.95751859066
2601 3351.56425409084
2602 3353.17115318083
2603 3354.77820743517
2604 3356.38542346623
2605 3357.99280027169
2606 3359.60033192956
2607 3361.20802252264
2608 3362.81587614701
2609 3364.42388686758
2610 3366.03205368142
2611 3367.64038324075
2612 3369.24886704788
2613 3370.85750919812
2614 3372.46631215914
2615 3374.07527492823
2616 3375.6843915431
2617 3377.29366611331
2618 3378.90310274886
2619 3380.51269549995
2620 3382.12244335048
2621 3383.73235298016
2622 3385.34241586895
2623 3386.95263612707
2624 3388.56302043506
2625 3390.17355513251
2626 3391.7842469066
2627 3393.39509566075
2628 3395.00610552582
2629 3396.61727049891
2630 3398.22858960188
2631 3399.84006952918
2632 3401.45170171969
2633 3403.06349285533
2634 3404.67544195816
2635 3406.2875430239
2636 3407.89980018987
2637 3409.51221336031
2638 3411.12478925688
2639 3412.73751413642
2640 3414.35039473311
2641 3415.96343517934
2642 3417.57662689752
2643 3419.18997661674
2644 3420.80348333312
2645 3422.41714101484
2646 3424.03095382596
2647 3425.64492593107
2648 3427.25905128521
2649 3428.87332888389
2650 3430.48776122841
2651 3432.10235249662
2652 3433.71709401958
2653 3435.33199258547
2654 3436.94704718999
2655 3438.56225176783
2656 3440.17761050893
2657 3441.79312758591
2658 3443.40879692627
2659 3445.02461755069
2660 3446.64059623611
2661 3448.25672429831
2662 3449.87300594164
2663 3451.48944364292
2664 3453.10603643583
2665 3454.72277822068
2666 3456.33967320229
2667 3457.9567255732
2668 3459.57392922055
2669 3461.19128317743
2670 3462.80879424241
2671 3464.42645370201
2672 3466.04426578144
2673 3467.66223295816
2674 3469.28035427829
2675 3470.89862360172
2676 3472.51704513448
2677 3474.13562313434
2678 3475.75435143523
2679 3477.37322906987
2680 3478.99226287036
2681 3480.61144408294
2682 3482.23077693997
2683 3483.85026828719
2684 3485.46990414432
2685 3487.08969136369
2686 3488.70962983529
2687 3490.32972382493
2688 3491.94996713894
2689 3493.57035882243
2690 3495.19090572235
2691 3496.81159906931
2692 3498.43244308408
2693 3500.05344466566
2694 3501.6745897653
2695 3503.29588526897
2696 3504.91733543674
2697 3506.53893144631
2698 3508.16068017168
2699 3509.78257629504
2700 3511.40462670294
2701 3513.0268225788
2702 3514.64916817018
2703 3516.27167037812
2704 3517.89431513666
2705 3519.51710933377
2706 3521.14005725637
2707 3522.76315005372
2708 3524.38639461466
2709 3526.00978561283
2710 3527.63332996326
2711 3529.25701878846
2712 3530.88085900371
2713 3532.50484967923
2714 3534.12898452019
2715 3535.75326785185
2716 3537.37770398197
2717 3539.00228663417
2718 3540.62701485245
2719 3542.2518955793
2720 3543.87691990907
2721 3545.50209214291
2722 3547.12741483849
2723 3548.75288704001
2724 3550.37850244381
2725 3552.00426539
2726 3553.63018019358
2727 3555.25624055049
2728 3556.88244551116
2729 3558.50880205781
2730 3560.13530123746
2731 3561.76194737813
2732 3563.38874746368
2733 3565.01568724863
2734 3566.64277371659
2735 3568.27000675775
2736 3569.89739072681
2737 3571.52491929207
2738 3573.1525915224
2739 3574.78041440284
2740 3576.40837894512
2741 3578.03648949132
2742 3579.66475306584
2743 3581.29315536137
2744 3582.92170340131
2745 3584.55039705685
2746 3586.17924073528
2747 3587.80822803868
2748 3589.43735804838
2749 3591.06663778997
2750 3592.69605823383
2751 3594.32562373612
2752 3595.95534133611
2753 3597.58519670241
2754 3599.21519684838
2755 3600.84534616958
2756 3602.47563560903
2757 3604.10607221945
2758 3605.73665055727
2759 3607.36737772645
2760 3608.99824461142
2761 3610.62925563378
2762 3612.26041784769
2763 3613.89171684025
2764 3615.52315967823
2765 3617.1547507713
2766 3618.78648102107
2767 3620.41835749517
2768 3622.05037930029
2769 3623.68253995671
2770 3625.3148439
2771 3626.94729101988
2772 3628.57988843075
2773 3630.21262165028
2774 3631.84549777978
2775 3633.47852125584
2776 3635.111682913
2777 3636.74498987232
2778 3638.37844122728
2779 3640.0120304961
2780 3641.64576210274
2781 3643.27963596253
2782 3644.91365918514
2783 3646.5478172716
2784 3648.1821173185
2785 3649.81656378942
2786 3651.4511501885
2787 3653.08587558953
2788 3654.72074714109
2789 3656.35575564215
2790 3657.99090555649
2791 3659.62620403423
2792 3661.26163649521
2793 3662.89721008931
2794 3664.53292471882
2795 3666.16878484858
2796 3667.80478395497
2797 3669.4409211432
2798 3671.07720356461
2799 3672.71362198279
2800 3674.3501808885
2801 3675.98688742785
2802 3677.62372700265
2803 3679.26070678445
2804 3680.89783126495
2805 3682.53509116744
2806 3684.17249367047
2807 3685.81003332793
2808 3687.44771730611
2809 3689.08553633999
2810 3690.7234949216
2811 3692.36160025669
2812 3693.99983765314
2813 3695.63821432929
2814 3697.27673479098
2815 3698.91538973286
2816 3700.55418636803
2817 3702.19312381363
2818 3703.83219547079
2819 3705.4714058327
2820 3707.11075481421
2821 3708.75024966175
2822 3710.38987562717
2823 3712.02963993095
2824 3713.66954711879
2825 3715.30958784381
2826 3716.94976934022
2827 3718.59009073828
2828 3720.23054540454
2829 3721.87113784633
2830 3723.51186800412
2831 3725.15274310747
2832 3726.7937483773
2833 3728.43489108154
2834 3730.07617575432
2835 3731.71759303294
2836 3733.35915016661
2837 3735.00084628522
2838 3736.64267472747
2839 3738.2846400406
2840 3739.92674679813
2841 3741.56898829975
2842 3743.21136367477
2843 3744.85387555331
2844 3746.49652850944
2845 3748.13931311987
2846 3749.78223668684
2847 3751.42529834662
2848 3753.06849137142
2849 3754.71182034839
2850 3756.3552898781
2851 3757.9988932195
2852 3759.64262950153
2853 3761.2865060673
2854 3762.93051344551
2855 3764.5746562241
2856 3766.21893704725
2857 3767.86335505704
2858 3769.50790349778
2859 3771.15258698368
2860 3772.79741284055
2861 3774.44236612151
2862 3776.08745417788
2863 3777.73268159906
2864 3779.3780389108
2865 3781.02353343282
2866 3782.66915963142
2867 3784.31492483981
2868 3785.96081956967
2869 3787.60684841076
2870 3789.25301874871
2871 3790.89931556816
2872 3792.54574624161
2873 3794.19231539843
2874 3795.83901350367
2875 3797.48584793022
2876 3799.13281783908
2877 3800.77991640606
2878 3802.42714828653
2879 3804.07451338177
2880 3805.72201907958
2881 3807.36965033416
2882 3809.01741453305
2883 3810.66531633272
2884 3812.31334613698
2885 3813.96151136005
2886 3815.60981118167
2887 3817.25823872392
2888 3818.90679868216
2889 3820.55549569456
2890 3822.20432292099
2891 3823.8532795215
2892 3825.50236815547
2893 3827.15159350648
2894 3828.80094594955
2895 3830.45043291397
2896 3832.10005356624
2897 3833.74980103915
2898 3835.39967999074
2899 3837.04969513116
2900 3838.69983957992
2901 3840.35011247713
2902 3842.00051650869
2903 3843.65105637242
2904 3845.30172239541
2905 3846.95252204734
2906 3848.60345450106
2907 3850.25451284851
2908 3851.90570178772
2909 3853.5570260302
2910 3855.20847864169
2911 3856.86005881354
2912 3858.5117740305
2913 3860.16361457157
2914 3861.81558517429
2915 3863.46768849999
2916 3865.11992375316
2917 3866.77228397197
2918 3868.42477387537
2919 3870.07739820156
2920 3871.73015000788
2921 3873.38302844661
2922 3875.03604105632
2923 3876.68917808716
2924 3878.34244426512
2925 3879.99584712967
2926 3881.6575049845
2927 3883.31929457738
2928 3884.98121580872
2929 3886.64327341909
2930 3888.31667096609
2931 3889.99020359198
2932 3891.66387883782
2933 3893.33768967501
2934 3895.0116401861
2935 3896.68572331593
2936 3898.35994664503
2937 3900.0343093654
2938 3901.70880444619
2939 3903.38343665527
2940 3905.05821356165
2941 3906.73311976957
2942 3908.40816283489
2943 3910.08335032807
2944 3911.7586668382
2945 3913.43411993549
2946 3915.10971721614
2947 3916.78544322981
2948 3918.46130555955
2949 3920.13730901377
2950 3921.81344650754
2951 3923.48972213912
2952 3925.16612884867
2953 3926.84267422136
2954 3928.51935748659
2955 3930.19617151998
2956 3931.87312116849
2957 3933.5502140187
2958 3935.22743460118
2959 3936.90479050848
2960 3938.58228934704
2961 3940.25991564596
2962 3941.93767699221
2963 3943.61558103758
2964 3945.29361223289
2965 3946.97178313909
2966 3948.65008383878
2967 3950.32852194549
2968 3952.00709668885
2969 3953.68580095344
2970 3955.36464236706
2971 3957.04362014564
2972 3958.72272716082
2973 3960.40196824913
2974 3962.08135107852
2975 3963.76086004196
2976 3965.44050282005
2977 3967.12028706788
2978 3968.80019719048
2979 3970.48024084266
2980 3972.1604257067
2981 3973.84073617257
2982 3975.52118486014
2983 3977.20176176836
2984 3978.88247459288
2985 3980.56332256212
2986 3982.24429847977
2987 3983.92541004158
2988 3985.60665648939
2989 3987.28803061267
2990 3988.96954010846
2991 3990.65118424378
2992 3992.33295576257
2993 3994.01485957582
2994 3995.69690340722
2995 3997.379071524
2996 3999.06137168839
2997 4000.74381158656
2998 4002.42637550953
2999 4004.10907618718
3000 4005.79190354833
3001 4007.47486530549
3002 4009.15796073828
3003 4010.84118255584
3004 4012.5245385355
3005 4014.20802789266
3006 4015.89164339988
3007 4017.575392784
3008 4019.25927529857
3009 4020.94328366425
3010 4022.62742282642
3011 4024.31170052624
3012 4025.99610098302
3013 4027.68063697091
3014 4029.36530122205
3015 4031.05009295103
3016 4032.73501997703
3017 4034.42007496729
3018 4036.10525720049
3019 4037.79057444527
3020 4039.47601655928
3021 4041.16159132437
3022 4042.8472980066
3023 4044.53312928448
3024 4046.21909296594
3025 4047.90518828497
3026 4049.59140793864
3027 4051.27775687483
3028 4052.96424289043
3029 4054.65085013151
3030 4056.3375914306
3031 4058.02445946411
3032 4059.71145348483
3033 4061.39858131599
3034 4063.08583560783
3035 4064.7732156385
3036 4066.4607292065
3037 4068.14836611218
3038 4069.83613419312
3039 4071.52403272786
3040 4073.2120543131
3041 4074.90020682557
3042 4076.58848950528
3043 4078.2768949996
3044 4079.96543334928
3045 4081.65409718856
3046 4083.34288576975
3047 4085.03180698421
3048 4086.72085340105
3049 4088.41002431098
3050 4090.09932756758
3051 4091.78875579069
3052 4093.4783082195
3053 4095.16799277266
3054 4096.85779911583
3055 4098.54773516793
3056 4100.23780019441
3057 4101.92798677455
3058 4103.61830277655
3059 4105.30874751721
3060 4106.99931353
3061 4108.69001383473
3062 4110.38083236646
3063 4112.07177702024
3064 4113.76285285357
3065 4115.45405239259
3066 4117.14537491454
3067 4118.83682836773
3068 4120.5284052513
3069 4122.2201048557
3070 4123.91193514259
3071 4125.60388570711
3072 4127.2959645112
3073 4128.98817083267
3074 4130.68049719491
3075 4132.3729566687
3076 4134.0655331172
3077 4135.75823446465
3078 4137.45106870087
3079 4139.14401962291
3080 4140.83709519436
3081 4142.53030050153
3082 4144.22362802723
3083 4145.91707704846
3084 4147.61065555622
3085 4149.30435599396
3086 4150.99817767722
3087 4152.69212859798
3088 4154.38620118573
3089 4156.08039475619
3090 4157.77471731478
3091 4159.4691583721
3092 4161.16373114818
3093 4162.85841936144
3094 4164.55323102443
3095 4166.24817414407
3096 4167.94323243078
3097 4169.63841391715
3098 4171.33372369201
3099 4173.02915418215
3100 4174.72470470296
3101 4176.42038327551
3102 4178.11618228714
3103 4179.8121010789
3104 4181.5081476598
3105 4183.20431444222
3106 4184.900605932
3107 4186.59701454075
3108 4188.29354539723
3109 4189.99020652475
3110 4191.6869816005
3111 4193.38387866048
3112 4195.08090574188
3113 4196.77804652016
3114 4198.47530900625
3115 4200.17270127685
3116 4201.87020696709
3117 4203.56783412741
3118 4205.26558790156
3119 4206.96346064656
3120 4208.66145169013
3121 4210.35956912314
3122 4212.05780525009
3123 4213.75616468279
3124 4215.45463972495
3125 4217.15323554672
3126 4218.85196026003
3127 4220.55079739687
3128 4222.24975507531
3129 4223.94884137558
3130 4225.64803984751
3131 4227.34735859699
3132 4229.04680573087
3133 4230.74636477154
3134 4232.44604382554
3135 4234.14584809113
3136 4235.84576985622
3137 4237.54581373462
3138 4239.2459720135
3139 4240.94625281396
3140 4242.64665547653
3141 4244.34717227469
3142 4246.04780842019
3143 4247.74857203562
3144 4249.44944659856
3145 4251.15044023133
3146 4252.85156110917
3147 4254.55279266916
3148 4256.2541430473
3149 4257.95562041962
3150 4259.65720820859
3151 4261.35891456397
3152 4263.06074473855
3153 4264.76269092509
3154 4266.46475783065
3155 4268.16693763422
3156 4269.86923853901
3157 4271.57165989811
3158 4273.27419391572
3159 4274.97684877632
3160 4276.67962382641
3161 4278.38251128243
3162 4280.08551638525
3163 4281.78864732735
3164 4283.49188745885
3165 4285.19524499795
3166 4286.89872812485
3167 4288.60232018811
3168 4290.30603472439
3169 4292.00986098394
3170 4293.71380716043
3171 4295.41787263256
3172 4297.12204953599
3173 4298.8263461302
3174 4300.53076175474
3175 4302.23528857058
3176 4303.93993481188
3177 4305.64469984418
3178 4307.34957580159
3179 4309.0545679927
3180 4310.75968462715
3181 4312.4649089811
3182 4314.17024930294
3183 4315.87571384215
3184 4317.58128582121
3185 4319.28697892696
3186 4320.99278521372
3187 4322.69870408528
3188 4324.40474381802
3189 4326.11089352527
3190 4327.81716149667
3191 4329.52354711042
3192 4331.23004246456
3193 4332.93665580401
3194 4334.6433865589
3195 4336.35022676794
3196 4338.05718178145
3197 4339.76425987831
3198 4341.47144422162
3199 4343.178743103
3200 4344.88616482827
3201 4346.59369254575
3202 4348.30133997548
3203 4350.00909916739
3204 4351.71696951183
3205 4353.42495931544
3206 4355.13305765962
3207 4356.84127285128
3208 4358.54960430721
3209 4360.25804402345
3210 4361.96660034689
3211 4363.67527266803
3212 4365.38405302138
3213 4367.09294674676
3214 4368.80196219259
3215 4370.51108242158
3216 4372.22032122476
3217 4373.9296706094
3218 4375.63912997852
3219 4377.34870768131
3220 4379.05839571145
3221 4380.76819345865
3222 4382.47810931213
3223 4384.188132243
3224 4385.89827064077
3225 4387.60852388909
3226 4389.31888397312
3227 4391.02935925711
3228 4392.73994917014
3229 4394.45064566423
3230 4396.16145710412
3231 4397.87238294514
3232 4399.58341508617
3233 4401.29456445951
3234 4403.00582295076
3235 4404.71719002769
3236 4406.42867406977
3237 4408.14026700122
3238 4409.85196825033
3239 4411.5637862237
3240 4413.27570984734
3241 4414.98774752811
3242 4416.69989870777
3243 4418.41215526958
3244 4420.12452564695
3245 4421.83700928184
3246 4423.54959805643
3247 4425.26230591854
3248 4426.9751157437
3249 4428.68803597966
3250 4430.4010720638
3251 4432.11421587759
3252 4433.82746683592
3253 4435.54083341416
3254 4437.25430745354
3255 4438.96788840834
3256 4440.68158472825
3257 4442.39538828018
3258 4444.10929847883
3259 4445.82332381415
3260 4447.5374531204
3261 4449.25169485491
3262 4450.96604847231
3263 4452.68050579815
3264 4454.39508086575
3265 4456.10975647624
3266 4457.82454109476
3267 4459.53944020052
3268 4461.25444563149
3269 4462.96955680208
3270 4464.68478224418
3271 4466.40011372938
3272 4468.1155507376
3273 4469.83110174896
3274 4471.54675858682
3275 4473.26252067846
3276 4474.97839655734
3277 4476.69437496676
3278 4478.41047003738
3279 4480.1266644453
3280 4481.84296673753
3281 4483.55938543565
3282 4485.27590322758
3283 4486.99252866068
3284 4488.70926724344
3285 4490.42611071762
3286 4492.14305856285
3287 4493.86011931499
3288 4495.57728472851
3289 4497.29455425639
3290 4499.01193646186
3291 4500.729423072
3292 4502.44701355327
3293 4504.02706327351
3294 4505.60713559325
3295 4507.18724168069
3296 4508.76737022083
3297 4510.34752675008
3298 4511.9277168378
3299 4513.50793218359
3300 4515.08817790688
3301 4516.66844569958
3302 4518.24874112503
3303 4519.82906974725
3304 4521.40942022846
3305 4522.98979810639
3306 4524.5702089847
3307 4526.15064148541
3308 4527.73110682712
3309 4529.31159365114
3310 4530.89211057102
3311 4532.47265706659
3312 4534.05322483386
3313 4535.6338250731
3314 4537.21444642387
3315 4538.79509447775
3316 4540.37577479391
3317 4541.9564760045
3318 4543.53720368155
3319 4545.1179634178
3320 4546.69874686832
3321 4548.27955920093
3322 4549.8603920438
3323 4551.44125100286
3324 4553.02214166469
3325 4554.60305262585
3326 4556.1839951632
3327 4557.76495783947
3328 4559.34594626142
3329 4560.92696606263
3330 4562.50800577866
3331 4564.08907407453
3332 4565.67017048192
3333 4567.25128657993
3334 4568.83243370036
3335 4570.41360038403
3336 4571.99479221891
3337 4573.57601487911
3338 4575.15725686516
3339 4576.73852951659
3340 4578.31982134633
3341 4579.90114106115
3342 4581.48248818553
3343 4583.0638542507
3344 4584.6452449314
3345 4586.22666586988
3346 4587.80810553772
3347 4589.38957532338
3348 4590.97106370379
3349 4592.55257632835
3350 4594.13411886024
3351 4595.71567976225
3352 4597.2972734973
3353 4598.87888241519
3354 4600.46051519258
3355 4602.04217754576
3356 4603.62385791666
3357 4605.20556769004
3358 4606.78729533328
3359 4608.36904652359
3360 4609.95082691873
3361 4611.53262496557
3362 4613.11444939539
3363 4614.69629976542
3364 4616.27816756221
3365 4617.86006423862
3366 4619.4419781807
3367 4621.02391509318
3368 4622.60588067436
3369 4624.18786332232
3370 4625.76987449869
3371 4627.35190258068
3372 4628.93395327382
3373 4630.51603538524
3374 4632.09813111554
3375 4633.6802492323
3376 4635.26239548151
3377 4636.84455821206
3378 4638.42674891447
3379 4640.00895595711
3380 4641.59118505282
3381 4643.17344192226
3382 4644.75571491964
3383 4646.33801555625
3384 4647.92033524824
3385 4649.50267355193
3386 4651.08503929659
3387 4652.66742079539
3388 4654.24982379582
3389 4655.83225402581
3390 4657.41469978437
3391 4658.9971726581
3392 4660.57966091197
3393 4662.16217032047
3394 4663.74470970929
3395 4665.32726118906
3396 4666.90983942467
3397 4668.49243269956
3398 4670.0750467688
3399 4671.65768739533
3400 4673.24034284842
3401 4674.82301887055
3402 4676.40572125136
3403 4677.98843824595
3404 4679.57118146438
3405 4681.15394222562
3406 4682.73672015109
3407 4684.31952407546
3408 4685.90234225882
3409 4687.48518631294
3410 4689.06804447731
3411 4690.65092254255
3412 4692.23382626661
3413 4693.816743901
3414 4695.39968121067
3415 4696.98264711124
3416 4698.56562357814
3417 4700.1486253902
3418 4701.73164075063
3419 4703.31467543832
3420 4704.89773527216
3421 4706.48080842806
3422 4708.06390658188
3423 4709.64701794224
3424 4711.23014828165
3425 4712.81330343294
3426 4714.3964746702
3427 4715.97966156793
3428 4717.56287309146
3429 4719.14609736862
3430 4720.72934611009
3431 4722.31260746923
3432 4723.89588729264
3433 4725.47919136793
3434 4727.06250786049
3435 4728.64584848998
3436 4730.22920450745
3437 4731.81257549446
3438 4733.3959704452
3439 4734.9793774373
3440 4736.56280231873
3441 4738.14625095129
3442 4739.72971142462
3443 4741.31319551362
3444 4742.89669130138
3445 4744.48020464256
3446 4746.06374138669
3447 4747.64729276292
3448 4749.23086428574
3449 4750.81444715724
3450 4752.39804725337
3451 4753.98167043029
3452 4755.56530474879
3453 4757.14895606488
3454 4758.73263026879
3455 4760.31631541343
3456 4761.90002331021
3457 4763.48374512006
3458 4765.06748047664
3459 4766.65123838548
3460 4768.23500688454
3461 4769.81879780746
3462 4771.402599171
3463 4772.98641685331
3464 4774.57025678572
3465 4776.15410694453
3466 4777.73797322152
3467 4779.32186154854
3468 4780.90576302368
3469 4782.48968326395
3470 4784.07361340022
3471 4785.65755931776
3472 4787.24152694928
3473 4788.8255042624
3474 4790.40950314044
3475 4791.9935115634
3476 4793.57753545102
3477 4795.16158070326
3478 4796.74563843598
3479 4798.32970828253
3480 4799.91379930646
3481 4801.49789945935
3482 4803.08202067407
3483 4804.66615086782
3484 4806.25029598796
3485 4807.83446195635
3486 4809.41863671533
3487 4811.00283219952
3488 4812.5870363317
3489 4814.17125819066
3490 4815.7554974364
3491 4817.33974512844
3492 4818.924007195
3493 4820.50828961184
3494 4822.09258026011
3495 4823.67689110924
3496 4825.26121006594
3497 4826.8455430667
3498 4828.42989608071
3499 4830.01426015934
3500 4831.59864095663
3501 4833.18302950314
3502 4834.76743177563
3503 4836.35185374416
3504 4837.93628325994
3505 4839.52072630026
3506 4841.10518883569
3507 4842.68965871634
3508 4844.27414797623
3509 4845.85864443099
3510 4847.4431572513
3511 4849.02768608367
3512 4850.61222192192
3513 4852.19677681497
3514 4853.78133857094
3515 4855.36591318767
3516 4856.9505066712
3517 4858.5351068154
3518 4860.11971963178
3519 4861.70435110062
3520 4863.28899220814
3521 4864.87364869064
3522 4866.45831149411
3523 4868.04298663838
3524 4869.62768012343
3525 4871.21237974014
3526 4872.79709758153
3527 4874.38182139081
3528 4875.96655721502
3529 4877.55131108878
3530 4879.13607072789
3531 4880.72084536129
3532 4882.3056346615
3533 4883.89042953761
3534 4885.47524213807
3535 4887.06006018436
3536 4888.64488971739
3537 4890.22973676004
3538 4891.81458907211
3539 4893.39945877001
3540 4894.98433357334
3541 4896.56921954459
3542 4898.15412590868
3543 4899.73903399998
3544 4901.32395304312
3545 4902.90888911498
3546 4904.49382990664
3547 4906.07878757681
3548 4907.66374982898
3549 4909.24872272704
3550 4910.8337123149
3551 4912.41870629493
3552 4914.00372003171
3553 4915.58873482635
3554 4917.17375994005
3555 4918.75880143833
3556 4920.3438469878
3557 4921.92890264061
3558 4923.51397451544
3559 4925.09905022515
3560 4926.68414200646
3561 4928.26923750539
3562 4929.85434280687
3563 4931.43946718853
3564 4933.02459188709
3565 4934.60973235725
3566 4936.19487619055
3567 4937.78002950669
3568 4939.36519840536
3569 4940.95037047695
3570 4942.53555184171
3571 4944.12074859985
3572 4945.70594832748
3573 4947.2911665435
3574 4948.87638439239
3575 4950.46161119371
3576 4952.04685309566
3577 4953.63209763853
3578 4955.21735714451
3579 4956.80261917392
3580 4958.38788984116
3581 4959.97317528218
3582 4961.55846304298
3583 4963.14375925167
3584 4964.72907325747
3585 4966.31438617986
3586 4967.89971356215
3587 4969.48504293529
3588 4971.0703804491
3589 4972.65573224645
3590 4974.24108583779
3591 4975.8264535819
3592 4977.41182298153
3593 4978.99720020056
3594 4980.58259460963
3595 4982.16798726985
3596 4983.75338755927
3597 4985.33880163533
3598 4986.92421697218
3599 4988.50964599189
3600 4990.09507614697
3601 4991.68051360274
3602 4993.26596455159
3603 4994.85141643173
3604 4996.43688168022
3605 4998.02235095697
3606 4999.60782400424
3607 5001.19331024316
3608 5002.7787970914
3609 5004.36429073433
3610 5005.94979739216
3611 5007.53530445504
3612 5009.12082440798
3613 5010.70634464038
3614 5012.29187137259
3615 5013.87741400736
3616 5015.46295351479
3617 5017.04850561823
3618 5018.63405767109
3619 5020.21961589464
3620 5021.8051865109
3621 5023.39075689847
3622 5024.97633327916
3623 5026.56192187556
3624 5028.14751003873
3625 5029.73311029257
3626 5031.31871322513
3627 5032.90431860472
3628 5034.48993588469
3629 5036.07555243515
3630 5037.66118076088
3631 5039.24680821807
3632 5040.83244104353
3633 5042.41808545387
3634 5044.00372882428
3635 5045.58937735799
3636 5047.17504055039
3637 5048.76069926726
3638 5050.34636927351
3639 5051.93203788271
3640 5053.51771138588
3641 5055.10339598787
3642 5056.68907902747
3643 5058.2747730748
3644 5059.86046540731
3645 5061.44616229058
3646 5063.03187001731
3647 5064.61757906939
3648 5066.2032955945
3649 5067.7890100947
3650 5069.37472884182
3651 5070.9604581163
3652 5072.54618518715
3653 5074.13191630036
3654 5075.71765776331
