1 -0.00983333 -0.03600000 0.01633333
2 -0.00983333 -0.03600000 0.01633333
3 -0.00983333 -0.03600000 0.01633333
4 0.00000000 0.00000000 0.00000000
5 -0.02100000 -0.03600000 -0.00600000
6 -0.04333333 -0.06333333 -0.02333333
7 -0.06566666 -0.09066666 -0.04066666
8 -0.08800000 -0.11800000 -0.05800000
9 -0.11033333 -0.14533333 -0.07533333
10 -0.13266666 -0.17266666 -0.09266666
11 -0.15500000 -0.20000000 -0.11000000
12 -0.17642857 -0.22142857 -0.13142857
13 -0.19785714 -0.24285714 -0.15285714
14 -0.21928571 -0.26428571 -0.17428571
15 -0.24071428 -0.28571428 -0.19571428
16 -0.26214285 -0.30714285 -0.21714285
17 -0.28357142 -0.32857142 -0.23857142
18 -0.30500000 -0.35000000 -0.26000000
19 -0.32857142 -0.37571428 -0.28142857
20 -0.35214285 -0.40142857 -0.30285714
21 -0.37571428 -0.42714285 -0.32428571
22 -0.39928571 -0.45285714 -0.34571428
23 -0.42285714 -0.47857142 -0.36714285
24 -0.44642857 -0.50428571 -0.38857142
25 -0.47000000 -0.53000000 -0.41000000
26 -0.49277777 -0.55555555 -0.43000000
27 -0.51555555 -0.58111111 -0.45000000
28 -0.53833333 -0.60666666 -0.47000000
29 -0.56111111 -0.63222222 -0.49000000
30 -0.58388888 -0.65777777 -0.51000000
31 -0.60666666 -0.68333333 -0.53000000
32 -0.62944444 -0.70888888 -0.55000000
33 -0.65222222 -0.73444444 -0.57000000
34 -0.67500000 -0.76000000 -0.59000000
35 -0.71250000 -0.80156250 -0.62343750
36 -0.75000000 -0.84312500 -0.65687500
37 -0.78750000 -0.88468750 -0.69031250
38 -0.82500000 -0.92625000 -0.72375000
39 -0.86250000 -0.96781250 -0.75718750
40 -0.90000000 -1.00937500 -0.79062500
41 -0.93750000 -1.05093750 -0.82406250
42 -0.97500000 -1.09250000 -0.85750000
43 -1.01250000 -1.13406250 -0.89093750
44 -1.05000000 -1.17562500 -0.92437500
45 -1.08750000 -1.21718750 -0.95781250
46 -1.12500000 -1.25875000 -0.99125000
47 -1.16250000 -1.30031250 -1.02468750
48 -1.20000000 -1.34187500 -1.05812500
49 -1.23750000 -1.38343750 -1.09156250
50 -1.27500000 -1.42500000 -1.12500000
51 -1.31250000 -1.46656250 -1.15843750
52 -1.35000000 -1.50812500 -1.19187500
53 -1.38750000 -1.54968750 -1.22531250
54 -1.42500000 -1.59125000 -1.25875000
55 -1.46250000 -1.63281250 -1.29218750
56 -1.50000000 -1.67437500 -1.32562500
57 -1.53750000 -1.71593750 -1.35906250
58 -1.57500000 -1.75750000 -1.39250000
59 -1.61250000 -1.79906250 -1.42593750
60 -1.65000000 -1.84062500 -1.45937500
61 -1.68750000 -1.88218750 -1.49281250
62 -1.72500000 -1.92375000 -1.52625000
63 -1.76250000 -1.96531250 -1.55968750
64 -1.80000000 -2.00687500 -1.59312500
65 -1.83750000 -2.04843750 -1.62656250
66 -1.87500000 -2.09000000 -1.66000000
67 -1.92350000 -2.13800000 -1.70900000
68 -1.97200000 -2.18600000 -1.75800000
69 -2.02050000 -2.23400000 -1.80700000
70 -2.06900000 -2.28200000 -1.85600000
71 -2.11750000 -2.33000000 -1.90500000
72 -2.16600000 -2.37800000 -1.95400000
73 -2.21450000 -2.42600000 -2.00300000
74 -2.26300000 -2.47400000 -2.05200000
75 -2.31150000 -2.52200000 -2.10100000
76 -2.36000000 -2.57000000 -2.15000000
77 -2.40850000 -2.61800000 -2.19900000
78 -2.45700000 -2.66600000 -2.24800000
79 -2.50550000 -2.71400000 -2.29700000
80 -2.55400000 -2.76200000 -2.34600000
81 -2.60250000 -2.81000000 -2.39500000
82 -2.65100000 -2.85800000 -2.44400000
83 -2.69950000 -2.90600000 -2.49300000
84 -2.74800000 -2.95400000 -2.54200000
85 -2.79650000 -3.00200000 -2.59100000
86 -2.84500000 -3.05000000 -2.64000000
87 -2.89350000 -3.09800000 -2.68900000
88 -2.94200000 -3.14600000 -2.73800000
89 -2.99050000 -3.19400000 -2.78700000
90 -3.03900000 -3.24200000 -2.83600000
91 -3.08750000 -3.29000000 -2.88500000
92 -3.13600000 -3.33800000 -2.93400000
93 -3.18450000 -3.38600000 -2.98300000
94 -3.23300000 -3.43400000 -3.03200000
95 -3.28150000 -3.48200000 -3.08100000
96 -3.33000000 -3.53000000 -3.13000000
97 -3.40543333 -3.61393333 -3.19693333
98 -3.48086666 -3.69786666 -3.26386666
99 -3.55630000 -3.78180000 -3.33080000
100 -3.63173333 -3.86573333 -3.39773333
101 -3.70716666 -3.94966666 -3.46466666
102 -3.78260000 -4.03360000 -3.53160000
103 -3.85803333 -4.11753333 -3.59853333
104 -3.93346666 -4.20146666 -3.66546666
105 -4.00890000 -4.28540000 -3.73240000
106 -4.08433333 -4.36933333 -3.79933333
107 -4.15976666 -4.45326666 -3.86626666
108 -4.23520000 -4.53720000 -3.93320000
109 -4.31063333 -4.62113333 -4.00013333
110 -4.38606666 -4.70506666 -4.06706666
111 -4.46150000 -4.78900000 -4.13400000
112 -4.53693333 -4.87293333 -4.20093333
113 -4.61236666 -4.95686666 -4.26786666
114 -4.68780000 -5.04080000 -4.33480000
115 -4.76323333 -5.12473333 -4.40173333
116 -4.83866666 -5.20866666 -4.46866666
117 -4.91410000 -5.29260000 -4.53560000
118 -4.98953333 -5.37653333 -4.60253333
119 -5.06496666 -5.46046666 -4.66946666
120 -5.14040000 -5.54440000 -4.73640000
121 -5.21583333 -5.62833333 -4.80333333
122 -5.29126666 -5.71226666 -4.87026666
123 -5.36670000 -5.79620000 -4.93720000
124 -5.44213333 -5.88013333 -5.00413333
125 -5.51756666 -5.96406666 -5.07106666
126 -5.59300000 -6.04800000 -5.13800000
127 -5.66800000 -6.13051612 -5.20548387
128 -5.74300000 -6.21303225 -5.27296774
129 -5.81800000 -6.29554838 -5.34045161
130 -5.89300000 -6.37806451 -5.40793548
131 -5.96800000 -6.46058064 -5.47541935
132 -6.04300000 -6.54309677 -5.54290322
133 -6.11800000 -6.62561290 -5.61038709
134 -6.19300000 -6.70812903 -5.67787096
135 -6.26800000 -6.79064516 -5.74535483
136 -6.34300000 -6.87316129 -5.81283870
137 -6.41800000 -6.95567741 -5.88032258
138 -6.49300000 -7.03819354 -5.94780645
139 -6.56800000 -7.12070967 -6.01529032
140 -6.64300000 -7.20322580 -6.08277419
141 -6.71800000 -7.28574193 -6.15025806
142 -6.79300000 -7.36825806 -6.21774193
143 -6.86800000 -7.45077419 -6.28522580
144 -6.94300000 -7.53329032 -6.35270967
145 -7.01800000 -7.61580645 -6.42019354
146 -7.09300000 -7.69832258 -6.48767741
147 -7.16800000 -7.78083870 -6.55516129
148 -7.24300000 -7.86335483 -6.62264516
149 -7.31800000 -7.94587096 -6.69012903
150 -7.39300000 -8.02838709 -6.75761290
151 -7.46800000 -8.11090322 -6.82509677
152 -7.54300000 -8.19341935 -6.89258064
153 -7.61800000 -8.27593548 -6.96006451
154 -7.69300000 -8.35845161 -7.02754838
155 -7.76800000 -8.44096774 -7.09503225
156 -7.84300000 -8.52348387 -7.16251612
157 -7.91800000 -8.60600000 -7.23000000
158 -8.00806666 -8.69880000 -7.31733333
159 -8.09813333 -8.79160000 -7.40466666
160 -8.18820000 -8.88440000 -7.49200000
161 -8.27826666 -8.97720000 -7.57933333
162 -8.36833333 -9.07000000 -7.66666666
163 -8.45840000 -9.16280000 -7.75400000
164 -8.54846666 -9.25560000 -7.84133333
165 -8.63853333 -9.34840000 -7.92866666
166 -8.72860000 -9.44120000 -8.01600000
167 -8.81866666 -9.53400000 -8.10333333
168 -8.90873333 -9.62680000 -8.19066666
169 -8.99880000 -9.71960000 -8.27800000
170 -9.08886666 -9.81240000 -8.36533333
171 -9.17893333 -9.90520000 -8.45266666
172 -9.26900000 -9.99800000 -8.54000000
173 -9.35906666 -10.09080000 -8.62733333
174 -9.44913333 -10.18360000 -8.71466666
175 -9.53920000 -10.27640000 -8.80200000
176 -9.62926666 -10.36920000 -8.88933333
177 -9.71933333 -10.46200000 -8.97666666
178 -9.80940000 -10.55480000 -9.06400000
179 -9.89946666 -10.64760000 -9.15133333
180 -9.98953333 -10.74040000 -9.23866666
181 -10.07960000 -10.83320000 -9.32600000
182 -10.16966666 -10.92600000 -9.41333333
183 -10.25973333 -11.01880000 -9.50066666
184 -10.34980000 -11.11160000 -9.58800000
185 -10.43986666 -11.20440000 -9.67533333
186 -10.52993333 -11.29720000 -9.76266666
187 -10.62000000 -11.39000000 -9.85000000
188 -10.70500000 -11.48484848 -9.92515151
189 -10.79000000 -11.57969696 -10.00030303
190 -10.87500000 -11.67454545 -10.07545454
191 -10.96000000 -11.76939393 -10.15060606
192 -11.04500000 -11.86424242 -10.22575757
193 -11.13000000 -11.95909090 -10.30090909
194 -11.21500000 -12.05393939 -10.37606060
195 -11.30000000 -12.14878787 -10.45121212
196 -11.38500000 -12.24363636 -10.52636363
197 -11.47000000 -12.33848484 -10.60151515
198 -11.55500000 -12.43333333 -10.67666666
199 -11.64000000 -12.52818181 -10.75181818
200 -11.72500000 -12.62303030 -10.82696969
201 -11.81000000 -12.71787878 -10.90212121
202 -11.89500000 -12.81272727 -10.97727272
203 -11.98000000 -12.90757575 -11.05242424
204 -12.06500000 -13.00242424 -11.12757575
205 -12.15000000 -13.09727272 -11.20272727
206 -12.23500000 -13.19212121 -11.27787878
207 -12.32000000 -13.28696969 -11.35303030
208 -12.40500000 -13.38181818 -11.42818181
209 -12.49000000 -13.47666666 -11.50333333
210 -12.57500000 -13.57151515 -11.57848484
211 -12.66000000 -13.66636363 -11.65363636
212 -12.74500000 -13.76121212 -11.72878787
213 -12.83000000 -13.85606060 -11.80393939
214 -12.91500000 -13.95090909 -11.87909090
215 -13.00000000 -14.04575757 -11.95424242
216 -13.08500000 -14.14060606 -12.02939393
217 -13.17000000 -14.23545454 -12.10454545
218 -13.25500000 -14.33030303 -12.17969696
219 -13.34000000 -14.42515151 -12.25484848
220 -13.42500000 -14.52000000 -12.33000000
221 -13.51396551 -14.61586206 -12.41206896
222 -13.60293103 -14.71172413 -12.49413793
223 -13.69189655 -14.80758620 -12.57620689
224 -13.78086206 -14.90344827 -12.65827586
225 -13.86982758 -14.99931034 -12.74034482
226 -13.95879310 -15.09517241 -12.82241379
227 -14.04775862 -15.19103448 -12.90448275
228 -14.13672413 -15.28689655 -12.98655172
229 -14.22568965 -15.38275862 -13.06862068
230 -14.31465517 -15.47862068 -13.15068965
231 -14.40362068 -15.57448275 -13.23275862
232 -14.49258620 -15.67034482 -13.31482758
233 -14.58155172 -15.76620689 -13.39689655
234 -14.67051724 -15.86206896 -13.47896551
235 -14.75948275 -15.95793103 -13.56103448
236 -14.84844827 -16.05379310 -13.64310344
237 -14.93741379 -16.14965517 -13.72517241
238 -15.02637931 -16.24551724 -13.80724137
239 -15.11534482 -16.34137931 -13.88931034
240 -15.20431034 -16.43724137 -13.97137931
241 -15.29327586 -16.53310344 -14.05344827
242 -15.38224137 -16.62896551 -14.13551724
243 -15.47120689 -16.72482758 -14.21758620
244 -15.56017241 -16.82068965 -14.29965517
245 -15.64913793 -16.91655172 -14.38172413
246 -15.73810344 -17.01241379 -14.46379310
247 -15.82706896 -17.10827586 -14.54586206
248 -15.91603448 -17.20413793 -14.62793103
249 -16.00500000 -17.30000000 -14.71000000
250 -16.09178571 -17.39392857 -14.78964285
251 -16.17857142 -17.48785714 -14.86928571
252 -16.26535714 -17.58178571 -14.94892857
253 -16.35214285 -17.67571428 -15.02857142
254 -16.43892857 -17.76964285 -15.10821428
255 -16.52571428 -17.86357142 -15.18785714
256 -16.61250000 -17.95750000 -15.26750000
257 -16.69928571 -18.05142857 -15.34714285
258 -16.78607142 -18.14535714 -15.42678571
259 -16.87285714 -18.23928571 -15.50642857
260 -16.95964285 -18.33321428 -15.58607142
261 -17.04642857 -18.42714285 -15.66571428
262 -17.13321428 -18.52107142 -15.74535714
263 -17.22000000 -18.61500000 -15.82500000
264 -17.30678571 -18.70892857 -15.90464285
265 -17.39357142 -18.80285714 -15.98428571
266 -17.48035714 -18.89678571 -16.06392857
267 -17.56714285 -18.99071428 -16.14357142
268 -17.65392857 -19.08464285 -16.22321428
269 -17.74071428 -19.17857142 -16.30285714
270 -17.82750000 -19.27250000 -16.38250000
271 -17.91428571 -19.36642857 -16.46214285
272 -18.00107142 -19.46035714 -16.54178571
273 -18.08785714 -19.55428571 -16.62142857
274 -18.17464285 -19.64821428 -16.70107142
275 -18.26142857 -19.74214285 -16.78071428
276 -18.34821428 -19.83607142 -16.86035714
277 -18.43500000 -19.93000000 -16.94000000
278 -18.51664516 -20.01300000 -17.02029032
279 -18.59829032 -20.09600000 -17.10058064
280 -18.67993548 -20.17900000 -17.18087096
281 -18.76158064 -20.26200000 -17.26116129
282 -18.84322580 -20.34500000 -17.34145161
283 -18.92487096 -20.42800000 -17.42174193
284 -19.00651612 -20.51100000 -17.50203225
285 -19.08816129 -20.59400000 -17.58232258
286 -19.16980645 -20.67700000 -17.66261290
287 -19.25145161 -20.76000000 -17.74290322
288 -19.33309677 -20.84300000 -17.82319354
289 -19.41474193 -20.92600000 -17.90348387
290 -19.49638709 -21.00900000 -17.98377419
291 -19.57803225 -21.09200000 -18.06406451
292 -19.65967741 -21.17500000 -18.14435483
293 -19.74132258 -21.25800000 -18.22464516
294 -19.82296774 -21.34100000 -18.30493548
295 -19.90461290 -21.42400000 -18.38522580
296 -19.98625806 -21.50700000 -18.46551612
297 -20.06790322 -21.59000000 -18.54580645
298 -20.14954838 -21.67300000 -18.62609677
299 -20.23119354 -21.75600000 -18.70638709
300 -20.31283870 -21.83900000 -18.78667741
301 -20.39448387 -21.92200000 -18.86696774
302 -20.47612903 -22.00500000 -18.94725806
303 -20.55777419 -22.08800000 -19.02754838
304 -20.63941935 -22.17100000 -19.10783870
305 -20.72106451 -22.25400000 -19.18812903
306 -20.80270967 -22.33700000 -19.26841935
307 -20.88435483 -22.42000000 -19.34870967
308 -20.96600000 -22.50300000 -19.42900000
309 -21.03993548 -22.58351612 -19.49635483
310 -21.11387096 -22.66403225 -19.56370967
311 -21.18780645 -22.74454838 -19.63106451
312 -21.26174193 -22.82506451 -19.69841935
313 -21.33567741 -22.90558064 -19.76577419
314 -21.40961290 -22.98609677 -19.83312903
315 -21.48354838 -23.06661290 -19.90048387
316 -21.55748387 -23.14712903 -19.96783870
317 -21.63141935 -23.22764516 -20.03519354
318 -21.70535483 -23.30816129 -20.10254838
319 -21.77929032 -23.38867741 -20.16990322
320 -21.85322580 -23.46919354 -20.23725806
321 -21.92716129 -23.54970967 -20.30461290
322 -22.00109677 -23.63022580 -20.37196774
323 -22.07503225 -23.71074193 -20.43932258
324 -22.14896774 -23.79125806 -20.50667741
325 -22.22290322 -23.87177419 -20.57403225
326 -22.29683870 -23.95229032 -20.64138709
327 -22.37077419 -24.03280645 -20.70874193
328 -22.44470967 -24.11332258 -20.77609677
329 -22.51864516 -24.19383870 -20.84345161
330 -22.59258064 -24.27435483 -20.91080645
331 -22.66651612 -24.35487096 -20.97816129
332 -22.74045161 -24.43538709 -21.04551612
333 -22.81438709 -24.51590322 -21.11287096
334 -22.88832258 -24.59641935 -21.18022580
335 -22.96225806 -24.67693548 -21.24758064
336 -23.03619354 -24.75745161 -21.31493548
337 -23.11012903 -24.83796774 -21.38229032
338 -23.18406451 -24.91848387 -21.44964516
339 -23.25800000 -24.99900000 -21.51700000
340 -23.32456666 -25.07970000 -21.56943333
341 -23.39113333 -25.16040000 -21.62186666
342 -23.45770000 -25.24110000 -21.67430000
343 -23.52426666 -25.32180000 -21.72673333
344 -23.59083333 -25.40250000 -21.77916666
345 -23.65740000 -25.48320000 -21.83160000
346 -23.72396666 -25.56390000 -21.88403333
347 -23.79053333 -25.64460000 -21.93646666
348 -23.85710000 -25.72530000 -21.98890000
349 -23.92366666 -25.80600000 -22.04133333
350 -23.99023333 -25.88670000 -22.09376666
351 -24.05680000 -25.96740000 -22.14620000
352 -24.12336666 -26.04810000 -22.19863333
353 -24.18993333 -26.12880000 -22.25106666
354 -24.25650000 -26.20950000 -22.30350000
355 -24.32306666 -26.29020000 -22.35593333
356 -24.38963333 -26.37090000 -22.40836666
357 -24.45620000 -26.45160000 -22.46080000
358 -24.52276666 -26.53230000 -22.51323333
359 -24.58933333 -26.61300000 -22.56566666
360 -24.65590000 -26.69370000 -22.61810000
361 -24.72246666 -26.77440000 -22.67053333
362 -24.78903333 -26.85510000 -22.72296666
363 -24.85560000 -26.93580000 -22.77540000
364 -24.92216666 -27.01650000 -22.82783333
365 -24.98873333 -27.09720000 -22.88026666
366 -25.05530000 -27.17790000 -22.93270000
367 -25.12186666 -27.25860000 -22.98513333
368 -25.18843333 -27.33930000 -23.03756666
369 -25.25500000 -27.42000000 -23.09000000
370 -25.32545652 -27.50201086 -23.14890217
371 -25.39591304 -27.58402173 -23.20780434
372 -25.46636956 -27.66603260 -23.26670652
373 -25.53682608 -27.74804347 -23.32560869
374 -25.60728260 -27.83005434 -23.38451086
375 -25.67773913 -27.91206521 -23.44341304
376 -25.74819565 -27.99407608 -23.50231521
377 -25.81865217 -28.07608695 -23.56121739
378 -25.88910869 -28.15809782 -23.62011956
379 -25.95956521 -28.24010869 -23.67902173
380 -26.03002173 -28.32211956 -23.73792391
381 -26.10047826 -28.40413043 -23.79682608
382 -26.17093478 -28.48614130 -23.85572826
383 -26.24139130 -28.56815217 -23.91463043
384 -26.31184782 -28.65016304 -23.97353260
385 -26.38230434 -28.73217391 -24.03243478
386 -26.45276086 -28.81418478 -24.09133695
387 -26.52321739 -28.89619565 -24.15023913
388 -26.59367391 -28.97820652 -24.20914130
389 -26.66413043 -29.06021739 -24.26804347
390 -26.73458695 -29.14222826 -24.32694565
391 -26.80504347 -29.22423913 -24.38584782
392 -26.87550000 -29.30625000 -24.44475000
393 -26.94595652 -29.38826086 -24.50365217
394 -27.01641304 -29.47027173 -24.56255434
395 -27.08686956 -29.55228260 -24.62145652
396 -27.15732608 -29.63429347 -24.68035869
397 -27.22778260 -29.71630434 -24.73926086
398 -27.29823913 -29.79831521 -24.79816304
399 -27.36869565 -29.88032608 -24.85706521
400 -27.43915217 -29.96233695 -24.91596739
401 -27.50960869 -30.04434782 -24.97486956
402 -27.58006521 -30.12635869 -25.03377173
403 -27.65052173 -30.20836956 -25.09267391
404 -27.72097826 -30.29038043 -25.15157608
405 -27.79143478 -30.37239130 -25.21047826
406 -27.86189130 -30.45440217 -25.26938043
407 -27.93234782 -30.53641304 -25.32828260
408 -28.00280434 -30.61842391 -25.38718478
409 -28.07326086 -30.70043478 -25.44608695
410 -28.14371739 -30.78244565 -25.50498913
411 -28.21417391 -30.86445652 -25.56389130
412 -28.28463043 -30.94646739 -25.62279347
413 -28.35508695 -31.02847826 -25.68169565
414 -28.42554347 -31.11048913 -25.74059782
415 -28.49600000 -31.19250000 -25.79950000
416 -28.56645652 -31.27451086 -25.85840217
417 -28.63691304 -31.35652173 -25.91730434
418 -28.70736956 -31.43853260 -25.97620652
419 -28.77782608 -31.52054347 -26.03510869
420 -28.84828260 -31.60255434 -26.09401086
421 -28.91873913 -31.68456521 -26.15291304
422 -28.98919565 -31.76657608 -26.21181521
423 -29.05965217 -31.84858695 -26.27071739
424 -29.13010869 -31.93059782 -26.32961956
425 -29.20056521 -32.01260869 -26.38852173
426 -29.27102173 -32.09461956 -26.44742391
427 -29.34147826 -32.17663043 -26.50632608
428 -29.41193478 -32.25864130 -26.56522826
429 -29.48239130 -32.34065217 -26.62413043
430 -29.55284782 -32.42266304 -26.68303260
431 -29.62330434 -32.50467391 -26.74193478
432 -29.69376086 -32.58668478 -26.80083695
433 -29.76421739 -32.66869565 -26.85973913
434 -29.83467391 -32.75070652 -26.91864130
435 -29.90513043 -32.83271739 -26.97754347
436 -29.97558695 -32.91472826 -27.03644565
437 -30.04604347 -32.99673913 -27.09534782
438 -30.11650000 -33.07875000 -27.15425000
439 -30.18695652 -33.16076086 -27.21315217
440 -30.25741304 -33.24277173 -27.27205434
441 -30.32786956 -33.32478260 -27.33095652
442 -30.39832608 -33.40679347 -27.38985869
443 -30.46878260 -33.48880434 -27.44876086
444 -30.53923913 -33.57081521 -27.50766304
445 -30.60969565 -33.65282608 -27.56656521
446 -30.68015217 -33.73483695 -27.62546739
447 -30.75060869 -33.81684782 -27.68436956
448 -30.82106521 -33.89885869 -27.74327173
449 -30.89152173 -33.98086956 -27.80217391
450 -30.96197826 -34.06288043 -27.86107608
451 -31.03243478 -34.14489130 -27.91997826
452 -31.10289130 -34.22690217 -27.97888043
453 -31.17334782 -34.30891304 -28.03778260
454 -31.24380434 -34.39092391 -28.09668478
455 -31.31426086 -34.47293478 -28.15558695
456 -31.38471739 -34.55494565 -28.21448913
457 -31.45517391 -34.63695652 -28.27339130
458 -31.52563043 -34.71896739 -28.33229347
459 -31.59608695 -34.80097826 -28.39119565
460 -31.66654347 -34.88298913 -28.45009782
461 -31.73700000 -34.96500000 -28.50900000
462 -31.80324175 -35.04087912 -28.56560439
463 -31.86948351 -35.11675824 -28.62220879
464 -31.93572527 -35.19263736 -28.67881318
465 -32.00196703 -35.26851648 -28.73541758
466 -32.06820879 -35.34439560 -28.79202197
467 -32.13445054 -35.42027472 -28.84862637
468 -32.20069230 -35.49615384 -28.90523076
469 -32.26693406 -35.57203296 -28.96183516
470 -32.33317582 -35.64791208 -29.01843956
471 -32.39941758 -35.72379120 -29.07504395
472 -32.46565934 -35.79967032 -29.13164835
473 -32.53190109 -35.87554945 -29.18825274
474 -32.59814285 -35.95142857 -29.24485714
475 -32.66438461 -36.02730769 -29.30146153
476 -32.73062637 -36.10318681 -29.35806593
477 -32.79686813 -36.17906593 -29.41467032
478 -32.86310989 -36.25494505 -29.47127472
479 -32.92935164 -36.33082417 -29.52787912
480 -32.99559340 -36.40670329 -29.58448351
481 -33.06183516 -36.48258241 -29.64108791
482 -33.12807692 -36.55846153 -29.69769230
483 -33.19431868 -36.63434065 -29.75429670
484 -33.26056043 -36.71021978 -29.81090109
485 -33.32680219 -36.78609890 -29.86750549
486 -33.39304395 -36.86197802 -29.92410989
487 -33.45928571 -36.93785714 -29.98071428
488 -33.52552747 -37.01373626 -30.03731868
489 -33.59176923 -37.08961538 -30.09392307
490 -33.65801098 -37.16549450 -30.15052747
491 -33.72425274 -37.24137362 -30.20713186
492 -33.79049450 -37.31725274 -30.26373626
493 -33.85673626 -37.39313186 -30.32034065
494 -33.92297802 -37.46901098 -30.37694505
495 -33.98921978 -37.54489010 -30.43354945
496 -34.05546153 -37.62076923 -30.49015384
497 -34.12170329 -37.69664835 -30.54675824
498 -34.18794505 -37.77252747 -30.60336263
499 -34.25418681 -37.84840659 -30.65996703
500 -34.32042857 -37.92428571 -30.71657142
501 -34.38667032 -38.00016483 -30.77317582
502 -34.45291208 -38.07604395 -30.82978021
503 -34.51915384 -38.15192307 -30.88638461
504 -34.58539560 -38.22780219 -30.94298901
505 -34.65163736 -38.30368131 -30.99959340
506 -34.71787912 -38.37956043 -31.05619780
507 -34.78412087 -38.45543956 -31.11280219
508 -34.85036263 -38.53131868 -31.16940659
509 -34.91660439 -38.60719780 -31.22601098
510 -34.98284615 -38.68307692 -31.28261538
511 -35.04908791 -38.75895604 -31.33921978
512 -35.11532967 -38.83483516 -31.39582417
513 -35.18157142 -38.91071428 -31.45242857
514 -35.24781318 -38.98659340 -31.50903296
515 -35.31405494 -39.06247252 -31.56563736
516 -35.38029670 -39.13835164 -31.62224175
517 -35.44653846 -39.21423076 -31.67884615
518 -35.51278021 -39.29010989 -31.73545054
519 -35.57902197 -39.36598901 -31.79205494
520 -35.64526373 -39.44186813 -31.84865934
521 -35.71150549 -39.51774725 -31.90526373
522 -35.77774725 -39.59362637 -31.96186813
523 -35.84398901 -39.66950549 -32.01847252
524 -35.91023076 -39.74538461 -32.07507692
525 -35.97647252 -39.82126373 -32.13168131
526 -36.04271428 -39.89714285 -32.18828571
527 -36.10895604 -39.97302197 -32.24489010
528 -36.17519780 -40.04890109 -32.30149450
529 -36.24143956 -40.12478021 -32.35809890
530 -36.30768131 -40.20065934 -32.41470329
531 -36.37392307 -40.27653846 -32.47130769
532 -36.44016483 -40.35241758 -32.52791208
533 -36.50640659 -40.42829670 -32.58451648
534 -36.57264835 -40.50417582 -32.64112087
535 -36.63889010 -40.58005494 -32.69772527
536 -36.70513186 -40.65593406 -32.75432967
537 -36.77137362 -40.73181318 -32.81093406
538 -36.83761538 -40.80769230 -32.86753846
539 -36.90385714 -40.88357142 -32.92414285
540 -36.97009890 -40.95945054 -32.98074725
541 -37.03634065 -41.03532967 -33.03735164
542 -37.10258241 -41.11120879 -33.09395604
543 -37.16882417 -41.18708791 -33.15056043
544 -37.23506593 -41.26296703 -33.20716483
545 -37.30130769 -41.33884615 -33.26376923
546 -37.36754945 -41.41472527 -33.32037362
547 -37.43379120 -41.49060439 -33.37697802
548 -37.50003296 -41.56648351 -33.43358241
549 -37.56627472 -41.64236263 -33.49018681
550 -37.63251648 -41.71824175 -33.54679120
551 -37.69875824 -41.79412087 -33.60339560
552 -37.76500000 -41.87000000 -33.66000000
553 -37.82286263 -41.93850549 -33.70721978
554 -37.88072527 -42.00701098 -33.75443956
555 -37.93858791 -42.07551648 -33.80165934
556 -37.99645054 -42.14402197 -33.84887912
557 -38.05431318 -42.21252747 -33.89609890
558 -38.11217582 -42.28103296 -33.94331868
559 -38.17003846 -42.34953846 -33.99053846
560 -38.22790109 -42.41804395 -34.03775824
561 -38.28576373 -42.48654945 -34.08497802
562 -38.34362637 -42.55505494 -34.13219780
563 -38.40148901 -42.62356043 -34.17941758
564 -38.45935164 -42.69206593 -34.22663736
565 -38.51721428 -42.76057142 -34.27385714
566 -38.57507692 -42.82907692 -34.32107692
567 -38.63293956 -42.89758241 -34.36829670
568 -38.69080219 -42.96608791 -34.41551648
569 -38.74866483 -43.03459340 -34.46273626
570 -38.80652747 -43.10309890 -34.50995604
571 -38.86439010 -43.17160439 -34.55717582
572 -38.92225274 -43.24010989 -34.60439560
573 -38.98011538 -43.30861538 -34.65161538
574 -39.03797802 -43.37712087 -34.69883516
575 -39.09584065 -43.44562637 -34.74605494
576 -39.15370329 -43.51413186 -34.79327472
577 -39.21156593 -43.58263736 -34.84049450
578 -39.26942857 -43.65114285 -34.88771428
579 -39.32729120 -43.71964835 -34.93493406
580 -39.38515384 -43.78815384 -34.98215384
581 -39.44301648 -43.85665934 -35.02937362
582 -39.50087912 -43.92516483 -35.07659340
583 -39.55874175 -43.99367032 -35.12381318
584 -39.61660439 -44.06217582 -35.17103296
585 -39.67446703 -44.13068131 -35.21825274
586 -39.73232967 -44.19918681 -35.26547252
587 -39.79019230 -44.26769230 -35.31269230
588 -39.84805494 -44.33619780 -35.35991208
589 -39.90591758 -44.40470329 -35.40713186
590 -39.96378021 -44.47320879 -35.45435164
591 -40.02164285 -44.54171428 -35.50157142
592 -40.07950549 -44.61021978 -35.54879120
593 -40.13736813 -44.67872527 -35.59601098
594 -40.19523076 -44.74723076 -35.64323076
595 -40.25309340 -44.81573626 -35.69045054
596 -40.31095604 -44.88424175 -35.73767032
597 -40.36881868 -44.95274725 -35.78489010
598 -40.42668131 -45.02125274 -35.83210989
599 -40.48454395 -45.08975824 -35.87932967
600 -40.54240659 -45.15826373 -35.92654945
601 -40.60026923 -45.22676923 -35.97376923
602 -40.65813186 -45.29527472 -36.02098901
603 -40.71599450 -45.36378021 -36.06820879
604 -40.77385714 -45.43228571 -36.11542857
605 -40.83171978 -45.50079120 -36.16264835
606 -40.88958241 -45.56929670 -36.20986813
607 -40.94744505 -45.63780219 -36.25708791
608 -41.00530769 -45.70630769 -36.30430769
609 -41.06317032 -45.77481318 -36.35152747
610 -41.12103296 -45.84331868 -36.39874725
611 -41.17889560 -45.91182417 -36.44596703
612 -41.23675824 -45.98032967 -36.49318681
613 -41.29462087 -46.04883516 -36.54040659
614 -41.35248351 -46.11734065 -36.58762637
615 -41.41034615 -46.18584615 -36.63484615
616 -41.46820879 -46.25435164 -36.68206593
617 -41.52607142 -46.32285714 -36.72928571
618 -41.58393406 -46.39136263 -36.77650549
619 -41.64179670 -46.45986813 -36.82372527
620 -41.69965934 -46.52837362 -36.87094505
621 -41.75752197 -46.59687912 -36.91816483
622 -41.81538461 -46.66538461 -36.96538461
623 -41.87324725 -46.73389010 -37.01260439
624 -41.93110989 -46.80239560 -37.05982417
625 -41.98897252 -46.87090109 -37.10704395
626 -42.04683516 -46.93940659 -37.15426373
627 -42.10469780 -47.00791208 -37.20148351
628 -42.16256043 -47.07641758 -37.24870329
629 -42.22042307 -47.14492307 -37.29592307
630 -42.27828571 -47.21342857 -37.34314285
631 -42.33614835 -47.28193406 -37.39036263
632 -42.39401098 -47.35043956 -37.43758241
633 -42.45187362 -47.41894505 -37.48480219
634 -42.50973626 -47.48745054 -37.53202197
635 -42.56759890 -47.55595604 -37.57924175
636 -42.62546153 -47.62446153 -37.62646153
637 -42.68332417 -47.69296703 -37.67368131
638 -42.74118681 -47.76147252 -37.72090109
639 -42.79904945 -47.82997802 -37.76812087
640 -42.85691208 -47.89848351 -37.81534065
641 -42.91477472 -47.96698901 -37.86256043
642 -42.97263736 -48.03549450 -37.90978021
643 -43.03050000 -48.10400000 -37.95700000
644 -43.09071195 -48.17395652 -38.00746739
645 -43.15092391 -48.24391304 -38.05793478
646 -43.21113586 -48.31386956 -38.10840217
647 -43.27134782 -48.38382608 -38.15886956
648 -43.33155978 -48.45378260 -38.20933695
649 -43.39177173 -48.52373913 -38.25980434
650 -43.45198369 -48.59369565 -38.31027173
651 -43.51219565 -48.66365217 -38.36073913
652 -43.57240760 -48.73360869 -38.41120652
653 -43.63261956 -48.80356521 -38.46167391
654 -43.69283152 -48.87352173 -38.51214130
655 -43.75304347 -48.94347826 -38.56260869
656 -43.81325543 -49.01343478 -38.61307608
657 -43.87346739 -49.08339130 -38.66354347
658 -43.93367934 -49.15334782 -38.71401086
659 -43.99389130 -49.22330434 -38.76447826
660 -44.05410326 -49.29326086 -38.81494565
661 -44.11431521 -49.36321739 -38.86541304
662 -44.17452717 -49.43317391 -38.91588043
663 -44.23473913 -49.50313043 -38.96634782
664 -44.29495108 -49.57308695 -39.01681521
665 -44.35516304 -49.64304347 -39.06728260
666 -44.41537500 -49.71300000 -39.11775000
667 -44.47558695 -49.78295652 -39.16821739
668 -44.53579891 -49.85291304 -39.21868478
669 -44.59601086 -49.92286956 -39.26915217
670 -44.65622282 -49.99282608 -39.31961956
671 -44.71643478 -50.06278260 -39.37008695
672 -44.77664673 -50.13273913 -39.42055434
673 -44.83685869 -50.20269565 -39.47102173
674 -44.89707065 -50.27265217 -39.52148913
675 -44.95728260 -50.34260869 -39.57195652
676 -45.01749456 -50.41256521 -39.62242391
677 -45.07770652 -50.48252173 -39.67289130
678 -45.13791847 -50.55247826 -39.72335869
679 -45.19813043 -50.62243478 -39.77382608
680 -45.25834239 -50.69239130 -39.82429347
681 -45.31855434 -50.76234782 -39.87476086
682 -45.37876630 -50.83230434 -39.92522826
683 -45.43897826 -50.90226086 -39.97569565
684 -45.49919021 -50.97221739 -40.02616304
685 -45.55940217 -51.04217391 -40.07663043
686 -45.61961413 -51.11213043 -40.12709782
687 -45.67982608 -51.18208695 -40.17756521
688 -45.74003804 -51.25204347 -40.22803260
689 -45.80025000 -51.32200000 -40.27850000
690 -45.86046195 -51.39195652 -40.32896739
691 -45.92067391 -51.46191304 -40.37943478
692 -45.98088586 -51.53186956 -40.42990217
693 -46.04109782 -51.60182608 -40.48036956
694 -46.10130978 -51.67178260 -40.53083695
695 -46.16152173 -51.74173913 -40.58130434
696 -46.22173369 -51.81169565 -40.63177173
697 -46.28194565 -51.88165217 -40.68223913
698 -46.34215760 -51.95160869 -40.73270652
699 -46.40236956 -52.02156521 -40.78317391
700 -46.46258152 -52.09152173 -40.83364130
701 -46.52279347 -52.16147826 -40.88410869
702 -46.58300543 -52.23143478 -40.93457608
703 -46.64321739 -52.30139130 -40.98504347
704 -46.70342934 -52.37134782 -41.03551086
705 -46.76364130 -52.44130434 -41.08597826
706 -46.82385326 -52.51126086 -41.13644565
707 -46.88406521 -52.58121739 -41.18691304
708 -46.94427717 -52.65117391 -41.23738043
709 -47.00448913 -52.72113043 -41.28784782
710 -47.06470108 -52.79108695 -41.33831521
711 -47.12491304 -52.86104347 -41.38878260
712 -47.18512500 -52.93100000 -41.43925000
713 -47.24533695 -53.00095652 -41.48971739
714 -47.30554891 -53.07091304 -41.54018478
715 -47.36576086 -53.14086956 -41.59065217
716 -47.42597282 -53.21082608 -41.64111956
717 -47.48618478 -53.28078260 -41.69158695
718 -47.54639673 -53.35073913 -41.74205434
719 -47.60660869 -53.42069565 -41.79252173
720 -47.66682065 -53.49065217 -41.84298913
721 -47.72703260 -53.56060869 -41.89345652
722 -47.78724456 -53.63056521 -41.94392391
723 -47.84745652 -53.70052173 -41.99439130
724 -47.90766847 -53.77047826 -42.04485869
725 -47.96788043 -53.84043478 -42.09532608
726 -48.02809239 -53.91039130 -42.14579347
727 -48.08830434 -53.98034782 -42.19626086
728 -48.14851630 -54.05030434 -42.24672826
729 -48.20872826 -54.12026086 -42.29719565
730 -48.26894021 -54.19021739 -42.34766304
731 -48.32915217 -54.26017391 -42.39813043
732 -48.38936413 -54.33013043 -42.44859782
733 -48.44957608 -54.40008695 -42.49906521
734 -48.50978804 -54.47004347 -42.54953260
735 -48.57000000 -54.54000000 -42.60000000
736 -48.62574931 -54.61179836 -42.63970027
737 -48.68149863 -54.68359673 -42.67940054
738 -48.73724795 -54.75539509 -42.71910081
739 -48.79299727 -54.82719346 -42.75880108
740 -48.84874659 -54.89899182 -42.79850136
741 -48.90449591 -54.97079019 -42.83820163
742 -48.96024523 -55.04258855 -42.87790190
743 -49.01599455 -55.11438692 -42.91760217
744 -49.07174386 -55.18618528 -42.95730245
745 -49.12749318 -55.25798365 -42.99700272
746 -49.18324250 -55.32978201 -43.03670299
747 -49.23899182 -55.40158038 -43.07640326
748 -49.29474114 -55.47337874 -43.11610354
749 -49.35049046 -55.54517711 -43.15580381
750 -49.40623978 -55.61697547 -43.19550408
751 -49.46198910 -55.68877384 -43.23520435
752 -49.51773841 -55.76057220 -43.27490463
753 -49.57348773 -55.83237057 -43.31460490
754 -49.62923705 -55.90416893 -43.35430517
755 -49.68498637 -55.97596730 -43.39400544
756 -49.74073569 -56.04776566 -43.43370572
757 -49.79648501 -56.11956403 -43.47340599
758 -49.85223433 -56.19136239 -43.51310626
759 -49.90798365 -56.26316076 -43.55280653
760 -49.96373297 -56.33495912 -43.59250681
761 -50.01948228 -56.40675749 -43.63220708
762 -50.07523160 -56.47855585 -43.67190735
763 -50.13098092 -56.55035422 -43.71160762
764 -50.18673024 -56.62215258 -43.75130790
765 -50.24247956 -56.69395095 -43.79100817
766 -50.29822888 -56.76574931 -43.83070844
767 -50.35397820 -56.83754768 -43.87040871
768 -50.40972752 -56.90934604 -43.91010899
769 -50.46547683 -56.98114441 -43.94980926
770 -50.52122615 -57.05294277 -43.98950953
771 -50.57697547 -57.12474114 -44.02920980
772 -50.63272479 -57.19653950 -44.06891008
773 -50.68847411 -57.26833787 -44.10861035
774 -50.74422343 -57.34013623 -44.14831062
775 -50.79997275 -57.41193460 -44.18801089
776 -50.85572207 -57.48373297 -44.22771117
777 -50.91147138 -57.55553133 -44.26741144
778 -50.96722070 -57.62732970 -44.30711171
779 -51.02297002 -57.69912806 -44.34681198
780 -51.07871934 -57.77092643 -44.38651226
781 -51.13446866 -57.84272479 -44.42621253
782 -51.19021798 -57.91452316 -44.46591280
783 -51.24596730 -57.98632152 -44.50561307
784 -51.30171662 -58.05811989 -44.54531335
785 -51.35746594 -58.12991825 -44.58501362
786 -51.41321525 -58.20171662 -44.62471389
787 -51.46896457 -58.27351498 -44.66441416
788 -51.52471389 -58.34531335 -44.70411444
789 -51.58046321 -58.41711171 -44.74381471
790 -51.63621253 -58.48891008 -44.78351498
791 -51.69196185 -58.56070844 -44.82321525
792 -51.74771117 -58.63250681 -44.86291553
793 -51.80346049 -58.70430517 -44.90261580
794 -51.85920980 -58.77610354 -44.94231607
795 -51.91495912 -58.84790190 -44.98201634
796 -51.97070844 -58.91970027 -45.02171662
797 -52.02645776 -58.99149863 -45.06141689
798 -52.08220708 -59.06329700 -45.10111716
799 -52.13795640 -59.13509536 -45.14081743
800 -52.19370572 -59.20689373 -45.18051771
801 -52.24945504 -59.27869209 -45.22021798
802 -52.30520435 -59.35049046 -45.25991825
803 -52.36095367 -59.42228882 -45.29961852
804 -52.41670299 -59.49408719 -45.33931880
805 -52.47245231 -59.56588555 -45.37901907
806 -52.52820163 -59.63768392 -45.41871934
807 -52.58395095 -59.70948228 -45.45841961
808 -52.63970027 -59.78128065 -45.49811989
809 -52.69544959 -59.85307901 -45.53782016
810 -52.75119891 -59.92487738 -45.57752043
811 -52.80694822 -59.99667574 -45.61722070
812 -52.86269754 -60.06847411 -45.65692098
813 -52.91844686 -60.14027247 -45.69662125
814 -52.97419618 -60.21207084 -45.73632152
815 -53.02994550 -60.28386920 -45.77602179
816 -53.08569482 -60.35566757 -45.81572207
817 -53.14144414 -60.42746594 -45.85542234
818 -53.19719346 -60.49926430 -45.89512261
819 -53.25294277 -60.57106267 -45.93482288
820 -53.30869209 -60.64286103 -45.97452316
821 -53.36444141 -60.71465940 -46.01422343
822 -53.42019073 -60.78645776 -46.05392370
823 -53.47594005 -60.85825613 -46.09362397
824 -53.53168937 -60.93005449 -46.13332425
825 -53.58743869 -61.00185286 -46.17302452
826 -53.64318801 -61.07365122 -46.21272479
827 -53.69893732 -61.14544959 -46.25242506
828 -53.75468664 -61.21724795 -46.29212534
829 -53.81043596 -61.28904632 -46.33182561
830 -53.86618528 -61.36084468 -46.37152588
831 -53.92193460 -61.43264305 -46.41122615
832 -53.97768392 -61.50444141 -46.45092643
833 -54.03343324 -61.57623978 -46.49062670
834 -54.08918256 -61.64803814 -46.53032697
835 -54.14493188 -61.71983651 -46.57002724
836 -54.20068119 -61.79163487 -46.60972752
837 -54.25643051 -61.86343324 -46.64942779
838 -54.31217983 -61.93523160 -46.68912806
839 -54.36792915 -62.00702997 -46.72882833
840 -54.42367847 -62.07882833 -46.76852861
841 -54.47942779 -62.15062670 -46.80822888
842 -54.53517711 -62.22242506 -46.84792915
843 -54.59092643 -62.29422343 -46.88762942
844 -54.64667574 -62.36602179 -46.92732970
845 -54.70242506 -62.43782016 -46.96702997
846 -54.75817438 -62.50961852 -47.00673024
847 -54.81392370 -62.58141689 -47.04643051
848 -54.86967302 -62.65321525 -47.08613079
849 -54.92542234 -62.72501362 -47.12583106
850 -54.98117166 -62.79681198 -47.16553133
851 -55.03692098 -62.86861035 -47.20523160
852 -55.09267029 -62.94040871 -47.24493188
853 -55.14841961 -63.01220708 -47.28463215
854 -55.20416893 -63.08400544 -47.32433242
855 -55.25991825 -63.15580381 -47.36403269
856 -55.31566757 -63.22760217 -47.40373297
857 -55.37141689 -63.29940054 -47.44343324
858 -55.42716621 -63.37119891 -47.48313351
859 -55.48291553 -63.44299727 -47.52283378
860 -55.53866485 -63.51479564 -47.56253405
861 -55.59441416 -63.58659400 -47.60223433
862 -55.65016348 -63.65839237 -47.64193460
863 -55.70591280 -63.73019073 -47.68163487
864 -55.76166212 -63.80198910 -47.72133514
865 -55.81741144 -63.87378746 -47.76103542
866 -55.87316076 -63.94558583 -47.80073569
867 -55.92891008 -64.01738419 -47.84043596
868 -55.98465940 -64.08918256 -47.88013623
869 -56.04040871 -64.16098092 -47.91983651
870 -56.09615803 -64.23277929 -47.95953678
871 -56.15190735 -64.30457765 -47.99923705
872 -56.20765667 -64.37637602 -48.03893732
873 -56.26340599 -64.44817438 -48.07863760
874 -56.31915531 -64.51997275 -48.11833787
875 -56.37490463 -64.59177111 -48.15803814
876 -56.43065395 -64.66356948 -48.19773841
877 -56.48640326 -64.73536784 -48.23743869
878 -56.54215258 -64.80716621 -48.27713896
879 -56.59790190 -64.87896457 -48.31683923
880 -56.65365122 -64.95076294 -48.35653950
881 -56.70940054 -65.02256130 -48.39623978
882 -56.76514986 -65.09435967 -48.43594005
883 -56.82089918 -65.16615803 -48.47564032
884 -56.87664850 -65.23795640 -48.51534059
885 -56.93239782 -65.30975476 -48.55504087
886 -56.98814713 -65.38155313 -48.59474114
887 -57.04389645 -65.45335149 -48.63444141
888 -57.09964577 -65.52514986 -48.67414168
889 -57.15539509 -65.59694822 -48.71384196
890 -57.21114441 -65.66874659 -48.75354223
891 -57.26689373 -65.74054495 -48.79324250
892 -57.32264305 -65.81234332 -48.83294277
893 -57.37839237 -65.88414168 -48.87264305
894 -57.43414168 -65.95594005 -48.91234332
895 -57.48989100 -66.02773841 -48.95204359
896 -57.54564032 -66.09953678 -48.99174386
897 -57.60138964 -66.17133514 -49.03144414
898 -57.65713896 -66.24313351 -49.07114441
899 -57.71288828 -66.31493188 -49.11084468
900 -57.76863760 -66.38673024 -49.15054495
901 -57.82438692 -66.45852861 -49.19024523
902 -57.88013623 -66.53032697 -49.22994550
903 -57.93588555 -66.60212534 -49.26964577
904 -57.99163487 -66.67392370 -49.30934604
905 -58.04738419 -66.74572207 -49.34904632
906 -58.10313351 -66.81752043 -49.38874659
907 -58.15888283 -66.88931880 -49.42844686
908 -58.21463215 -66.96111716 -49.46814713
909 -58.27038147 -67.03291553 -49.50784741
910 -58.32613079 -67.10471389 -49.54754768
911 -58.38188010 -67.17651226 -49.58724795
912 -58.43762942 -67.24831062 -49.62694822
913 -58.49337874 -67.32010899 -49.66664850
914 -58.54912806 -67.39190735 -49.70634877
915 -58.60487738 -67.46370572 -49.74604904
916 -58.66062670 -67.53550408 -49.78574931
917 -58.71637602 -67.60730245 -49.82544959
918 -58.77212534 -67.67910081 -49.86514986
919 -58.82787465 -67.75089918 -49.90485013
920 -58.88362397 -67.82269754 -49.94455040
921 -58.93937329 -67.89449591 -49.98425068
922 -58.99512261 -67.96629427 -50.02395095
923 -59.05087193 -68.03809264 -50.06365122
924 -59.10662125 -68.10989100 -50.10335149
925 -59.16237057 -68.18168937 -50.14305177
926 -59.21811989 -68.25348773 -50.18275204
927 -59.27386920 -68.32528610 -50.22245231
928 -59.32961852 -68.39708446 -50.26215258
929 -59.38536784 -68.46888283 -50.30185286
930 -59.44111716 -68.54068119 -50.34155313
931 -59.49686648 -68.61247956 -50.38125340
932 -59.55261580 -68.68427792 -50.42095367
933 -59.60836512 -68.75607629 -50.46065395
934 -59.66411444 -68.82787465 -50.50035422
935 -59.71986376 -68.89967302 -50.54005449
936 -59.77561307 -68.97147138 -50.57975476
937 -59.83136239 -69.04326975 -50.61945504
938 -59.88711171 -69.11506811 -50.65915531
939 -59.94286103 -69.18686648 -50.69885558
940 -59.99861035 -69.25866485 -50.73855585
941 -60.05435967 -69.33046321 -50.77825613
942 -60.11010899 -69.40226158 -50.81795640
943 -60.16585831 -69.47405994 -50.85765667
944 -60.22160762 -69.54585831 -50.89735694
945 -60.27735694 -69.61765667 -50.93705722
946 -60.33310626 -69.68945504 -50.97675749
947 -60.38885558 -69.76125340 -51.01645776
948 -60.44460490 -69.83305177 -51.05615803
949 -60.50035422 -69.90485013 -51.09585831
950 -60.55610354 -69.97664850 -51.13555858
951 -60.61185286 -70.04844686 -51.17525885
952 -60.66760217 -70.12024523 -51.21495912
953 -60.72335149 -70.19204359 -51.25465940
954 -60.77910081 -70.26384196 -51.29435967
955 -60.83485013 -70.33564032 -51.33405994
956 -60.89059945 -70.40743869 -51.37376021
957 -60.94634877 -70.47923705 -51.41346049
958 -61.00209809 -70.55103542 -51.45316076
959 -61.05784741 -70.62283378 -51.49286103
960 -61.11359673 -70.69463215 -51.53256130
961 -61.16934604 -70.76643051 -51.57226158
962 -61.22509536 -70.83822888 -51.61196185
963 -61.28084468 -70.91002724 -51.65166212
964 -61.33659400 -70.98182561 -51.69136239
965 -61.39234332 -71.05362397 -51.73106267
966 -61.44809264 -71.12542234 -51.77076294
967 -61.50384196 -71.19722070 -51.81046321
968 -61.55959128 -71.26901907 -51.85016348
969 -61.61534059 -71.34081743 -51.88986376
970 -61.67108991 -71.41261580 -51.92956403
971 -61.72683923 -71.48441416 -51.96926430
972 -61.78258855 -71.55621253 -52.00896457
973 -61.83833787 -71.62801089 -52.04866485
974 -61.89408719 -71.69980926 -52.08836512
975 -61.94983651 -71.77160762 -52.12806539
976 -62.00558583 -71.84340599 -52.16776566
977 -62.06133514 -71.91520435 -52.20746594
978 -62.11708446 -71.98700272 -52.24716621
979 -62.17283378 -72.05880108 -52.28686648
980 -62.22858310 -72.13059945 -52.32656675
981 -62.28433242 -72.20239782 -52.36626703
982 -62.34008174 -72.27419618 -52.40596730
983 -62.39583106 -72.34599455 -52.44566757
984 -62.45158038 -72.41779291 -52.48536784
985 -62.50732970 -72.48959128 -52.52506811
986 -62.56307901 -72.56138964 -52.56476839
987 -62.61882833 -72.63318801 -52.60446866
988 -62.67457765 -72.70498637 -52.64416893
989 -62.73032697 -72.77678474 -52.68386920
990 -62.78607629 -72.84858310 -52.72356948
991 -62.84182561 -72.92038147 -52.76326975
992 -62.89757493 -72.99217983 -52.80297002
993 -62.95332425 -73.06397820 -52.84267029
994 -63.00907356 -73.13577656 -52.88237057
995 -63.06482288 -73.20757493 -52.92207084
996 -63.12057220 -73.27937329 -52.96177111
997 -63.17632152 -73.35117166 -53.00147138
998 -63.23207084 -73.42297002 -53.04117166
999 -63.28782016 -73.49476839 -53.08087193
1000 -63.34356948 -73.56656675 -53.12057220
1001 -63.39931880 -73.63836512 -53.16027247
1002 -63.45506811 -73.71016348 -53.19997275
1003 -63.51081743 -73.78196185 -53.23967302
1004 -63.56656675 -73.85376021 -53.27937329
1005 -63.62231607 -73.92555858 -53.31907356
1006 -63.67806539 -73.99735694 -53.35877384
1007 -63.73381471 -74.06915531 -53.39847411
1008 -63.78956403 -74.14095367 -53.43817438
1009 -63.84531335 -74.21275204 -53.47787465
1010 -63.90106267 -74.28455040 -53.51757493
1011 -63.95681198 -74.35634877 -53.55727520
1012 -64.01256130 -74.42814713 -53.59697547
1013 -64.06831062 -74.49994550 -53.63667574
1014 -64.12405994 -74.57174386 -53.67637602
1015 -64.17980926 -74.64354223 -53.71607629
1016 -64.23555858 -74.71534059 -53.75577656
1017 -64.29130790 -74.78713896 -53.79547683
1018 -64.34705722 -74.85893732 -53.83517711
1019 -64.40280653 -74.93073569 -53.87487738
1020 -64.45855585 -75.00253405 -53.91457765
1021 -64.51430517 -75.07433242 -53.95427792
1022 -64.57005449 -75.14613079 -53.99397820
1023 -64.62580381 -75.21792915 -54.03367847
1024 -64.68155313 -75.28972752 -54.07337874
1025 -64.73730245 -75.36152588 -54.11307901
1026 -64.79305177 -75.43332425 -54.15277929
1027 -64.84880108 -75.50512261 -54.19247956
1028 -64.90455040 -75.57692098 -54.23217983
1029 -64.96029972 -75.64871934 -54.27188010
1030 -65.01604904 -75.72051771 -54.31158038
1031 -65.07179836 -75.79231607 -54.35128065
1032 -65.12754768 -75.86411444 -54.39098092
1033 -65.18329700 -75.93591280 -54.43068119
1034 -65.23904632 -76.00771117 -54.47038147
1035 -65.29479564 -76.07950953 -54.51008174
1036 -65.35054495 -76.15130790 -54.54978201
1037 -65.40629427 -76.22310626 -54.58948228
1038 -65.46204359 -76.29490463 -54.62918256
1039 -65.51779291 -76.36670299 -54.66888283
1040 -65.57354223 -76.43850136 -54.70858310
1041 -65.62929155 -76.51029972 -54.74828337
1042 -65.68504087 -76.58209809 -54.78798365
1043 -65.74079019 -76.65389645 -54.82768392
1044 -65.79653950 -76.72569482 -54.86738419
1045 -65.85228882 -76.79749318 -54.90708446
1046 -65.90803814 -76.86929155 -54.94678474
1047 -65.96378746 -76.94108991 -54.98648501
1048 -66.01953678 -77.01288828 -55.02618528
1049 -66.07528610 -77.08468664 -55.06588555
1050 -66.13103542 -77.15648501 -55.10558583
1051 -66.18678474 -77.22828337 -55.14528610
1052 -66.24253405 -77.30008174 -55.18498637
1053 -66.29828337 -77.37188010 -55.22468664
1054 -66.35403269 -77.44367847 -55.26438692
1055 -66.40978201 -77.51547683 -55.30408719
1056 -66.46553133 -77.58727520 -55.34378746
1057 -66.52128065 -77.65907356 -55.38348773
1058 -66.57702997 -77.73087193 -55.42318801
1059 -66.63277929 -77.80267029 -55.46288828
1060 -66.68852861 -77.87446866 -55.50258855
1061 -66.74427792 -77.94626703 -55.54228882
1062 -66.80002724 -78.01806539 -55.58198910
1063 -66.85577656 -78.08986376 -55.62168937
1064 -66.91152588 -78.16166212 -55.66138964
1065 -66.96727520 -78.23346049 -55.70108991
1066 -67.02302452 -78.30525885 -55.74079019
1067 -67.07877384 -78.37705722 -55.78049046
1068 -67.13452316 -78.44885558 -55.82019073
1069 -67.19027247 -78.52065395 -55.85989100
1070 -67.24602179 -78.59245231 -55.89959128
1071 -67.30177111 -78.66425068 -55.93929155
1072 -67.35752043 -78.73604904 -55.97899182
1073 -67.41326975 -78.80784741 -56.01869209
1074 -67.46901907 -78.87964577 -56.05839237
1075 -67.52476839 -78.95144414 -56.09809264
1076 -67.58051771 -79.02324250 -56.13779291
1077 -67.63626703 -79.09504087 -56.17749318
1078 -67.69201634 -79.16683923 -56.21719346
1079 -67.74776566 -79.23863760 -56.25689373
1080 -67.80351498 -79.31043596 -56.29659400
1081 -67.85926430 -79.38223433 -56.33629427
1082 -67.91501362 -79.45403269 -56.37599455
1083 -67.97076294 -79.52583106 -56.41569482
1084 -68.02651226 -79.59762942 -56.45539509
1085 -68.08226158 -79.66942779 -56.49509536
1086 -68.13801089 -79.74122615 -56.53479564
1087 -68.19376021 -79.81302452 -56.57449591
1088 -68.24950953 -79.88482288 -56.61419618
1089 -68.30525885 -79.95662125 -56.65389645
1090 -68.36100817 -80.02841961 -56.69359673
1091 -68.41675749 -80.10021798 -56.73329700
1092 -68.47250681 -80.17201634 -56.77299727
1093 -68.52825613 -80.24381471 -56.81269754
1094 -68.58400544 -80.31561307 -56.85239782
1095 -68.63975476 -80.38741144 -56.89209809
1096 -68.69550408 -80.45920980 -56.93179836
1097 -68.75125340 -80.53100817 -56.97149863
1098 -68.80700272 -80.60280653 -57.01119891
1099 -68.86275204 -80.67460490 -57.05089918
1100 -68.91850136 -80.74640326 -57.09059945
1101 -68.97425068 -80.81820163 -57.13029972
1102 -69.03000000 -80.89000000 -57.17000000
1103 -69.12331043 -81.00068681 -57.24593406
1104 -69.21662087 -81.11137362 -57.32186813
1105 -69.30993131 -81.22206043 -57.39780219
1106 -69.40324175 -81.33274725 -57.47373626
1107 -69.49655219 -81.44343406 -57.54967032
1108 -69.58986263 -81.55412087 -57.62560439
1109 -69.68317307 -81.66480769 -57.70153846
1110 -69.77648351 -81.77549450 -57.77747252
1111 -69.86979395 -81.88618131 -57.85340659
1112 -69.96310439 -81.99686813 -57.92934065
1113 -70.05641483 -82.10755494 -58.00527472
1114 -70.14972527 -82.21824175 -58.08120879
1115 -70.24303571 -82.32892857 -58.15714285
1116 -70.33634615 -82.43961538 -58.23307692
1117 -70.42965659 -82.55030219 -58.30901098
1118 -70.52296703 -82.66098901 -58.38494505
1119 -70.61627747 -82.77167582 -58.46087912
1120 -70.70958791 -82.88236263 -58.53681318
1121 -70.80289835 -82.99304945 -58.61274725
1122 -70.89620879 -83.10373626 -58.68868131
1123 -70.98951923 -83.21442307 -58.76461538
1124 -71.08282967 -83.32510989 -58.84054945
1125 -71.17614010 -83.43579670 -58.91648351
1126 -71.26945054 -83.54648351 -58.99241758
1127 -71.36276098 -83.65717032 -59.06835164
1128 -71.45607142 -83.76785714 -59.14428571
1129 -71.54938186 -83.87854395 -59.22021978
1130 -71.64269230 -83.98923076 -59.29615384
1131 -71.73600274 -84.09991758 -59.37208791
1132 -71.82931318 -84.21060439 -59.44802197
1133 -71.92262362 -84.32129120 -59.52395604
1134 -72.01593406 -84.43197802 -59.59989010
1135 -72.10924450 -84.54266483 -59.67582417
1136 -72.20255494 -84.65335164 -59.75175824
1137 -72.29586538 -84.76403846 -59.82769230
1138 -72.38917582 -84.87472527 -59.90362637
1139 -72.48248626 -84.98541208 -59.97956043
1140 -72.57579670 -85.09609890 -60.05549450
1141 -72.66910714 -85.20678571 -60.13142857
1142 -72.76241758 -85.31747252 -60.20736263
1143 -72.85572802 -85.42815934 -60.28329670
1144 -72.94903846 -85.53884615 -60.35923076
1145 -73.04234890 -85.64953296 -60.43516483
1146 -73.13565934 -85.76021978 -60.51109890
1147 -73.22896978 -85.87090659 -60.58703296
1148 -73.32228021 -85.98159340 -60.66296703
1149 -73.41559065 -86.09228021 -60.73890109
1150 -73.50890109 -86.20296703 -60.81483516
1151 -73.60221153 -86.31365384 -60.89076923
1152 -73.69552197 -86.42434065 -60.96670329
1153 -73.78883241 -86.53502747 -61.04263736
1154 -73.88214285 -86.64571428 -61.11857142
1155 -73.97545329 -86.75640109 -61.19450549
1156 -74.06876373 -86.86708791 -61.27043956
1157 -74.16207417 -86.97777472 -61.34637362
1158 -74.25538461 -87.08846153 -61.42230769
1159 -74.34869505 -87.19914835 -61.49824175
1160 -74.44200549 -87.30983516 -61.57417582
1161 -74.53531593 -87.42052197 -61.65010989
1162 -74.62862637 -87.53120879 -61.72604395
1163 -74.72193681 -87.64189560 -61.80197802
1164 -74.81524725 -87.75258241 -61.87791208
1165 -74.90855769 -87.86326923 -61.95384615
1166 -75.00186813 -87.97395604 -62.02978021
1167 -75.09517857 -88.08464285 -62.10571428
1168 -75.18848901 -88.19532967 -62.18164835
1169 -75.28179945 -88.30601648 -62.25758241
1170 -75.37510989 -88.41670329 -62.33351648
1171 -75.46842032 -88.52739010 -62.40945054
1172 -75.56173076 -88.63807692 -62.48538461
1173 -75.65504120 -88.74876373 -62.56131868
1174 -75.74835164 -88.85945054 -62.63725274
1175 -75.84166208 -88.97013736 -62.71318681
1176 -75.93497252 -89.08082417 -62.78912087
1177 -76.02828296 -89.19151098 -62.86505494
1178 -76.12159340 -89.30219780 -62.94098901
1179 -76.21490384 -89.41288461 -63.01692307
1180 -76.30821428 -89.52357142 -63.09285714
1181 -76.40152472 -89.63425824 -63.16879120
1182 -76.49483516 -89.74494505 -63.24472527
1183 -76.58814560 -89.85563186 -63.32065934
1184 -76.68145604 -89.96631868 -63.39659340
1185 -76.77476648 -90.07700549 -63.47252747
1186 -76.86807692 -90.18769230 -63.54846153
1187 -76.96138736 -90.29837912 -63.62439560
1188 -77.05469780 -90.40906593 -63.70032967
1189 -77.14800824 -90.51975274 -63.77626373
1190 -77.24131868 -90.63043956 -63.85219780
1191 -77.33462912 -90.74112637 -63.92813186
1192 -77.42793956 -90.85181318 -64.00406593
1193 -77.52125000 -90.96250000 -64.08000000
1194 -77.61456043 -91.07318681 -64.15593406
1195 -77.70787087 -91.18387362 -64.23186813
1196 -77.80118131 -91.29456043 -64.30780219
1197 -77.89449175 -91.40524725 -64.38373626
1198 -77.98780219 -91.51593406 -64.45967032
1199 -78.08111263 -91.62662087 -64.53560439
1200 -78.17442307 -91.73730769 -64.61153846
1201 -78.26773351 -91.84799450 -64.68747252
1202 -78.36104395 -91.95868131 -64.76340659
1203 -78.45435439 -92.06936813 -64.83934065
1204 -78.54766483 -92.18005494 -64.91527472
1205 -78.64097527 -92.29074175 -64.99120879
1206 -78.73428571 -92.40142857 -65.06714285
1207 -78.82759615 -92.51211538 -65.14307692
1208 -78.92090659 -92.62280219 -65.21901098
1209 -79.01421703 -92.73348901 -65.29494505
1210 -79.10752747 -92.84417582 -65.37087912
1211 -79.20083791 -92.95486263 -65.44681318
1212 -79.29414835 -93.06554945 -65.52274725
1213 -79.38745879 -93.17623626 -65.59868131
1214 -79.48076923 -93.28692307 -65.67461538
1215 -79.57407967 -93.39760989 -65.75054945
1216 -79.66739010 -93.50829670 -65.82648351
1217 -79.76070054 -93.61898351 -65.90241758
1218 -79.85401098 -93.72967032 -65.97835164
1219 -79.94732142 -93.84035714 -66.05428571
1220 -80.04063186 -93.95104395 -66.13021978
1221 -80.13394230 -94.06173076 -66.20615384
1222 -80.22725274 -94.17241758 -66.28208791
1223 -80.32056318 -94.28310439 -66.35802197
1224 -80.41387362 -94.39379120 -66.43395604
1225 -80.50718406 -94.50447802 -66.50989010
1226 -80.60049450 -94.61516483 -66.58582417
1227 -80.69380494 -94.72585164 -66.66175824
1228 -80.78711538 -94.83653846 -66.73769230
1229 -80.88042582 -94.94722527 -66.81362637
1230 -80.97373626 -95.05791208 -66.88956043
1231 -81.06704670 -95.16859890 -66.96549450
1232 -81.16035714 -95.27928571 -67.04142857
1233 -81.25366758 -95.38997252 -67.11736263
1234 -81.34697802 -95.50065934 -67.19329670
1235 -81.44028846 -95.61134615 -67.26923076
1236 -81.53359890 -95.72203296 -67.34516483
1237 -81.62690934 -95.83271978 -67.42109890
1238 -81.72021978 -95.94340659 -67.49703296
1239 -81.81353021 -96.05409340 -67.57296703
1240 -81.90684065 -96.16478021 -67.64890109
1241 -82.00015109 -96.27546703 -67.72483516
1242 -82.09346153 -96.38615384 -67.80076923
1243 -82.18677197 -96.49684065 -67.87670329
1244 -82.28008241 -96.60752747 -67.95263736
1245 -82.37339285 -96.71821428 -68.02857142
1246 -82.46670329 -96.82890109 -68.10450549
1247 -82.56001373 -96.93958791 -68.18043956
1248 -82.65332417 -97.05027472 -68.25637362
1249 -82.74663461 -97.16096153 -68.33230769
1250 -82.83994505 -97.27164835 -68.40824175
1251 -82.93325549 -97.38233516 -68.48417582
1252 -83.02656593 -97.49302197 -68.56010989
1253 -83.11987637 -97.60370879 -68.63604395
1254 -83.21318681 -97.71439560 -68.71197802
1255 -83.30649725 -97.82508241 -68.78791208
1256 -83.39980769 -97.93576923 -68.86384615
1257 -83.49311813 -98.04645604 -68.93978021
1258 -83.58642857 -98.15714285 -69.01571428
1259 -83.67973901 -98.26782967 -69.09164835
1260 -83.77304945 -98.37851648 -69.16758241
1261 -83.86635989 -98.48920329 -69.24351648
1262 -83.95967032 -98.59989010 -69.31945054
1263 -84.05298076 -98.71057692 -69.39538461
1264 -84.14629120 -98.82126373 -69.47131868
1265 -84.23960164 -98.93195054 -69.54725274
1266 -84.33291208 -99.04263736 -69.62318681
1267 -84.42622252 -99.15332417 -69.69912087
1268 -84.51953296 -99.26401098 -69.77505494
1269 -84.61284340 -99.37469780 -69.85098901
1270 -84.70615384 -99.48538461 -69.92692307
1271 -84.79946428 -99.59607142 -70.00285714
1272 -84.89277472 -99.70675824 -70.07879120
1273 -84.98608516 -99.81744505 -70.15472527
1274 -85.07939560 -99.92813186 -70.23065934
1275 -85.17270604 -100.03881868 -70.30659340
1276 -85.26601648 -100.14950549 -70.38252747
1277 -85.35932692 -100.26019230 -70.45846153
1278 -85.45263736 -100.37087912 -70.53439560
1279 -85.54594780 -100.48156593 -70.61032967
1280 -85.63925824 -100.59225274 -70.68626373
1281 -85.73256868 -100.70293956 -70.76219780
1282 -85.82587912 -100.81362637 -70.83813186
1283 -85.91918956 -100.92431318 -70.91406593
1284 -86.01250000 -101.03500000 -70.99000000
1285 -86.10581043 -101.14568681 -71.06593406
1286 -86.19912087 -101.25637362 -71.14186813
1287 -86.29243131 -101.36706043 -71.21780219
1288 -86.38574175 -101.47774725 -71.29373626
1289 -86.47905219 -101.58843406 -71.36967032
1290 -86.57236263 -101.69912087 -71.44560439
1291 -86.66567307 -101.80980769 -71.52153846
1292 -86.75898351 -101.92049450 -71.59747252
1293 -86.85229395 -102.03118131 -71.67340659
1294 -86.94560439 -102.14186813 -71.74934065
1295 -87.03891483 -102.25255494 -71.82527472
1296 -87.13222527 -102.36324175 -71.90120879
1297 -87.22553571 -102.47392857 -71.97714285
1298 -87.31884615 -102.58461538 -72.05307692
1299 -87.41215659 -102.69530219 -72.12901098
1300 -87.50546703 -102.80598901 -72.20494505
1301 -87.59877747 -102.91667582 -72.28087912
1302 -87.69208791 -103.02736263 -72.35681318
1303 -87.78539835 -103.13804945 -72.43274725
1304 -87.87870879 -103.24873626 -72.50868131
1305 -87.97201923 -103.35942307 -72.58461538
1306 -88.06532967 -103.47010989 -72.66054945
1307 -88.15864010 -103.58079670 -72.73648351
1308 -88.25195054 -103.69148351 -72.81241758
1309 -88.34526098 -103.80217032 -72.88835164
1310 -88.43857142 -103.91285714 -72.96428571
1311 -88.53188186 -104.02354395 -73.04021978
1312 -88.62519230 -104.13423076 -73.11615384
1313 -88.71850274 -104.24491758 -73.19208791
1314 -88.81181318 -104.35560439 -73.26802197
1315 -88.90512362 -104.46629120 -73.34395604
1316 -88.99843406 -104.57697802 -73.41989010
1317 -89.09174450 -104.68766483 -73.49582417
1318 -89.18505494 -104.79835164 -73.57175824
1319 -89.27836538 -104.90903846 -73.64769230
1320 -89.37167582 -105.01972527 -73.72362637
1321 -89.46498626 -105.13041208 -73.79956043
1322 -89.55829670 -105.24109890 -73.87549450
1323 -89.65160714 -105.35178571 -73.95142857
1324 -89.74491758 -105.46247252 -74.02736263
1325 -89.83822802 -105.57315934 -74.10329670
1326 -89.93153846 -105.68384615 -74.17923076
1327 -90.02484890 -105.79453296 -74.25516483
1328 -90.11815934 -105.90521978 -74.33109890
1329 -90.21146978 -106.01590659 -74.40703296
1330 -90.30478021 -106.12659340 -74.48296703
1331 -90.39809065 -106.23728021 -74.55890109
1332 -90.49140109 -106.34796703 -74.63483516
1333 -90.58471153 -106.45865384 -74.71076923
1334 -90.67802197 -106.56934065 -74.78670329
1335 -90.77133241 -106.68002747 -74.86263736
1336 -90.86464285 -106.79071428 -74.93857142
1337 -90.95795329 -106.90140109 -75.01450549
1338 -91.05126373 -107.01208791 -75.09043956
1339 -91.14457417 -107.12277472 -75.16637362
1340 -91.23788461 -107.23346153 -75.24230769
1341 -91.33119505 -107.34414835 -75.31824175
1342 -91.42450549 -107.45483516 -75.39417582
1343 -91.51781593 -107.56552197 -75.47010989
1344 -91.61112637 -107.67620879 -75.54604395
1345 -91.70443681 -107.78689560 -75.62197802
1346 -91.79774725 -107.89758241 -75.69791208
1347 -91.89105769 -108.00826923 -75.77384615
1348 -91.98436813 -108.11895604 -75.84978021
1349 -92.07767857 -108.22964285 -75.92571428
1350 -92.17098901 -108.34032967 -76.00164835
1351 -92.26429945 -108.45101648 -76.07758241
1352 -92.35760989 -108.56170329 -76.15351648
1353 -92.45092032 -108.67239010 -76.22945054
1354 -92.54423076 -108.78307692 -76.30538461
1355 -92.63754120 -108.89376373 -76.38131868
1356 -92.73085164 -109.00445054 -76.45725274
1357 -92.82416208 -109.11513736 -76.53318681
1358 -92.91747252 -109.22582417 -76.60912087
1359 -93.01078296 -109.33651098 -76.68505494
1360 -93.10409340 -109.44719780 -76.76098901
1361 -93.19740384 -109.55788461 -76.83692307
1362 -93.29071428 -109.66857142 -76.91285714
1363 -93.38402472 -109.77925824 -76.98879120
1364 -93.47733516 -109.88994505 -77.06472527
1365 -93.57064560 -110.00063186 -77.14065934
1366 -93.66395604 -110.11131868 -77.21659340
1367 -93.75726648 -110.22200549 -77.29252747
1368 -93.85057692 -110.33269230 -77.36846153
1369 -93.94388736 -110.44337912 -77.44439560
1370 -94.03719780 -110.55406593 -77.52032967
1371 -94.13050824 -110.66475274 -77.59626373
1372 -94.22381868 -110.77543956 -77.67219780
1373 -94.31712912 -110.88612637 -77.74813186
1374 -94.41043956 -110.99681318 -77.82406593
1375 -94.50375000 -111.10750000 -77.90000000
1376 -94.59706043 -111.21818681 -77.97593406
1377 -94.69037087 -111.32887362 -78.05186813
1378 -94.78368131 -111.43956043 -78.12780219
1379 -94.87699175 -111.55024725 -78.20373626
1380 -94.97030219 -111.66093406 -78.27967032
1381 -95.06361263 -111.77162087 -78.35560439
1382 -95.15692307 -111.88230769 -78.43153846
1383 -95.25023351 -111.99299450 -78.50747252
1384 -95.34354395 -112.10368131 -78.58340659
1385 -95.43685439 -112.21436813 -78.65934065
1386 -95.53016483 -112.32505494 -78.73527472
1387 -95.62347527 -112.43574175 -78.81120879
1388 -95.71678571 -112.54642857 -78.88714285
1389 -95.81009615 -112.65711538 -78.96307692
1390 -95.90340659 -112.76780219 -79.03901098
1391 -95.99671703 -112.87848901 -79.11494505
1392 -96.09002747 -112.98917582 -79.19087912
1393 -96.18333791 -113.09986263 -79.26681318
1394 -96.27664835 -113.21054945 -79.34274725
1395 -96.36995879 -113.32123626 -79.41868131
1396 -96.46326923 -113.43192307 -79.49461538
1397 -96.55657967 -113.54260989 -79.57054945
1398 -96.64989010 -113.65329670 -79.64648351
1399 -96.74320054 -113.76398351 -79.72241758
1400 -96.83651098 -113.87467032 -79.79835164
1401 -96.92982142 -113.98535714 -79.87428571
1402 -97.02313186 -114.09604395 -79.95021978
1403 -97.11644230 -114.20673076 -80.02615384
1404 -97.20975274 -114.31741758 -80.10208791
1405 -97.30306318 -114.42810439 -80.17802197
1406 -97.39637362 -114.53879120 -80.25395604
1407 -97.48968406 -114.64947802 -80.32989010
1408 -97.58299450 -114.76016483 -80.40582417
1409 -97.67630494 -114.87085164 -80.48175824
1410 -97.76961538 -114.98153846 -80.55769230
1411 -97.86292582 -115.09222527 -80.63362637
1412 -97.95623626 -115.20291208 -80.70956043
1413 -98.04954670 -115.31359890 -80.78549450
1414 -98.14285714 -115.42428571 -80.86142857
1415 -98.23616758 -115.53497252 -80.93736263
1416 -98.32947802 -115.64565934 -81.01329670
1417 -98.42278846 -115.75634615 -81.08923076
1418 -98.51609890 -115.86703296 -81.16516483
1419 -98.60940934 -115.97771978 -81.24109890
1420 -98.70271978 -116.08840659 -81.31703296
1421 -98.79603021 -116.19909340 -81.39296703
1422 -98.88934065 -116.30978021 -81.46890109
1423 -98.98265109 -116.42046703 -81.54483516
1424 -99.07596153 -116.53115384 -81.62076923
1425 -99.16927197 -116.64184065 -81.69670329
1426 -99.26258241 -116.75252747 -81.77263736
1427 -99.35589285 -116.86321428 -81.84857142
1428 -99.44920329 -116.97390109 -81.92450549
1429 -99.54251373 -117.08458791 -82.00043956
1430 -99.63582417 -117.19527472 -82.07637362
1431 -99.72913461 -117.30596153 -82.15230769
1432 -99.82244505 -117.41664835 -82.22824175
1433 -99.91575549 -117.52733516 -82.30417582
1434 -100.00906593 -117.63802197 -82.38010989
1435 -100.10237637 -117.74870879 -82.45604395
1436 -100.19568681 -117.85939560 -82.53197802
1437 -100.28899725 -117.97008241 -82.60791208
1438 -100.38230769 -118.08076923 -82.68384615
1439 -100.47561813 -118.19145604 -82.75978021
1440 -100.56892857 -118.30214285 -82.83571428
1441 -100.66223901 -118.41282967 -82.91164835
1442 -100.75554945 -118.52351648 -82.98758241
1443 -100.84885989 -118.63420329 -83.06351648
1444 -100.94217032 -118.74489010 -83.13945054
1445 -101.03548076 -118.85557692 -83.21538461
1446 -101.12879120 -118.96626373 -83.29131868
1447 -101.22210164 -119.07695054 -83.36725274
1448 -101.31541208 -119.18763736 -83.44318681
1449 -101.40872252 -119.29832417 -83.51912087
1450 -101.50203296 -119.40901098 -83.59505494
1451 -101.59534340 -119.51969780 -83.67098901
1452 -101.68865384 -119.63038461 -83.74692307
1453 -101.78196428 -119.74107142 -83.82285714
1454 -101.87527472 -119.85175824 -83.89879120
1455 -101.96858516 -119.96244505 -83.97472527
1456 -102.06189560 -120.07313186 -84.05065934
1457 -102.15520604 -120.18381868 -84.12659340
1458 -102.24851648 -120.29450549 -84.20252747
1459 -102.34182692 -120.40519230 -84.27846153
1460 -102.43513736 -120.51587912 -84.35439560
1461 -102.52844780 -120.62656593 -84.43032967
1462 -102.62175824 -120.73725274 -84.50626373
1463 -102.71506868 -120.84793956 -84.58219780
1464 -102.80837912 -120.95862637 -84.65813186
1465 -102.90168956 -121.06931318 -84.73406593
1466 -102.99500000 -121.18000000 -84.81000000
1467 -103.07920329 -121.28214285 -84.87626373
1468 -103.16340659 -121.38428571 -84.94252747
1469 -103.24760989 -121.48642857 -85.00879120
1470 -103.33181318 -121.58857142 -85.07505494
1471 -103.41601648 -121.69071428 -85.14131868
1472 -103.50021978 -121.79285714 -85.20758241
1473 -103.58442307 -121.89500000 -85.27384615
1474 -103.66862637 -121.99714285 -85.34010989
1475 -103.75282967 -122.09928571 -85.40637362
1476 -103.83703296 -122.20142857 -85.47263736
1477 -103.92123626 -122.30357142 -85.53890109
1478 -104.00543956 -122.40571428 -85.60516483
1479 -104.08964285 -122.50785714 -85.67142857
1480 -104.17384615 -122.61000000 -85.73769230
1481 -104.25804945 -122.71214285 -85.80395604
1482 -104.34225274 -122.81428571 -85.87021978
1483 -104.42645604 -122.91642857 -85.93648351
1484 -104.51065934 -123.01857142 -86.00274725
1485 -104.59486263 -123.12071428 -86.06901098
1486 -104.67906593 -123.22285714 -86.13527472
1487 -104.76326923 -123.32500000 -86.20153846
1488 -104.84747252 -123.42714285 -86.26780219
1489 -104.93167582 -123.52928571 -86.33406593
1490 -105.01587912 -123.63142857 -86.40032967
1491 -105.10008241 -123.73357142 -86.46659340
1492 -105.18428571 -123.83571428 -86.53285714
1493 -105.26848901 -123.93785714 -86.59912087
1494 -105.35269230 -124.04000000 -86.66538461
1495 -105.43689560 -124.14214285 -86.73164835
1496 -105.52109890 -124.24428571 -86.79791208
1497 -105.60530219 -124.34642857 -86.86417582
1498 -105.68950549 -124.44857142 -86.93043956
1499 -105.77370879 -124.55071428 -86.99670329
1500 -105.85791208 -124.65285714 -87.06296703
1501 -105.94211538 -124.75500000 -87.12923076
1502 -106.02631868 -124.85714285 -87.19549450
1503 -106.11052197 -124.95928571 -87.26175824
1504 -106.19472527 -125.06142857 -87.32802197
1505 -106.27892857 -125.16357142 -87.39428571
1506 -106.36313186 -125.26571428 -87.46054945
1507 -106.44733516 -125.36785714 -87.52681318
1508 -106.53153846 -125.47000000 -87.59307692
1509 -106.61574175 -125.57214285 -87.65934065
1510 -106.69994505 -125.67428571 -87.72560439
1511 -106.78414835 -125.77642857 -87.79186813
1512 -106.86835164 -125.87857142 -87.85813186
1513 -106.95255494 -125.98071428 -87.92439560
1514 -107.03675824 -126.08285714 -87.99065934
1515 -107.12096153 -126.18500000 -88.05692307
1516 -107.20516483 -126.28714285 -88.12318681
1517 -107.28936813 -126.38928571 -88.18945054
1518 -107.37357142 -126.49142857 -88.25571428
1519 -107.45777472 -126.59357142 -88.32197802
1520 -107.54197802 -126.69571428 -88.38824175
1521 -107.62618131 -126.79785714 -88.45450549
1522 -107.71038461 -126.90000000 -88.52076923
1523 -107.79458791 -127.00214285 -88.58703296
1524 -107.87879120 -127.10428571 -88.65329670
1525 -107.96299450 -127.20642857 -88.71956043
1526 -108.04719780 -127.30857142 -88.78582417
1527 -108.13140109 -127.41071428 -88.85208791
1528 -108.21560439 -127.51285714 -88.91835164
1529 -108.29980769 -127.61500000 -88.98461538
1530 -108.38401098 -127.71714285 -89.05087912
1531 -108.46821428 -127.81928571 -89.11714285
1532 -108.55241758 -127.92142857 -89.18340659
1533 -108.63662087 -128.02357142 -89.24967032
1534 -108.72082417 -128.12571428 -89.31593406
1535 -108.80502747 -128.22785714 -89.38219780
1536 -108.88923076 -128.33000000 -89.44846153
1537 -108.97343406 -128.43214285 -89.51472527
1538 -109.05763736 -128.53428571 -89.58098901
1539 -109.14184065 -128.63642857 -89.64725274
1540 -109.22604395 -128.73857142 -89.71351648
1541 -109.31024725 -128.84071428 -89.77978021
1542 -109.39445054 -128.94285714 -89.84604395
1543 -109.47865384 -129.04500000 -89.91230769
1544 -109.56285714 -129.14714285 -89.97857142
1545 -109.64706043 -129.24928571 -90.04483516
1546 -109.73126373 -129.35142857 -90.11109890
1547 -109.81546703 -129.45357142 -90.17736263
1548 -109.89967032 -129.55571428 -90.24362637
1549 -109.98387362 -129.65785714 -90.30989010
1550 -110.06807692 -129.76000000 -90.37615384
1551 -110.15228021 -129.86214285 -90.44241758
1552 -110.23648351 -129.96428571 -90.50868131
1553 -110.32068681 -130.06642857 -90.57494505
1554 -110.40489010 -130.16857142 -90.64120879
1555 -110.48909340 -130.27071428 -90.70747252
1556 -110.57329670 -130.37285714 -90.77373626
1557 -110.65750000 -130.47500000 -90.84000000
1558 -110.74170329 -130.57714285 -90.90626373
1559 -110.82590659 -130.67928571 -90.97252747
1560 -110.91010989 -130.78142857 -91.03879120
1561 -110.99431318 -130.88357142 -91.10505494
1562 -111.07851648 -130.98571428 -91.17131868
1563 -111.16271978 -131.08785714 -91.23758241
1564 -111.24692307 -131.19000000 -91.30384615
1565 -111.33112637 -131.29214285 -91.37010989
1566 -111.41532967 -131.39428571 -91.43637362
1567 -111.49953296 -131.49642857 -91.50263736
1568 -111.58373626 -131.59857142 -91.56890109
1569 -111.66793956 -131.70071428 -91.63516483
1570 -111.75214285 -131.80285714 -91.70142857
1571 -111.83634615 -131.90500000 -91.76769230
1572 -111.92054945 -132.00714285 -91.83395604
1573 -112.00475274 -132.10928571 -91.90021978
1574 -112.08895604 -132.21142857 -91.96648351
1575 -112.17315934 -132.31357142 -92.03274725
1576 -112.25736263 -132.41571428 -92.09901098
1577 -112.34156593 -132.51785714 -92.16527472
1578 -112.42576923 -132.62000000 -92.23153846
1579 -112.50997252 -132.72214285 -92.29780219
1580 -112.59417582 -132.82428571 -92.36406593
1581 -112.67837912 -132.92642857 -92.43032967
1582 -112.76258241 -133.02857142 -92.49659340
1583 -112.84678571 -133.13071428 -92.56285714
1584 -112.93098901 -133.23285714 -92.62912087
1585 -113.01519230 -133.33500000 -92.69538461
1586 -113.09939560 -133.43714285 -92.76164835
1587 -113.18359890 -133.53928571 -92.82791208
1588 -113.26780219 -133.64142857 -92.89417582
1589 -113.35200549 -133.74357142 -92.96043956
1590 -113.43620879 -133.84571428 -93.02670329
1591 -113.52041208 -133.94785714 -93.09296703
1592 -113.60461538 -134.05000000 -93.15923076
1593 -113.68881868 -134.15214285 -93.22549450
1594 -113.77302197 -134.25428571 -93.29175824
1595 -113.85722527 -134.35642857 -93.35802197
1596 -113.94142857 -134.45857142 -93.42428571
1597 -114.02563186 -134.56071428 -93.49054945
1598 -114.10983516 -134.66285714 -93.55681318
1599 -114.19403846 -134.76500000 -93.62307692
1600 -114.27824175 -134.86714285 -93.68934065
1601 -114.36244505 -134.96928571 -93.75560439
1602 -114.44664835 -135.07142857 -93.82186813
1603 -114.53085164 -135.17357142 -93.88813186
1604 -114.61505494 -135.27571428 -93.95439560
1605 -114.69925824 -135.37785714 -94.02065934
1606 -114.78346153 -135.48000000 -94.08692307
1607 -114.86766483 -135.58214285 -94.15318681
1608 -114.95186813 -135.68428571 -94.21945054
1609 -115.03607142 -135.78642857 -94.28571428
1610 -115.12027472 -135.88857142 -94.35197802
1611 -115.20447802 -135.99071428 -94.41824175
1612 -115.28868131 -136.09285714 -94.48450549
1613 -115.37288461 -136.19500000 -94.55076923
1614 -115.45708791 -136.29714285 -94.61703296
1615 -115.54129120 -136.39928571 -94.68329670
1616 -115.62549450 -136.50142857 -94.74956043
1617 -115.70969780 -136.60357142 -94.81582417
1618 -115.79390109 -136.70571428 -94.88208791
1619 -115.87810439 -136.80785714 -94.94835164
1620 -115.96230769 -136.91000000 -95.01461538
1621 -116.04651098 -137.01214285 -95.08087912
1622 -116.13071428 -137.11428571 -95.14714285
1623 -116.21491758 -137.21642857 -95.21340659
1624 -116.29912087 -137.31857142 -95.27967032
1625 -116.38332417 -137.42071428 -95.34593406
1626 -116.46752747 -137.52285714 -95.41219780
1627 -116.55173076 -137.62500000 -95.47846153
1628 -116.63593406 -137.72714285 -95.54472527
1629 -116.72013736 -137.82928571 -95.61098901
1630 -116.80434065 -137.93142857 -95.67725274
1631 -116.88854395 -138.03357142 -95.74351648
1632 -116.97274725 -138.13571428 -95.80978021
1633 -117.05695054 -138.23785714 -95.87604395
1634 -117.14115384 -138.34000000 -95.94230769
1635 -117.22535714 -138.44214285 -96.00857142
1636 -117.30956043 -138.54428571 -96.07483516
1637 -117.39376373 -138.64642857 -96.14109890
1638 -117.47796703 -138.74857142 -96.20736263
1639 -117.56217032 -138.85071428 -96.27362637
1640 -117.64637362 -138.95285714 -96.33989010
1641 -117.73057692 -139.05500000 -96.40615384
1642 -117.81478021 -139.15714285 -96.47241758
1643 -117.89898351 -139.25928571 -96.53868131
1644 -117.98318681 -139.36142857 -96.60494505
1645 -118.06739010 -139.46357142 -96.67120879
1646 -118.15159340 -139.56571428 -96.73747252
1647 -118.23579670 -139.66785714 -96.80373626
1648 -118.32000000 -139.77000000 -96.87000000
1649 -118.40420329 -139.87214285 -96.93626373
1650 -118.48840659 -139.97428571 -97.00252747
1651 -118.57260989 -140.07642857 -97.06879120
1652 -118.65681318 -140.17857142 -97.13505494
1653 -118.74101648 -140.28071428 -97.20131868
1654 -118.82521978 -140.38285714 -97.26758241
1655 -118.90942307 -140.48500000 -97.33384615
1656 -118.99362637 -140.58714285 -97.40010989
1657 -119.07782967 -140.68928571 -97.46637362
1658 -119.16203296 -140.79142857 -97.53263736
1659 -119.24623626 -140.89357142 -97.59890109
1660 -119.33043956 -140.99571428 -97.66516483
1661 -119.41464285 -141.09785714 -97.73142857
1662 -119.49884615 -141.20000000 -97.79769230
1663 -119.58304945 -141.30214285 -97.86395604
1664 -119.66725274 -141.40428571 -97.93021978
1665 -119.75145604 -141.50642857 -97.99648351
1666 -119.83565934 -141.60857142 -98.06274725
1667 -119.91986263 -141.71071428 -98.12901098
1668 -120.00406593 -141.81285714 -98.19527472
1669 -120.08826923 -141.91500000 -98.26153846
1670 -120.17247252 -142.01714285 -98.32780219
1671 -120.25667582 -142.11928571 -98.39406593
1672 -120.34087912 -142.22142857 -98.46032967
1673 -120.42508241 -142.32357142 -98.52659340
1674 -120.50928571 -142.42571428 -98.59285714
1675 -120.59348901 -142.52785714 -98.65912087
1676 -120.67769230 -142.63000000 -98.72538461
1677 -120.76189560 -142.73214285 -98.79164835
1678 -120.84609890 -142.83428571 -98.85791208
1679 -120.93030219 -142.93642857 -98.92417582
1680 -121.01450549 -143.03857142 -98.99043956
1681 -121.09870879 -143.14071428 -99.05670329
1682 -121.18291208 -143.24285714 -99.12296703
1683 -121.26711538 -143.34500000 -99.18923076
1684 -121.35131868 -143.44714285 -99.25549450
1685 -121.43552197 -143.54928571 -99.32175824
1686 -121.51972527 -143.65142857 -99.38802197
1687 -121.60392857 -143.75357142 -99.45428571
1688 -121.68813186 -143.85571428 -99.52054945
1689 -121.77233516 -143.95785714 -99.58681318
1690 -121.85653846 -144.06000000 -99.65307692
1691 -121.94074175 -144.16214285 -99.71934065
1692 -122.02494505 -144.26428571 -99.78560439
1693 -122.10914835 -144.36642857 -99.85186813
1694 -122.19335164 -144.46857142 -99.91813186
1695 -122.27755494 -144.57071428 -99.98439560
1696 -122.36175824 -144.67285714 -100.05065934
1697 -122.44596153 -144.77500000 -100.11692307
1698 -122.53016483 -144.87714285 -100.18318681
1699 -122.61436813 -144.97928571 -100.24945054
1700 -122.69857142 -145.08142857 -100.31571428
1701 -122.78277472 -145.18357142 -100.38197802
1702 -122.86697802 -145.28571428 -100.44824175
1703 -122.95118131 -145.38785714 -100.51450549
1704 -123.03538461 -145.49000000 -100.58076923
1705 -123.11958791 -145.59214285 -100.64703296
1706 -123.20379120 -145.69428571 -100.71329670
1707 -123.28799450 -145.79642857 -100.77956043
1708 -123.37219780 -145.89857142 -100.84582417
1709 -123.45640109 -146.00071428 -100.91208791
1710 -123.54060439 -146.10285714 -100.97835164
1711 -123.62480769 -146.20500000 -101.04461538
1712 -123.70901098 -146.30714285 -101.11087912
1713 -123.79321428 -146.40928571 -101.17714285
1714 -123.87741758 -146.51142857 -101.24340659
1715 -123.96162087 -146.61357142 -101.30967032
1716 -124.04582417 -146.71571428 -101.37593406
1717 -124.13002747 -146.81785714 -101.44219780
1718 -124.21423076 -146.92000000 -101.50846153
1719 -124.29843406 -147.02214285 -101.57472527
1720 -124.38263736 -147.12428571 -101.64098901
1721 -124.46684065 -147.22642857 -101.70725274
1722 -124.55104395 -147.32857142 -101.77351648
1723 -124.63524725 -147.43071428 -101.83978021
1724 -124.71945054 -147.53285714 -101.90604395
1725 -124.80365384 -147.63500000 -101.97230769
1726 -124.88785714 -147.73714285 -102.03857142
1727 -124.97206043 -147.83928571 -102.10483516
1728 -125.05626373 -147.94142857 -102.17109890
1729 -125.14046703 -148.04357142 -102.23736263
1730 -125.22467032 -148.14571428 -102.30362637
1731 -125.30887362 -148.24785714 -102.36989010
1732 -125.39307692 -148.35000000 -102.43615384
1733 -125.47728021 -148.45214285 -102.50241758
1734 -125.56148351 -148.55428571 -102.56868131
1735 -125.64568681 -148.65642857 -102.63494505
1736 -125.72989010 -148.75857142 -102.70120879
1737 -125.81409340 -148.86071428 -102.76747252
1738 -125.89829670 -148.96285714 -102.83373626
1739 -125.98250000 -149.06500000 -102.90000000
1740 -126.06670329 -149.16714285 -102.96626373
1741 -126.15090659 -149.26928571 -103.03252747
1742 -126.23510989 -149.37142857 -103.09879120
1743 -126.31931318 -149.47357142 -103.16505494
1744 -126.40351648 -149.57571428 -103.23131868
1745 -126.48771978 -149.67785714 -103.29758241
1746 -126.57192307 -149.78000000 -103.36384615
1747 -126.65612637 -149.88214285 -103.43010989
1748 -126.74032967 -149.98428571 -103.49637362
1749 -126.82453296 -150.08642857 -103.56263736
1750 -126.90873626 -150.18857142 -103.62890109
1751 -126.99293956 -150.29071428 -103.69516483
1752 -127.07714285 -150.39285714 -103.76142857
1753 -127.16134615 -150.49500000 -103.82769230
1754 -127.24554945 -150.59714285 -103.89395604
1755 -127.32975274 -150.69928571 -103.96021978
1756 -127.41395604 -150.80142857 -104.02648351
1757 -127.49815934 -150.90357142 -104.09274725
1758 -127.58236263 -151.00571428 -104.15901098
1759 -127.66656593 -151.10785714 -104.22527472
1760 -127.75076923 -151.21000000 -104.29153846
1761 -127.83497252 -151.31214285 -104.35780219
1762 -127.91917582 -151.41428571 -104.42406593
1763 -128.00337912 -151.51642857 -104.49032967
1764 -128.08758241 -151.61857142 -104.55659340
1765 -128.17178571 -151.72071428 -104.62285714
1766 -128.25598901 -151.82285714 -104.68912087
1767 -128.34019230 -151.92500000 -104.75538461
1768 -128.42439560 -152.02714285 -104.82164835
1769 -128.50859890 -152.12928571 -104.88791208
1770 -128.59280219 -152.23142857 -104.95417582
1771 -128.67700549 -152.33357142 -105.02043956
1772 -128.76120879 -152.43571428 -105.08670329
1773 -128.84541208 -152.53785714 -105.15296703
1774 -128.92961538 -152.64000000 -105.21923076
1775 -129.01381868 -152.74214285 -105.28549450
1776 -129.09802197 -152.84428571 -105.35175824
1777 -129.18222527 -152.94642857 -105.41802197
1778 -129.26642857 -153.04857142 -105.48428571
1779 -129.35063186 -153.15071428 -105.55054945
1780 -129.43483516 -153.25285714 -105.61681318
1781 -129.51903846 -153.35500000 -105.68307692
1782 -129.60324175 -153.45714285 -105.74934065
1783 -129.68744505 -153.55928571 -105.81560439
1784 -129.77164835 -153.66142857 -105.88186813
1785 -129.85585164 -153.76357142 -105.94813186
1786 -129.94005494 -153.86571428 -106.01439560
1787 -130.02425824 -153.96785714 -106.08065934
1788 -130.10846153 -154.07000000 -106.14692307
1789 -130.19266483 -154.17214285 -106.21318681
1790 -130.27686813 -154.27428571 -106.27945054
1791 -130.36107142 -154.37642857 -106.34571428
1792 -130.44527472 -154.47857142 -106.41197802
1793 -130.52947802 -154.58071428 -106.47824175
1794 -130.61368131 -154.68285714 -106.54450549
1795 -130.69788461 -154.78500000 -106.61076923
1796 -130.78208791 -154.88714285 -106.67703296
1797 -130.86629120 -154.98928571 -106.74329670
1798 -130.95049450 -155.09142857 -106.80956043
1799 -131.03469780 -155.19357142 -106.87582417
1800 -131.11890109 -155.29571428 -106.94208791
1801 -131.20310439 -155.39785714 -107.00835164
1802 -131.28730769 -155.50000000 -107.07461538
1803 -131.37151098 -155.60214285 -107.14087912
1804 -131.45571428 -155.70428571 -107.20714285
1805 -131.53991758 -155.80642857 -107.27340659
1806 -131.62412087 -155.90857142 -107.33967032
1807 -131.70832417 -156.01071428 -107.40593406
1808 -131.79252747 -156.11285714 -107.47219780
1809 -131.87673076 -156.21500000 -107.53846153
1810 -131.96093406 -156.31714285 -107.60472527
1811 -132.04513736 -156.41928571 -107.67098901
1812 -132.12934065 -156.52142857 -107.73725274
1813 -132.21354395 -156.62357142 -107.80351648
1814 -132.29774725 -156.72571428 -107.86978021
1815 -132.38195054 -156.82785714 -107.93604395
1816 -132.46615384 -156.93000000 -108.00230769
1817 -132.55035714 -157.03214285 -108.06857142
1818 -132.63456043 -157.13428571 -108.13483516
1819 -132.71876373 -157.23642857 -108.20109890
1820 -132.80296703 -157.33857142 -108.26736263
1821 -132.88717032 -157.44071428 -108.33362637
1822 -132.97137362 -157.54285714 -108.39989010
1823 -133.05557692 -157.64500000 -108.46615384
1824 -133.13978021 -157.74714285 -108.53241758
1825 -133.22398351 -157.84928571 -108.59868131
1826 -133.30818681 -157.95142857 -108.66494505
1827 -133.39239010 -158.05357142 -108.73120879
1828 -133.47659340 -158.15571428 -108.79747252
1829 -133.56079670 -158.25785714 -108.86373626
1830 -133.64500000 -158.36000000 -108.93000000
