1 0.00500000 -0.00571429 0.01571429
2 0.00333333 -0.00380952 0.01047619
3 0.00166667 -0.00190476 0.00523810
4 0.00000000 0.00000000 0.00000000
5 0.00500000 -0.00571428 0.01571429
6 0.01000000 -0.01142857 0.03142857
7 0.01500000 -0.01714285 0.04714286
8 0.02000000 -0.02285714 0.06285714
9 0.02500000 -0.02857142 0.07857143
10 0.03000000 -0.03428571 0.09428571
11 0.03500000 -0.04000000 0.11000000
12 0.03782609 -0.03869565 0.11434783
13 0.04065217 -0.03739130 0.11869565
14 0.04347826 -0.03608695 0.12304348
15 0.04630435 -0.03478260 0.12739130
16 0.04913043 -0.03347826 0.13173913
17 0.05195652 -0.03217391 0.13608696
18 0.05478261 -0.03086956 0.14043478
19 0.05760870 -0.02956521 0.14478261
20 0.06043478 -0.02826086 0.14913043
21 0.06326087 -0.02695652 0.15347826
22 0.06608696 -0.02565217 0.15782609
23 0.06891304 -0.02434782 0.16217391
24 0.07173913 -0.02304347 0.16652174
25 0.07456522 -0.02173913 0.17086957
26 0.07739130 -0.02043478 0.17521739
27 0.08021739 -0.01913043 0.17956522
28 0.08304348 -0.01782608 0.18391304
29 0.08586957 -0.01652173 0.18826087
30 0.08869565 -0.01521739 0.19260870
31 0.09152174 -0.01391304 0.19695652
32 0.09434783 -0.01260869 0.20130435
33 0.09717391 -0.01130434 0.20565217
34 0.10000000 -0.01000000 0.21000000
35 0.09859375 -0.01218750 0.20937500
36 0.09718750 -0.01437500 0.20875000
37 0.09578125 -0.01656250 0.20812500
38 0.09437500 -0.01875000 0.20750000
39 0.09296875 -0.02093750 0.20687500
40 0.09156250 -0.02312500 0.20625000
41 0.09015625 -0.02531250 0.20562500
42 0.08875000 -0.02750000 0.20500000
43 0.08734375 -0.02968750 0.20437500
44 0.08593750 -0.03187500 0.20375000
45 0.08453125 -0.03406250 0.20312500
46 0.08312500 -0.03625000 0.20250000
47 0.08171875 -0.03843750 0.20187500
48 0.08031250 -0.04062500 0.20125000
49 0.07890625 -0.04281250 0.20062500
50 0.07750000 -0.04500000 0.20000000
51 0.07609375 -0.04718750 0.19937500
52 0.07468750 -0.04937500 0.19875000
53 0.07328125 -0.05156250 0.19812500
54 0.07187500 -0.05375000 0.19750000
55 0.07046875 -0.05593750 0.19687500
56 0.06906250 -0.05812500 0.19625000
57 0.06765625 -0.06031250 0.19562500
58 0.06625000 -0.06250000 0.19500000
59 0.06484375 -0.06468750 0.19437500
60 0.06343750 -0.06687500 0.19375000
61 0.06203125 -0.06906250 0.19312500
62 0.06062500 -0.07125000 0.19250000
63 0.05921875 -0.07343750 0.19187500
64 0.05781250 -0.07562500 0.19125000
65 0.05640625 -0.07781250 0.19062500
66 0.05500000 -0.08000000 0.19000000
67 0.05600000 -0.08100000 0.19300000
68 0.05700000 -0.08200000 0.19600000
69 0.05800000 -0.08300000 0.19900000
70 0.05900000 -0.08400000 0.20200000
71 0.06000000 -0.08500000 0.20500000
72 0.06100000 -0.08600000 0.20800000
73 0.06200000 -0.08700000 0.21100000
74 0.06300000 -0.08800000 0.21400000
75 0.06400000 -0.08900000 0.21700000
76 0.06500000 -0.09000000 0.22000000
77 0.06600000 -0.09100000 0.22300000
78 0.06700000 -0.09200000 0.22600000
79 0.06800000 -0.09300000 0.22900000
80 0.06900000 -0.09400000 0.23200000
81 0.07000000 -0.09500000 0.23500000
82 0.07100000 -0.09600000 0.23800000
83 0.07200000 -0.09700000 0.24100000
84 0.07300000 -0.09800000 0.24400000
85 0.07400000 -0.09900000 0.24700000
86 0.07500000 -0.10000000 0.25000000
87 0.07600000 -0.10100000 0.25300000
88 0.07700000 -0.10200000 0.25600000
89 0.07800000 -0.10300000 0.25900000
90 0.07900000 -0.10400000 0.26200000
91 0.08000000 -0.10500000 0.26500000
92 0.08100000 -0.10600000 0.26800000
93 0.08200000 -0.10700000 0.27100000
94 0.08300000 -0.10800000 0.27400000
95 0.08400000 -0.10900000 0.27700000
96 0.08500000 -0.11000000 0.28000000
97 0.08373626 -0.11010989 0.27758242
98 0.08247253 -0.11021978 0.27516484
99 0.08120879 -0.11032967 0.27274725
100 0.07994505 -0.11043956 0.27032967
101 0.07868132 -0.11054945 0.26791209
102 0.07741758 -0.11065934 0.26549451
103 0.07615385 -0.11076923 0.26307692
104 0.07489011 -0.11087912 0.26065934
105 0.07362637 -0.11098901 0.25824176
106 0.07236264 -0.11109890 0.25582418
107 0.07109890 -0.11120879 0.25340659
108 0.06983516 -0.11131868 0.25098901
109 0.06857143 -0.11142857 0.24857143
110 0.06730769 -0.11153846 0.24615385
111 0.06604396 -0.11164835 0.24373626
112 0.06478022 -0.11175824 0.24131868
113 0.06351648 -0.11186813 0.23890110
114 0.06225275 -0.11197802 0.23648352
115 0.06098901 -0.11208791 0.23406593
116 0.05972527 -0.11219780 0.23164835
117 0.05846154 -0.11230769 0.22923077
118 0.05719780 -0.11241758 0.22681319
119 0.05593407 -0.11252747 0.22439560
120 0.05467033 -0.11263736 0.22197802
121 0.05340659 -0.11274725 0.21956044
122 0.05214286 -0.11285714 0.21714286
123 0.05087912 -0.11296703 0.21472527
124 0.04961538 -0.11307692 0.21230769
125 0.04835165 -0.11318681 0.20989011
126 0.04708791 -0.11329670 0.20747253
127 0.04582418 -0.11340659 0.20505495
128 0.04456044 -0.11351648 0.20263736
129 0.04329670 -0.11362637 0.20021978
130 0.04203297 -0.11373626 0.19780220
131 0.04076923 -0.11384615 0.19538462
132 0.03950549 -0.11395604 0.19296703
133 0.03824176 -0.11406593 0.19054945
134 0.03697802 -0.11417582 0.18813187
135 0.03571429 -0.11428571 0.18571429
136 0.03445055 -0.11439560 0.18329670
137 0.03318681 -0.11450549 0.18087912
138 0.03192308 -0.11461538 0.17846154
139 0.03065934 -0.11472527 0.17604396
140 0.02939560 -0.11483516 0.17362637
141 0.02813187 -0.11494505 0.17120879
142 0.02686813 -0.11505494 0.16879121
143 0.02560440 -0.11516483 0.16637363
144 0.02434066 -0.11527472 0.16395604
145 0.02307692 -0.11538461 0.16153846
146 0.02181319 -0.11549450 0.15912088
147 0.02054945 -0.11560439 0.15670330
148 0.01928571 -0.11571428 0.15428571
149 0.01802198 -0.11582417 0.15186813
150 0.01675824 -0.11593406 0.14945055
151 0.01549451 -0.11604395 0.14703297
152 0.01423077 -0.11615384 0.14461538
153 0.01296703 -0.11626373 0.14219780
154 0.01170330 -0.11637362 0.13978022
155 0.01043956 -0.11648351 0.13736264
156 0.00917582 -0.11659340 0.13494505
157 0.00791209 -0.11670329 0.13252747
158 0.00664835 -0.11681318 0.13010989
159 0.00538462 -0.11692307 0.12769231
160 0.00412088 -0.11703296 0.12527473
161 0.00285714 -0.11714285 0.12285714
162 0.00159341 -0.11725274 0.12043956
163 0.00032967 -0.11736263 0.11802198
164 -0.00093406 -0.11747252 0.11560440
165 -0.00219780 -0.11758241 0.11318681
166 -0.00346153 -0.11769230 0.11076923
167 -0.00472527 -0.11780219 0.10835165
168 -0.00598901 -0.11791208 0.10593407
169 -0.00725274 -0.11802197 0.10351648
170 -0.00851648 -0.11813186 0.10109890
171 -0.00978021 -0.11824175 0.09868132
172 -0.01104395 -0.11835164 0.09626374
173 -0.01230769 -0.11846153 0.09384615
174 -0.01357142 -0.11857142 0.09142857
175 -0.01483516 -0.11868131 0.08901099
176 -0.01609890 -0.11879120 0.08659341
177 -0.01736263 -0.11890109 0.08417582
178 -0.01862637 -0.11901098 0.08175824
179 -0.01989010 -0.11912087 0.07934066
180 -0.02115384 -0.11923076 0.07692308
181 -0.02241758 -0.11934065 0.07450549
182 -0.02368131 -0.11945054 0.07208791
183 -0.02494505 -0.11956043 0.06967033
184 -0.02620879 -0.11967032 0.06725275
185 -0.02747252 -0.11978021 0.06483516
186 -0.02873626 -0.11989010 0.06241758
187 -0.03000000 -0.12000000 0.06000000
188 -0.02911111 -0.11944444 0.06122222
189 -0.02822222 -0.11888888 0.06244444
190 -0.02733333 -0.11833333 0.06366667
191 -0.02644444 -0.11777777 0.06488889
192 -0.02555555 -0.11722222 0.06611111
193 -0.02466666 -0.11666666 0.06733333
194 -0.02377777 -0.11611111 0.06855556
195 -0.02288888 -0.11555555 0.06977778
196 -0.02200000 -0.11500000 0.07100000
197 -0.02111111 -0.11444444 0.07222222
198 -0.02022222 -0.11388888 0.07344444
199 -0.01933333 -0.11333333 0.07466667
200 -0.01844444 -0.11277777 0.07588889
201 -0.01755555 -0.11222222 0.07711111
202 -0.01666666 -0.11166666 0.07833333
203 -0.01577777 -0.11111111 0.07955556
204 -0.01488888 -0.11055555 0.08077778
205 -0.01400000 -0.11000000 0.08200000
206 -0.01311111 -0.10944444 0.08322222
207 -0.01222222 -0.10888888 0.08444444
208 -0.01133333 -0.10833333 0.08566667
209 -0.01044444 -0.10777777 0.08688889
210 -0.00955555 -0.10722222 0.08811111
211 -0.00866666 -0.10666666 0.08933333
212 -0.00777777 -0.10611111 0.09055556
213 -0.00688888 -0.10555555 0.09177778
214 -0.00600000 -0.10500000 0.09300000
215 -0.00511111 -0.10444444 0.09422222
216 -0.00422222 -0.10388888 0.09544444
217 -0.00333333 -0.10333333 0.09666667
218 -0.00244444 -0.10277777 0.09788889
219 -0.00155555 -0.10222222 0.09911111
220 -0.00066666 -0.10166666 0.10033333
221 0.00022222 -0.10111111 0.10155556
222 0.00111111 -0.10055555 0.10277778
223 0.00200000 -0.10000000 0.10400000
224 0.00288889 -0.09944444 0.10522222
225 0.00377778 -0.09888888 0.10644444
226 0.00466667 -0.09833333 0.10766667
227 0.00555556 -0.09777777 0.10888889
228 0.00644444 -0.09722222 0.11011111
229 0.00733333 -0.09666666 0.11133333
230 0.00822222 -0.09611111 0.11255556
231 0.00911111 -0.09555555 0.11377778
232 0.01000000 -0.09500000 0.11500000
233 0.01088889 -0.09444444 0.11622222
234 0.01177778 -0.09388888 0.11744444
235 0.01266667 -0.09333333 0.11866667
236 0.01355556 -0.09277777 0.11988889
237 0.01444444 -0.09222222 0.12111111
238 0.01533333 -0.09166666 0.12233333
239 0.01622222 -0.09111111 0.12355556
240 0.01711111 -0.09055555 0.12477778
241 0.01800000 -0.09000000 0.12600000
242 0.01888889 -0.08944444 0.12722222
243 0.01977778 -0.08888888 0.12844444
244 0.02066667 -0.08833333 0.12966667
245 0.02155556 -0.08777777 0.13088889
246 0.02244444 -0.08722222 0.13211111
247 0.02333333 -0.08666666 0.13333333
248 0.02422222 -0.08611111 0.13455556
249 0.02511111 -0.08555555 0.13577778
250 0.02600000 -0.08500000 0.13700000
251 0.02688889 -0.08444444 0.13822222
252 0.02777778 -0.08388888 0.13944444
253 0.02866667 -0.08333333 0.14066667
254 0.02955556 -0.08277777 0.14188889
255 0.03044444 -0.08222222 0.14311111
256 0.03133333 -0.08166666 0.14433333
257 0.03222222 -0.08111111 0.14555556
258 0.03311111 -0.08055555 0.14677778
259 0.03400000 -0.08000000 0.14800000
260 0.03488889 -0.07944444 0.14922222
261 0.03577778 -0.07888888 0.15044444
262 0.03666667 -0.07833333 0.15166667
263 0.03755556 -0.07777777 0.15288889
264 0.03844444 -0.07722222 0.15411111
265 0.03933333 -0.07666666 0.15533333
266 0.04022222 -0.07611111 0.15655556
267 0.04111111 -0.07555555 0.15777778
268 0.04200000 -0.07500000 0.15900000
269 0.04288889 -0.07444444 0.16022222
270 0.04377778 -0.07388888 0.16144444
271 0.04466667 -0.07333333 0.16266667
272 0.04555556 -0.07277777 0.16388889
273 0.04644444 -0.07222222 0.16511111
274 0.04733333 -0.07166666 0.16633333
275 0.04822222 -0.07111111 0.16755556
276 0.04911111 -0.07055555 0.16877778
277 0.05000000 -0.07000000 0.17000000
278 0.05141304 -0.07108695 0.17391304
279 0.05282609 -0.07217391 0.17782609
280 0.05423913 -0.07326086 0.18173913
281 0.05565217 -0.07434782 0.18565217
282 0.05706522 -0.07543478 0.18956522
283 0.05847826 -0.07652173 0.19347826
284 0.05989130 -0.07760869 0.19739130
285 0.06130435 -0.07869565 0.20130435
286 0.06271739 -0.07978260 0.20521739
287 0.06413043 -0.08086956 0.20913043
288 0.06554348 -0.08195652 0.21304348
289 0.06695652 -0.08304347 0.21695652
290 0.06836957 -0.08413043 0.22086957
291 0.06978261 -0.08521739 0.22478261
292 0.07119565 -0.08630434 0.22869565
293 0.07260870 -0.08739130 0.23260870
294 0.07402174 -0.08847826 0.23652174
295 0.07543478 -0.08956521 0.24043478
296 0.07684783 -0.09065217 0.24434783
297 0.07826087 -0.09173913 0.24826087
298 0.07967391 -0.09282608 0.25217391
299 0.08108696 -0.09391304 0.25608696
300 0.08250000 -0.09500000 0.26000000
301 0.08391304 -0.09608695 0.26391304
302 0.08532609 -0.09717391 0.26782609
303 0.08673913 -0.09826086 0.27173913
304 0.08815217 -0.09934782 0.27565217
305 0.08956522 -0.10043478 0.27956522
306 0.09097826 -0.10152173 0.28347826
307 0.09239130 -0.10260869 0.28739130
308 0.09380435 -0.10369565 0.29130435
309 0.09521739 -0.10478260 0.29521739
310 0.09663043 -0.10586956 0.29913043
311 0.09804348 -0.10695652 0.30304348
312 0.09945652 -0.10804347 0.30695652
313 0.10086957 -0.10913043 0.31086957
314 0.10228261 -0.11021739 0.31478261
315 0.10369565 -0.11130434 0.31869565
316 0.10510870 -0.11239130 0.32260870
317 0.10652174 -0.11347826 0.32652174
318 0.10793478 -0.11456521 0.33043478
319 0.10934783 -0.11565217 0.33434783
320 0.11076087 -0.11673913 0.33826087
321 0.11217391 -0.11782608 0.34217391
322 0.11358696 -0.11891304 0.34608696
323 0.11500000 -0.12000000 0.35000000
324 0.11641304 -0.12108695 0.35391304
325 0.11782609 -0.12217391 0.35782609
326 0.11923913 -0.12326086 0.36173913
327 0.12065217 -0.12434782 0.36565217
328 0.12206522 -0.12543478 0.36956522
329 0.12347826 -0.12652173 0.37347826
330 0.12489130 -0.12760869 0.37739130
331 0.12630435 -0.12869565 0.38130435
332 0.12771739 -0.12978260 0.38521739
333 0.12913043 -0.13086956 0.38913043
334 0.13054348 -0.13195652 0.39304348
335 0.13195652 -0.13304347 0.39695652
336 0.13336957 -0.13413043 0.40086957
337 0.13478261 -0.13521739 0.40478261
338 0.13619565 -0.13630434 0.40869565
339 0.13760870 -0.13739130 0.41260870
340 0.13902174 -0.13847826 0.41652174
341 0.14043478 -0.13956521 0.42043478
342 0.14184783 -0.14065217 0.42434783
343 0.14326087 -0.14173913 0.42826087
344 0.14467391 -0.14282608 0.43217391
345 0.14608696 -0.14391304 0.43608696
346 0.14750000 -0.14500000 0.44000000
347 0.14891304 -0.14608695 0.44391304
348 0.15032609 -0.14717391 0.44782609
349 0.15173913 -0.14826086 0.45173913
350 0.15315217 -0.14934782 0.45565217
351 0.15456522 -0.15043478 0.45956522
352 0.15597826 -0.15152173 0.46347826
353 0.15739130 -0.15260869 0.46739130
354 0.15880435 -0.15369565 0.47130435
355 0.16021739 -0.15478260 0.47521739
356 0.16163043 -0.15586956 0.47913043
357 0.16304348 -0.15695652 0.48304348
358 0.16445652 -0.15804347 0.48695652
359 0.16586957 -0.15913043 0.49086957
360 0.16728261 -0.16021739 0.49478261
361 0.16869565 -0.16130434 0.49869565
362 0.17010870 -0.16239130 0.50260870
363 0.17152174 -0.16347826 0.50652174
364 0.17293478 -0.16456521 0.51043478
365 0.17434783 -0.16565217 0.51434783
366 0.17576087 -0.16673913 0.51826087
367 0.17717391 -0.16782608 0.52217391
368 0.17858696 -0.16891304 0.52608696
369 0.18000000 -0.17000000 0.53000000
370 0.18921555 -0.16136425 0.53979536
371 0.19843111 -0.15272851 0.54959072
372 0.20764666 -0.14409276 0.55938608
373 0.21686221 -0.13545702 0.56918145
374 0.22607776 -0.12682128 0.57897681
375 0.23529332 -0.11818553 0.58877217
376 0.24450887 -0.10954979 0.59856753
377 0.25372442 -0.10091405 0.60836289
378 0.26293997 -0.09227830 0.61815825
379 0.27215553 -0.08364256 0.62795362
380 0.28137108 -0.07500682 0.63774898
381 0.29058663 -0.06637107 0.64754434
382 0.29980218 -0.05773533 0.65733970
383 0.30901774 -0.04909959 0.66713506
384 0.31823329 -0.04046384 0.67693042
385 0.32744884 -0.03182810 0.68672578
386 0.33666439 -0.02319236 0.69652115
387 0.34587995 -0.01455661 0.70631651
388 0.35509550 -0.00592087 0.71611187
389 0.36431105 0.00271487 0.72590723
390 0.37352660 0.01135061 0.73570259
391 0.38274216 0.01998636 0.74549795
392 0.39195771 0.02862210 0.75529332
393 0.40117326 0.03725784 0.76508868
394 0.41038881 0.04589359 0.77488404
395 0.41960437 0.05452933 0.78467940
396 0.42881992 0.06316508 0.79447476
397 0.43803547 0.07180082 0.80427012
398 0.44725102 0.08043656 0.81406548
399 0.45646658 0.08907231 0.82386085
400 0.46568213 0.09770805 0.83365621
401 0.47489768 0.10634379 0.84345157
402 0.48411323 0.11497954 0.85324693
403 0.49332879 0.12361528 0.86304229
404 0.50254434 0.13225102 0.87283765
405 0.51175989 0.14088677 0.88263302
406 0.52097544 0.14952251 0.89242838
407 0.53019100 0.15815825 0.90222374
408 0.53940655 0.16679400 0.91201910
409 0.54862210 0.17542974 0.92181446
410 0.55783765 0.18406548 0.93160982
411 0.56705321 0.19270123 0.94140518
412 0.57626876 0.20133697 0.95120055
413 0.58548431 0.20997271 0.96099591
414 0.59469986 0.21860846 0.97079127
415 0.60391542 0.22724420 0.98058663
416 0.61313097 0.23587995 0.99038199
417 0.62234652 0.24451569 1.00017735
418 0.63156207 0.25315143 1.00997271
419 0.64077763 0.26178718 1.01976808
420 0.64999318 0.27042292 1.02956344
421 0.65920873 0.27905866 1.03935880
422 0.66842428 0.28769441 1.04915416
423 0.67763984 0.29633015 1.05894952
424 0.68685539 0.30496589 1.06874488
425 0.69607094 0.31360164 1.07854025
426 0.70528649 0.32223738 1.08833561
427 0.71450205 0.33087312 1.09813097
428 0.72371760 0.33950887 1.10792633
429 0.73293315 0.34814461 1.11772169
430 0.74214870 0.35678035 1.12751705
431 0.75136426 0.36541610 1.13731241
432 0.76057981 0.37405184 1.14710778
433 0.76979536 0.38268759 1.15690314
434 0.77901091 0.39132333 1.16669850
435 0.78822647 0.39995907 1.17649386
436 0.79744202 0.40859482 1.18628922
437 0.80665757 0.41723056 1.19608458
438 0.81587312 0.42586630 1.20587995
439 0.82508868 0.43450205 1.21567531
440 0.83430423 0.44313779 1.22547067
441 0.84351978 0.45177353 1.23526603
442 0.85273533 0.46040928 1.24506139
443 0.86195089 0.46904502 1.25485675
444 0.87116644 0.47768076 1.26465211
445 0.88038199 0.48631651 1.27444748
446 0.88959754 0.49495225 1.28424284
447 0.89881310 0.50358799 1.29403820
448 0.90802865 0.51222374 1.30383356
449 0.91724420 0.52085948 1.31362892
450 0.92645975 0.52949523 1.32342428
451 0.93567531 0.53813097 1.33321965
452 0.94489086 0.54676671 1.34301501
453 0.95410641 0.55540246 1.35281037
454 0.96332196 0.56403820 1.36260573
455 0.97253752 0.57267394 1.37240109
456 0.98175307 0.58130969 1.38219645
457 0.99096862 0.58994543 1.39199181
458 1.00018417 0.59858117 1.40178718
459 1.00939973 0.60721692 1.41158254
460 1.01861528 0.61585266 1.42137790
461 1.02783083 0.62448840 1.43117326
462 1.03704638 0.63312415 1.44096862
463 1.04626194 0.64175989 1.45076398
464 1.05547749 0.65039563 1.46055935
465 1.06469304 0.65903138 1.47035471
466 1.07390859 0.66766712 1.48015007
467 1.08312415 0.67630286 1.48994543
468 1.09233970 0.68493861 1.49974079
469 1.10155525 0.69357435 1.50953615
470 1.11077080 0.70221010 1.51933151
471 1.11998636 0.71084584 1.52912688
472 1.12920191 0.71948158 1.53892224
473 1.13841746 0.72811733 1.54871760
474 1.14763302 0.73675307 1.55851296
475 1.15684857 0.74538881 1.56830832
476 1.16606412 0.75402456 1.57810368
477 1.17527967 0.76266030 1.58789905
478 1.18449523 0.77129604 1.59769441
479 1.19371078 0.77993179 1.60748977
480 1.20292633 0.78856753 1.61728513
481 1.21214188 0.79720327 1.62708049
482 1.22135744 0.80583902 1.63687585
483 1.23057299 0.81447476 1.64667121
484 1.23978854 0.82311050 1.65646658
485 1.24900409 0.83174625 1.66626194
486 1.25821965 0.84038199 1.67605730
487 1.26743520 0.84901774 1.68585266
488 1.27665075 0.85765348 1.69564802
489 1.28586630 0.86628922 1.70544338
490 1.29508186 0.87492497 1.71523874
491 1.30429741 0.88356071 1.72503411
492 1.31351296 0.89219645 1.73482947
493 1.32272851 0.90083220 1.74462483
494 1.33194407 0.90946794 1.75442019
495 1.34115962 0.91810368 1.76421555
496 1.35037517 0.92673943 1.77401091
497 1.35959072 0.93537517 1.78380628
498 1.36880628 0.94401091 1.79360164
499 1.37802183 0.95264666 1.80339700
500 1.38723738 0.96128240 1.81319236
501 1.39645293 0.96991814 1.82298772
502 1.40566849 0.97855389 1.83278308
503 1.41488404 0.98718963 1.84257844
504 1.42409959 0.99582538 1.85237381
505 1.43331514 1.00446112 1.86216917
506 1.44253070 1.01309686 1.87196453
507 1.45174625 1.02173261 1.88175989
508 1.46096180 1.03036835 1.89155525
509 1.47017735 1.03900409 1.90135061
510 1.47939291 1.04763984 1.91114598
511 1.48860846 1.05627558 1.92094134
512 1.49782401 1.06491132 1.93073670
513 1.50703956 1.07354707 1.94053206
514 1.51625512 1.08218281 1.95032742
515 1.52547067 1.09081855 1.96012278
516 1.53468622 1.09945430 1.96991814
517 1.54390177 1.10809004 1.97971351
518 1.55311733 1.11672578 1.98950887
519 1.56233288 1.12536153 1.99930423
520 1.57154843 1.13399727 2.00909959
521 1.58076398 1.14263302 2.01889495
522 1.58997954 1.15126876 2.02869031
523 1.59919509 1.15990450 2.03848568
524 1.60841064 1.16854025 2.04828104
525 1.61762619 1.17717599 2.05807640
526 1.62684175 1.18581173 2.06787176
527 1.63605730 1.19444748 2.07766712
528 1.64527285 1.20308322 2.08746248
529 1.65448840 1.21171896 2.09725784
530 1.66370396 1.22035471 2.10705321
531 1.67291951 1.22899045 2.11684857
532 1.68213506 1.23762619 2.12664393
533 1.69135061 1.24626194 2.13643929
534 1.70056617 1.25489768 2.14623465
535 1.70978172 1.26353342 2.15603001
536 1.71899727 1.27216917 2.16582538
537 1.72821282 1.28080491 2.17562074
538 1.73742838 1.28944065 2.18541610
539 1.74664393 1.29807640 2.19521146
540 1.75585948 1.30671214 2.20500682
541 1.76507503 1.31534789 2.21480218
542 1.77429059 1.32398363 2.22459754
543 1.78350614 1.33261937 2.23439291
544 1.79272169 1.34125512 2.24418827
545 1.80193724 1.34989086 2.25398363
546 1.81115280 1.35852660 2.26377899
547 1.82036835 1.36716235 2.27357435
548 1.82958390 1.37579809 2.28336971
549 1.83879945 1.38443383 2.29316508
550 1.84801501 1.39306958 2.30296044
551 1.85723056 1.40170532 2.31275580
552 1.86644611 1.41034106 2.32255116
553 1.87566166 1.41897681 2.33234652
554 1.88487722 1.42761255 2.34214188
555 1.89409277 1.43624829 2.35193724
556 1.90330832 1.44488404 2.36173261
557 1.91252387 1.45351978 2.37152797
558 1.92173943 1.46215553 2.38132333
559 1.93095498 1.47079127 2.39111869
560 1.94017053 1.47942701 2.40091405
561 1.94938608 1.48806276 2.41070941
562 1.95860164 1.49669850 2.42050477
563 1.96781719 1.50533424 2.43030014
564 1.97703274 1.51396999 2.44009550
565 1.98624829 1.52260573 2.44989086
566 1.99546385 1.53124147 2.45968622
567 2.00467940 1.53987722 2.46948158
568 2.01389495 1.54851296 2.47927694
569 2.02311050 1.55714870 2.48907231
570 2.03232606 1.56578445 2.49886767
571 2.04154161 1.57442019 2.50866303
572 2.05075716 1.58305593 2.51845839
573 2.05997271 1.59169168 2.52825375
574 2.06918827 1.60032742 2.53804911
575 2.07840382 1.60896317 2.54784447
576 2.08761937 1.61759891 2.55763984
577 2.09683493 1.62623465 2.56743520
578 2.10605048 1.63487040 2.57723056
579 2.11526603 1.64350614 2.58702592
580 2.12448158 1.65214188 2.59682128
581 2.13369714 1.66077763 2.60661664
582 2.14291269 1.66941337 2.61641201
583 2.15212824 1.67804911 2.62620737
584 2.16134379 1.68668486 2.63600273
585 2.17055935 1.69532060 2.64579809
586 2.17977490 1.70395634 2.65559345
587 2.18899045 1.71259209 2.66538881
588 2.19820600 1.72122783 2.67518417
589 2.20742156 1.72986357 2.68497954
590 2.21663711 1.73849932 2.69477490
591 2.22585266 1.74713506 2.70457026
592 2.23506821 1.75577080 2.71436562
593 2.24428377 1.76440655 2.72416098
594 2.25349932 1.77304229 2.73395634
595 2.26271487 1.78167804 2.74375171
596 2.27193042 1.79031378 2.75354707
597 2.28114598 1.79894952 2.76334243
598 2.29036153 1.80758527 2.77313779
599 2.29957708 1.81622101 2.78293315
600 2.30879263 1.82485675 2.79272851
601 2.31800819 1.83349250 2.80252387
602 2.32722374 1.84212824 2.81231924
603 2.33643929 1.85076398 2.82211460
604 2.34565484 1.85939973 2.83190996
605 2.35487040 1.86803547 2.84170532
606 2.36408595 1.87667121 2.85150068
607 2.37330150 1.88530696 2.86129604
608 2.38251705 1.89394270 2.87109141
609 2.39173261 1.90257844 2.88088677
610 2.40094816 1.91121419 2.89068213
611 2.41016371 1.91984993 2.90047749
612 2.41937926 1.92848568 2.91027285
613 2.42859482 1.93712142 2.92006821
614 2.43781037 1.94575716 2.92986357
615 2.44702592 1.95439291 2.93965894
616 2.45624147 1.96302865 2.94945430
617 2.46545703 1.97166439 2.95924966
618 2.47467258 1.98030014 2.96904502
619 2.48388813 1.98893588 2.97884038
620 2.49310368 1.99757162 2.98863574
621 2.50231924 2.00620737 2.99843111
622 2.51153479 2.01484311 3.00822647
623 2.52075034 2.02347885 3.01802183
624 2.52996589 2.03211460 3.02781719
625 2.53918145 2.04075034 3.03761255
626 2.54839700 2.04938608 3.04740791
627 2.55761255 2.05802183 3.05720327
628 2.56682810 2.06665757 3.06699864
629 2.57604366 2.07529332 3.07679400
630 2.58525921 2.08392906 3.08658936
631 2.59447476 2.09256480 3.09638472
632 2.60369031 2.10120055 3.10618008
633 2.61290587 2.10983629 3.11597544
634 2.62212142 2.11847203 3.12577080
635 2.63133697 2.12710778 3.13556617
636 2.64055252 2.13574352 3.14536153
637 2.64976808 2.14437926 3.15515689
638 2.65898363 2.15301501 3.16495225
639 2.66819918 2.16165075 3.17474761
640 2.67741473 2.17028649 3.18454297
641 2.68663029 2.17892224 3.19433834
642 2.69584584 2.18755798 3.20413370
643 2.70506139 2.19619372 3.21392906
644 2.71427694 2.20482947 3.22372442
645 2.72349250 2.21346521 3.23351978
646 2.73270805 2.22210096 3.24331514
647 2.74192360 2.23073670 3.25311050
648 2.75113915 2.23937244 3.26290587
649 2.76035471 2.24800819 3.27270123
650 2.76957026 2.25664393 3.28249659
651 2.77878581 2.26527967 3.29229195
652 2.78800136 2.27391542 3.30208731
653 2.79721692 2.28255116 3.31188267
654 2.80643247 2.29118690 3.32167804
655 2.81564802 2.29982265 3.33147340
656 2.82486357 2.30845839 3.34126876
657 2.83407913 2.31709413 3.35106412
658 2.84329468 2.32572988 3.36085948
659 2.85251023 2.33436562 3.37065484
660 2.86172578 2.34300136 3.38045020
661 2.87094134 2.35163711 3.39024557
662 2.88015689 2.36027285 3.40004093
663 2.88937244 2.36890859 3.40983629
664 2.89858799 2.37754434 3.41963165
665 2.90780355 2.38618008 3.42942701
666 2.91701910 2.39481583 3.43922237
667 2.92623465 2.40345157 3.44901774
668 2.93545020 2.41208731 3.45881310
669 2.94466576 2.42072306 3.46860846
670 2.95388131 2.42935880 3.47840382
671 2.96309686 2.43799454 3.48819918
672 2.97231241 2.44663029 3.49799454
673 2.98152797 2.45526603 3.50778990
674 2.99074352 2.46390177 3.51758527
675 2.99995907 2.47253752 3.52738063
676 3.00917462 2.48117326 3.53717599
677 3.01839018 2.48980900 3.54697135
678 3.02760573 2.49844475 3.55676671
679 3.03682128 2.50708049 3.56656207
680 3.04603683 2.51571623 3.57635744
681 3.05525239 2.52435198 3.58615280
682 3.06446794 2.53298772 3.59594816
683 3.07368349 2.54162347 3.60574352
684 3.08289905 2.55025921 3.61553888
685 3.09211460 2.55889495 3.62533424
686 3.10133015 2.56753070 3.63512960
687 3.11054570 2.57616644 3.64492497
688 3.11976126 2.58480218 3.65472033
689 3.12897681 2.59343793 3.66451569
690 3.13819236 2.60207367 3.67431105
691 3.14740791 2.61070941 3.68410641
692 3.15662347 2.61934516 3.69390177
693 3.16583902 2.62798090 3.70369714
694 3.17505457 2.63661664 3.71349250
695 3.18427012 2.64525239 3.72328786
696 3.19348568 2.65388813 3.73308322
697 3.20270123 2.66252387 3.74287858
698 3.21191678 2.67115962 3.75267394
699 3.22113233 2.67979536 3.76246930
700 3.23034789 2.68843111 3.77226467
701 3.23956344 2.69706685 3.78206003
702 3.24877899 2.70570259 3.79185539
703 3.25799454 2.71433834 3.80165075
704 3.26721010 2.72297408 3.81144611
705 3.27642565 2.73160982 3.82124147
706 3.28564120 2.74024557 3.83103683
707 3.29485675 2.74888131 3.84083220
708 3.30407231 2.75751705 3.85062756
709 3.31328786 2.76615280 3.86042292
710 3.32250341 2.77478854 3.87021828
711 3.33171896 2.78342428 3.88001364
712 3.34093452 2.79206003 3.88980900
713 3.35015007 2.80069577 3.89960437
714 3.35936562 2.80933151 3.90939973
715 3.36858117 2.81796726 3.91919509
716 3.37779673 2.82660300 3.92899045
717 3.38701228 2.83523874 3.93878581
718 3.39622783 2.84387449 3.94858117
719 3.40544338 2.85251023 3.95837653
720 3.41465894 2.86114598 3.96817190
721 3.42387449 2.86978172 3.97796726
722 3.43309004 2.87841746 3.98776262
723 3.44230559 2.88705321 3.99755798
724 3.45152115 2.89568895 4.00735334
725 3.46073670 2.90432469 4.01714870
726 3.46995225 2.91296044 4.02694407
727 3.47916780 2.92159618 4.03673943
728 3.48838336 2.93023192 4.04653479
729 3.49759891 2.93886767 4.05633015
730 3.50681446 2.94750341 4.06612551
731 3.51603001 2.95613915 4.07592087
732 3.52524557 2.96477490 4.08571623
733 3.53446112 2.97341064 4.09551160
734 3.54367667 2.98204638 4.10530696
735 3.55289222 2.99068213 4.11510232
736 3.56210778 2.99931787 4.12489768
737 3.57132333 3.00795362 4.13469304
738 3.58053888 3.01658936 4.14448840
739 3.58975443 3.02522510 4.15428377
740 3.59896999 3.03386085 4.16407913
741 3.60818554 3.04249659 4.17387449
742 3.61740109 3.05113233 4.18366985
743 3.62661664 3.05976808 4.19346521
744 3.63583220 3.06840382 4.20326057
745 3.64504775 3.07703956 4.21305593
746 3.65426330 3.08567531 4.22285130
747 3.66347885 3.09431105 4.23264666
748 3.67269441 3.10294679 4.24244202
749 3.68190996 3.11158254 4.25223738
750 3.69112551 3.12021828 4.26203274
751 3.70034106 3.12885402 4.27182810
752 3.70955662 3.13748977 4.28162347
753 3.71877217 3.14612551 4.29141883
754 3.72798772 3.15476126 4.30121419
755 3.73720327 3.16339700 4.31100955
756 3.74641883 3.17203274 4.32080491
757 3.75563438 3.18066849 4.33060027
758 3.76484993 3.18930423 4.34039563
759 3.77406548 3.19793997 4.35019100
760 3.78328104 3.20657572 4.35998636
761 3.79249659 3.21521146 4.36978172
762 3.80171214 3.22384720 4.37957708
763 3.81092769 3.23248295 4.38937244
764 3.82014325 3.24111869 4.39916780
765 3.82935880 3.24975443 4.40896317
766 3.83857435 3.25839018 4.41875853
767 3.84778990 3.26702592 4.42855389
768 3.85700546 3.27566166 4.43834925
769 3.86622101 3.28429741 4.44814461
770 3.87543656 3.29293315 4.45793997
771 3.88465211 3.30156890 4.46773533
772 3.89386767 3.31020464 4.47753070
773 3.90308322 3.31884038 4.48732606
774 3.91229877 3.32747613 4.49712142
775 3.92151432 3.33611187 4.50691678
776 3.93072988 3.34474761 4.51671214
777 3.93994543 3.35338336 4.52650750
778 3.94916098 3.36201910 4.53630286
779 3.95837653 3.37065484 4.54609823
780 3.96759209 3.37929059 4.55589359
781 3.97680764 3.38792633 4.56568895
782 3.98602319 3.39656207 4.57548431
783 3.99523874 3.40519782 4.58527967
784 4.00445430 3.41383356 4.59507503
785 4.01366985 3.42246930 4.60487040
786 4.02288540 3.43110505 4.61466576
787 4.03210096 3.43974079 4.62446112
788 4.04131651 3.44837653 4.63425648
789 4.05053206 3.45701228 4.64405184
790 4.05974761 3.46564802 4.65384720
791 4.06896317 3.47428377 4.66364256
792 4.07817872 3.48291951 4.67343793
793 4.08739427 3.49155525 4.68323329
794 4.09660982 3.50019100 4.69302865
795 4.10582538 3.50882674 4.70282401
796 4.11504093 3.51746248 4.71261937
797 4.12425648 3.52609823 4.72241473
798 4.13347203 3.53473397 4.73221010
799 4.14268759 3.54336971 4.74200546
800 4.15190314 3.55200546 4.75180082
801 4.16111869 3.56064120 4.76159618
802 4.17033424 3.56927694 4.77139154
803 4.17954980 3.57791269 4.78118690
804 4.18876535 3.58654843 4.79098226
805 4.19798090 3.59518417 4.80077763
806 4.20719645 3.60381992 4.81057299
807 4.21641201 3.61245566 4.82036835
808 4.22562756 3.62109141 4.83016371
809 4.23484311 3.62972715 4.83995907
810 4.24405866 3.63836289 4.84975443
811 4.25327422 3.64699864 4.85954980
812 4.26248977 3.65563438 4.86934516
813 4.27170532 3.66427012 4.87914052
814 4.28092087 3.67290587 4.88893588
815 4.29013643 3.68154161 4.89873124
816 4.29935198 3.69017735 4.90852660
817 4.30856753 3.69881310 4.91832196
818 4.31778308 3.70744884 4.92811733
819 4.32699864 3.71608458 4.93791269
820 4.33621419 3.72472033 4.94770805
821 4.34542974 3.73335607 4.95750341
822 4.35464529 3.74199181 4.96729877
823 4.36386085 3.75062756 4.97709413
824 4.37307640 3.75926330 4.98688950
825 4.38229195 3.76789905 4.99668486
826 4.39150750 3.77653479 5.00648022
827 4.40072306 3.78517053 5.01627558
828 4.40993861 3.79380628 5.02607094
829 4.41915416 3.80244202 5.03586630
830 4.42836971 3.81107776 5.04566166
831 4.43758527 3.81971351 5.05545703
832 4.44680082 3.82834925 5.06525239
833 4.45601637 3.83698499 5.07504775
834 4.46523192 3.84562074 5.08484311
835 4.47444748 3.85425648 5.09463847
836 4.48366303 3.86289222 5.10443383
837 4.49287858 3.87152797 5.11422920
838 4.50209413 3.88016371 5.12402456
839 4.51130969 3.88879945 5.13381992
840 4.52052524 3.89743520 5.14361528
841 4.52974079 3.90607094 5.15341064
842 4.53895634 3.91470668 5.16320600
843 4.54817190 3.92334243 5.17300136
844 4.55738745 3.93197817 5.18279673
845 4.56660300 3.94061392 5.19259209
846 4.57581855 3.94924966 5.20238745
847 4.58503411 3.95788540 5.21218281
848 4.59424966 3.96652115 5.22197817
849 4.60346521 3.97515689 5.23177353
850 4.61268076 3.98379263 5.24156890
851 4.62189632 3.99242838 5.25136426
852 4.63111187 4.00106412 5.26115962
853 4.64032742 4.00969986 5.27095498
854 4.64954297 4.01833561 5.28075034
855 4.65875853 4.02697135 5.29054570
856 4.66797408 4.03560709 5.30034106
857 4.67718963 4.04424284 5.31013643
858 4.68640518 4.05287858 5.31993179
859 4.69562074 4.06151432 5.32972715
860 4.70483629 4.07015007 5.33952251
861 4.71405184 4.07878581 5.34931787
862 4.72326739 4.08742156 5.35911323
863 4.73248295 4.09605730 5.36890859
864 4.74169850 4.10469304 5.37870396
865 4.75091405 4.11332879 5.38849932
866 4.76012960 4.12196453 5.39829468
867 4.76934516 4.13060027 5.40809004
868 4.77856071 4.13923602 5.41788540
869 4.78777626 4.14787176 5.42768076
870 4.79699181 4.15650750 5.43747613
871 4.80620737 4.16514325 5.44727149
872 4.81542292 4.17377899 5.45706685
873 4.82463847 4.18241473 5.46686221
874 4.83385402 4.19105048 5.47665757
875 4.84306958 4.19968622 5.48645293
876 4.85228513 4.20832196 5.49624829
877 4.86150068 4.21695771 5.50604366
878 4.87071623 4.22559345 5.51583902
879 4.87993179 4.23422920 5.52563438
880 4.88914734 4.24286494 5.53542974
881 4.89836289 4.25150068 5.54522510
882 4.90757844 4.26013643 5.55502046
883 4.91679400 4.26877217 5.56481583
884 4.92600955 4.27740791 5.57461119
885 4.93522510 4.28604366 5.58440655
886 4.94444065 4.29467940 5.59420191
887 4.95365621 4.30331514 5.60399727
888 4.96287176 4.31195089 5.61379263
889 4.97208731 4.32058663 5.62358799
890 4.98130286 4.32922237 5.63338336
891 4.99051842 4.33785812 5.64317872
892 4.99973397 4.34649386 5.65297408
893 5.00894952 4.35512960 5.66276944
894 5.01816508 4.36376535 5.67256480
895 5.02738063 4.37240109 5.68236016
896 5.03659618 4.38103683 5.69215553
897 5.04581173 4.38967258 5.70195089
898 5.05502729 4.39830832 5.71174625
899 5.06424284 4.40694407 5.72154161
900 5.07345839 4.41557981 5.73133697
901 5.08267394 4.42421555 5.74113233
902 5.09188950 4.43285130 5.75092769
903 5.10110505 4.44148704 5.76072306
904 5.11032060 4.45012278 5.77051842
905 5.11953615 4.45875853 5.78031378
906 5.12875171 4.46739427 5.79010914
907 5.13796726 4.47603001 5.79990450
908 5.14718281 4.48466576 5.80969986
909 5.15639836 4.49330150 5.81949523
910 5.16561392 4.50193724 5.82929059
911 5.17482947 4.51057299 5.83908595
912 5.18404502 4.51920873 5.84888131
913 5.19326057 4.52784447 5.85867667
914 5.20247613 4.53648022 5.86847203
915 5.21169168 4.54511596 5.87826739
916 5.22090723 4.55375171 5.88806276
917 5.23012278 4.56238745 5.89785812
918 5.23933834 4.57102319 5.90765348
919 5.24855389 4.57965894 5.91744884
920 5.25776944 4.58829468 5.92724420
921 5.26698499 4.59693042 5.93703956
922 5.27620055 4.60556617 5.94683493
923 5.28541610 4.61420191 5.95663029
924 5.29463165 4.62283765 5.96642565
925 5.30384720 4.63147340 5.97622101
926 5.31306276 4.64010914 5.98601637
927 5.32227831 4.64874488 5.99581173
928 5.33149386 4.65738063 6.00560709
929 5.34070941 4.66601637 6.01540246
930 5.34992497 4.67465211 6.02519782
931 5.35914052 4.68328786 6.03499318
932 5.36835607 4.69192360 6.04478854
933 5.37757162 4.70055935 6.05458390
934 5.38678718 4.70919509 6.06437926
935 5.39600273 4.71783083 6.07417462
936 5.40521828 4.72646658 6.08396999
937 5.41443383 4.73510232 6.09376535
938 5.42364939 4.74373806 6.10356071
939 5.43286494 4.75237381 6.11335607
940 5.44208049 4.76100955 6.12315143
941 5.45129604 4.76964529 6.13294679
942 5.46051160 4.77828104 6.14274216
943 5.46972715 4.78691678 6.15253752
944 5.47894270 4.79555252 6.16233288
945 5.48815825 4.80418827 6.17212824
946 5.49737381 4.81282401 6.18192360
947 5.50658936 4.82145975 6.19171896
948 5.51580491 4.83009550 6.20151432
949 5.52502046 4.83873124 6.21130969
950 5.53423602 4.84736699 6.22110505
951 5.54345157 4.85600273 6.23090041
952 5.55266712 4.86463847 6.24069577
953 5.56188267 4.87327422 6.25049113
954 5.57109823 4.88190996 6.26028649
955 5.58031378 4.89054570 6.27008186
956 5.58952933 4.89918145 6.27987722
957 5.59874488 4.90781719 6.28967258
958 5.60796044 4.91645293 6.29946794
959 5.61717599 4.92508868 6.30926330
960 5.62639154 4.93372442 6.31905866
961 5.63560709 4.94236016 6.32885402
962 5.64482265 4.95099591 6.33864939
963 5.65403820 4.95963165 6.34844475
964 5.66325375 4.96826739 6.35824011
965 5.67246930 4.97690314 6.36803547
966 5.68168486 4.98553888 6.37783083
967 5.69090041 4.99417462 6.38762619
968 5.70011596 5.00281037 6.39742156
969 5.70933151 5.01144611 6.40721692
970 5.71854707 5.02008186 6.41701228
971 5.72776262 5.02871760 6.42680764
972 5.73697817 5.03735334 6.43660300
973 5.74619372 5.04598909 6.44639836
974 5.75540928 5.05462483 6.45619372
975 5.76462483 5.06326057 6.46598909
976 5.77384038 5.07189632 6.47578445
977 5.78305593 5.08053206 6.48557981
978 5.79227149 5.08916780 6.49537517
979 5.80148704 5.09780355 6.50517053
980 5.81070259 5.10643929 6.51496589
981 5.81991814 5.11507503 6.52476126
982 5.82913370 5.12371078 6.53455662
983 5.83834925 5.13234652 6.54435198
984 5.84756480 5.14098226 6.55414734
985 5.85678035 5.14961801 6.56394270
986 5.86599591 5.15825375 6.57373806
987 5.87521146 5.16688950 6.58353342
988 5.88442701 5.17552524 6.59332879
989 5.89364256 5.18416098 6.60312415
990 5.90285812 5.19279673 6.61291951
991 5.91207367 5.20143247 6.62271487
992 5.92128922 5.21006821 6.63251023
993 5.93050477 5.21870396 6.64230559
994 5.93972033 5.22733970 6.65210096
995 5.94893588 5.23597544 6.66189632
996 5.95815143 5.24461119 6.67169168
997 5.96736699 5.25324693 6.68148704
998 5.97658254 5.26188267 6.69128240
999 5.98579809 5.27051842 6.70107776
1000 5.99501364 5.27915416 6.71087312
1001 6.00422920 5.28778990 6.72066849
1002 6.01344475 5.29642565 6.73046385
1003 6.02266030 5.30506139 6.74025921
1004 6.03187585 5.31369714 6.75005457
1005 6.04109141 5.32233288 6.75984993
1006 6.05030696 5.33096862 6.76964529
1007 6.05952251 5.33960437 6.77944065
1008 6.06873806 5.34824011 6.78923602
1009 6.07795362 5.35687585 6.79903138
1010 6.08716917 5.36551160 6.80882674
1011 6.09638472 5.37414734 6.81862210
1012 6.10560027 5.38278308 6.82841746
1013 6.11481583 5.39141883 6.83821282
1014 6.12403138 5.40005457 6.84800819
1015 6.13324693 5.40869031 6.85780355
1016 6.14246248 5.41732606 6.86759891
1017 6.15167804 5.42596180 6.87739427
1018 6.16089359 5.43459754 6.88718963
1019 6.17010914 5.44323329 6.89698499
1020 6.17932469 5.45186903 6.90678035
1021 6.18854025 5.46050477 6.91657572
1022 6.19775580 5.46914052 6.92637108
1023 6.20697135 5.47777626 6.93616644
1024 6.21618690 5.48641201 6.94596180
1025 6.22540246 5.49504775 6.95575716
1026 6.23461801 5.50368349 6.96555252
1027 6.24383356 5.51231924 6.97534789
1028 6.25304911 5.52095498 6.98514325
1029 6.26226467 5.52959072 6.99493861
1030 6.27148022 5.53822647 7.00473397
1031 6.28069577 5.54686221 7.01452933
1032 6.28991132 5.55549795 7.02432469
1033 6.29912688 5.56413370 7.03412005
1034 6.30834243 5.57276944 7.04391542
1035 6.31755798 5.58140518 7.05371078
1036 6.32677353 5.59004093 7.06350614
1037 6.33598909 5.59867667 7.07330150
1038 6.34520464 5.60731241 7.08309686
1039 6.35442019 5.61594816 7.09289222
1040 6.36363574 5.62458390 7.10268759
1041 6.37285130 5.63321965 7.11248295
1042 6.38206685 5.64185539 7.12227831
1043 6.39128240 5.65049113 7.13207367
1044 6.40049795 5.65912688 7.14186903
1045 6.40971351 5.66776262 7.15166439
1046 6.41892906 5.67639836 7.16145975
1047 6.42814461 5.68503411 7.17125512
1048 6.43736016 5.69366985 7.18105048
1049 6.44657572 5.70230559 7.19084584
1050 6.45579127 5.71094134 7.20064120
1051 6.46500682 5.71957708 7.21043656
1052 6.47422237 5.72821282 7.22023192
1053 6.48343793 5.73684857 7.23002729
1054 6.49265348 5.74548431 7.23982265
1055 6.50186903 5.75412005 7.24961801
1056 6.51108458 5.76275580 7.25941337
1057 6.52030014 5.77139154 7.26920873
1058 6.52951569 5.78002729 7.27900409
1059 6.53873124 5.78866303 7.28879945
1060 6.54794679 5.79729877 7.29859482
1061 6.55716235 5.80593452 7.30839018
1062 6.56637790 5.81457026 7.31818554
1063 6.57559345 5.82320600 7.32798090
1064 6.58480900 5.83184175 7.33777626
1065 6.59402456 5.84047749 7.34757162
1066 6.60324011 5.84911323 7.35736699
1067 6.61245566 5.85774898 7.36716235
1068 6.62167121 5.86638472 7.37695771
1069 6.63088677 5.87502046 7.38675307
1070 6.64010232 5.88365621 7.39654843
1071 6.64931787 5.89229195 7.40634379
1072 6.65853342 5.90092769 7.41613915
1073 6.66774898 5.90956344 7.42593452
1074 6.67696453 5.91819918 7.43572988
1075 6.68618008 5.92683493 7.44552524
1076 6.69539563 5.93547067 7.45532060
1077 6.70461119 5.94410641 7.46511596
1078 6.71382674 5.95274216 7.47491132
1079 6.72304229 5.96137790 7.48470668
1080 6.73225784 5.97001364 7.49450205
1081 6.74147340 5.97864939 7.50429741
1082 6.75068895 5.98728513 7.51409277
1083 6.75990450 5.99592087 7.52388813
1084 6.76912005 6.00455662 7.53368349
1085 6.77833561 6.01319236 7.54347885
1086 6.78755116 6.02182810 7.55327422
1087 6.79676671 6.03046385 7.56306958
1088 6.80598226 6.03909959 7.57286494
1089 6.81519782 6.04773533 7.58266030
1090 6.82441337 6.05637108 7.59245566
1091 6.83362892 6.06500682 7.60225102
1092 6.84284447 6.07364256 7.61204638
1093 6.85206003 6.08227831 7.62184175
1094 6.86127558 6.09091405 7.63163711
1095 6.87049113 6.09954980 7.64143247
1096 6.87970668 6.10818554 7.65122783
1097 6.88892224 6.11682128 7.66102319
1098 6.89813779 6.12545703 7.67081855
1099 6.90735334 6.13409277 7.68061392
1100 6.91656890 6.14272851 7.69040928
1101 6.92578445 6.15136426 7.70020464
1102 6.93500000 6.16000000 7.71000000
1103 6.94484890 6.16984890 7.71984890
1104 6.95469780 6.17969780 7.72969780
1105 6.96454670 6.18954670 7.73954670
1106 6.97439560 6.19939560 7.74939560
1107 6.98424451 6.20924451 7.75924451
1108 6.99409341 6.21909341 7.76909341
1109 7.00394231 6.22894231 7.77894231
1110 7.01379121 6.23879121 7.78879121
1111 7.02364011 6.24864011 7.79864011
1112 7.03348901 6.25848901 7.80848901
1113 7.04333791 6.26833791 7.81833791
1114 7.05318681 6.27818681 7.82818681
1115 7.06303571 6.28803571 7.83803571
1116 7.07288462 6.29788462 7.84788462
1117 7.08273352 6.30773352 7.85773352
1118 7.09258242 6.31758242 7.86758242
1119 7.10243132 6.32743132 7.87743132
1120 7.11228022 6.33728022 7.88728022
1121 7.12212912 6.34712912 7.89712912
1122 7.13197802 6.35697802 7.90697802
1123 7.14182692 6.36682692 7.91682692
1124 7.15167582 6.37667582 7.92667582
1125 7.16152473 6.38652473 7.93652473
1126 7.17137363 6.39637363 7.94637363
1127 7.18122253 6.40622253 7.95622253
1128 7.19107143 6.41607143 7.96607143
1129 7.20092033 6.42592033 7.97592033
1130 7.21076923 6.43576923 7.98576923
1131 7.22061813 6.44561813 7.99561813
1132 7.23046703 6.45546703 8.00546703
1133 7.24031593 6.46531593 8.01531593
1134 7.25016484 6.47516484 8.02516484
1135 7.26001374 6.48501374 8.03501374
1136 7.26986264 6.49486264 8.04486264
1137 7.27971154 6.50471154 8.05471154
1138 7.28956044 6.51456044 8.06456044
1139 7.29940934 6.52440934 8.07440934
1140 7.30925824 6.53425824 8.08425824
1141 7.31910714 6.54410714 8.09410714
1142 7.32895604 6.55395604 8.10395604
1143 7.33880495 6.56380495 8.11380495
1144 7.34865385 6.57365385 8.12365385
1145 7.35850275 6.58350275 8.13350275
1146 7.36835165 6.59335165 8.14335165
1147 7.37820055 6.60320055 8.15320055
1148 7.38804945 6.61304945 8.16304945
1149 7.39789835 6.62289835 8.17289835
1150 7.40774725 6.63274725 8.18274725
1151 7.41759615 6.64259615 8.19259615
1152 7.42744505 6.65244505 8.20244505
1153 7.43729396 6.66229396 8.21229396
1154 7.44714286 6.67214286 8.22214286
1155 7.45699176 6.68199176 8.23199176
1156 7.46684066 6.69184066 8.24184066
1157 7.47668956 6.70168956 8.25168956
1158 7.48653846 6.71153846 8.26153846
1159 7.49638736 6.72138736 8.27138736
1160 7.50623626 6.73123626 8.28123626
1161 7.51608516 6.74108516 8.29108516
1162 7.52593407 6.75093407 8.30093407
1163 7.53578297 6.76078297 8.31078297
1164 7.54563187 6.77063187 8.32063187
1165 7.55548077 6.78048077 8.33048077
1166 7.56532967 6.79032967 8.34032967
1167 7.57517857 6.80017857 8.35017857
1168 7.58502747 6.81002747 8.36002747
1169 7.59487637 6.81987637 8.36987637
1170 7.60472527 6.82972527 8.37972527
1171 7.61457418 6.83957418 8.38957418
1172 7.62442308 6.84942308 8.39942308
1173 7.63427198 6.85927198 8.40927198
1174 7.64412088 6.86912088 8.41912088
1175 7.65396978 6.87896978 8.42896978
1176 7.66381868 6.88881868 8.43881868
1177 7.67366758 6.89866758 8.44866758
1178 7.68351648 6.90851648 8.45851648
1179 7.69336538 6.91836538 8.46836538
1180 7.70321429 6.92821429 8.47821429
1181 7.71306319 6.93806319 8.48806319
1182 7.72291209 6.94791209 8.49791209
1183 7.73276099 6.95776099 8.50776099
1184 7.74260989 6.96760989 8.51760989
1185 7.75245879 6.97745879 8.52745879
1186 7.76230769 6.98730769 8.53730769
1187 7.77215659 6.99715659 8.54715659
1188 7.78200549 7.00700549 8.55700549
1189 7.79185440 7.01685440 8.56685440
1190 7.80170330 7.02670330 8.57670330
1191 7.81155220 7.03655220 8.58655220
1192 7.82140110 7.04640110 8.59640110
1193 7.83125000 7.05625000 8.60625000
1194 7.84109890 7.06609890 8.61609890
1195 7.85094780 7.07594780 8.62594780
1196 7.86079670 7.08579670 8.63579670
1197 7.87064560 7.09564560 8.64564560
1198 7.88049451 7.10549451 8.65549451
1199 7.89034341 7.11534341 8.66534341
1200 7.90019231 7.12519231 8.67519231
1201 7.91004121 7.13504121 8.68504121
1202 7.91989011 7.14489011 8.69489011
1203 7.92973901 7.15473901 8.70473901
1204 7.93958791 7.16458791 8.71458791
1205 7.94943681 7.17443681 8.72443681
1206 7.95928571 7.18428571 8.73428571
1207 7.96913462 7.19413462 8.74413462
1208 7.97898352 7.20398352 8.75398352
1209 7.98883242 7.21383242 8.76383242
1210 7.99868132 7.22368132 8.77368132
1211 8.00853022 7.23353022 8.78353022
1212 8.01837912 7.24337912 8.79337912
1213 8.02822802 7.25322802 8.80322802
1214 8.03807692 7.26307692 8.81307692
1215 8.04792582 7.27292582 8.82292582
1216 8.05777473 7.28277473 8.83277473
1217 8.06762363 7.29262363 8.84262363
1218 8.07747253 7.30247253 8.85247253
1219 8.08732143 7.31232143 8.86232143
1220 8.09717033 7.32217033 8.87217033
1221 8.10701923 7.33201923 8.88201923
1222 8.11686813 7.34186813 8.89186813
1223 8.12671703 7.35171703 8.90171703
1224 8.13656593 7.36156593 8.91156593
1225 8.14641484 7.37141484 8.92141484
1226 8.15626374 7.38126374 8.93126374
1227 8.16611264 7.39111264 8.94111264
1228 8.17596154 7.40096154 8.95096154
1229 8.18581044 7.41081044 8.96081044
1230 8.19565934 7.42065934 8.97065934
1231 8.20550824 7.43050824 8.98050824
1232 8.21535714 7.44035714 8.99035714
1233 8.22520604 7.45020604 9.00020604
1234 8.23505495 7.46005495 9.01005495
1235 8.24490385 7.46990385 9.01990385
1236 8.25475275 7.47975275 9.02975275
1237 8.26460165 7.48960165 9.03960165
1238 8.27445055 7.49945055 9.04945055
1239 8.28429945 7.50929945 9.05929945
1240 8.29414835 7.51914835 9.06914835
1241 8.30399725 7.52899725 9.07899725
1242 8.31384615 7.53884615 9.08884615
1243 8.32369505 7.54869505 9.09869505
1244 8.33354396 7.55854396 9.10854396
1245 8.34339286 7.56839286 9.11839286
1246 8.35324176 7.57824176 9.12824176
1247 8.36309066 7.58809066 9.13809066
1248 8.37293956 7.59793956 9.14793956
1249 8.38278846 7.60778846 9.15778846
1250 8.39263736 7.61763736 9.16763736
1251 8.40248626 7.62748626 9.17748626
1252 8.41233516 7.63733516 9.18733516
1253 8.42218407 7.64718407 9.19718407
1254 8.43203297 7.65703297 9.20703297
1255 8.44188187 7.66688187 9.21688187
1256 8.45173077 7.67673077 9.22673077
1257 8.46157967 7.68657967 9.23657967
1258 8.47142857 7.69642857 9.24642857
1259 8.48127747 7.70627747 9.25627747
1260 8.49112637 7.71612637 9.26612637
1261 8.50097527 7.72597527 9.27597527
1262 8.51082418 7.73582418 9.28582418
1263 8.52067308 7.74567308 9.29567308
1264 8.53052198 7.75552198 9.30552198
1265 8.54037088 7.76537088 9.31537088
1266 8.55021978 7.77521978 9.32521978
1267 8.56006868 7.78506868 9.33506868
1268 8.56991758 7.79491758 9.34491758
1269 8.57976648 7.80476648 9.35476648
1270 8.58961538 7.81461538 9.36461538
1271 8.59946429 7.82446429 9.37446429
1272 8.60931319 7.83431319 9.38431319
1273 8.61916209 7.84416209 9.39416209
1274 8.62901099 7.85401099 9.40401099
1275 8.63885989 7.86385989 9.41385989
1276 8.64870879 7.87370879 9.42370879
1277 8.65855769 7.88355769 9.43355769
1278 8.66840659 7.89340659 9.44340659
1279 8.67825549 7.90325549 9.45325549
1280 8.68810440 7.91310440 9.46310440
1281 8.69795330 7.92295330 9.47295330
1282 8.70780220 7.93280220 9.48280220
1283 8.71765110 7.94265110 9.49265110
1284 8.72750000 7.95250000 9.50250000
1285 8.73734890 7.96234890 9.51234890
1286 8.74719780 7.97219780 9.52219780
1287 8.75704670 7.98204670 9.53204670
1288 8.76689560 7.99189560 9.54189560
1289 8.77674451 8.00174451 9.55174451
1290 8.78659341 8.01159341 9.56159341
1291 8.79644231 8.02144231 9.57144231
1292 8.80629121 8.03129121 9.58129121
1293 8.81614011 8.04114011 9.59114011
1294 8.82598901 8.05098901 9.60098901
1295 8.83583791 8.06083791 9.61083791
1296 8.84568681 8.07068681 9.62068681
1297 8.85553571 8.08053571 9.63053571
1298 8.86538462 8.09038462 9.64038462
1299 8.87523352 8.10023352 9.65023352
1300 8.88508242 8.11008242 9.66008242
1301 8.89493132 8.11993132 9.66993132
1302 8.90478022 8.12978022 9.67978022
1303 8.91462912 8.13962912 9.68962912
1304 8.92447802 8.14947802 9.69947802
1305 8.93432692 8.15932692 9.70932692
1306 8.94417582 8.16917582 9.71917582
1307 8.95402473 8.17902473 9.72902473
1308 8.96387363 8.18887363 9.73887363
1309 8.97372253 8.19872253 9.74872253
1310 8.98357143 8.20857143 9.75857143
1311 8.99342033 8.21842033 9.76842033
1312 9.00326923 8.22826923 9.77826923
1313 9.01311813 8.23811813 9.78811813
1314 9.02296703 8.24796703 9.79796703
1315 9.03281593 8.25781593 9.80781593
1316 9.04266484 8.26766484 9.81766484
1317 9.05251374 8.27751374 9.82751374
1318 9.06236264 8.28736264 9.83736264
1319 9.07221154 8.29721154 9.84721154
1320 9.08206044 8.30706044 9.85706044
1321 9.09190934 8.31690934 9.86690934
1322 9.10175824 8.32675824 9.87675824
1323 9.11160714 8.33660714 9.88660714
1324 9.12145604 8.34645604 9.89645604
1325 9.13130495 8.35630495 9.90630495
1326 9.14115385 8.36615385 9.91615385
1327 9.15100275 8.37600275 9.92600275
1328 9.16085165 8.38585165 9.93585165
1329 9.17070055 8.39570055 9.94570055
1330 9.18054945 8.40554945 9.95554945
1331 9.19039835 8.41539835 9.96539835
1332 9.20024725 8.42524725 9.97524725
1333 9.21009615 8.43509615 9.98509615
1334 9.21994505 8.44494505 9.99494505
1335 9.22979396 8.45479396 10.00479396
1336 9.23964286 8.46464286 10.01464286
1337 9.24949176 8.47449176 10.02449176
1338 9.25934066 8.48434066 10.03434066
1339 9.26918956 8.49418956 10.04418956
1340 9.27903846 8.50403846 10.05403846
1341 9.28888736 8.51388736 10.06388736
1342 9.29873626 8.52373626 10.07373626
1343 9.30858516 8.53358516 10.08358516
1344 9.31843407 8.54343407 10.09343407
1345 9.32828297 8.55328297 10.10328297
1346 9.33813187 8.56313187 10.11313187
1347 9.34798077 8.57298077 10.12298077
1348 9.35782967 8.58282967 10.13282967
1349 9.36767857 8.59267857 10.14267857
1350 9.37752747 8.60252747 10.15252747
1351 9.38737637 8.61237637 10.16237637
1352 9.39722527 8.62222527 10.17222527
1353 9.40707418 8.63207418 10.18207418
1354 9.41692308 8.64192308 10.19192308
1355 9.42677198 8.65177198 10.20177198
1356 9.43662088 8.66162088 10.21162088
1357 9.44646978 8.67146978 10.22146978
1358 9.45631868 8.68131868 10.23131868
1359 9.46616758 8.69116758 10.24116758
1360 9.47601648 8.70101648 10.25101648
1361 9.48586538 8.71086538 10.26086538
1362 9.49571429 8.72071429 10.27071429
1363 9.50556319 8.73056319 10.28056319
1364 9.51541209 8.74041209 10.29041209
1365 9.52526099 8.75026099 10.30026099
1366 9.53510989 8.76010989 10.31010989
1367 9.54495879 8.76995879 10.31995879
1368 9.55480769 8.77980769 10.32980769
1369 9.56465659 8.78965659 10.33965659
1370 9.57450549 8.79950549 10.34950549
1371 9.58435440 8.80935440 10.35935440
1372 9.59420330 8.81920330 10.36920330
1373 9.60405220 8.82905220 10.37905220
1374 9.61390110 8.83890110 10.38890110
1375 9.62375000 8.84875000 10.39875000
1376 9.63359890 8.85859890 10.40859890
1377 9.64344780 8.86844780 10.41844780
1378 9.65329670 8.87829670 10.42829670
1379 9.66314560 8.88814560 10.43814560
1380 9.67299451 8.89799451 10.44799451
1381 9.68284341 8.90784341 10.45784341
1382 9.69269231 8.91769231 10.46769231
1383 9.70254121 8.92754121 10.47754121
1384 9.71239011 8.93739011 10.48739011
1385 9.72223901 8.94723901 10.49723901
1386 9.73208791 8.95708791 10.50708791
1387 9.74193681 8.96693681 10.51693681
1388 9.75178571 8.97678571 10.52678571
1389 9.76163462 8.98663462 10.53663462
1390 9.77148352 8.99648352 10.54648352
1391 9.78133242 9.00633242 10.55633242
1392 9.79118132 9.01618132 10.56618132
1393 9.80103022 9.02603022 10.57603022
1394 9.81087912 9.03587912 10.58587912
1395 9.82072802 9.04572802 10.59572802
1396 9.83057692 9.05557692 10.60557692
1397 9.84042582 9.06542582 10.61542582
1398 9.85027473 9.07527473 10.62527473
1399 9.86012363 9.08512363 10.63512363
1400 9.86997253 9.09497253 10.64497253
1401 9.87982143 9.10482143 10.65482143
1402 9.88967033 9.11467033 10.66467033
1403 9.89951923 9.12451923 10.67451923
1404 9.90936813 9.13436813 10.68436813
1405 9.91921703 9.14421703 10.69421703
1406 9.92906593 9.15406593 10.70406593
1407 9.93891484 9.16391484 10.71391484
1408 9.94876374 9.17376374 10.72376374
1409 9.95861264 9.18361264 10.73361264
1410 9.96846154 9.19346154 10.74346154
1411 9.97831044 9.20331044 10.75331044
1412 9.98815934 9.21315934 10.76315934
1413 9.99800824 9.22300824 10.77300824
1414 10.00785714 9.23285714 10.78285714
1415 10.01770604 9.24270604 10.79270604
1416 10.02755495 9.25255495 10.80255495
1417 10.03740385 9.26240385 10.81240385
1418 10.04725275 9.27225275 10.82225275
1419 10.05710165 9.28210165 10.83210165
1420 10.06695055 9.29195055 10.84195055
1421 10.07679945 9.30179945 10.85179945
1422 10.08664835 9.31164835 10.86164835
1423 10.09649725 9.32149725 10.87149725
1424 10.10634615 9.33134615 10.88134615
1425 10.11619505 9.34119505 10.89119505
1426 10.12604396 9.35104396 10.90104396
1427 10.13589286 9.36089286 10.91089286
1428 10.14574176 9.37074176 10.92074176
1429 10.15559066 9.38059066 10.93059066
1430 10.16543956 9.39043956 10.94043956
1431 10.17528846 9.40028846 10.95028846
1432 10.18513736 9.41013736 10.96013736
1433 10.19498626 9.41998626 10.96998626
1434 10.20483516 9.42983516 10.97983516
1435 10.21468407 9.43968407 10.98968407
1436 10.22453297 9.44953297 10.99953297
1437 10.23438187 9.45938187 11.00938187
1438 10.24423077 9.46923077 11.01923077
1439 10.25407967 9.47907967 11.02907967
1440 10.26392857 9.48892857 11.03892857
1441 10.27377747 9.49877747 11.04877747
1442 10.28362637 9.50862637 11.05862637
1443 10.29347527 9.51847527 11.06847527
1444 10.30332418 9.52832418 11.07832418
1445 10.31317308 9.53817308 11.08817308
1446 10.32302198 9.54802198 11.09802198
1447 10.33287088 9.55787088 11.10787088
1448 10.34271978 9.56771978 11.11771978
1449 10.35256868 9.57756868 11.12756868
1450 10.36241758 9.58741758 11.13741758
1451 10.37226648 9.59726648 11.14726648
1452 10.38211538 9.60711538 11.15711538
1453 10.39196429 9.61696429 11.16696429
1454 10.40181319 9.62681319 11.17681319
1455 10.41166209 9.63666209 11.18666209
1456 10.42151099 9.64651099 11.19651099
1457 10.43135989 9.65635989 11.20635989
1458 10.44120879 9.66620879 11.21620879
1459 10.45105769 9.67605769 11.22605769
1460 10.46090659 9.68590659 11.23590659
1461 10.47075549 9.69575549 11.24575549
1462 10.48060440 9.70560440 11.25560440
1463 10.49045330 9.71545330 11.26545330
1464 10.50030220 9.72530220 11.27530220
1465 10.51015110 9.73515110 11.28515110
1466 10.52000000 9.74500000 11.29500000
1467 10.52984890 9.75484890 11.30484890
1468 10.53969780 9.76469780 11.31469780
1469 10.54954670 9.77454670 11.32454670
1470 10.55939560 9.78439560 11.33439560
1471 10.56924451 9.79424451 11.34424451
1472 10.57909341 9.80409341 11.35409341
1473 10.58894231 9.81394231 11.36394231
1474 10.59879121 9.82379121 11.37379121
1475 10.60864011 9.83364011 11.38364011
1476 10.61848901 9.84348901 11.39348901
1477 10.62833791 9.85333791 11.40333791
1478 10.63818681 9.86318681 11.41318681
1479 10.64803571 9.87303571 11.42303571
1480 10.65788462 9.88288462 11.43288462
1481 10.66773352 9.89273352 11.44273352
1482 10.67758242 9.90258242 11.45258242
1483 10.68743132 9.91243132 11.46243132
1484 10.69728022 9.92228022 11.47228022
1485 10.70712912 9.93212912 11.48212912
1486 10.71697802 9.94197802 11.49197802
1487 10.72682692 9.95182692 11.50182692
1488 10.73667582 9.96167582 11.51167582
1489 10.74652473 9.97152473 11.52152473
1490 10.75637363 9.98137363 11.53137363
1491 10.76622253 9.99122253 11.54122253
1492 10.77607143 10.00107143 11.55107143
1493 10.78592033 10.01092033 11.56092033
1494 10.79576923 10.02076923 11.57076923
1495 10.80561813 10.03061813 11.58061813
1496 10.81546703 10.04046703 11.59046703
1497 10.82531593 10.05031593 11.60031593
1498 10.83516484 10.06016484 11.61016484
1499 10.84501374 10.07001374 11.62001374
1500 10.85486264 10.07986264 11.62986264
1501 10.86471154 10.08971154 11.63971154
1502 10.87456044 10.09956044 11.64956044
1503 10.88440934 10.10940934 11.65940934
1504 10.89425824 10.11925824 11.66925824
1505 10.90410714 10.12910714 11.67910714
1506 10.91395604 10.13895604 11.68895604
1507 10.92380495 10.14880495 11.69880495
1508 10.93365385 10.15865385 11.70865385
1509 10.94350275 10.16850275 11.71850275
1510 10.95335165 10.17835165 11.72835165
1511 10.96320055 10.18820055 11.73820055
1512 10.97304945 10.19804945 11.74804945
1513 10.98289835 10.20789835 11.75789835
1514 10.99274725 10.21774725 11.76774725
1515 11.00259615 10.22759615 11.77759615
1516 11.01244505 10.23744505 11.78744505
1517 11.02229396 10.24729396 11.79729396
1518 11.03214286 10.25714286 11.80714286
1519 11.04199176 10.26699176 11.81699176
1520 11.05184066 10.27684066 11.82684066
1521 11.06168956 10.28668956 11.83668956
1522 11.07153846 10.29653846 11.84653846
1523 11.08138736 10.30638736 11.85638736
1524 11.09123626 10.31623626 11.86623626
1525 11.10108516 10.32608516 11.87608516
1526 11.11093407 10.33593407 11.88593407
1527 11.12078297 10.34578297 11.89578297
1528 11.13063187 10.35563187 11.90563187
1529 11.14048077 10.36548077 11.91548077
1530 11.15032967 10.37532967 11.92532967
1531 11.16017857 10.38517857 11.93517857
1532 11.17002747 10.39502747 11.94502747
1533 11.17987637 10.40487637 11.95487637
1534 11.18972527 10.41472527 11.96472527
1535 11.19957418 10.42457418 11.97457418
1536 11.20942308 10.43442308 11.98442308
1537 11.21927198 10.44427198 11.99427198
1538 11.22912088 10.45412088 12.00412088
1539 11.23896978 10.46396978 12.01396978
1540 11.24881868 10.47381868 12.02381868
1541 11.25866758 10.48366758 12.03366758
1542 11.26851648 10.49351648 12.04351648
1543 11.27836538 10.50336538 12.05336538
1544 11.28821429 10.51321429 12.06321429
1545 11.29806319 10.52306319 12.07306319
1546 11.30791209 10.53291209 12.08291209
1547 11.31776099 10.54276099 12.09276099
1548 11.32760989 10.55260989 12.10260989
1549 11.33745879 10.56245879 12.11245879
1550 11.34730769 10.57230769 12.12230769
1551 11.35715659 10.58215659 12.13215659
1552 11.36700549 10.59200549 12.14200549
1553 11.37685440 10.60185440 12.15185440
1554 11.38670330 10.61170330 12.16170330
1555 11.39655220 10.62155220 12.17155220
1556 11.40640110 10.63140110 12.18140110
1557 11.41625000 10.64125000 12.19125000
1558 11.42609890 10.65109890 12.20109890
1559 11.43594780 10.66094780 12.21094780
1560 11.44579670 10.67079670 12.22079670
1561 11.45564560 10.68064560 12.23064560
1562 11.46549451 10.69049451 12.24049451
1563 11.47534341 10.70034341 12.25034341
1564 11.48519231 10.71019231 12.26019231
1565 11.49504121 10.72004121 12.27004121
1566 11.50489011 10.72989011 12.27989011
1567 11.51473901 10.73973901 12.28973901
1568 11.52458791 10.74958791 12.29958791
1569 11.53443681 10.75943681 12.30943681
1570 11.54428571 10.76928571 12.31928571
1571 11.55413462 10.77913462 12.32913462
1572 11.56398352 10.78898352 12.33898352
1573 11.57383242 10.79883242 12.34883242
1574 11.58368132 10.80868132 12.35868132
1575 11.59353022 10.81853022 12.36853022
1576 11.60337912 10.82837912 12.37837912
1577 11.61322802 10.83822802 12.38822802
1578 11.62307692 10.84807692 12.39807692
1579 11.63292582 10.85792582 12.40792582
1580 11.64277473 10.86777473 12.41777473
1581 11.65262363 10.87762363 12.42762363
1582 11.66247253 10.88747253 12.43747253
1583 11.67232143 10.89732143 12.44732143
1584 11.68217033 10.90717033 12.45717033
1585 11.69201923 10.91701923 12.46701923
1586 11.70186813 10.92686813 12.47686813
1587 11.71171703 10.93671703 12.48671703
1588 11.72156593 10.94656593 12.49656593
1589 11.73141484 10.95641484 12.50641484
1590 11.74126374 10.96626374 12.51626374
1591 11.75111264 10.97611264 12.52611264
1592 11.76096154 10.98596154 12.53596154
1593 11.77081044 10.99581044 12.54581044
1594 11.78065934 11.00565934 12.55565934
1595 11.79050824 11.01550824 12.56550824
1596 11.80035714 11.02535714 12.57535714
1597 11.81020604 11.03520604 12.58520604
1598 11.82005495 11.04505495 12.59505495
1599 11.82990385 11.05490385 12.60490385
1600 11.83975275 11.06475275 12.61475275
1601 11.84960165 11.07460165 12.62460165
1602 11.85945055 11.08445055 12.63445055
1603 11.86929945 11.09429945 12.64429945
1604 11.87914835 11.10414835 12.65414835
1605 11.88899725 11.11399725 12.66399725
1606 11.89884615 11.12384615 12.67384615
1607 11.90869505 11.13369505 12.68369505
1608 11.91854396 11.14354396 12.69354396
1609 11.92839286 11.15339286 12.70339286
1610 11.93824176 11.16324176 12.71324176
1611 11.94809066 11.17309066 12.72309066
1612 11.95793956 11.18293956 12.73293956
1613 11.96778846 11.19278846 12.74278846
1614 11.97763736 11.20263736 12.75263736
1615 11.98748626 11.21248626 12.76248626
1616 11.99733516 11.22233516 12.77233516
1617 12.00718407 11.23218407 12.78218407
1618 12.01703297 11.24203297 12.79203297
1619 12.02688187 11.25188187 12.80188187
1620 12.03673077 11.26173077 12.81173077
1621 12.04657967 11.27157967 12.82157967
1622 12.05642857 11.28142857 12.83142857
1623 12.06627747 11.29127747 12.84127747
1624 12.07612637 11.30112637 12.85112637
1625 12.08597527 11.31097527 12.86097527
1626 12.09582418 11.32082418 12.87082418
1627 12.10567308 11.33067308 12.88067308
1628 12.11552198 11.34052198 12.89052198
1629 12.12537088 11.35037088 12.90037088
1630 12.13521978 11.36021978 12.91021978
1631 12.14506868 11.37006868 12.92006868
1632 12.15491758 11.37991758 12.92991758
1633 12.16476648 11.38976648 12.93976648
1634 12.17461538 11.39961538 12.94961538
1635 12.18446429 11.40946429 12.95946429
1636 12.19431319 11.41931319 12.96931319
1637 12.20416209 11.42916209 12.97916209
1638 12.21401099 11.43901099 12.98901099
1639 12.22385989 11.44885989 12.99885989
1640 12.23370879 11.45870879 13.00870879
1641 12.24355769 11.46855769 13.01855769
1642 12.25340659 11.47840659 13.02840659
1643 12.26325549 11.48825549 13.03825549
1644 12.27310440 11.49810440 13.04810440
1645 12.28295330 11.50795330 13.05795330
1646 12.29280220 11.51780220 13.06780220
1647 12.30265110 11.52765110 13.07765110
1648 12.31250000 11.53750000 13.08750000
1649 12.32234890 11.54734890 13.09734890
1650 12.33219780 11.55719780 13.10719780
1651 12.34204670 11.56704670 13.11704670
1652 12.35189560 11.57689560 13.12689560
1653 12.36174451 11.58674451 13.13674451
1654 12.37159341 11.59659341 13.14659341
1655 12.38144231 11.60644231 13.15644231
1656 12.39129121 11.61629121 13.16629121
1657 12.40114011 11.62614011 13.17614011
1658 12.41098901 11.63598901 13.18598901
1659 12.42083791 11.64583791 13.19583791
1660 12.43068681 11.65568681 13.20568681
1661 12.44053571 11.66553571 13.21553571
1662 12.45038462 11.67538462 13.22538462
1663 12.46023352 11.68523352 13.23523352
1664 12.47008242 11.69508242 13.24508242
1665 12.47993132 11.70493132 13.25493132
1666 12.48978022 11.71478022 13.26478022
1667 12.49962912 11.72462912 13.27462912
1668 12.50947802 11.73447802 13.28447802
1669 12.51932692 11.74432692 13.29432692
1670 12.52917582 11.75417582 13.30417582
1671 12.53902473 11.76402473 13.31402473
1672 12.54887363 11.77387363 13.32387363
1673 12.55872253 11.78372253 13.33372253
1674 12.56857143 11.79357143 13.34357143
1675 12.57842033 11.80342033 13.35342033
1676 12.58826923 11.81326923 13.36326923
1677 12.59811813 11.82311813 13.37311813
1678 12.60796703 11.83296703 13.38296703
1679 12.61781593 11.84281593 13.39281593
1680 12.62766484 11.85266484 13.40266484
1681 12.63751374 11.86251374 13.41251374
1682 12.64736264 11.87236264 13.42236264
1683 12.65721154 11.88221154 13.43221154
1684 12.66706044 11.89206044 13.44206044
1685 12.67690934 11.90190934 13.45190934
1686 12.68675824 11.91175824 13.46175824
1687 12.69660714 11.92160714 13.47160714
1688 12.70645604 11.93145604 13.48145604
1689 12.71630495 11.94130495 13.49130495
1690 12.72615385 11.95115385 13.50115385
1691 12.73600275 11.96100275 13.51100275
1692 12.74585165 11.97085165 13.52085165
1693 12.75570055 11.98070055 13.53070055
1694 12.76554945 11.99054945 13.54054945
1695 12.77539835 12.00039835 13.55039835
1696 12.78524725 12.01024725 13.56024725
1697 12.79509615 12.02009615 13.57009615
1698 12.80494505 12.02994505 13.57994505
1699 12.81479396 12.03979396 13.58979396
1700 12.82464286 12.04964286 13.59964286
1701 12.83449176 12.05949176 13.60949176
1702 12.84434066 12.06934066 13.61934066
1703 12.85418956 12.07918956 13.62918956
1704 12.86403846 12.08903846 13.63903846
1705 12.87388736 12.09888736 13.64888736
1706 12.88373626 12.10873626 13.65873626
1707 12.89358516 12.11858516 13.66858516
1708 12.90343407 12.12843407 13.67843407
1709 12.91328297 12.13828297 13.68828297
1710 12.92313187 12.14813187 13.69813187
1711 12.93298077 12.15798077 13.70798077
1712 12.94282967 12.16782967 13.71782967
1713 12.95267857 12.17767857 13.72767857
1714 12.96252747 12.18752747 13.73752747
1715 12.97237637 12.19737637 13.74737637
1716 12.98222527 12.20722527 13.75722527
1717 12.99207418 12.21707418 13.76707418
1718 13.00192308 12.22692308 13.77692308
1719 13.01177198 12.23677198 13.78677198
1720 13.02162088 12.24662088 13.79662088
1721 13.03146978 12.25646978 13.80646978
1722 13.04131868 12.26631868 13.81631868
1723 13.05116758 12.27616758 13.82616758
1724 13.06101648 12.28601648 13.83601648
1725 13.07086538 12.29586538 13.84586538
1726 13.08071429 12.30571429 13.85571429
1727 13.09056319 12.31556319 13.86556319
1728 13.10041209 12.32541209 13.87541209
1729 13.11026099 12.33526099 13.88526099
1730 13.12010989 12.34510989 13.89510989
1731 13.12995879 12.35495879 13.90495879
1732 13.13980769 12.36480769 13.91480769
1733 13.14965659 12.37465659 13.92465659
1734 13.15950549 12.38450549 13.93450549
1735 13.16935440 12.39435440 13.94435440
1736 13.17920330 12.40420330 13.95420330
1737 13.18905220 12.41405220 13.96405220
1738 13.19890110 12.42390110 13.97390110
1739 13.20875000 12.43375000 13.98375000
1740 13.21859890 12.44359890 13.99359890
1741 13.22844780 12.45344780 14.00344780
1742 13.23829670 12.46329670 14.01329670
1743 13.24814560 12.47314560 14.02314560
1744 13.25799451 12.48299451 14.03299451
1745 13.26784341 12.49284341 14.04284341
1746 13.27769231 12.50269231 14.05269231
1747 13.28754121 12.51254121 14.06254121
1748 13.29739011 12.52239011 14.07239011
1749 13.30723901 12.53223901 14.08223901
1750 13.31708791 12.54208791 14.09208791
1751 13.32693681 12.55193681 14.10193681
1752 13.33678571 12.56178571 14.11178571
1753 13.34663462 12.57163462 14.12163462
1754 13.35648352 12.58148352 14.13148352
1755 13.36633242 12.59133242 14.14133242
1756 13.37618132 12.60118132 14.15118132
1757 13.38603022 12.61103022 14.16103022
1758 13.39587912 12.62087912 14.17087912
1759 13.40572802 12.63072802 14.18072802
1760 13.41557692 12.64057692 14.19057692
1761 13.42542582 12.65042582 14.20042582
1762 13.43527473 12.66027473 14.21027473
1763 13.44512363 12.67012363 14.22012363
1764 13.45497253 12.67997253 14.22997253
1765 13.46482143 12.68982143 14.23982143
1766 13.47467033 12.69967033 14.24967033
1767 13.48451923 12.70951923 14.25951923
1768 13.49436813 12.71936813 14.26936813
1769 13.50421703 12.72921703 14.27921703
1770 13.51406593 12.73906593 14.28906593
1771 13.52391484 12.74891484 14.29891484
1772 13.53376374 12.75876374 14.30876374
1773 13.54361264 12.76861264 14.31861264
1774 13.55346154 12.77846154 14.32846154
1775 13.56331044 12.78831044 14.33831044
1776 13.57315934 12.79815934 14.34815934
1777 13.58300824 12.80800824 14.35800824
1778 13.59285714 12.81785714 14.36785714
1779 13.60270604 12.82770604 14.37770604
1780 13.61255495 12.83755495 14.38755495
1781 13.62240385 12.84740385 14.39740385
1782 13.63225275 12.85725275 14.40725275
1783 13.64210165 12.86710165 14.41710165
1784 13.65195055 12.87695055 14.42695055
1785 13.66179945 12.88679945 14.43679945
1786 13.67164835 12.89664835 14.44664835
1787 13.68149725 12.90649725 14.45649725
1788 13.69134615 12.91634615 14.46634615
1789 13.70119505 12.92619505 14.47619505
1790 13.71104396 12.93604396 14.48604396
1791 13.72089286 12.94589286 14.49589286
1792 13.73074176 12.95574176 14.50574176
1793 13.74059066 12.96559066 14.51559066
1794 13.75043956 12.97543956 14.52543956
1795 13.76028846 12.98528846 14.53528846
1796 13.77013736 12.99513736 14.54513736
1797 13.77998626 13.00498626 14.55498626
1798 13.78983516 13.01483516 14.56483516
1799 13.79968407 13.02468407 14.57468407
1800 13.80953297 13.03453297 14.58453297
1801 13.81938187 13.04438187 14.59438187
1802 13.82923077 13.05423077 14.60423077
1803 13.83907967 13.06407967 14.61407967
1804 13.84892857 13.07392857 14.62392857
1805 13.85877747 13.08377747 14.63377747
1806 13.86862637 13.09362637 14.64362637
1807 13.87847527 13.10347527 14.65347527
1808 13.88832418 13.11332418 14.66332418
1809 13.89817308 13.12317308 14.67317308
1810 13.90802198 13.13302198 14.68302198
1811 13.91787088 13.14287088 14.69287088
1812 13.92771978 13.15271978 14.70271978
1813 13.93756868 13.16256868 14.71256868
1814 13.94741758 13.17241758 14.72241758
1815 13.95726648 13.18226648 14.73226648
1816 13.96711538 13.19211538 14.74211538
1817 13.97696429 13.20196429 14.75196429
1818 13.98681319 13.21181319 14.76181319
1819 13.99666209 13.22166209 14.77166209
1820 14.00651099 13.23151099 14.78151099
1821 14.01635989 13.24135989 14.79135989
1822 14.02620879 13.25120879 14.80120879
1823 14.03605769 13.26105769 14.81105769
1824 14.04590659 13.27090659 14.82090659
1825 14.05575549 13.28075549 14.83075549
1826 14.06560440 13.29060440 14.84060440
1827 14.07545330 13.30045330 14.85045330
1828 14.08530220 13.31030220 14.86030220
1829 14.09515110 13.32015110 14.87015110
1830 14.10500000 13.33000000 14.88000000
