1 -0.69266667 -0.79033333 -0.59500000
2 -0.34633333 -0.39516666 -0.29750000
3 0.00000000 0.00000000 0.00000000
4 -0.55300000 -0.59600000 -0.51000000
5 -1.11666666 -1.16500000 -1.06833333
6 -1.68033333 -1.73400000 -1.62666666
7 -2.24400000 -2.30300000 -2.18500000
8 -2.80766666 -2.87200000 -2.74333333
9 -3.37133333 -3.44100000 -3.30166666
10 -3.93500000 -4.01000000 -3.86000000
11 -4.51571428 -4.59428571 -4.43714285
12 -5.09642857 -5.17857142 -5.01428571
13 -5.67714285 -5.76285714 -5.59142857
14 -6.25785714 -6.34714285 -6.16857142
15 -6.83857142 -6.93142857 -6.74571428
16 -7.41928571 -7.51571428 -7.32285714
17 -8.00000000 -8.10000000 -7.90000000
18 -8.56857142 -8.66714285 -8.47000000
19 -9.13714285 -9.23428571 -9.04000000
20 -9.70571428 -9.80142857 -9.61000000
21 -10.27428571 -10.36857142 -10.18000000
22 -10.84285714 -10.93571428 -10.75000000
23 -11.41142857 -11.50285714 -11.32000000
24 -11.98000000 -12.07000000 -11.89000000
25 -12.57055555 -12.66444444 -12.47666666
26 -13.16111111 -13.25888888 -13.06333333
27 -13.75166666 -13.85333333 -13.65000000
28 -14.34222222 -14.44777777 -14.23666666
29 -14.93277777 -15.04222222 -14.82333333
30 -15.52333333 -15.63666666 -15.41000000
31 -16.11388888 -16.23111111 -15.99666666
32 -16.70444444 -16.82555555 -16.58333333
33 -17.29500000 -17.42000000 -17.17000000
34 -17.87772727 -18.00575757 -17.74969696
35 -18.46045454 -18.59151515 -18.32939393
36 -19.04318181 -19.17727272 -18.90909090
37 -19.62590909 -19.76303030 -19.48878787
38 -20.20863636 -20.34878787 -20.06848484
39 -20.79136363 -20.93454545 -20.64818181
40 -21.37409090 -21.52030303 -21.22787878
41 -21.95681818 -22.10606060 -21.80757575
42 -22.53954545 -22.69181818 -22.38727272
43 -23.12227272 -23.27757575 -22.96696969
44 -23.70500000 -23.86333333 -23.54666666
45 -24.28772727 -24.44909090 -24.12636363
46 -24.87045454 -25.03484848 -24.70606060
47 -25.45318181 -25.62060606 -25.28575757
48 -26.03590909 -26.20636363 -25.86545454
49 -26.61863636 -26.79212121 -26.44515151
50 -27.20136363 -27.37787878 -27.02484848
51 -27.78409090 -27.96363636 -27.60454545
52 -28.36681818 -28.54939393 -28.18424242
53 -28.94954545 -29.13515151 -28.76393939
54 -29.53227272 -29.72090909 -29.34363636
55 -30.11500000 -30.30666666 -29.92333333
56 -30.69772727 -30.89242424 -30.50303030
57 -31.28045454 -31.47818181 -31.08272727
58 -31.86318181 -32.06393939 -31.66242424
59 -32.44590909 -32.64969696 -32.24212121
60 -33.02863636 -33.23545454 -32.82181818
61 -33.61136363 -33.82121212 -33.40151515
62 -34.19409090 -34.40696969 -33.98121212
63 -34.77681818 -34.99272727 -34.56090909
64 -35.35954545 -35.57848484 -35.14060606
65 -35.94227272 -36.16424242 -35.72030303
66 -36.52500000 -36.75000000 -36.30000000
67 -37.11086206 -37.34068965 -36.88103448
68 -37.69672413 -37.93137931 -37.46206896
69 -38.28258620 -38.52206896 -38.04310344
70 -38.86844827 -39.11275862 -38.62413793
71 -39.45431034 -39.70344827 -39.20517241
72 -40.04017241 -40.29413793 -39.78620689
73 -40.62603448 -40.88482758 -40.36724137
74 -41.21189655 -41.47551724 -40.94827586
75 -41.79775862 -42.06620689 -41.52931034
76 -42.38362068 -42.65689655 -42.11034482
77 -42.96948275 -43.24758620 -42.69137931
78 -43.55534482 -43.83827586 -43.27241379
79 -44.14120689 -44.42896551 -43.85344827
80 -44.72706896 -45.01965517 -44.43448275
81 -45.31293103 -45.61034482 -45.01551724
82 -45.89879310 -46.20103448 -45.59655172
83 -46.48465517 -46.79172413 -46.17758620
84 -47.07051724 -47.38241379 -46.75862068
85 -47.65637931 -47.97310344 -47.33965517
86 -48.24224137 -48.56379310 -47.92068965
87 -48.82810344 -49.15448275 -48.50172413
88 -49.41396551 -49.74517241 -49.08275862
89 -49.99982758 -50.33586206 -49.66379310
90 -50.58568965 -50.92655172 -50.24482758
91 -51.17155172 -51.51724137 -50.82586206
92 -51.75741379 -52.10793103 -51.40689655
93 -52.34327586 -52.69862068 -51.98793103
94 -52.92913793 -53.28931034 -52.56896551
95 -53.51500000 -53.88000000 -53.15000000
96 -54.09716666 -54.46500000 -53.72933333
97 -54.67933333 -55.05000000 -54.30866666
98 -55.26150000 -55.63500000 -54.88800000
99 -55.84366666 -56.22000000 -55.46733333
100 -56.42583333 -56.80500000 -56.04666666
101 -57.00800000 -57.39000000 -56.62600000
102 -57.59016666 -57.97500000 -57.20533333
103 -58.17233333 -58.56000000 -57.78466666
104 -58.75450000 -59.14500000 -58.36400000
105 -59.33666666 -59.73000000 -58.94333333
106 -59.91883333 -60.31500000 -59.52266666
107 -60.50100000 -60.90000000 -60.10200000
108 -61.08316666 -61.48500000 -60.68133333
109 -61.66533333 -62.07000000 -61.26066666
110 -62.24750000 -62.65500000 -61.84000000
111 -62.82966666 -63.24000000 -62.41933333
112 -63.41183333 -63.82500000 -62.99866666
113 -63.99400000 -64.41000000 -63.57800000
114 -64.57616666 -64.99500000 -64.15733333
115 -65.15833333 -65.58000000 -64.73666666
116 -65.74050000 -66.16500000 -65.31600000
117 -66.32266666 -66.75000000 -65.89533333
118 -66.90483333 -67.33500000 -66.47466666
119 -67.48700000 -67.92000000 -67.05400000
120 -68.06916666 -68.50500000 -67.63333333
121 -68.65133333 -69.09000000 -68.21266666
122 -69.23350000 -69.67500000 -68.79200000
123 -69.81566666 -70.26000000 -69.37133333
124 -70.39783333 -70.84500000 -69.95066666
125 -70.98000000 -71.43000000 -70.53000000
126 -71.56640625 -72.02218750 -71.11062500
127 -72.15281250 -72.61437500 -71.69125000
128 -72.73921875 -73.20656250 -72.27187500
129 -73.32562500 -73.79875000 -72.85250000
130 -73.91203125 -74.39093750 -73.43312500
131 -74.49843750 -74.98312500 -74.01375000
132 -75.08484375 -75.57531250 -74.59437500
133 -75.67125000 -76.16750000 -75.17500000
134 -76.25765625 -76.75968750 -75.75562500
135 -76.84406250 -77.35187500 -76.33625000
136 -77.43046875 -77.94406250 -76.91687500
137 -78.01687500 -78.53625000 -77.49750000
138 -78.60328125 -79.12843750 -78.07812500
139 -79.18968750 -79.72062500 -78.65875000
140 -79.77609375 -80.31281250 -79.23937500
141 -80.36250000 -80.90500000 -79.82000000
142 -80.94890625 -81.49718750 -80.40062500
143 -81.53531250 -82.08937500 -80.98125000
144 -82.12171875 -82.68156250 -81.56187500
145 -82.70812500 -83.27375000 -82.14250000
146 -83.29453125 -83.86593750 -82.72312500
147 -83.88093750 -84.45812500 -83.30375000
148 -84.46734375 -85.05031250 -83.88437500
149 -85.05375000 -85.64250000 -84.46500000
150 -85.64015625 -86.23468750 -85.04562500
151 -86.22656250 -86.82687500 -85.62625000
152 -86.81296875 -87.41906250 -86.20687500
153 -87.39937500 -88.01125000 -86.78750000
154 -87.98578125 -88.60343750 -87.36812500
155 -88.57218750 -89.19562500 -87.94875000
156 -89.15859375 -89.78781250 -88.52937500
157 -89.74500000 -90.38000000 -89.11000000
158 -90.31982758 -90.96137931 -89.67827586
159 -90.89465517 -91.54275862 -90.24655172
160 -91.46948275 -92.12413793 -90.81482758
161 -92.04431034 -92.70551724 -91.38310344
162 -92.61913793 -93.28689655 -91.95137931
163 -93.19396551 -93.86827586 -92.51965517
164 -93.76879310 -94.44965517 -93.08793103
165 -94.34362068 -95.03103448 -93.65620689
166 -94.91844827 -95.61241379 -94.22448275
167 -95.49327586 -96.19379310 -94.79275862
168 -96.06810344 -96.77517241 -95.36103448
169 -96.64293103 -97.35655172 -95.92931034
170 -97.21775862 -97.93793103 -96.49758620
171 -97.79258620 -98.51931034 -97.06586206
172 -98.36741379 -99.10068965 -97.63413793
173 -98.94224137 -99.68206896 -98.20241379
174 -99.51706896 -100.26344827 -98.77068965
175 -100.09189655 -100.84482758 -99.33896551
176 -100.66672413 -101.42620689 -99.90724137
177 -101.24155172 -102.00758620 -100.47551724
178 -101.81637931 -102.58896551 -101.04379310
179 -102.39120689 -103.17034482 -101.61206896
180 -102.96603448 -103.75172413 -102.18034482
181 -103.54086206 -104.33310344 -102.74862068
182 -104.11568965 -104.91448275 -103.31689655
183 -104.69051724 -105.49586206 -103.88517241
184 -105.26534482 -106.07724137 -104.45344827
185 -105.84017241 -106.65862068 -105.02172413
186 -106.41500000 -107.24000000 -105.59000000
187 -106.99806451 -107.84612903 -106.15000000
188 -107.58112903 -108.45225806 -106.71000000
189 -108.16419354 -109.05838709 -107.27000000
190 -108.74725806 -109.66451612 -107.83000000
191 -109.33032258 -110.27064516 -108.39000000
192 -109.91338709 -110.87677419 -108.95000000
193 -110.49645161 -111.48290322 -109.51000000
194 -111.07951612 -112.08903225 -110.07000000
195 -111.66258064 -112.69516129 -110.63000000
196 -112.24564516 -113.30129032 -111.19000000
197 -112.82870967 -113.90741935 -111.75000000
198 -113.41177419 -114.51354838 -112.31000000
199 -113.99483870 -115.11967741 -112.87000000
200 -114.57790322 -115.72580645 -113.43000000
201 -115.16096774 -116.33193548 -113.99000000
202 -115.74403225 -116.93806451 -114.55000000
203 -116.32709677 -117.54419354 -115.11000000
204 -116.91016129 -118.15032258 -115.67000000
205 -117.49322580 -118.75645161 -116.23000000
206 -118.07629032 -119.36258064 -116.79000000
207 -118.65935483 -119.96870967 -117.35000000
208 -119.24241935 -120.57483870 -117.91000000
209 -119.82548387 -121.18096774 -118.47000000
210 -120.40854838 -121.78709677 -119.03000000
211 -120.99161290 -122.39322580 -119.59000000
212 -121.57467741 -122.99935483 -120.15000000
213 -122.15774193 -123.60548387 -120.71000000
214 -122.74080645 -124.21161290 -121.27000000
215 -123.32387096 -124.81774193 -121.83000000
216 -123.90693548 -125.42387096 -122.39000000
217 -124.49000000 -126.03000000 -122.95000000
218 -125.04612903 -126.59064516 -123.50161290
219 -125.60225806 -127.15129032 -124.05322580
220 -126.15838709 -127.71193548 -124.60483870
221 -126.71451612 -128.27258064 -125.15645161
222 -127.27064516 -128.83322580 -125.70806451
223 -127.82677419 -129.39387096 -126.25967741
224 -128.38290322 -129.95451612 -126.81129032
225 -128.93903225 -130.51516129 -127.36290322
226 -129.49516129 -131.07580645 -127.91451612
227 -130.05129032 -131.63645161 -128.46612903
228 -130.60741935 -132.19709677 -129.01774193
229 -131.16354838 -132.75774193 -129.56935483
230 -131.71967741 -133.31838709 -130.12096774
231 -132.27580645 -133.87903225 -130.67258064
232 -132.83193548 -134.43967741 -131.22419354
233 -133.38806451 -135.00032258 -131.77580645
234 -133.94419354 -135.56096774 -132.32741935
235 -134.50032258 -136.12161290 -132.87903225
236 -135.05645161 -136.68225806 -133.43064516
237 -135.61258064 -137.24290322 -133.98225806
238 -136.16870967 -137.80354838 -134.53387096
239 -136.72483870 -138.36419354 -135.08548387
240 -137.28096774 -138.92483870 -135.63709677
241 -137.83709677 -139.48548387 -136.18870967
242 -138.39322580 -140.04612903 -136.74032258
243 -138.94935483 -140.60677419 -137.29193548
244 -139.50548387 -141.16741935 -137.84354838
245 -140.06161290 -141.72806451 -138.39516129
246 -140.61774193 -142.28870967 -138.94677419
247 -141.17387096 -142.84935483 -139.49838709
248 -141.73000000 -143.41000000 -140.05000000
249 -142.26821428 -143.95285714 -140.58357142
250 -142.80642857 -144.49571428 -141.11714285
251 -143.34464285 -145.03857142 -141.65071428
252 -143.88285714 -145.58142857 -142.18428571
253 -144.42107142 -146.12428571 -142.71785714
254 -144.95928571 -146.66714285 -143.25142857
255 -145.49750000 -147.21000000 -143.78500000
256 -146.03571428 -147.75285714 -144.31857142
257 -146.57392857 -148.29571428 -144.85214285
258 -147.11214285 -148.83857142 -145.38571428
259 -147.65035714 -149.38142857 -145.91928571
260 -148.18857142 -149.92428571 -146.45285714
261 -148.72678571 -150.46714285 -146.98642857
262 -149.26500000 -151.01000000 -147.52000000
263 -149.80321428 -151.55285714 -148.05357142
264 -150.34142857 -152.09571428 -148.58714285
265 -150.87964285 -152.63857142 -149.12071428
266 -151.41785714 -153.18142857 -149.65428571
267 -151.95607142 -153.72428571 -150.18785714
268 -152.49428571 -154.26714285 -150.72142857
269 -153.03250000 -154.81000000 -151.25500000
270 -153.57071428 -155.35285714 -151.78857142
271 -154.10892857 -155.89571428 -152.32214285
272 -154.64714285 -156.43857142 -152.85571428
273 -155.18535714 -156.98142857 -153.38928571
274 -155.72357142 -157.52428571 -153.92285714
275 -156.26178571 -158.06714285 -154.45642857
276 -156.80000000 -158.61000000 -154.99000000
277 -157.33322580 -159.14935483 -155.51709677
278 -157.86645161 -159.68870967 -156.04419354
279 -158.39967741 -160.22806451 -156.57129032
280 -158.93290322 -160.76741935 -157.09838709
281 -159.46612903 -161.30677419 -157.62548387
282 -159.99935483 -161.84612903 -158.15258064
283 -160.53258064 -162.38548387 -158.67967741
284 -161.06580645 -162.92483870 -159.20677419
285 -161.59903225 -163.46419354 -159.73387096
286 -162.13225806 -164.00354838 -160.26096774
287 -162.66548387 -164.54290322 -160.78806451
288 -163.19870967 -165.08225806 -161.31516129
289 -163.73193548 -165.62161290 -161.84225806
290 -164.26516129 -166.16096774 -162.36935483
291 -164.79838709 -166.70032258 -162.89645161
292 -165.33161290 -167.23967741 -163.42354838
293 -165.86483870 -167.77903225 -163.95064516
294 -166.39806451 -168.31838709 -164.47774193
295 -166.93129032 -168.85774193 -165.00483870
296 -167.46451612 -169.39709677 -165.53193548
297 -167.99774193 -169.93645161 -166.05903225
298 -168.53096774 -170.47580645 -166.58612903
299 -169.06419354 -171.01516129 -167.11322580
300 -169.59741935 -171.55451612 -167.64032258
301 -170.13064516 -172.09387096 -168.16741935
302 -170.66387096 -172.63322580 -168.69451612
303 -171.19709677 -173.17258064 -169.22161290
304 -171.73032258 -173.71193548 -169.74870967
305 -172.26354838 -174.25129032 -170.27580645
306 -172.79677419 -174.79064516 -170.80290322
307 -173.33000000 -175.33000000 -171.33000000
308 -173.80625000 -175.85375000 -171.75875000
309 -174.28250000 -176.37750000 -172.18750000
310 -174.75875000 -176.90125000 -172.61625000
311 -175.23500000 -177.42500000 -173.04500000
312 -175.71125000 -177.94875000 -173.47375000
313 -176.18750000 -178.47250000 -173.90250000
314 -176.66375000 -178.99625000 -174.33125000
315 -177.14000000 -179.52000000 -174.76000000
316 -177.61625000 -180.04375000 -175.18875000
317 -178.09250000 -180.56750000 -175.61750000
318 -178.56875000 -181.09125000 -176.04625000
319 -179.04500000 -181.61500000 -176.47500000
320 -179.52125000 -182.13875000 -176.90375000
321 -179.99750000 -182.66250000 -177.33250000
322 -180.47375000 -183.18625000 -177.76125000
323 -180.95000000 -183.71000000 -178.19000000
324 -181.42625000 -184.23375000 -178.61875000
325 -181.90250000 -184.75750000 -179.04750000
326 -182.37875000 -185.28125000 -179.47625000
327 -182.85500000 -185.80500000 -179.90500000
328 -183.33125000 -186.32875000 -180.33375000
329 -183.80750000 -186.85250000 -180.76250000
330 -184.28375000 -187.37625000 -181.19125000
331 -184.76000000 -187.90000000 -181.62000000
332 -185.23625000 -188.42375000 -182.04875000
333 -185.71250000 -188.94750000 -182.47750000
334 -186.18875000 -189.47125000 -182.90625000
335 -186.66500000 -189.99500000 -183.33500000
336 -187.14125000 -190.51875000 -183.76375000
337 -187.61750000 -191.04250000 -184.19250000
338 -188.09375000 -191.56625000 -184.62125000
339 -188.57000000 -192.09000000 -185.05000000
340 -189.11724137 -192.60103448 -185.63344827
341 -189.66448275 -193.11206896 -186.21689655
342 -190.21172413 -193.62310344 -186.80034482
343 -190.75896551 -194.13413793 -187.38379310
344 -191.30620689 -194.64517241 -187.96724137
345 -191.85344827 -195.15620689 -188.55068965
346 -192.40068965 -195.66724137 -189.13413793
347 -192.94793103 -196.17827586 -189.71758620
348 -193.49517241 -196.68931034 -190.30103448
349 -194.04241379 -197.20034482 -190.88448275
350 -194.58965517 -197.71137931 -191.46793103
351 -195.13689655 -198.22241379 -192.05137931
352 -195.68413793 -198.73344827 -192.63482758
353 -196.23137931 -199.24448275 -193.21827586
354 -196.77862068 -199.75551724 -193.80172413
355 -197.32586206 -200.26655172 -194.38517241
356 -197.87310344 -200.77758620 -194.96862068
357 -198.42034482 -201.28862068 -195.55206896
358 -198.96758620 -201.79965517 -196.13551724
359 -199.51482758 -202.31068965 -196.71896551
360 -200.06206896 -202.82172413 -197.30241379
361 -200.60931034 -203.33275862 -197.88586206
362 -201.15655172 -203.84379310 -198.46931034
363 -201.70379310 -204.35482758 -199.05275862
364 -202.25103448 -204.86586206 -199.63620689
365 -202.79827586 -205.37689655 -200.21965517
366 -203.34551724 -205.88793103 -200.80310344
367 -203.89275862 -206.39896551 -201.38655172
368 -204.44000000 -206.91000000 -201.97000000
369 -204.91735326 -207.40917391 -202.42553260
370 -205.39470652 -207.90834782 -202.88106521
371 -205.87205978 -208.40752173 -203.33659782
372 -206.34941304 -208.90669565 -203.79213043
373 -206.82676630 -209.40586956 -204.24766304
374 -207.30411956 -209.90504347 -204.70319565
375 -207.78147282 -210.40421739 -205.15872826
376 -208.25882608 -210.90339130 -205.61426086
377 -208.73617934 -211.40256521 -206.06979347
378 -209.21353260 -211.90173913 -206.52532608
379 -209.69088586 -212.40091304 -206.98085869
380 -210.16823913 -212.90008695 -207.43639130
381 -210.64559239 -213.39926086 -207.89192391
382 -211.12294565 -213.89843478 -208.34745652
383 -211.60029891 -214.39760869 -208.80298913
384 -212.07765217 -214.89678260 -209.25852173
385 -212.55500543 -215.39595652 -209.71405434
386 -213.03235869 -215.89513043 -210.16958695
387 -213.50971195 -216.39430434 -210.62511956
388 -213.98706521 -216.89347826 -211.08065217
389 -214.46441847 -217.39265217 -211.53618478
390 -214.94177173 -217.89182608 -211.99171739
391 -215.41912500 -218.39100000 -212.44725000
392 -215.89647826 -218.89017391 -212.90278260
393 -216.37383152 -219.38934782 -213.35831521
394 -216.85118478 -219.88852173 -213.81384782
395 -217.32853804 -220.38769565 -214.26938043
396 -217.80589130 -220.88686956 -214.72491304
397 -218.28324456 -221.38604347 -215.18044565
398 -218.76059782 -221.88521739 -215.63597826
399 -219.23795108 -222.38439130 -216.09151086
400 -219.71530434 -222.88356521 -216.54704347
401 -220.19265760 -223.38273913 -217.00257608
402 -220.67001086 -223.88191304 -217.45810869
403 -221.14736413 -224.38108695 -217.91364130
404 -221.62471739 -224.88026086 -218.36917391
405 -222.10207065 -225.37943478 -218.82470652
406 -222.57942391 -225.87860869 -219.28023913
407 -223.05677717 -226.37778260 -219.73577173
408 -223.53413043 -226.87695652 -220.19130434
409 -224.01148369 -227.37613043 -220.64683695
410 -224.48883695 -227.87530434 -221.10236956
411 -224.96619021 -228.37447826 -221.55790217
412 -225.44354347 -228.87365217 -222.01343478
413 -225.92089673 -229.37282608 -222.46896739
414 -226.39825000 -229.87200000 -222.92450000
415 -226.87560326 -230.37117391 -223.38003260
416 -227.35295652 -230.87034782 -223.83556521
417 -227.83030978 -231.36952173 -224.29109782
418 -228.30766304 -231.86869565 -224.74663043
419 -228.78501630 -232.36786956 -225.20216304
420 -229.26236956 -232.86704347 -225.65769565
421 -229.73972282 -233.36621739 -226.11322826
422 -230.21707608 -233.86539130 -226.56876086
423 -230.69442934 -234.36456521 -227.02429347
424 -231.17178260 -234.86373913 -227.47982608
425 -231.64913586 -235.36291304 -227.93535869
426 -232.12648913 -235.86208695 -228.39089130
427 -232.60384239 -236.36126086 -228.84642391
428 -233.08119565 -236.86043478 -229.30195652
429 -233.55854891 -237.35960869 -229.75748913
430 -234.03590217 -237.85878260 -230.21302173
431 -234.51325543 -238.35795652 -230.66855434
432 -234.99060869 -238.85713043 -231.12408695
433 -235.46796195 -239.35630434 -231.57961956
434 -235.94531521 -239.85547826 -232.03515217
435 -236.42266847 -240.35465217 -232.49068478
436 -236.90002173 -240.85382608 -232.94621739
437 -237.37737500 -241.35300000 -233.40175000
438 -237.85472826 -241.85217391 -233.85728260
439 -238.33208152 -242.35134782 -234.31281521
440 -238.80943478 -242.85052173 -234.76834782
441 -239.28678804 -243.34969565 -235.22388043
442 -239.76414130 -243.84886956 -235.67941304
443 -240.24149456 -244.34804347 -236.13494565
444 -240.71884782 -244.84721739 -236.59047826
445 -241.19620108 -245.34639130 -237.04601086
446 -241.67355434 -245.84556521 -237.50154347
447 -242.15090760 -246.34473913 -237.95707608
448 -242.62826086 -246.84391304 -238.41260869
449 -243.10561413 -247.34308695 -238.86814130
450 -243.58296739 -247.84226086 -239.32367391
451 -244.06032065 -248.34143478 -239.77920652
452 -244.53767391 -248.84060869 -240.23473913
453 -245.01502717 -249.33978260 -240.69027173
454 -245.49238043 -249.83895652 -241.14580434
455 -245.96973369 -250.33813043 -241.60133695
456 -246.44708695 -250.83730434 -242.05686956
457 -246.92444021 -251.33647826 -242.51240217
458 -247.40179347 -251.83565217 -242.96793478
459 -247.87914673 -252.33482608 -243.42346739
460 -248.35650000 -252.83400000 -243.87900000
461 -248.80208791 -253.29274725 -244.31142857
462 -249.24767582 -253.75149450 -244.74385714
463 -249.69326373 -254.21024175 -245.17628571
464 -250.13885164 -254.66898901 -245.60871428
465 -250.58443956 -255.12773626 -246.04114285
466 -251.03002747 -255.58648351 -246.47357142
467 -251.47561538 -256.04523076 -246.90600000
468 -251.92120329 -256.50397802 -247.33842857
469 -252.36679120 -256.96272527 -247.77085714
470 -252.81237912 -257.42147252 -248.20328571
471 -253.25796703 -257.88021978 -248.63571428
472 -253.70355494 -258.33896703 -249.06814285
473 -254.14914285 -258.79771428 -249.50057142
474 -254.59473076 -259.25646153 -249.93300000
475 -255.04031868 -259.71520879 -250.36542857
476 -255.48590659 -260.17395604 -250.79785714
477 -255.93149450 -260.63270329 -251.23028571
478 -256.37708241 -261.09145054 -251.66271428
479 -256.82267032 -261.55019780 -252.09514285
480 -257.26825824 -262.00894505 -252.52757142
481 -257.71384615 -262.46769230 -252.96000000
482 -258.15943406 -262.92643956 -253.39242857
483 -258.60502197 -263.38518681 -253.82485714
484 -259.05060989 -263.84393406 -254.25728571
485 -259.49619780 -264.30268131 -254.68971428
486 -259.94178571 -264.76142857 -255.12214285
487 -260.38737362 -265.22017582 -255.55457142
488 -260.83296153 -265.67892307 -255.98700000
489 -261.27854945 -266.13767032 -256.41942857
490 -261.72413736 -266.59641758 -256.85185714
491 -262.16972527 -267.05516483 -257.28428571
492 -262.61531318 -267.51391208 -257.71671428
493 -263.06090109 -267.97265934 -258.14914285
494 -263.50648901 -268.43140659 -258.58157142
495 -263.95207692 -268.89015384 -259.01400000
496 -264.39766483 -269.34890109 -259.44642857
497 -264.84325274 -269.80764835 -259.87885714
498 -265.28884065 -270.26639560 -260.31128571
499 -265.73442857 -270.72514285 -260.74371428
500 -266.18001648 -271.18389010 -261.17614285
501 -266.62560439 -271.64263736 -261.60857142
502 -267.07119230 -272.10138461 -262.04100000
503 -267.51678021 -272.56013186 -262.47342857
504 -267.96236813 -273.01887912 -262.90585714
505 -268.40795604 -273.47762637 -263.33828571
506 -268.85354395 -273.93637362 -263.77071428
507 -269.29913186 -274.39512087 -264.20314285
508 -269.74471978 -274.85386813 -264.63557142
509 -270.19030769 -275.31261538 -265.06800000
510 -270.63589560 -275.77136263 -265.50042857
511 -271.08148351 -276.23010989 -265.93285714
512 -271.52707142 -276.68885714 -266.36528571
513 -271.97265934 -277.14760439 -266.79771428
514 -272.41824725 -277.60635164 -267.23014285
515 -272.86383516 -278.06509890 -267.66257142
516 -273.30942307 -278.52384615 -268.09500000
517 -273.75501098 -278.98259340 -268.52742857
518 -274.20059890 -279.44134065 -268.95985714
519 -274.64618681 -279.90008791 -269.39228571
520 -275.09177472 -280.35883516 -269.82471428
521 -275.53736263 -280.81758241 -270.25714285
522 -275.98295054 -281.27632967 -270.68957142
523 -276.42853846 -281.73507692 -271.12200000
524 -276.87412637 -282.19382417 -271.55442857
525 -277.31971428 -282.65257142 -271.98685714
526 -277.76530219 -283.11131868 -272.41928571
527 -278.21089010 -283.57006593 -272.85171428
528 -278.65647802 -284.02881318 -273.28414285
529 -279.10206593 -284.48756043 -273.71657142
530 -279.54765384 -284.94630769 -274.14900000
531 -279.99324175 -285.40505494 -274.58142857
532 -280.43882967 -285.86380219 -275.01385714
533 -280.88441758 -286.32254945 -275.44628571
534 -281.33000549 -286.78129670 -275.87871428
535 -281.77559340 -287.24004395 -276.31114285
536 -282.22118131 -287.69879120 -276.74357142
537 -282.66676923 -288.15753846 -277.17600000
538 -283.11235714 -288.61628571 -277.60842857
539 -283.55794505 -289.07503296 -278.04085714
540 -284.00353296 -289.53378021 -278.47328571
541 -284.44912087 -289.99252747 -278.90571428
542 -284.89470879 -290.45127472 -279.33814285
543 -285.34029670 -290.91002197 -279.77057142
544 -285.78588461 -291.36876923 -280.20300000
545 -286.23147252 -291.82751648 -280.63542857
546 -286.67706043 -292.28626373 -281.06785714
547 -287.12264835 -292.74501098 -281.50028571
548 -287.56823626 -293.20375824 -281.93271428
549 -288.01382417 -293.66250549 -282.36514285
550 -288.45941208 -294.12125274 -282.79757142
551 -288.90500000 -294.58000000 -283.23000000
552 -289.31217032 -295.01743956 -283.60690109
553 -289.71934065 -295.45487912 -283.98380219
554 -290.12651098 -295.89231868 -284.36070329
555 -290.53368131 -296.32975824 -284.73760439
556 -290.94085164 -296.76719780 -285.11450549
557 -291.34802197 -297.20463736 -285.49140659
558 -291.75519230 -297.64207692 -285.86830769
559 -292.16236263 -298.07951648 -286.24520879
560 -292.56953296 -298.51695604 -286.62210989
561 -292.97670329 -298.95439560 -286.99901098
562 -293.38387362 -299.39183516 -287.37591208
563 -293.79104395 -299.82927472 -287.75281318
564 -294.19821428 -300.26671428 -288.12971428
565 -294.60538461 -300.70415384 -288.50661538
566 -295.01255494 -301.14159340 -288.88351648
567 -295.41972527 -301.57903296 -289.26041758
568 -295.82689560 -302.01647252 -289.63731868
569 -296.23406593 -302.45391208 -290.01421978
570 -296.64123626 -302.89135164 -290.39112087
571 -297.04840659 -303.32879120 -290.76802197
572 -297.45557692 -303.76623076 -291.14492307
573 -297.86274725 -304.20367032 -291.52182417
574 -298.26991758 -304.64110989 -291.89872527
575 -298.67708791 -305.07854945 -292.27562637
576 -299.08425824 -305.51598901 -292.65252747
577 -299.49142857 -305.95342857 -293.02942857
578 -299.89859890 -306.39086813 -293.40632967
579 -300.30576923 -306.82830769 -293.78323076
580 -300.71293956 -307.26574725 -294.16013186
581 -301.12010989 -307.70318681 -294.53703296
582 -301.52728021 -308.14062637 -294.91393406
583 -301.93445054 -308.57806593 -295.29083516
584 -302.34162087 -309.01550549 -295.66773626
585 -302.74879120 -309.45294505 -296.04463736
586 -303.15596153 -309.89038461 -296.42153846
587 -303.56313186 -310.32782417 -296.79843956
588 -303.97030219 -310.76526373 -297.17534065
589 -304.37747252 -311.20270329 -297.55224175
590 -304.78464285 -311.64014285 -297.92914285
591 -305.19181318 -312.07758241 -298.30604395
592 -305.59898351 -312.51502197 -298.68294505
593 -306.00615384 -312.95246153 -299.05984615
594 -306.41332417 -313.38990109 -299.43674725
595 -306.82049450 -313.82734065 -299.81364835
596 -307.22766483 -314.26478021 -300.19054945
597 -307.63483516 -314.70221978 -300.56745054
598 -308.04200549 -315.13965934 -300.94435164
599 -308.44917582 -315.57709890 -301.32125274
600 -308.85634615 -316.01453846 -301.69815384
601 -309.26351648 -316.45197802 -302.07505494
602 -309.67068681 -316.88941758 -302.45195604
603 -310.07785714 -317.32685714 -302.82885714
604 -310.48502747 -317.76429670 -303.20575824
605 -310.89219780 -318.20173626 -303.58265934
606 -311.29936813 -318.63917582 -303.95956043
607 -311.70653846 -319.07661538 -304.33646153
608 -312.11370879 -319.51405494 -304.71336263
609 -312.52087912 -319.95149450 -305.09026373
610 -312.92804945 -320.38893406 -305.46716483
611 -313.33521978 -320.82637362 -305.84406593
612 -313.74239010 -321.26381318 -306.22096703
613 -314.14956043 -321.70125274 -306.59786813
614 -314.55673076 -322.13869230 -306.97476923
615 -314.96390109 -322.57613186 -307.35167032
616 -315.37107142 -323.01357142 -307.72857142
617 -315.77824175 -323.45101098 -308.10547252
618 -316.18541208 -323.88845054 -308.48237362
619 -316.59258241 -324.32589010 -308.85927472
620 -316.99975274 -324.76332967 -309.23617582
621 -317.40692307 -325.20076923 -309.61307692
622 -317.81409340 -325.63820879 -309.98997802
623 -318.22126373 -326.07564835 -310.36687912
624 -318.62843406 -326.51308791 -310.74378021
625 -319.03560439 -326.95052747 -311.12068131
626 -319.44277472 -327.38796703 -311.49758241
627 -319.84994505 -327.82540659 -311.87448351
628 -320.25711538 -328.26284615 -312.25138461
629 -320.66428571 -328.70028571 -312.62828571
630 -321.07145604 -329.13772527 -313.00518681
631 -321.47862637 -329.57516483 -313.38208791
632 -321.88579670 -330.01260439 -313.75898901
633 -322.29296703 -330.45004395 -314.13589010
634 -322.70013736 -330.88748351 -314.51279120
635 -323.10730769 -331.32492307 -314.88969230
636 -323.51447802 -331.76236263 -315.26659340
637 -323.92164835 -332.19980219 -315.64349450
638 -324.32881868 -332.63724175 -316.02039560
639 -324.73598901 -333.07468131 -316.39729670
640 -325.14315934 -333.51212087 -316.77419780
641 -325.55032967 -333.94956043 -317.15109890
642 -325.95750000 -334.38700000 -317.52800000
643 -326.33921195 -334.79877173 -317.87965217
644 -326.72092391 -335.21054347 -318.23130434
645 -327.10263586 -335.62231521 -318.58295652
646 -327.48434782 -336.03408695 -318.93460869
647 -327.86605978 -336.44585869 -319.28626086
648 -328.24777173 -336.85763043 -319.63791304
649 -328.62948369 -337.26940217 -319.98956521
650 -329.01119565 -337.68117391 -320.34121739
651 -329.39290760 -338.09294565 -320.69286956
652 -329.77461956 -338.50471739 -321.04452173
653 -330.15633152 -338.91648913 -321.39617391
654 -330.53804347 -339.32826086 -321.74782608
655 -330.91975543 -339.74003260 -322.09947826
656 -331.30146739 -340.15180434 -322.45113043
657 -331.68317934 -340.56357608 -322.80278260
658 -332.06489130 -340.97534782 -323.15443478
659 -332.44660326 -341.38711956 -323.50608695
660 -332.82831521 -341.79889130 -323.85773913
661 -333.21002717 -342.21066304 -324.20939130
662 -333.59173913 -342.62243478 -324.56104347
663 -333.97345108 -343.03420652 -324.91269565
664 -334.35516304 -343.44597826 -325.26434782
665 -334.73687500 -343.85775000 -325.61600000
666 -335.11858695 -344.26952173 -325.96765217
667 -335.50029891 -344.68129347 -326.31930434
668 -335.88201086 -345.09306521 -326.67095652
669 -336.26372282 -345.50483695 -327.02260869
670 -336.64543478 -345.91660869 -327.37426086
671 -337.02714673 -346.32838043 -327.72591304
672 -337.40885869 -346.74015217 -328.07756521
673 -337.79057065 -347.15192391 -328.42921739
674 -338.17228260 -347.56369565 -328.78086956
675 -338.55399456 -347.97546739 -329.13252173
676 -338.93570652 -348.38723913 -329.48417391
677 -339.31741847 -348.79901086 -329.83582608
678 -339.69913043 -349.21078260 -330.18747826
679 -340.08084239 -349.62255434 -330.53913043
680 -340.46255434 -350.03432608 -330.89078260
681 -340.84426630 -350.44609782 -331.24243478
682 -341.22597826 -350.85786956 -331.59408695
683 -341.60769021 -351.26964130 -331.94573913
684 -341.98940217 -351.68141304 -332.29739130
685 -342.37111413 -352.09318478 -332.64904347
686 -342.75282608 -352.50495652 -333.00069565
687 -343.13453804 -352.91672826 -333.35234782
688 -343.51625000 -353.32850000 -333.70400000
689 -343.89796195 -353.74027173 -334.05565217
690 -344.27967391 -354.15204347 -334.40730434
691 -344.66138586 -354.56381521 -334.75895652
692 -345.04309782 -354.97558695 -335.11060869
693 -345.42480978 -355.38735869 -335.46226086
694 -345.80652173 -355.79913043 -335.81391304
695 -346.18823369 -356.21090217 -336.16556521
696 -346.56994565 -356.62267391 -336.51721739
697 -346.95165760 -357.03444565 -336.86886956
698 -347.33336956 -357.44621739 -337.22052173
699 -347.71508152 -357.85798913 -337.57217391
700 -348.09679347 -358.26976086 -337.92382608
701 -348.47850543 -358.68153260 -338.27547826
702 -348.86021739 -359.09330434 -338.62713043
703 -349.24192934 -359.50507608 -338.97878260
704 -349.62364130 -359.91684782 -339.33043478
705 -350.00535326 -360.32861956 -339.68208695
706 -350.38706521 -360.74039130 -340.03373913
707 -350.76877717 -361.15216304 -340.38539130
708 -351.15048913 -361.56393478 -340.73704347
709 -351.53220108 -361.97570652 -341.08869565
710 -351.91391304 -362.38747826 -341.44034782
711 -352.29562500 -362.79925000 -341.79200000
712 -352.67733695 -363.21102173 -342.14365217
713 -353.05904891 -363.62279347 -342.49530434
714 -353.44076086 -364.03456521 -342.84695652
715 -353.82247282 -364.44633695 -343.19860869
716 -354.20418478 -364.85810869 -343.55026086
717 -354.58589673 -365.26988043 -343.90191304
718 -354.96760869 -365.68165217 -344.25356521
719 -355.34932065 -366.09342391 -344.60521739
720 -355.73103260 -366.50519565 -344.95686956
721 -356.11274456 -366.91696739 -345.30852173
722 -356.49445652 -367.32873913 -345.66017391
723 -356.87616847 -367.74051086 -346.01182608
724 -357.25788043 -368.15228260 -346.36347826
725 -357.63959239 -368.56405434 -346.71513043
726 -358.02130434 -368.97582608 -347.06678260
727 -358.40301630 -369.38759782 -347.41843478
728 -358.78472826 -369.79936956 -347.77008695
729 -359.16644021 -370.21114130 -348.12173913
730 -359.54815217 -370.62291304 -348.47339130
731 -359.92986413 -371.03468478 -348.82504347
732 -360.31157608 -371.44645652 -349.17669565
733 -360.69328804 -371.85822826 -349.52834782
734 -361.07500000 -372.27000000 -349.88000000
735 -361.40602739 -372.61419178 -350.19786301
736 -361.73705479 -372.95838356 -350.51572602
737 -362.06808219 -373.30257534 -350.83358904
738 -362.39910958 -373.64676712 -351.15145205
739 -362.73013698 -373.99095890 -351.46931506
740 -363.06116438 -374.33515068 -351.78717808
741 -363.39219178 -374.67934246 -352.10504109
742 -363.72321917 -375.02353424 -352.42290410
743 -364.05424657 -375.36772602 -352.74076712
744 -364.38527397 -375.71191780 -353.05863013
745 -364.71630136 -376.05610958 -353.37649315
746 -365.04732876 -376.40030136 -353.69435616
747 -365.37835616 -376.74449315 -354.01221917
748 -365.70938356 -377.08868493 -354.33008219
749 -366.04041095 -377.43287671 -354.64794520
750 -366.37143835 -377.77706849 -354.96580821
751 -366.70246575 -378.12126027 -355.28367123
752 -367.03349315 -378.46545205 -355.60153424
753 -367.36452054 -378.80964383 -355.91939726
754 -367.69554794 -379.15383561 -356.23726027
755 -368.02657534 -379.49802739 -356.55512328
756 -368.35760273 -379.84221917 -356.87298630
757 -368.68863013 -380.18641095 -357.19084931
758 -369.01965753 -380.53060273 -357.50871232
759 -369.35068493 -380.87479452 -357.82657534
760 -369.68171232 -381.21898630 -358.14443835
761 -370.01273972 -381.56317808 -358.46230136
762 -370.34376712 -381.90736986 -358.78016438
763 -370.67479452 -382.25156164 -359.09802739
764 -371.00582191 -382.59575342 -359.41589041
765 -371.33684931 -382.93994520 -359.73375342
766 -371.66787671 -383.28413698 -360.05161643
767 -371.99890410 -383.62832876 -360.36947945
768 -372.32993150 -383.97252054 -360.68734246
769 -372.66095890 -384.31671232 -361.00520547
770 -372.99198630 -384.66090410 -361.32306849
771 -373.32301369 -385.00509589 -361.64093150
772 -373.65404109 -385.34928767 -361.95879452
773 -373.98506849 -385.69347945 -362.27665753
774 -374.31609589 -386.03767123 -362.59452054
775 -374.64712328 -386.38186301 -362.91238356
776 -374.97815068 -386.72605479 -363.23024657
777 -375.30917808 -387.07024657 -363.54810958
778 -375.64020547 -387.41443835 -363.86597260
779 -375.97123287 -387.75863013 -364.18383561
780 -376.30226027 -388.10282191 -364.50169863
781 -376.63328767 -388.44701369 -364.81956164
782 -376.96431506 -388.79120547 -365.13742465
783 -377.29534246 -389.13539726 -365.45528767
784 -377.62636986 -389.47958904 -365.77315068
785 -377.95739726 -389.82378082 -366.09101369
786 -378.28842465 -390.16797260 -366.40887671
787 -378.61945205 -390.51216438 -366.72673972
788 -378.95047945 -390.85635616 -367.04460273
789 -379.28150684 -391.20054794 -367.36246575
790 -379.61253424 -391.54473972 -367.68032876
791 -379.94356164 -391.88893150 -367.99819178
792 -380.27458904 -392.23312328 -368.31605479
793 -380.60561643 -392.57731506 -368.63391780
794 -380.93664383 -392.92150684 -368.95178082
795 -381.26767123 -393.26569863 -369.26964383
796 -381.59869863 -393.60989041 -369.58750684
797 -381.92972602 -393.95408219 -369.90536986
798 -382.26075342 -394.29827397 -370.22323287
799 -382.59178082 -394.64246575 -370.54109589
800 -382.92280821 -394.98665753 -370.85895890
801 -383.25383561 -395.33084931 -371.17682191
802 -383.58486301 -395.67504109 -371.49468493
803 -383.91589041 -396.01923287 -371.81254794
804 -384.24691780 -396.36342465 -372.13041095
805 -384.57794520 -396.70761643 -372.44827397
806 -384.90897260 -397.05180821 -372.76613698
807 -385.24000000 -397.39600000 -373.08400000
808 -385.57102739 -397.74019178 -373.40186301
809 -385.90205479 -398.08438356 -373.71972602
810 -386.23308219 -398.42857534 -374.03758904
811 -386.56410958 -398.77276712 -374.35545205
812 -386.89513698 -399.11695890 -374.67331506
813 -387.22616438 -399.46115068 -374.99117808
814 -387.55719178 -399.80534246 -375.30904109
815 -387.88821917 -400.14953424 -375.62690410
816 -388.21924657 -400.49372602 -375.94476712
817 -388.55027397 -400.83791780 -376.26263013
818 -388.88130136 -401.18210958 -376.58049315
819 -389.21232876 -401.52630136 -376.89835616
820 -389.54335616 -401.87049315 -377.21621917
821 -389.87438356 -402.21468493 -377.53408219
822 -390.20541095 -402.55887671 -377.85194520
823 -390.53643835 -402.90306849 -378.16980821
824 -390.86746575 -403.24726027 -378.48767123
825 -391.19849315 -403.59145205 -378.80553424
826 -391.52952054 -403.93564383 -379.12339726
827 -391.86054794 -404.27983561 -379.44126027
828 -392.19157534 -404.62402739 -379.75912328
829 -392.52260273 -404.96821917 -380.07698630
830 -392.85363013 -405.31241095 -380.39484931
831 -393.18465753 -405.65660273 -380.71271232
832 -393.51568493 -406.00079452 -381.03057534
833 -393.84671232 -406.34498630 -381.34843835
834 -394.17773972 -406.68917808 -381.66630136
835 -394.50876712 -407.03336986 -381.98416438
836 -394.83979452 -407.37756164 -382.30202739
837 -395.17082191 -407.72175342 -382.61989041
838 -395.50184931 -408.06594520 -382.93775342
839 -395.83287671 -408.41013698 -383.25561643
840 -396.16390410 -408.75432876 -383.57347945
841 -396.49493150 -409.09852054 -383.89134246
842 -396.82595890 -409.44271232 -384.20920547
843 -397.15698630 -409.78690410 -384.52706849
844 -397.48801369 -410.13109589 -384.84493150
845 -397.81904109 -410.47528767 -385.16279452
846 -398.15006849 -410.81947945 -385.48065753
847 -398.48109589 -411.16367123 -385.79852054
848 -398.81212328 -411.50786301 -386.11638356
849 -399.14315068 -411.85205479 -386.43424657
850 -399.47417808 -412.19624657 -386.75210958
851 -399.80520547 -412.54043835 -387.06997260
852 -400.13623287 -412.88463013 -387.38783561
853 -400.46726027 -413.22882191 -387.70569863
854 -400.79828767 -413.57301369 -388.02356164
855 -401.12931506 -413.91720547 -388.34142465
856 -401.46034246 -414.26139726 -388.65928767
857 -401.79136986 -414.60558904 -388.97715068
858 -402.12239726 -414.94978082 -389.29501369
859 -402.45342465 -415.29397260 -389.61287671
860 -402.78445205 -415.63816438 -389.93073972
861 -403.11547945 -415.98235616 -390.24860273
862 -403.44650684 -416.32654794 -390.56646575
863 -403.77753424 -416.67073972 -390.88432876
864 -404.10856164 -417.01493150 -391.20219178
865 -404.43958904 -417.35912328 -391.52005479
866 -404.77061643 -417.70331506 -391.83791780
867 -405.10164383 -418.04750684 -392.15578082
868 -405.43267123 -418.39169863 -392.47364383
869 -405.76369863 -418.73589041 -392.79150684
870 -406.09472602 -419.08008219 -393.10936986
871 -406.42575342 -419.42427397 -393.42723287
872 -406.75678082 -419.76846575 -393.74509589
873 -407.08780821 -420.11265753 -394.06295890
874 -407.41883561 -420.45684931 -394.38082191
875 -407.74986301 -420.80104109 -394.69868493
876 -408.08089041 -421.14523287 -395.01654794
877 -408.41191780 -421.48942465 -395.33441095
878 -408.74294520 -421.83361643 -395.65227397
879 -409.07397260 -422.17780821 -395.97013698
880 -409.40500000 -422.52200000 -396.28800000
881 -409.73602739 -422.86619178 -396.60586301
882 -410.06705479 -423.21038356 -396.92372602
883 -410.39808219 -423.55457534 -397.24158904
884 -410.72910958 -423.89876712 -397.55945205
885 -411.06013698 -424.24295890 -397.87731506
886 -411.39116438 -424.58715068 -398.19517808
887 -411.72219178 -424.93134246 -398.51304109
888 -412.05321917 -425.27553424 -398.83090410
889 -412.38424657 -425.61972602 -399.14876712
890 -412.71527397 -425.96391780 -399.46663013
891 -413.04630136 -426.30810958 -399.78449315
892 -413.37732876 -426.65230136 -400.10235616
893 -413.70835616 -426.99649315 -400.42021917
894 -414.03938356 -427.34068493 -400.73808219
895 -414.37041095 -427.68487671 -401.05594520
896 -414.70143835 -428.02906849 -401.37380821
897 -415.03246575 -428.37326027 -401.69167123
898 -415.36349315 -428.71745205 -402.00953424
899 -415.69452054 -429.06164383 -402.32739726
900 -416.02554794 -429.40583561 -402.64526027
901 -416.35657534 -429.75002739 -402.96312328
902 -416.68760273 -430.09421917 -403.28098630
903 -417.01863013 -430.43841095 -403.59884931
904 -417.34965753 -430.78260273 -403.91671232
905 -417.68068493 -431.12679452 -404.23457534
906 -418.01171232 -431.47098630 -404.55243835
907 -418.34273972 -431.81517808 -404.87030136
908 -418.67376712 -432.15936986 -405.18816438
909 -419.00479452 -432.50356164 -405.50602739
910 -419.33582191 -432.84775342 -405.82389041
911 -419.66684931 -433.19194520 -406.14175342
912 -419.99787671 -433.53613698 -406.45961643
913 -420.32890410 -433.88032876 -406.77747945
914 -420.65993150 -434.22452054 -407.09534246
915 -420.99095890 -434.56871232 -407.41320547
916 -421.32198630 -434.91290410 -407.73106849
917 -421.65301369 -435.25709589 -408.04893150
918 -421.98404109 -435.60128767 -408.36679452
919 -422.31506849 -435.94547945 -408.68465753
920 -422.64609589 -436.28967123 -409.00252054
921 -422.97712328 -436.63386301 -409.32038356
922 -423.30815068 -436.97805479 -409.63824657
923 -423.63917808 -437.32224657 -409.95610958
924 -423.97020547 -437.66643835 -410.27397260
925 -424.30123287 -438.01063013 -410.59183561
926 -424.63226027 -438.35482191 -410.90969863
927 -424.96328767 -438.69901369 -411.22756164
928 -425.29431506 -439.04320547 -411.54542465
929 -425.62534246 -439.38739726 -411.86328767
930 -425.95636986 -439.73158904 -412.18115068
931 -426.28739726 -440.07578082 -412.49901369
932 -426.61842465 -440.41997260 -412.81687671
933 -426.94945205 -440.76416438 -413.13473972
934 -427.28047945 -441.10835616 -413.45260273
935 -427.61150684 -441.45254794 -413.77046575
936 -427.94253424 -441.79673972 -414.08832876
937 -428.27356164 -442.14093150 -414.40619178
938 -428.60458904 -442.48512328 -414.72405479
939 -428.93561643 -442.82931506 -415.04191780
940 -429.26664383 -443.17350684 -415.35978082
941 -429.59767123 -443.51769863 -415.67764383
942 -429.92869863 -443.86189041 -415.99550684
943 -430.25972602 -444.20608219 -416.31336986
944 -430.59075342 -444.55027397 -416.63123287
945 -430.92178082 -444.89446575 -416.94909589
946 -431.25280821 -445.23865753 -417.26695890
947 -431.58383561 -445.58284931 -417.58482191
948 -431.91486301 -445.92704109 -417.90268493
949 -432.24589041 -446.27123287 -418.22054794
950 -432.57691780 -446.61542465 -418.53841095
951 -432.90794520 -446.95961643 -418.85627397
952 -433.23897260 -447.30380821 -419.17413698
953 -433.57000000 -447.64800000 -419.49200000
954 -433.90102739 -447.99219178 -419.80986301
955 -434.23205479 -448.33638356 -420.12772602
956 -434.56308219 -448.68057534 -420.44558904
957 -434.89410958 -449.02476712 -420.76345205
958 -435.22513698 -449.36895890 -421.08131506
959 -435.55616438 -449.71315068 -421.39917808
960 -435.88719178 -450.05734246 -421.71704109
961 -436.21821917 -450.40153424 -422.03490410
962 -436.54924657 -450.74572602 -422.35276712
963 -436.88027397 -451.08991780 -422.67063013
964 -437.21130136 -451.43410958 -422.98849315
965 -437.54232876 -451.77830136 -423.30635616
966 -437.87335616 -452.12249315 -423.62421917
967 -438.20438356 -452.46668493 -423.94208219
968 -438.53541095 -452.81087671 -424.25994520
969 -438.86643835 -453.15506849 -424.57780821
970 -439.19746575 -453.49926027 -424.89567123
971 -439.52849315 -453.84345205 -425.21353424
972 -439.85952054 -454.18764383 -425.53139726
973 -440.19054794 -454.53183561 -425.84926027
974 -440.52157534 -454.87602739 -426.16712328
975 -440.85260273 -455.22021917 -426.48498630
976 -441.18363013 -455.56441095 -426.80284931
977 -441.51465753 -455.90860273 -427.12071232
978 -441.84568493 -456.25279452 -427.43857534
979 -442.17671232 -456.59698630 -427.75643835
980 -442.50773972 -456.94117808 -428.07430136
981 -442.83876712 -457.28536986 -428.39216438
982 -443.16979452 -457.62956164 -428.71002739
983 -443.50082191 -457.97375342 -429.02789041
984 -443.83184931 -458.31794520 -429.34575342
985 -444.16287671 -458.66213698 -429.66361643
986 -444.49390410 -459.00632876 -429.98147945
987 -444.82493150 -459.35052054 -430.29934246
988 -445.15595890 -459.69471232 -430.61720547
989 -445.48698630 -460.03890410 -430.93506849
990 -445.81801369 -460.38309589 -431.25293150
991 -446.14904109 -460.72728767 -431.57079452
992 -446.48006849 -461.07147945 -431.88865753
993 -446.81109589 -461.41567123 -432.20652054
994 -447.14212328 -461.75986301 -432.52438356
995 -447.47315068 -462.10405479 -432.84224657
996 -447.80417808 -462.44824657 -433.16010958
997 -448.13520547 -462.79243835 -433.47797260
998 -448.46623287 -463.13663013 -433.79583561
999 -448.79726027 -463.48082191 -434.11369863
1000 -449.12828767 -463.82501369 -434.43156164
1001 -449.45931506 -464.16920547 -434.74942465
1002 -449.79034246 -464.51339726 -435.06728767
1003 -450.12136986 -464.85758904 -435.38515068
1004 -450.45239726 -465.20178082 -435.70301369
1005 -450.78342465 -465.54597260 -436.02087671
1006 -451.11445205 -465.89016438 -436.33873972
1007 -451.44547945 -466.23435616 -436.65660273
1008 -451.77650684 -466.57854794 -436.97446575
1009 -452.10753424 -466.92273972 -437.29232876
1010 -452.43856164 -467.26693150 -437.61019178
1011 -452.76958904 -467.61112328 -437.92805479
1012 -453.10061643 -467.95531506 -438.24591780
1013 -453.43164383 -468.29950684 -438.56378082
1014 -453.76267123 -468.64369863 -438.88164383
1015 -454.09369863 -468.98789041 -439.19950684
1016 -454.42472602 -469.33208219 -439.51736986
1017 -454.75575342 -469.67627397 -439.83523287
1018 -455.08678082 -470.02046575 -440.15309589
1019 -455.41780821 -470.36465753 -440.47095890
1020 -455.74883561 -470.70884931 -440.78882191
1021 -456.07986301 -471.05304109 -441.10668493
1022 -456.41089041 -471.39723287 -441.42454794
1023 -456.74191780 -471.74142465 -441.74241095
1024 -457.07294520 -472.08561643 -442.06027397
1025 -457.40397260 -472.42980821 -442.37813698
1026 -457.73500000 -472.77400000 -442.69600000
1027 -458.06602739 -473.11819178 -443.01386301
1028 -458.39705479 -473.46238356 -443.33172602
1029 -458.72808219 -473.80657534 -443.64958904
1030 -459.05910958 -474.15076712 -443.96745205
1031 -459.39013698 -474.49495890 -444.28531506
1032 -459.72116438 -474.83915068 -444.60317808
1033 -460.05219178 -475.18334246 -444.92104109
1034 -460.38321917 -475.52753424 -445.23890410
1035 -460.71424657 -475.87172602 -445.55676712
1036 -461.04527397 -476.21591780 -445.87463013
1037 -461.37630136 -476.56010958 -446.19249315
1038 -461.70732876 -476.90430136 -446.51035616
1039 -462.03835616 -477.24849315 -446.82821917
1040 -462.36938356 -477.59268493 -447.14608219
1041 -462.70041095 -477.93687671 -447.46394520
1042 -463.03143835 -478.28106849 -447.78180821
1043 -463.36246575 -478.62526027 -448.09967123
1044 -463.69349315 -478.96945205 -448.41753424
1045 -464.02452054 -479.31364383 -448.73539726
1046 -464.35554794 -479.65783561 -449.05326027
1047 -464.68657534 -480.00202739 -449.37112328
1048 -465.01760273 -480.34621917 -449.68898630
1049 -465.34863013 -480.69041095 -450.00684931
1050 -465.67965753 -481.03460273 -450.32471232
1051 -466.01068493 -481.37879452 -450.64257534
1052 -466.34171232 -481.72298630 -450.96043835
1053 -466.67273972 -482.06717808 -451.27830136
1054 -467.00376712 -482.41136986 -451.59616438
1055 -467.33479452 -482.75556164 -451.91402739
1056 -467.66582191 -483.09975342 -452.23189041
1057 -467.99684931 -483.44394520 -452.54975342
1058 -468.32787671 -483.78813698 -452.86761643
1059 -468.65890410 -484.13232876 -453.18547945
1060 -468.98993150 -484.47652054 -453.50334246
1061 -469.32095890 -484.82071232 -453.82120547
1062 -469.65198630 -485.16490410 -454.13906849
1063 -469.98301369 -485.50909589 -454.45693150
1064 -470.31404109 -485.85328767 -454.77479452
1065 -470.64506849 -486.19747945 -455.09265753
1066 -470.97609589 -486.54167123 -455.41052054
1067 -471.30712328 -486.88586301 -455.72838356
1068 -471.63815068 -487.23005479 -456.04624657
1069 -471.96917808 -487.57424657 -456.36410958
1070 -472.30020547 -487.91843835 -456.68197260
1071 -472.63123287 -488.26263013 -456.99983561
1072 -472.96226027 -488.60682191 -457.31769863
1073 -473.29328767 -488.95101369 -457.63556164
1074 -473.62431506 -489.29520547 -457.95342465
1075 -473.95534246 -489.63939726 -458.27128767
1076 -474.28636986 -489.98358904 -458.58915068
1077 -474.61739726 -490.32778082 -458.90701369
1078 -474.94842465 -490.67197260 -459.22487671
1079 -475.27945205 -491.01616438 -459.54273972
1080 -475.61047945 -491.36035616 -459.86060273
1081 -475.94150684 -491.70454794 -460.17846575
1082 -476.27253424 -492.04873972 -460.49632876
1083 -476.60356164 -492.39293150 -460.81419178
1084 -476.93458904 -492.73712328 -461.13205479
1085 -477.26561643 -493.08131506 -461.44991780
1086 -477.59664383 -493.42550684 -461.76778082
1087 -477.92767123 -493.76969863 -462.08564383
1088 -478.25869863 -494.11389041 -462.40350684
1089 -478.58972602 -494.45808219 -462.72136986
1090 -478.92075342 -494.80227397 -463.03923287
1091 -479.25178082 -495.14646575 -463.35709589
1092 -479.58280821 -495.49065753 -463.67495890
1093 -479.91383561 -495.83484931 -463.99282191
1094 -480.24486301 -496.17904109 -464.31068493
1095 -480.57589041 -496.52323287 -464.62854794
1096 -480.90691780 -496.86742465 -464.94641095
1097 -481.23794520 -497.21161643 -465.26427397
1098 -481.56897260 -497.55580821 -465.58213698
1099 -481.90000000 -497.90000000 -465.90000000
1100 -482.20373569 -498.22851226 -466.17895912
1101 -482.50747138 -498.55702452 -466.45791825
1102 -482.81120708 -498.88553678 -466.73687738
1103 -483.11494277 -499.21404904 -467.01583651
1104 -483.41867847 -499.54256130 -467.29479564
1105 -483.72241416 -499.87107356 -467.57375476
1106 -484.02614986 -500.19958583 -467.85271389
1107 -484.32988555 -500.52809809 -468.13167302
1108 -484.63362125 -500.85661035 -468.41063215
1109 -484.93735694 -501.18512261 -468.68959128
1110 -485.24109264 -501.51363487 -468.96855040
1111 -485.54482833 -501.84214713 -469.24750953
1112 -485.84856403 -502.17065940 -469.52646866
1113 -486.15229972 -502.49917166 -469.80542779
1114 -486.45603542 -502.82768392 -470.08438692
1115 -486.75977111 -503.15619618 -470.36334604
1116 -487.06350681 -503.48470844 -470.64230517
1117 -487.36724250 -503.81322070 -470.92126430
1118 -487.67097820 -504.14173297 -471.20022343
1119 -487.97471389 -504.47024523 -471.47918256
1120 -488.27844959 -504.79875749 -471.75814168
1121 -488.58218528 -505.12726975 -472.03710081
1122 -488.88592098 -505.45578201 -472.31605994
1123 -489.18965667 -505.78429427 -472.59501907
1124 -489.49339237 -506.11280653 -472.87397820
1125 -489.79712806 -506.44131880 -473.15293732
1126 -490.10086376 -506.76983106 -473.43189645
1127 -490.40459945 -507.09834332 -473.71085558
1128 -490.70833514 -507.42685558 -473.98981471
1129 -491.01207084 -507.75536784 -474.26877384
1130 -491.31580653 -508.08388010 -474.54773297
1131 -491.61954223 -508.41239237 -474.82669209
1132 -491.92327792 -508.74090463 -475.10565122
1133 -492.22701362 -509.06941689 -475.38461035
1134 -492.53074931 -509.39792915 -475.66356948
1135 -492.83448501 -509.72644141 -475.94252861
1136 -493.13822070 -510.05495367 -476.22148773
1137 -493.44195640 -510.38346594 -476.50044686
1138 -493.74569209 -510.71197820 -476.77940599
1139 -494.04942779 -511.04049046 -477.05836512
1140 -494.35316348 -511.36900272 -477.33732425
1141 -494.65689918 -511.69751498 -477.61628337
1142 -494.96063487 -512.02602724 -477.89524250
1143 -495.26437057 -512.35453950 -478.17420163
1144 -495.56810626 -512.68305177 -478.45316076
1145 -495.87184196 -513.01156403 -478.73211989
1146 -496.17557765 -513.34007629 -479.01107901
1147 -496.47931335 -513.66858855 -479.29003814
1148 -496.78304904 -513.99710081 -479.56899727
1149 -497.08678474 -514.32561307 -479.84795640
1150 -497.39052043 -514.65412534 -480.12691553
1151 -497.69425613 -514.98263760 -480.40587465
1152 -497.99799182 -515.31114986 -480.68483378
1153 -498.30172752 -515.63966212 -480.96379291
1154 -498.60546321 -515.96817438 -481.24275204
1155 -498.90919891 -516.29668664 -481.52171117
1156 -499.21293460 -516.62519891 -481.80067029
1157 -499.51667029 -516.95371117 -482.07962942
1158 -499.82040599 -517.28222343 -482.35858855
1159 -500.12414168 -517.61073569 -482.63754768
1160 -500.42787738 -517.93924795 -482.91650681
1161 -500.73161307 -518.26776021 -483.19546594
1162 -501.03534877 -518.59627247 -483.47442506
1163 -501.33908446 -518.92478474 -483.75338419
1164 -501.64282016 -519.25329700 -484.03234332
1165 -501.94655585 -519.58180926 -484.31130245
1166 -502.25029155 -519.91032152 -484.59026158
1167 -502.55402724 -520.23883378 -484.86922070
1168 -502.85776294 -520.56734604 -485.14817983
1169 -503.16149863 -520.89585831 -485.42713896
1170 -503.46523433 -521.22437057 -485.70609809
1171 -503.76897002 -521.55288283 -485.98505722
1172 -504.07270572 -521.88139509 -486.26401634
1173 -504.37644141 -522.20990735 -486.54297547
1174 -504.68017711 -522.53841961 -486.82193460
1175 -504.98391280 -522.86693188 -487.10089373
1176 -505.28764850 -523.19544414 -487.37985286
1177 -505.59138419 -523.52395640 -487.65881198
1178 -505.89511989 -523.85246866 -487.93777111
1179 -506.19885558 -524.18098092 -488.21673024
1180 -506.50259128 -524.50949318 -488.49568937
1181 -506.80632697 -524.83800544 -488.77464850
1182 -507.11006267 -525.16651771 -489.05360762
1183 -507.41379836 -525.49502997 -489.33256675
1184 -507.71753405 -525.82354223 -489.61152588
1185 -508.02126975 -526.15205449 -489.89048501
1186 -508.32500544 -526.48056675 -490.16944414
1187 -508.62874114 -526.80907901 -490.44840326
1188 -508.93247683 -527.13759128 -490.72736239
1189 -509.23621253 -527.46610354 -491.00632152
1190 -509.53994822 -527.79461580 -491.28528065
1191 -509.84368392 -528.12312806 -491.56423978
1192 -510.14741961 -528.45164032 -491.84319891
1193 -510.45115531 -528.78015258 -492.12215803
1194 -510.75489100 -529.10866485 -492.40111716
1195 -511.05862670 -529.43717711 -492.68007629
1196 -511.36236239 -529.76568937 -492.95903542
1197 -511.66609809 -530.09420163 -493.23799455
1198 -511.96983378 -530.42271389 -493.51695367
1199 -512.27356948 -530.75122615 -493.79591280
1200 -512.57730517 -531.07973841 -494.07487193
1201 -512.88104087 -531.40825068 -494.35383106
1202 -513.18477656 -531.73676294 -494.63279019
1203 -513.48851226 -532.06527520 -494.91174931
1204 -513.79224795 -532.39378746 -495.19070844
1205 -514.09598365 -532.72229972 -495.46966757
1206 -514.39971934 -533.05081198 -495.74862670
1207 -514.70345504 -533.37932425 -496.02758583
1208 -515.00719073 -533.70783651 -496.30654495
1209 -515.31092643 -534.03634877 -496.58550408
1210 -515.61466212 -534.36486103 -496.86446321
1211 -515.91839782 -534.69337329 -497.14342234
1212 -516.22213351 -535.02188555 -497.42238147
1213 -516.52586920 -535.35039782 -497.70134059
1214 -516.82960490 -535.67891008 -497.98029972
1215 -517.13334059 -536.00742234 -498.25925885
1216 -517.43707629 -536.33593460 -498.53821798
1217 -517.74081198 -536.66444686 -498.81717711
1218 -518.04454768 -536.99295912 -499.09613623
1219 -518.34828337 -537.32147138 -499.37509536
1220 -518.65201907 -537.64998365 -499.65405449
1221 -518.95575476 -537.97849591 -499.93301362
1222 -519.25949046 -538.30700817 -500.21197275
1223 -519.56322615 -538.63552043 -500.49093188
1224 -519.86696185 -538.96403269 -500.76989100
1225 -520.17069754 -539.29254495 -501.04885013
1226 -520.47443324 -539.62105722 -501.32780926
1227 -520.77816893 -539.94956948 -501.60676839
1228 -521.08190463 -540.27808174 -501.88572752
1229 -521.38564032 -540.60659400 -502.16468664
1230 -521.68937602 -540.93510626 -502.44364577
1231 -521.99311171 -541.26361852 -502.72260490
1232 -522.29684741 -541.59213079 -503.00156403
1233 -522.60058310 -541.92064305 -503.28052316
1234 -522.90431880 -542.24915531 -503.55948228
1235 -523.20805449 -542.57766757 -503.83844141
1236 -523.51179019 -542.90617983 -504.11740054
1237 -523.81552588 -543.23469209 -504.39635967
1238 -524.11926158 -543.56320435 -504.67531880
1239 -524.42299727 -543.89171662 -504.95427792
1240 -524.72673297 -544.22022888 -505.23323705
1241 -525.03046866 -544.54874114 -505.51219618
1242 -525.33420435 -544.87725340 -505.79115531
1243 -525.63794005 -545.20576566 -506.07011444
1244 -525.94167574 -545.53427792 -506.34907356
1245 -526.24541144 -545.86279019 -506.62803269
1246 -526.54914713 -546.19130245 -506.90699182
1247 -526.85288283 -546.51981471 -507.18595095
1248 -527.15661852 -546.84832697 -507.46491008
1249 -527.46035422 -547.17683923 -507.74386920
1250 -527.76408991 -547.50535149 -508.02282833
1251 -528.06782561 -547.83386376 -508.30178746
1252 -528.37156130 -548.16237602 -508.58074659
1253 -528.67529700 -548.49088828 -508.85970572
1254 -528.97903269 -548.81940054 -509.13866485
1255 -529.28276839 -549.14791280 -509.41762397
1256 -529.58650408 -549.47642506 -509.69658310
1257 -529.89023978 -549.80493732 -509.97554223
1258 -530.19397547 -550.13344959 -510.25450136
1259 -530.49771117 -550.46196185 -510.53346049
1260 -530.80144686 -550.79047411 -510.81241961
1261 -531.10518256 -551.11898637 -511.09137874
1262 -531.40891825 -551.44749863 -511.37033787
1263 -531.71265395 -551.77601089 -511.64929700
1264 -532.01638964 -552.10452316 -511.92825613
1265 -532.32012534 -552.43303542 -512.20721525
1266 -532.62386103 -552.76154768 -512.48617438
1267 -532.92759673 -553.09005994 -512.76513351
1268 -533.23133242 -553.41857220 -513.04409264
1269 -533.53506811 -553.74708446 -513.32305177
1270 -533.83880381 -554.07559673 -513.60201089
1271 -534.14253950 -554.40410899 -513.88097002
1272 -534.44627520 -554.73262125 -514.15992915
1273 -534.75001089 -555.06113351 -514.43888828
1274 -535.05374659 -555.38964577 -514.71784741
1275 -535.35748228 -555.71815803 -514.99680653
1276 -535.66121798 -556.04667029 -515.27576566
1277 -535.96495367 -556.37518256 -515.55472479
1278 -536.26868937 -556.70369482 -515.83368392
1279 -536.57242506 -557.03220708 -516.11264305
1280 -536.87616076 -557.36071934 -516.39160217
1281 -537.17989645 -557.68923160 -516.67056130
1282 -537.48363215 -558.01774386 -516.94952043
1283 -537.78736784 -558.34625613 -517.22847956
1284 -538.09110354 -558.67476839 -517.50743869
1285 -538.39483923 -559.00328065 -517.78639782
1286 -538.69857493 -559.33179291 -518.06535694
1287 -539.00231062 -559.66030517 -518.34431607
1288 -539.30604632 -559.98881743 -518.62327520
1289 -539.60978201 -560.31732970 -518.90223433
1290 -539.91351771 -560.64584196 -519.18119346
1291 -540.21725340 -560.97435422 -519.46015258
1292 -540.52098910 -561.30286648 -519.73911171
1293 -540.82472479 -561.63137874 -520.01807084
1294 -541.12846049 -561.95989100 -520.29702997
1295 -541.43219618 -562.28840326 -520.57598910
1296 -541.73593188 -562.61691553 -520.85494822
1297 -542.03966757 -562.94542779 -521.13390735
1298 -542.34340326 -563.27394005 -521.41286648
1299 -542.64713896 -563.60245231 -521.69182561
1300 -542.95087465 -563.93096457 -521.97078474
1301 -543.25461035 -564.25947683 -522.24974386
1302 -543.55834604 -564.58798910 -522.52870299
1303 -543.86208174 -564.91650136 -522.80766212
1304 -544.16581743 -565.24501362 -523.08662125
1305 -544.46955313 -565.57352588 -523.36558038
1306 -544.77328882 -565.90203814 -523.64453950
1307 -545.07702452 -566.23055040 -523.92349863
1308 -545.38076021 -566.55906267 -524.20245776
1309 -545.68449591 -566.88757493 -524.48141689
1310 -545.98823160 -567.21608719 -524.76037602
1311 -546.29196730 -567.54459945 -525.03933514
1312 -546.59570299 -567.87311171 -525.31829427
1313 -546.89943869 -568.20162397 -525.59725340
1314 -547.20317438 -568.53013623 -525.87621253
1315 -547.50691008 -568.85864850 -526.15517166
1316 -547.81064577 -569.18716076 -526.43413079
1317 -548.11438147 -569.51567302 -526.71308991
1318 -548.41811716 -569.84418528 -526.99204904
1319 -548.72185286 -570.17269754 -527.27100817
1320 -549.02558855 -570.50120980 -527.54996730
1321 -549.32932425 -570.82972207 -527.82892643
1322 -549.63305994 -571.15823433 -528.10788555
1323 -549.93679564 -571.48674659 -528.38684468
1324 -550.24053133 -571.81525885 -528.66580381
1325 -550.54426703 -572.14377111 -528.94476294
1326 -550.84800272 -572.47228337 -529.22372207
1327 -551.15173841 -572.80079564 -529.50268119
1328 -551.45547411 -573.12930790 -529.78164032
1329 -551.75920980 -573.45782016 -530.06059945
1330 -552.06294550 -573.78633242 -530.33955858
1331 -552.36668119 -574.11484468 -530.61851771
1332 -552.67041689 -574.44335694 -530.89747683
1333 -552.97415258 -574.77186920 -531.17643596
1334 -553.27788828 -575.10038147 -531.45539509
1335 -553.58162397 -575.42889373 -531.73435422
1336 -553.88535967 -575.75740599 -532.01331335
1337 -554.18909536 -576.08591825 -532.29227247
1338 -554.49283106 -576.41443051 -532.57123160
1339 -554.79656675 -576.74294277 -532.85019073
1340 -555.10030245 -577.07145504 -533.12914986
1341 -555.40403814 -577.39996730 -533.40810899
1342 -555.70777384 -577.72847956 -533.68706811
1343 -556.01150953 -578.05699182 -533.96602724
1344 -556.31524523 -578.38550408 -534.24498637
1345 -556.61898092 -578.71401634 -534.52394550
1346 -556.92271662 -579.04252861 -534.80290463
1347 -557.22645231 -579.37104087 -535.08186376
1348 -557.53018801 -579.69955313 -535.36082288
1349 -557.83392370 -580.02806539 -535.63978201
1350 -558.13765940 -580.35657765 -535.91874114
1351 -558.44139509 -580.68508991 -536.19770027
1352 -558.74513079 -581.01360217 -536.47665940
1353 -559.04886648 -581.34211444 -536.75561852
1354 -559.35260217 -581.67062670 -537.03457765
1355 -559.65633787 -581.99913896 -537.31353678
1356 -559.96007356 -582.32765122 -537.59249591
1357 -560.26380926 -582.65616348 -537.87145504
1358 -560.56754495 -582.98467574 -538.15041416
1359 -560.87128065 -583.31318801 -538.42937329
1360 -561.17501634 -583.64170027 -538.70833242
1361 -561.47875204 -583.97021253 -538.98729155
1362 -561.78248773 -584.29872479 -539.26625068
1363 -562.08622343 -584.62723705 -539.54520980
1364 -562.38995912 -584.95574931 -539.82416893
1365 -562.69369482 -585.28426158 -540.10312806
1366 -562.99743051 -585.61277384 -540.38208719
1367 -563.30116621 -585.94128610 -540.66104632
1368 -563.60490190 -586.26979836 -540.94000544
1369 -563.90863760 -586.59831062 -541.21896457
1370 -564.21237329 -586.92682288 -541.49792370
1371 -564.51610899 -587.25533514 -541.77688283
1372 -564.81984468 -587.58384741 -542.05584196
1373 -565.12358038 -587.91235967 -542.33480108
1374 -565.42731607 -588.24087193 -542.61376021
1375 -565.73105177 -588.56938419 -542.89271934
1376 -566.03478746 -588.89789645 -543.17167847
1377 -566.33852316 -589.22640871 -543.45063760
1378 -566.64225885 -589.55492098 -543.72959673
1379 -566.94599455 -589.88343324 -544.00855585
1380 -567.24973024 -590.21194550 -544.28751498
1381 -567.55346594 -590.54045776 -544.56647411
1382 -567.85720163 -590.86897002 -544.84543324
1383 -568.16093732 -591.19748228 -545.12439237
1384 -568.46467302 -591.52599455 -545.40335149
1385 -568.76840871 -591.85450681 -545.68231062
1386 -569.07214441 -592.18301907 -545.96126975
1387 -569.37588010 -592.51153133 -546.24022888
1388 -569.67961580 -592.84004359 -546.51918801
1389 -569.98335149 -593.16855585 -546.79814713
1390 -570.28708719 -593.49706811 -547.07710626
1391 -570.59082288 -593.82558038 -547.35606539
1392 -570.89455858 -594.15409264 -547.63502452
1393 -571.19829427 -594.48260490 -547.91398365
1394 -571.50202997 -594.81111716 -548.19294277
1395 -571.80576566 -595.13962942 -548.47190190
1396 -572.10950136 -595.46814168 -548.75086103
1397 -572.41323705 -595.79665395 -549.02982016
1398 -572.71697275 -596.12516621 -549.30877929
1399 -573.02070844 -596.45367847 -549.58773841
1400 -573.32444414 -596.78219073 -549.86669754
1401 -573.62817983 -597.11070299 -550.14565667
1402 -573.93191553 -597.43921525 -550.42461580
1403 -574.23565122 -597.76772752 -550.70357493
1404 -574.53938692 -598.09623978 -550.98253405
1405 -574.84312261 -598.42475204 -551.26149318
1406 -575.14685831 -598.75326430 -551.54045231
1407 -575.45059400 -599.08177656 -551.81941144
1408 -575.75432970 -599.41028882 -552.09837057
1409 -576.05806539 -599.73880108 -552.37732970
1410 -576.36180108 -600.06731335 -552.65628882
1411 -576.66553678 -600.39582561 -552.93524795
1412 -576.96927247 -600.72433787 -553.21420708
1413 -577.27300817 -601.05285013 -553.49316621
1414 -577.57674386 -601.38136239 -553.77212534
1415 -577.88047956 -601.70987465 -554.05108446
1416 -578.18421525 -602.03838692 -554.33004359
1417 -578.48795095 -602.36689918 -554.60900272
1418 -578.79168664 -602.69541144 -554.88796185
1419 -579.09542234 -603.02392370 -555.16692098
1420 -579.39915803 -603.35243596 -555.44588010
1421 -579.70289373 -603.68094822 -555.72483923
1422 -580.00662942 -604.00946049 -556.00379836
1423 -580.31036512 -604.33797275 -556.28275749
1424 -580.61410081 -604.66648501 -556.56171662
1425 -580.91783651 -604.99499727 -556.84067574
1426 -581.22157220 -605.32350953 -557.11963487
1427 -581.52530790 -605.65202179 -557.39859400
1428 -581.82904359 -605.98053405 -557.67755313
1429 -582.13277929 -606.30904632 -557.95651226
1430 -582.43651498 -606.63755858 -558.23547138
1431 -582.74025068 -606.96607084 -558.51443051
1432 -583.04398637 -607.29458310 -558.79338964
1433 -583.34772207 -607.62309536 -559.07234877
1434 -583.65145776 -607.95160762 -559.35130790
1435 -583.95519346 -608.28011989 -559.63026703
1436 -584.25892915 -608.60863215 -559.90922615
1437 -584.56266485 -608.93714441 -560.18818528
1438 -584.86640054 -609.26565667 -560.46714441
1439 -585.17013623 -609.59416893 -560.74610354
1440 -585.47387193 -609.92268119 -561.02506267
1441 -585.77760762 -610.25119346 -561.30402179
1442 -586.08134332 -610.57970572 -561.58298092
1443 -586.38507901 -610.90821798 -561.86194005
1444 -586.68881471 -611.23673024 -562.14089918
1445 -586.99255040 -611.56524250 -562.41985831
1446 -587.29628610 -611.89375476 -562.69881743
1447 -587.60002179 -612.22226703 -562.97777656
1448 -587.90375749 -612.55077929 -563.25673569
1449 -588.20749318 -612.87929155 -563.53569482
1450 -588.51122888 -613.20780381 -563.81465395
1451 -588.81496457 -613.53631607 -564.09361307
1452 -589.11870027 -613.86482833 -564.37257220
1453 -589.42243596 -614.19334059 -564.65153133
1454 -589.72617166 -614.52185286 -564.93049046
1455 -590.02990735 -614.85036512 -565.20944959
1456 -590.33364305 -615.17887738 -565.48840871
1457 -590.63737874 -615.50738964 -565.76736784
1458 -590.94111444 -615.83590190 -566.04632697
1459 -591.24485013 -616.16441416 -566.32528610
1460 -591.54858583 -616.49292643 -566.60424523
1461 -591.85232152 -616.82143869 -566.88320435
1462 -592.15605722 -617.14995095 -567.16216348
1463 -592.45979291 -617.47846321 -567.44112261
1464 -592.76352861 -617.80697547 -567.72008174
1465 -593.06726430 -618.13548773 -567.99904087
1466 -593.37100000 -618.46400000 -568.27800000
1467 -593.71438324 -618.82019780 -568.60856868
1468 -594.05776648 -619.17639560 -568.93913736
1469 -594.40114972 -619.53259340 -569.26970604
1470 -594.74453296 -619.88879120 -569.60027472
1471 -595.08791620 -620.24498901 -569.93084340
1472 -595.43129945 -620.60118681 -570.26141208
1473 -595.77468269 -620.95738461 -570.59198076
1474 -596.11806593 -621.31358241 -570.92254945
1475 -596.46144917 -621.66978021 -571.25311813
1476 -596.80483241 -622.02597802 -571.58368681
1477 -597.14821565 -622.38217582 -571.91425549
1478 -597.49159890 -622.73837362 -572.24482417
1479 -597.83498214 -623.09457142 -572.57539285
1480 -598.17836538 -623.45076923 -572.90596153
1481 -598.52174862 -623.80696703 -573.23653021
1482 -598.86513186 -624.16316483 -573.56709890
1483 -599.20851510 -624.51936263 -573.89766758
1484 -599.55189835 -624.87556043 -574.22823626
1485 -599.89528159 -625.23175824 -574.55880494
1486 -600.23866483 -625.58795604 -574.88937362
1487 -600.58204807 -625.94415384 -575.21994230
1488 -600.92543131 -626.30035164 -575.55051098
1489 -601.26881456 -626.65654945 -575.88107967
1490 -601.61219780 -627.01274725 -576.21164835
1491 -601.95558104 -627.36894505 -576.54221703
1492 -602.29896428 -627.72514285 -576.87278571
1493 -602.64234752 -628.08134065 -577.20335439
1494 -602.98573076 -628.43753846 -577.53392307
1495 -603.32911401 -628.79373626 -577.86449175
1496 -603.67249725 -629.14993406 -578.19506043
1497 -604.01588049 -629.50613186 -578.52562912
1498 -604.35926373 -629.86232967 -578.85619780
1499 -604.70264697 -630.21852747 -579.18676648
1500 -605.04603021 -630.57472527 -579.51733516
1501 -605.38941346 -630.93092307 -579.84790384
1502 -605.73279670 -631.28712087 -580.17847252
1503 -606.07617994 -631.64331868 -580.50904120
1504 -606.41956318 -631.99951648 -580.83960989
1505 -606.76294642 -632.35571428 -581.17017857
1506 -607.10632967 -632.71191208 -581.50074725
1507 -607.44971291 -633.06810989 -581.83131593
1508 -607.79309615 -633.42430769 -582.16188461
1509 -608.13647939 -633.78050549 -582.49245329
1510 -608.47986263 -634.13670329 -582.82302197
1511 -608.82324587 -634.49290109 -583.15359065
1512 -609.16662912 -634.84909890 -583.48415934
1513 -609.51001236 -635.20529670 -583.81472802
1514 -609.85339560 -635.56149450 -584.14529670
1515 -610.19677884 -635.91769230 -584.47586538
1516 -610.54016208 -636.27389010 -584.80643406
1517 -610.88354532 -636.63008791 -585.13700274
1518 -611.22692857 -636.98628571 -585.46757142
1519 -611.57031181 -637.34248351 -585.79814010
1520 -611.91369505 -637.69868131 -586.12870879
1521 -612.25707829 -638.05487912 -586.45927747
1522 -612.60046153 -638.41107692 -586.78984615
1523 -612.94384478 -638.76727472 -587.12041483
1524 -613.28722802 -639.12347252 -587.45098351
1525 -613.63061126 -639.47967032 -587.78155219
1526 -613.97399450 -639.83586813 -588.11212087
1527 -614.31737774 -640.19206593 -588.44268956
1528 -614.66076098 -640.54826373 -588.77325824
1529 -615.00414423 -640.90446153 -589.10382692
1530 -615.34752747 -641.26065934 -589.43439560
1531 -615.69091071 -641.61685714 -589.76496428
1532 -616.03429395 -641.97305494 -590.09553296
1533 -616.37767719 -642.32925274 -590.42610164
1534 -616.72106043 -642.68545054 -590.75667032
1535 -617.06444368 -643.04164835 -591.08723901
1536 -617.40782692 -643.39784615 -591.41780769
1537 -617.75121016 -643.75404395 -591.74837637
1538 -618.09459340 -644.11024175 -592.07894505
1539 -618.43797664 -644.46643956 -592.40951373
1540 -618.78135989 -644.82263736 -592.74008241
1541 -619.12474313 -645.17883516 -593.07065109
1542 -619.46812637 -645.53503296 -593.40121978
1543 -619.81150961 -645.89123076 -593.73178846
1544 -620.15489285 -646.24742857 -594.06235714
1545 -620.49827609 -646.60362637 -594.39292582
1546 -620.84165934 -646.95982417 -594.72349450
1547 -621.18504258 -647.31602197 -595.05406318
1548 -621.52842582 -647.67221978 -595.38463186
1549 -621.87180906 -648.02841758 -595.71520054
1550 -622.21519230 -648.38461538 -596.04576923
1551 -622.55857554 -648.74081318 -596.37633791
1552 -622.90195879 -649.09701098 -596.70690659
1553 -623.24534203 -649.45320879 -597.03747527
1554 -623.58872527 -649.80940659 -597.36804395
1555 -623.93210851 -650.16560439 -597.69861263
1556 -624.27549175 -650.52180219 -598.02918131
1557 -624.61887500 -650.87800000 -598.35975000
1558 -624.96225824 -651.23419780 -598.69031868
1559 -625.30564148 -651.59039560 -599.02088736
1560 -625.64902472 -651.94659340 -599.35145604
1561 -625.99240796 -652.30279120 -599.68202472
1562 -626.33579120 -652.65898901 -600.01259340
1563 -626.67917445 -653.01518681 -600.34316208
1564 -627.02255769 -653.37138461 -600.67373076
1565 -627.36594093 -653.72758241 -601.00429945
1566 -627.70932417 -654.08378021 -601.33486813
1567 -628.05270741 -654.43997802 -601.66543681
1568 -628.39609065 -654.79617582 -601.99600549
1569 -628.73947390 -655.15237362 -602.32657417
1570 -629.08285714 -655.50857142 -602.65714285
1571 -629.42624038 -655.86476923 -602.98771153
1572 -629.76962362 -656.22096703 -603.31828021
1573 -630.11300686 -656.57716483 -603.64884890
1574 -630.45639010 -656.93336263 -603.97941758
1575 -630.79977335 -657.28956043 -604.30998626
1576 -631.14315659 -657.64575824 -604.64055494
1577 -631.48653983 -658.00195604 -604.97112362
1578 -631.82992307 -658.35815384 -605.30169230
1579 -632.17330631 -658.71435164 -605.63226098
1580 -632.51668956 -659.07054945 -605.96282967
1581 -632.86007280 -659.42674725 -606.29339835
1582 -633.20345604 -659.78294505 -606.62396703
1583 -633.54683928 -660.13914285 -606.95453571
1584 -633.89022252 -660.49534065 -607.28510439
1585 -634.23360576 -660.85153846 -607.61567307
1586 -634.57698901 -661.20773626 -607.94624175
1587 -634.92037225 -661.56393406 -608.27681043
1588 -635.26375549 -661.92013186 -608.60737912
1589 -635.60713873 -662.27632967 -608.93794780
1590 -635.95052197 -662.63252747 -609.26851648
1591 -636.29390521 -662.98872527 -609.59908516
1592 -636.63728846 -663.34492307 -609.92965384
1593 -636.98067170 -663.70112087 -610.26022252
1594 -637.32405494 -664.05731868 -610.59079120
1595 -637.66743818 -664.41351648 -610.92135989
1596 -638.01082142 -664.76971428 -611.25192857
1597 -638.35420467 -665.12591208 -611.58249725
1598 -638.69758791 -665.48210989 -611.91306593
1599 -639.04097115 -665.83830769 -612.24363461
1600 -639.38435439 -666.19450549 -612.57420329
1601 -639.72773763 -666.55070329 -612.90477197
1602 -640.07112087 -666.90690109 -613.23534065
1603 -640.41450412 -667.26309890 -613.56590934
1604 -640.75788736 -667.61929670 -613.89647802
1605 -641.10127060 -667.97549450 -614.22704670
1606 -641.44465384 -668.33169230 -614.55761538
1607 -641.78803708 -668.68789010 -614.88818406
1608 -642.13142032 -669.04408791 -615.21875274
1609 -642.47480357 -669.40028571 -615.54932142
1610 -642.81818681 -669.75648351 -615.87989010
1611 -643.16157005 -670.11268131 -616.21045879
1612 -643.50495329 -670.46887912 -616.54102747
1613 -643.84833653 -670.82507692 -616.87159615
1614 -644.19171978 -671.18127472 -617.20216483
1615 -644.53510302 -671.53747252 -617.53273351
1616 -644.87848626 -671.89367032 -617.86330219
1617 -645.22186950 -672.24986813 -618.19387087
1618 -645.56525274 -672.60606593 -618.52443956
1619 -645.90863598 -672.96226373 -618.85500824
1620 -646.25201923 -673.31846153 -619.18557692
1621 -646.59540247 -673.67465934 -619.51614560
1622 -646.93878571 -674.03085714 -619.84671428
1623 -647.28216895 -674.38705494 -620.17728296
1624 -647.62555219 -674.74325274 -620.50785164
1625 -647.96893543 -675.09945054 -620.83842032
1626 -648.31231868 -675.45564835 -621.16898901
1627 -648.65570192 -675.81184615 -621.49955769
1628 -648.99908516 -676.16804395 -621.83012637
1629 -649.34246840 -676.52424175 -622.16069505
1630 -649.68585164 -676.88043956 -622.49126373
1631 -650.02923489 -677.23663736 -622.82183241
1632 -650.37261813 -677.59283516 -623.15240109
1633 -650.71600137 -677.94903296 -623.48296978
1634 -651.05938461 -678.30523076 -623.81353846
1635 -651.40276785 -678.66142857 -624.14410714
1636 -651.74615109 -679.01762637 -624.47467582
1637 -652.08953434 -679.37382417 -624.80524450
1638 -652.43291758 -679.73002197 -625.13581318
1639 -652.77630082 -680.08621978 -625.46638186
1640 -653.11968406 -680.44241758 -625.79695054
1641 -653.46306730 -680.79861538 -626.12751923
1642 -653.80645054 -681.15481318 -626.45808791
1643 -654.14983379 -681.51101098 -626.78865659
1644 -654.49321703 -681.86720879 -627.11922527
1645 -654.83660027 -682.22340659 -627.44979395
1646 -655.17998351 -682.57960439 -627.78036263
1647 -655.52336675 -682.93580219 -628.11093131
1648 -655.86675000 -683.29200000 -628.44150000
1649 -656.21013324 -683.64819780 -628.77206868
1650 -656.55351648 -684.00439560 -629.10263736
1651 -656.89689972 -684.36059340 -629.43320604
1652 -657.24028296 -684.71679120 -629.76377472
1653 -657.58366620 -685.07298901 -630.09434340
1654 -657.92704945 -685.42918681 -630.42491208
1655 -658.27043269 -685.78538461 -630.75548076
1656 -658.61381593 -686.14158241 -631.08604945
1657 -658.95719917 -686.49778021 -631.41661813
1658 -659.30058241 -686.85397802 -631.74718681
1659 -659.64396565 -687.21017582 -632.07775549
1660 -659.98734890 -687.56637362 -632.40832417
1661 -660.33073214 -687.92257142 -632.73889285
1662 -660.67411538 -688.27876923 -633.06946153
1663 -661.01749862 -688.63496703 -633.40003021
1664 -661.36088186 -688.99116483 -633.73059890
1665 -661.70426510 -689.34736263 -634.06116758
1666 -662.04764835 -689.70356043 -634.39173626
1667 -662.39103159 -690.05975824 -634.72230494
1668 -662.73441483 -690.41595604 -635.05287362
1669 -663.07779807 -690.77215384 -635.38344230
1670 -663.42118131 -691.12835164 -635.71401098
1671 -663.76456456 -691.48454945 -636.04457967
1672 -664.10794780 -691.84074725 -636.37514835
1673 -664.45133104 -692.19694505 -636.70571703
1674 -664.79471428 -692.55314285 -637.03628571
1675 -665.13809752 -692.90934065 -637.36685439
1676 -665.48148076 -693.26553846 -637.69742307
1677 -665.82486401 -693.62173626 -638.02799175
1678 -666.16824725 -693.97793406 -638.35856043
1679 -666.51163049 -694.33413186 -638.68912912
1680 -666.85501373 -694.69032967 -639.01969780
1681 -667.19839697 -695.04652747 -639.35026648
1682 -667.54178021 -695.40272527 -639.68083516
1683 -667.88516346 -695.75892307 -640.01140384
1684 -668.22854670 -696.11512087 -640.34197252
1685 -668.57192994 -696.47131868 -640.67254120
1686 -668.91531318 -696.82751648 -641.00310989
1687 -669.25869642 -697.18371428 -641.33367857
1688 -669.60207967 -697.53991208 -641.66424725
1689 -669.94546291 -697.89610989 -641.99481593
1690 -670.28884615 -698.25230769 -642.32538461
1691 -670.63222939 -698.60850549 -642.65595329
1692 -670.97561263 -698.96470329 -642.98652197
1693 -671.31899587 -699.32090109 -643.31709065
1694 -671.66237912 -699.67709890 -643.64765934
1695 -672.00576236 -700.03329670 -643.97822802
1696 -672.34914560 -700.38949450 -644.30879670
1697 -672.69252884 -700.74569230 -644.63936538
1698 -673.03591208 -701.10189010 -644.96993406
1699 -673.37929532 -701.45808791 -645.30050274
1700 -673.72267857 -701.81428571 -645.63107142
1701 -674.06606181 -702.17048351 -645.96164010
1702 -674.40944505 -702.52668131 -646.29220879
1703 -674.75282829 -702.88287912 -646.62277747
1704 -675.09621153 -703.23907692 -646.95334615
1705 -675.43959478 -703.59527472 -647.28391483
1706 -675.78297802 -703.95147252 -647.61448351
1707 -676.12636126 -704.30767032 -647.94505219
1708 -676.46974450 -704.66386813 -648.27562087
1709 -676.81312774 -705.02006593 -648.60618956
1710 -677.15651098 -705.37626373 -648.93675824
1711 -677.49989423 -705.73246153 -649.26732692
1712 -677.84327747 -706.08865934 -649.59789560
1713 -678.18666071 -706.44485714 -649.92846428
1714 -678.53004395 -706.80105494 -650.25903296
1715 -678.87342719 -707.15725274 -650.58960164
1716 -679.21681043 -707.51345054 -650.92017032
1717 -679.56019368 -707.86964835 -651.25073901
1718 -679.90357692 -708.22584615 -651.58130769
1719 -680.24696016 -708.58204395 -651.91187637
1720 -680.59034340 -708.93824175 -652.24244505
1721 -680.93372664 -709.29443956 -652.57301373
1722 -681.27710989 -709.65063736 -652.90358241
1723 -681.62049313 -710.00683516 -653.23415109
1724 -681.96387637 -710.36303296 -653.56471978
1725 -682.30725961 -710.71923076 -653.89528846
1726 -682.65064285 -711.07542857 -654.22585714
1727 -682.99402609 -711.43162637 -654.55642582
1728 -683.33740934 -711.78782417 -654.88699450
1729 -683.68079258 -712.14402197 -655.21756318
1730 -684.02417582 -712.50021978 -655.54813186
1731 -684.36755906 -712.85641758 -655.87870054
1732 -684.71094230 -713.21261538 -656.20926923
1733 -685.05432554 -713.56881318 -656.53983791
1734 -685.39770879 -713.92501098 -656.87040659
1735 -685.74109203 -714.28120879 -657.20097527
1736 -686.08447527 -714.63740659 -657.53154395
1737 -686.42785851 -714.99360439 -657.86211263
1738 -686.77124175 -715.34980219 -658.19268131
1739 -687.11462500 -715.70600000 -658.52325000
1740 -687.45800824 -716.06219780 -658.85381868
1741 -687.80139148 -716.41839560 -659.18438736
1742 -688.14477472 -716.77459340 -659.51495604
1743 -688.48815796 -717.13079120 -659.84552472
1744 -688.83154120 -717.48698901 -660.17609340
1745 -689.17492445 -717.84318681 -660.50666208
1746 -689.51830769 -718.19938461 -660.83723076
1747 -689.86169093 -718.55558241 -661.16779945
1748 -690.20507417 -718.91178021 -661.49836813
1749 -690.54845741 -719.26797802 -661.82893681
1750 -690.89184065 -719.62417582 -662.15950549
1751 -691.23522390 -719.98037362 -662.49007417
1752 -691.57860714 -720.33657142 -662.82064285
1753 -691.92199038 -720.69276923 -663.15121153
1754 -692.26537362 -721.04896703 -663.48178021
1755 -692.60875686 -721.40516483 -663.81234890
1756 -692.95214010 -721.76136263 -664.14291758
1757 -693.29552335 -722.11756043 -664.47348626
1758 -693.63890659 -722.47375824 -664.80405494
1759 -693.98228983 -722.82995604 -665.13462362
1760 -694.32567307 -723.18615384 -665.46519230
1761 -694.66905631 -723.54235164 -665.79576098
1762 -695.01243956 -723.89854945 -666.12632967
1763 -695.35582280 -724.25474725 -666.45689835
1764 -695.69920604 -724.61094505 -666.78746703
1765 -696.04258928 -724.96714285 -667.11803571
1766 -696.38597252 -725.32334065 -667.44860439
1767 -696.72935576 -725.67953846 -667.77917307
1768 -697.07273901 -726.03573626 -668.10974175
1769 -697.41612225 -726.39193406 -668.44031043
1770 -697.75950549 -726.74813186 -668.77087912
1771 -698.10288873 -727.10432967 -669.10144780
1772 -698.44627197 -727.46052747 -669.43201648
1773 -698.78965521 -727.81672527 -669.76258516
1774 -699.13303846 -728.17292307 -670.09315384
1775 -699.47642170 -728.52912087 -670.42372252
1776 -699.81980494 -728.88531868 -670.75429120
1777 -700.16318818 -729.24151648 -671.08485989
1778 -700.50657142 -729.59771428 -671.41542857
1779 -700.84995467 -729.95391208 -671.74599725
1780 -701.19333791 -730.31010989 -672.07656593
1781 -701.53672115 -730.66630769 -672.40713461
1782 -701.88010439 -731.02250549 -672.73770329
1783 -702.22348763 -731.37870329 -673.06827197
1784 -702.56687087 -731.73490109 -673.39884065
1785 -702.91025412 -732.09109890 -673.72940934
1786 -703.25363736 -732.44729670 -674.05997802
1787 -703.59702060 -732.80349450 -674.39054670
1788 -703.94040384 -733.15969230 -674.72111538
1789 -704.28378708 -733.51589010 -675.05168406
1790 -704.62717032 -733.87208791 -675.38225274
1791 -704.97055357 -734.22828571 -675.71282142
1792 -705.31393681 -734.58448351 -676.04339010
1793 -705.65732005 -734.94068131 -676.37395879
1794 -706.00070329 -735.29687912 -676.70452747
1795 -706.34408653 -735.65307692 -677.03509615
1796 -706.68746978 -736.00927472 -677.36566483
1797 -707.03085302 -736.36547252 -677.69623351
1798 -707.37423626 -736.72167032 -678.02680219
1799 -707.71761950 -737.07786813 -678.35737087
1800 -708.06100274 -737.43406593 -678.68793956
1801 -708.40438598 -737.79026373 -679.01850824
1802 -708.74776923 -738.14646153 -679.34907692
1803 -709.09115247 -738.50265934 -679.67964560
1804 -709.43453571 -738.85885714 -680.01021428
1805 -709.77791895 -739.21505494 -680.34078296
1806 -710.12130219 -739.57125274 -680.67135164
1807 -710.46468543 -739.92745054 -681.00192032
1808 -710.80806868 -740.28364835 -681.33248901
1809 -711.15145192 -740.63984615 -681.66305769
1810 -711.49483516 -740.99604395 -681.99362637
1811 -711.83821840 -741.35224175 -682.32419505
1812 -712.18160164 -741.70843956 -682.65476373
1813 -712.52498489 -742.06463736 -682.98533241
1814 -712.86836813 -742.42083516 -683.31590109
1815 -713.21175137 -742.77703296 -683.64646978
1816 -713.55513461 -743.13323076 -683.97703846
1817 -713.89851785 -743.48942857 -684.30760714
1818 -714.24190109 -743.84562637 -684.63817582
1819 -714.58528434 -744.20182417 -684.96874450
1820 -714.92866758 -744.55802197 -685.29931318
1821 -715.27205082 -744.91421978 -685.62988186
1822 -715.61543406 -745.27041758 -685.96045054
1823 -715.95881730 -745.62661538 -686.29101923
1824 -716.30220054 -745.98281318 -686.62158791
1825 -716.64558379 -746.33901098 -686.95215659
1826 -716.98896703 -746.69520879 -687.28272527
1827 -717.33235027 -747.05140659 -687.61329395
1828 -717.67573351 -747.40760439 -687.94386263
1829 -718.01911675 -747.76380219 -688.27443131
1830 -718.36250000 -748.12000000 -688.60500000
