1 -1.07716667 -1.09933333 -1.05500000
2 -1.07716667 -1.09933333 -1.05500000
3 -1.07716667 -1.09933333 -1.05500000
4 0.00000000 0.00000000 0.00000000
5 -0.81950000 -0.83900000 -0.80000000
6 -1.64525000 -1.66800000 -1.62250000
7 -2.47100000 -2.49700000 -2.44500000
8 -3.29675000 -3.32600000 -3.26750000
9 -4.12250000 -4.15500000 -4.09000000
10 -4.94825000 -4.98400000 -4.91250000
11 -5.77400000 -5.81300000 -5.73500000
12 -6.60842857 -6.67800000 -6.53885714
13 -7.44285714 -7.54300000 -7.34271428
14 -8.27728571 -8.40800000 -8.14657142
15 -9.11171428 -9.27300000 -8.95042857
16 -9.94614285 -10.13800000 -9.75428571
17 -10.78057142 -11.00300000 -10.55814285
18 -11.61500000 -11.86800000 -11.36200000
19 -12.46550000 -12.71728571 -12.21371428
20 -13.31600000 -13.56657142 -13.06542857
21 -14.16650000 -14.41585714 -13.91714285
22 -15.01700000 -15.26514285 -14.76885714
23 -15.86750000 -16.11442857 -15.62057142
24 -16.71800000 -16.96371428 -16.47228571
25 -17.56850000 -17.81300000 -17.32400000
26 -18.42300000 -18.65033333 -18.19566666
27 -19.27750000 -19.48766666 -19.06733333
28 -20.13200000 -20.32500000 -19.93900000
29 -20.98650000 -21.16233333 -20.81066666
30 -21.84100000 -21.99966666 -21.68233333
31 -22.69550000 -22.83700000 -22.55400000
32 -23.55000000 -23.67433333 -23.42566666
33 -24.40450000 -24.51166666 -24.29733333
34 -25.25900000 -25.34900000 -25.16900000
35 -26.10851562 -26.20346875 -26.01356250
36 -26.95803125 -27.05793750 -26.85812500
37 -27.80754687 -27.91240625 -27.70268750
38 -28.65706250 -28.76687500 -28.54725000
39 -29.50657812 -29.62134375 -29.39181250
40 -30.35609375 -30.47581250 -30.23637500
41 -31.20560937 -31.33028125 -31.08093750
42 -32.05512500 -32.18475000 -31.92550000
43 -32.90464062 -33.03921875 -32.77006250
44 -33.75415625 -33.89368750 -33.61462500
45 -34.60367187 -34.74815625 -34.45918750
46 -35.45318750 -35.60262500 -35.30375000
47 -36.30270312 -36.45709375 -36.14831250
48 -37.15221875 -37.31156250 -36.99287500
49 -38.00173437 -38.16603125 -37.83743750
50 -38.85125000 -39.02050000 -38.68200000
51 -39.70076562 -39.87496875 -39.52656250
52 -40.55028125 -40.72943750 -40.37112500
53 -41.39979687 -41.58390625 -41.21568750
54 -42.24931250 -42.43837500 -42.06025000
55 -43.09882812 -43.29284375 -42.90481250
56 -43.94834375 -44.14731250 -43.74937500
57 -44.79785937 -45.00178125 -44.59393750
58 -45.64737500 -45.85625000 -45.43850000
59 -46.49689062 -46.71071875 -46.28306250
60 -47.34640625 -47.56518750 -47.12762500
61 -48.19592187 -48.41965625 -47.97218750
62 -49.04543750 -49.27412500 -48.81675000
63 -49.89495312 -50.12859375 -49.66131250
64 -50.74446875 -50.98306250 -50.50587500
65 -51.59398437 -51.83753125 -51.35043750
66 -52.44350000 -52.69200000 -52.19500000
67 -53.28398333 -53.53830000 -53.02966666
68 -54.12446666 -54.38460000 -53.86433333
69 -54.96495000 -55.23090000 -54.69900000
70 -55.80543333 -56.07720000 -55.53366666
71 -56.64591666 -56.92350000 -56.36833333
72 -57.48640000 -57.76980000 -57.20300000
73 -58.32688333 -58.61610000 -58.03766666
74 -59.16736666 -59.46240000 -58.87233333
75 -60.00785000 -60.30870000 -59.70700000
76 -60.84833333 -61.15500000 -60.54166666
77 -61.68881666 -62.00130000 -61.37633333
78 -62.52930000 -62.84760000 -62.21100000
79 -63.36978333 -63.69390000 -63.04566666
80 -64.21026666 -64.54020000 -63.88033333
81 -65.05075000 -65.38650000 -64.71500000
82 -65.89123333 -66.23280000 -65.54966666
83 -66.73171666 -67.07910000 -66.38433333
84 -67.57220000 -67.92540000 -67.21900000
85 -68.41268333 -68.77170000 -68.05366666
86 -69.25316666 -69.61800000 -68.88833333
87 -70.09365000 -70.46430000 -69.72300000
88 -70.93413333 -71.31060000 -70.55766666
89 -71.77461666 -72.15690000 -71.39233333
90 -72.61510000 -73.00320000 -72.22700000
91 -73.45558333 -73.84950000 -73.06166666
92 -74.29606666 -74.69580000 -73.89633333
93 -75.13655000 -75.54210000 -74.73100000
94 -75.97703333 -76.38840000 -75.56566666
95 -76.81751666 -77.23470000 -76.40033333
96 -77.65800000 -78.08100000 -77.23500000
97 -78.51100000 -78.93516666 -78.08683333
98 -79.36400000 -79.78933333 -78.93866666
99 -80.21700000 -80.64350000 -79.79050000
100 -81.07000000 -81.49766666 -80.64233333
101 -81.92300000 -82.35183333 -81.49416666
102 -82.77600000 -83.20600000 -82.34600000
103 -83.62900000 -84.06016666 -83.19783333
104 -84.48200000 -84.91433333 -84.04966666
105 -85.33500000 -85.76850000 -84.90150000
106 -86.18800000 -86.62266666 -85.75333333
107 -87.04100000 -87.47683333 -86.60516666
108 -87.89400000 -88.33100000 -87.45700000
109 -88.74700000 -89.18516666 -88.30883333
110 -89.60000000 -90.03933333 -89.16066666
111 -90.45300000 -90.89350000 -90.01250000
112 -91.30600000 -91.74766666 -90.86433333
113 -92.15900000 -92.60183333 -91.71616666
114 -93.01200000 -93.45600000 -92.56800000
115 -93.86500000 -94.31016666 -93.41983333
116 -94.71800000 -95.16433333 -94.27166666
117 -95.57100000 -96.01850000 -95.12350000
118 -96.42400000 -96.87266666 -95.97533333
119 -97.27700000 -97.72683333 -96.82716666
120 -98.13000000 -98.58100000 -97.67900000
121 -98.98300000 -99.43516666 -98.53083333
122 -99.83600000 -100.28933333 -99.38266666
123 -100.68900000 -101.14350000 -100.23450000
124 -101.54200000 -101.99766666 -101.08633333
125 -102.39500000 -102.85183333 -101.93816666
126 -103.24800000 -103.70600000 -102.79000000
127 -104.10230645 -104.55967741 -103.64493548
128 -104.95661290 -105.41335483 -104.49987096
129 -105.81091935 -106.26703225 -105.35480645
130 -106.66522580 -107.12070967 -106.20974193
131 -107.51953225 -107.97438709 -107.06467741
132 -108.37383870 -108.82806451 -107.91961290
133 -109.22814516 -109.68174193 -108.77454838
134 -110.08245161 -110.53541935 -109.62948387
135 -110.93675806 -111.38909677 -110.48441935
136 -111.79106451 -112.24277419 -111.33935483
137 -112.64537096 -113.09645161 -112.19429032
138 -113.49967741 -113.95012903 -113.04922580
139 -114.35398387 -114.80380645 -113.90416129
140 -115.20829032 -115.65748387 -114.75909677
141 -116.06259677 -116.51116129 -115.61403225
142 -116.91690322 -117.36483870 -116.46896774
143 -117.77120967 -118.21851612 -117.32390322
144 -118.62551612 -119.07219354 -118.17883870
145 -119.47982258 -119.92587096 -119.03377419
146 -120.33412903 -120.77954838 -119.88870967
147 -121.18843548 -121.63322580 -120.74364516
148 -122.04274193 -122.48690322 -121.59858064
149 -122.89704838 -123.34058064 -122.45351612
150 -123.75135483 -124.19425806 -123.30845161
151 -124.60566129 -125.04793548 -124.16338709
152 -125.45996774 -125.90161290 -125.01832258
153 -126.31427419 -126.75529032 -125.87325806
154 -127.16858064 -127.60896774 -126.72819354
155 -128.02288709 -128.46264516 -127.58312903
156 -128.87719354 -129.31632258 -128.43806451
157 -129.73150000 -130.17000000 -129.29300000
158 -130.59010000 -131.04650000 -130.13370000
159 -131.44870000 -131.92300000 -130.97440000
160 -132.30730000 -132.79950000 -131.81510000
161 -133.16590000 -133.67600000 -132.65580000
162 -134.02450000 -134.55250000 -133.49650000
163 -134.88310000 -135.42900000 -134.33720000
164 -135.74170000 -136.30550000 -135.17790000
165 -136.60030000 -137.18200000 -136.01860000
166 -137.45890000 -138.05850000 -136.85930000
167 -138.31750000 -138.93500000 -137.70000000
168 -139.17610000 -139.81150000 -138.54070000
169 -140.03470000 -140.68800000 -139.38140000
170 -140.89330000 -141.56450000 -140.22210000
171 -141.75190000 -142.44100000 -141.06280000
172 -142.61050000 -143.31750000 -141.90350000
173 -143.46910000 -144.19400000 -142.74420000
174 -144.32770000 -145.07050000 -143.58490000
175 -145.18630000 -145.94700000 -144.42560000
176 -146.04490000 -146.82350000 -145.26630000
177 -146.90350000 -147.70000000 -146.10700000
178 -147.76210000 -148.57650000 -146.94770000
179 -148.62070000 -149.45300000 -147.78840000
180 -149.47930000 -150.32950000 -148.62910000
181 -150.33790000 -151.20600000 -149.46980000
182 -151.19650000 -152.08250000 -150.31050000
183 -152.05510000 -152.95900000 -151.15120000
184 -152.91370000 -153.83550000 -151.99190000
185 -153.77230000 -154.71200000 -152.83260000
186 -154.63090000 -155.58850000 -153.67330000
187 -155.48950000 -156.46500000 -154.51400000
188 -156.37633333 -157.33960606 -155.41306060
189 -157.26316666 -158.21421212 -156.31212121
190 -158.15000000 -159.08881818 -157.21118181
191 -159.03683333 -159.96342424 -158.11024242
192 -159.92366666 -160.83803030 -159.00930303
193 -160.81050000 -161.71263636 -159.90836363
194 -161.69733333 -162.58724242 -160.80742424
195 -162.58416666 -163.46184848 -161.70648484
196 -163.47100000 -164.33645454 -162.60554545
197 -164.35783333 -165.21106060 -163.50460606
198 -165.24466666 -166.08566666 -164.40366666
199 -166.13150000 -166.96027272 -165.30272727
200 -167.01833333 -167.83487878 -166.20178787
201 -167.90516666 -168.70948484 -167.10084848
202 -168.79200000 -169.58409090 -167.99990909
203 -169.67883333 -170.45869696 -168.89896969
204 -170.56566666 -171.33330303 -169.79803030
205 -171.45250000 -172.20790909 -170.69709090
206 -172.33933333 -173.08251515 -171.59615151
207 -173.22616666 -173.95712121 -172.49521212
208 -174.11300000 -174.83172727 -173.39427272
209 -174.99983333 -175.70633333 -174.29333333
210 -175.88666666 -176.58093939 -175.19239393
211 -176.77350000 -177.45554545 -176.09145454
212 -177.66033333 -178.33015151 -176.99051515
213 -178.54716666 -179.20475757 -177.88957575
214 -179.43400000 -180.07936363 -178.78863636
215 -180.32083333 -180.95396969 -179.68769696
216 -181.20766666 -181.82857575 -180.58675757
217 -182.09450000 -182.70318181 -181.48581818
218 -182.98133333 -183.57778787 -182.38487878
219 -183.86816666 -184.45239393 -183.28393939
220 -184.75500000 -185.32700000 -184.18300000
221 -185.61215517 -186.19262068 -185.03168965
222 -186.46931034 -187.05824137 -185.88037931
223 -187.32646551 -187.92386206 -186.72906896
224 -188.18362068 -188.78948275 -187.57775862
225 -189.04077586 -189.65510344 -188.42644827
226 -189.89793103 -190.52072413 -189.27513793
227 -190.75508620 -191.38634482 -190.12382758
228 -191.61224137 -192.25196551 -190.97251724
229 -192.46939655 -193.11758620 -191.82120689
230 -193.32655172 -193.98320689 -192.66989655
231 -194.18370689 -194.84882758 -193.51858620
232 -195.04086206 -195.71444827 -194.36727586
233 -195.89801724 -196.58006896 -195.21596551
234 -196.75517241 -197.44568965 -196.06465517
235 -197.61232758 -198.31131034 -196.91334482
236 -198.46948275 -199.17693103 -197.76203448
237 -199.32663793 -200.04255172 -198.61072413
238 -200.18379310 -200.90817241 -199.45941379
239 -201.04094827 -201.77379310 -200.30810344
240 -201.89810344 -202.63941379 -201.15679310
241 -202.75525862 -203.50503448 -202.00548275
242 -203.61241379 -204.37065517 -202.85417241
243 -204.46956896 -205.23627586 -203.70286206
244 -205.32672413 -206.10189655 -204.55155172
245 -206.18387931 -206.96751724 -205.40024137
246 -207.04103448 -207.83313793 -206.24893103
247 -207.89818965 -208.69875862 -207.09762068
248 -208.75534482 -209.56437931 -207.94631034
249 -209.61250000 -210.43000000 -208.79500000
250 -210.46969642 -211.31607142 -209.62332142
251 -211.32689285 -212.20214285 -210.45164285
252 -212.18408928 -213.08821428 -211.27996428
253 -213.04128571 -213.97428571 -212.10828571
254 -213.89848214 -214.86035714 -212.93660714
255 -214.75567857 -215.74642857 -213.76492857
256 -215.61287500 -216.63250000 -214.59325000
257 -216.47007142 -217.51857142 -215.42157142
258 -217.32726785 -218.40464285 -216.24989285
259 -218.18446428 -219.29071428 -217.07821428
260 -219.04166071 -220.17678571 -217.90653571
261 -219.89885714 -221.06285714 -218.73485714
262 -220.75605357 -221.94892857 -219.56317857
263 -221.61325000 -222.83500000 -220.39150000
264 -222.47044642 -223.72107142 -221.21982142
265 -223.32764285 -224.60714285 -222.04814285
266 -224.18483928 -225.49321428 -222.87646428
267 -225.04203571 -226.37928571 -223.70478571
268 -225.89923214 -227.26535714 -224.53310714
269 -226.75642857 -228.15142857 -225.36142857
270 -227.61362500 -229.03750000 -226.18975000
271 -228.47082142 -229.92357142 -227.01807142
272 -229.32801785 -230.80964285 -227.84639285
273 -230.18521428 -231.69571428 -228.67471428
274 -231.04241071 -232.58178571 -229.50303571
275 -231.89960714 -233.46785714 -230.33135714
276 -232.75680357 -234.35392857 -231.15967857
277 -233.61400000 -235.24000000 -231.98800000
278 -234.46485483 -236.07270967 -232.85700000
279 -235.31570967 -236.90541935 -233.72600000
280 -236.16656451 -237.73812903 -234.59500000
281 -237.01741935 -238.57083870 -235.46400000
282 -237.86827419 -239.40354838 -236.33300000
283 -238.71912903 -240.23625806 -237.20200000
284 -239.56998387 -241.06896774 -238.07100000
285 -240.42083870 -241.90167741 -238.94000000
286 -241.27169354 -242.73438709 -239.80900000
287 -242.12254838 -243.56709677 -240.67800000
288 -242.97340322 -244.39980645 -241.54700000
289 -243.82425806 -245.23251612 -242.41600000
290 -244.67511290 -246.06522580 -243.28500000
291 -245.52596774 -246.89793548 -244.15400000
292 -246.37682258 -247.73064516 -245.02300000
293 -247.22767741 -248.56335483 -245.89200000
294 -248.07853225 -249.39606451 -246.76100000
295 -248.92938709 -250.22877419 -247.63000000
296 -249.78024193 -251.06148387 -248.49900000
297 -250.63109677 -251.89419354 -249.36800000
298 -251.48195161 -252.72690322 -250.23700000
299 -252.33280645 -253.55961290 -251.10600000
300 -253.18366129 -254.39232258 -251.97500000
301 -254.03451612 -255.22503225 -252.84400000
302 -254.88537096 -256.05774193 -253.71300000
303 -255.73622580 -256.89045161 -254.58200000
304 -256.58708064 -257.72316129 -255.45100000
305 -257.43793548 -258.55587096 -256.32000000
306 -258.28879032 -259.38858064 -257.18900000
307 -259.13964516 -260.22129032 -258.05800000
308 -259.99050000 -261.05400000 -258.92700000
309 -260.83975806 -261.90429032 -259.77522580
310 -261.68901612 -262.75458064 -260.62345161
311 -262.53827419 -263.60487096 -261.47167741
312 -263.38753225 -264.45516129 -262.31990322
313 -264.23679032 -265.30545161 -263.16812903
314 -265.08604838 -266.15574193 -264.01635483
315 -265.93530645 -267.00603225 -264.86458064
316 -266.78456451 -267.85632258 -265.71280645
317 -267.63382258 -268.70661290 -266.56103225
318 -268.48308064 -269.55690322 -267.40925806
319 -269.33233870 -270.40719354 -268.25748387
320 -270.18159677 -271.25748387 -269.10570967
321 -271.03085483 -272.10777419 -269.95393548
322 -271.88011290 -272.95806451 -270.80216129
323 -272.72937096 -273.80835483 -271.65038709
324 -273.57862903 -274.65864516 -272.49861290
325 -274.42788709 -275.50893548 -273.34683870
326 -275.27714516 -276.35922580 -274.19506451
327 -276.12640322 -277.20951612 -275.04329032
328 -276.97566129 -278.05980645 -275.89151612
329 -277.82491935 -278.91009677 -276.73974193
330 -278.67417741 -279.76038709 -277.58796774
331 -279.52343548 -280.61067741 -278.43619354
332 -280.37269354 -281.46096774 -279.28441935
333 -281.22195161 -282.31125806 -280.13264516
334 -282.07120967 -283.16154838 -280.98087096
335 -282.92046774 -284.01183870 -281.82909677
336 -283.76972580 -284.86212903 -282.67732258
337 -284.61898387 -285.71241935 -283.52554838
338 -285.46824193 -286.56270967 -284.37377419
339 -286.31750000 -287.41300000 -285.22200000
340 -287.17066666 -288.34283333 -285.99850000
341 -288.02383333 -289.27266666 -286.77500000
342 -288.87700000 -290.20250000 -287.55150000
343 -289.73016666 -291.13233333 -288.32800000
344 -290.58333333 -292.06216666 -289.10450000
345 -291.43650000 -292.99200000 -289.88100000
346 -292.28966666 -293.92183333 -290.65750000
347 -293.14283333 -294.85166666 -291.43400000
348 -293.99600000 -295.78150000 -292.21050000
349 -294.84916666 -296.71133333 -292.98700000
350 -295.70233333 -297.64116666 -293.76350000
351 -296.55550000 -298.57100000 -294.54000000
352 -297.40866666 -299.50083333 -295.31650000
353 -298.26183333 -300.43066666 -296.09300000
354 -299.11500000 -301.36050000 -296.86950000
355 -299.96816666 -302.29033333 -297.64600000
356 -300.82133333 -303.22016666 -298.42250000
357 -301.67450000 -304.15000000 -299.19900000
358 -302.52766666 -305.07983333 -299.97550000
359 -303.38083333 -306.00966666 -300.75200000
360 -304.23400000 -306.93950000 -301.52850000
361 -305.08716666 -307.86933333 -302.30500000
362 -305.94033333 -308.79916666 -303.08150000
363 -306.79350000 -309.72900000 -303.85800000
364 -307.64666666 -310.65883333 -304.63450000
365 -308.49983333 -311.58866666 -305.41100000
366 -309.35300000 -312.51850000 -306.18750000
367 -310.20616666 -313.44833333 -306.96400000
368 -311.05933333 -314.37816666 -307.74050000
369 -311.91250000 -315.30800000 -308.51700000
370 -312.74046739 -316.15315217 -309.32778260
371 -313.56843478 -316.99830434 -310.13856521
372 -314.39640217 -317.84345652 -310.94934782
373 -315.22436956 -318.68860869 -311.76013043
374 -316.05233695 -319.53376086 -312.57091304
375 -316.88030434 -320.37891304 -313.38169565
376 -317.70827173 -321.22406521 -314.19247826
377 -318.53623913 -322.06921739 -315.00326086
378 -319.36420652 -322.91436956 -315.81404347
379 -320.19217391 -323.75952173 -316.62482608
380 -321.02014130 -324.60467391 -317.43560869
381 -321.84810869 -325.44982608 -318.24639130
382 -322.67607608 -326.29497826 -319.05717391
383 -323.50404347 -327.14013043 -319.86795652
384 -324.33201086 -327.98528260 -320.67873913
385 -325.15997826 -328.83043478 -321.48952173
386 -325.98794565 -329.67558695 -322.30030434
387 -326.81591304 -330.52073913 -323.11108695
388 -327.64388043 -331.36589130 -323.92186956
389 -328.47184782 -332.21104347 -324.73265217
390 -329.29981521 -333.05619565 -325.54343478
391 -330.12778260 -333.90134782 -326.35421739
392 -330.95575000 -334.74650000 -327.16500000
393 -331.78371739 -335.59165217 -327.97578260
394 -332.61168478 -336.43680434 -328.78656521
395 -333.43965217 -337.28195652 -329.59734782
396 -334.26761956 -338.12710869 -330.40813043
397 -335.09558695 -338.97226086 -331.21891304
398 -335.92355434 -339.81741304 -332.02969565
399 -336.75152173 -340.66256521 -332.84047826
400 -337.57948913 -341.50771739 -333.65126086
401 -338.40745652 -342.35286956 -334.46204347
402 -339.23542391 -343.19802173 -335.27282608
403 -340.06339130 -344.04317391 -336.08360869
404 -340.89135869 -344.88832608 -336.89439130
405 -341.71932608 -345.73347826 -337.70517391
406 -342.54729347 -346.57863043 -338.51595652
407 -343.37526086 -347.42378260 -339.32673913
408 -344.20322826 -348.26893478 -340.13752173
409 -345.03119565 -349.11408695 -340.94830434
410 -345.85916304 -349.95923913 -341.75908695
411 -346.68713043 -350.80439130 -342.56986956
412 -347.51509782 -351.64954347 -343.38065217
413 -348.34306521 -352.49469565 -344.19143478
414 -349.17103260 -353.33984782 -345.00221739
415 -349.99900000 -354.18500000 -345.81300000
416 -350.82696739 -355.03015217 -346.62378260
417 -351.65493478 -355.87530434 -347.43456521
418 -352.48290217 -356.72045652 -348.24534782
419 -353.31086956 -357.56560869 -349.05613043
420 -354.13883695 -358.41076086 -349.86691304
421 -354.96680434 -359.25591304 -350.67769565
422 -355.79477173 -360.10106521 -351.48847826
423 -356.62273913 -360.94621739 -352.29926086
424 -357.45070652 -361.79136956 -353.11004347
425 -358.27867391 -362.63652173 -353.92082608
426 -359.10664130 -363.48167391 -354.73160869
427 -359.93460869 -364.32682608 -355.54239130
428 -360.76257608 -365.17197826 -356.35317391
429 -361.59054347 -366.01713043 -357.16395652
430 -362.41851086 -366.86228260 -357.97473913
431 -363.24647826 -367.70743478 -358.78552173
432 -364.07444565 -368.55258695 -359.59630434
433 -364.90241304 -369.39773913 -360.40708695
434 -365.73038043 -370.24289130 -361.21786956
435 -366.55834782 -371.08804347 -362.02865217
436 -367.38631521 -371.93319565 -362.83943478
437 -368.21428260 -372.77834782 -363.65021739
438 -369.04225000 -373.62350000 -364.46100000
439 -369.87021739 -374.46865217 -365.27178260
440 -370.69818478 -375.31380434 -366.08256521
441 -371.52615217 -376.15895652 -366.89334782
442 -372.35411956 -377.00410869 -367.70413043
443 -373.18208695 -377.84926086 -368.51491304
444 -374.01005434 -378.69441304 -369.32569565
445 -374.83802173 -379.53956521 -370.13647826
446 -375.66598913 -380.38471739 -370.94726086
447 -376.49395652 -381.22986956 -371.75804347
448 -377.32192391 -382.07502173 -372.56882608
449 -378.14989130 -382.92017391 -373.37960869
450 -378.97785869 -383.76532608 -374.19039130
451 -379.80582608 -384.61047826 -375.00117391
452 -380.63379347 -385.45563043 -375.81195652
453 -381.46176086 -386.30078260 -376.62273913
454 -382.28972826 -387.14593478 -377.43352173
455 -383.11769565 -387.99108695 -378.24430434
456 -383.94566304 -388.83623913 -379.05508695
457 -384.77363043 -389.68139130 -379.86586956
458 -385.60159782 -390.52654347 -380.67665217
459 -386.42956521 -391.37169565 -381.48743478
460 -387.25753260 -392.21684782 -382.29821739
461 -388.08550000 -393.06200000 -383.10900000
462 -388.89159340 -393.86052747 -383.92265934
463 -389.69768681 -394.65905494 -384.73631868
464 -390.50378021 -395.45758241 -385.54997802
465 -391.30987362 -396.25610989 -386.36363736
466 -392.11596703 -397.05463736 -387.17729670
467 -392.92206043 -397.85316483 -387.99095604
468 -393.72815384 -398.65169230 -388.80461538
469 -394.53424725 -399.45021978 -389.61827472
470 -395.34034065 -400.24874725 -390.43193406
471 -396.14643406 -401.04727472 -391.24559340
472 -396.95252747 -401.84580219 -392.05925274
473 -397.75862087 -402.64432967 -392.87291208
474 -398.56471428 -403.44285714 -393.68657142
475 -399.37080769 -404.24138461 -394.50023076
476 -400.17690109 -405.03991208 -395.31389010
477 -400.98299450 -405.83843956 -396.12754945
478 -401.78908791 -406.63696703 -396.94120879
479 -402.59518131 -407.43549450 -397.75486813
480 -403.40127472 -408.23402197 -398.56852747
481 -404.20736813 -409.03254945 -399.38218681
482 -405.01346153 -409.83107692 -400.19584615
483 -405.81955494 -410.62960439 -401.00950549
484 -406.62564835 -411.42813186 -401.82316483
485 -407.43174175 -412.22665934 -402.63682417
486 -408.23783516 -413.02518681 -403.45048351
487 -409.04392857 -413.82371428 -404.26414285
488 -409.85002197 -414.62224175 -405.07780219
489 -410.65611538 -415.42076923 -405.89146153
490 -411.46220879 -416.21929670 -406.70512087
491 -412.26830219 -417.01782417 -407.51878021
492 -413.07439560 -417.81635164 -408.33243956
493 -413.88048901 -418.61487912 -409.14609890
494 -414.68658241 -419.41340659 -409.95975824
495 -415.49267582 -420.21193406 -410.77341758
496 -416.29876923 -421.01046153 -411.58707692
497 -417.10486263 -421.80898901 -412.40073626
498 -417.91095604 -422.60751648 -413.21439560
499 -418.71704945 -423.40604395 -414.02805494
500 -419.52314285 -424.20457142 -414.84171428
501 -420.32923626 -425.00309890 -415.65537362
502 -421.13532967 -425.80162637 -416.46903296
503 -421.94142307 -426.60015384 -417.28269230
504 -422.74751648 -427.39868131 -418.09635164
505 -423.55360989 -428.19720879 -418.91001098
506 -424.35970329 -428.99573626 -419.72367032
507 -425.16579670 -429.79426373 -420.53732967
508 -425.97189010 -430.59279120 -421.35098901
509 -426.77798351 -431.39131868 -422.16464835
510 -427.58407692 -432.18984615 -422.97830769
511 -428.39017032 -432.98837362 -423.79196703
512 -429.19626373 -433.78690109 -424.60562637
513 -430.00235714 -434.58542857 -425.41928571
514 -430.80845054 -435.38395604 -426.23294505
515 -431.61454395 -436.18248351 -427.04660439
516 -432.42063736 -436.98101098 -427.86026373
517 -433.22673076 -437.77953846 -428.67392307
518 -434.03282417 -438.57806593 -429.48758241
519 -434.83891758 -439.37659340 -430.30124175
520 -435.64501098 -440.17512087 -431.11490109
521 -436.45110439 -440.97364835 -431.92856043
522 -437.25719780 -441.77217582 -432.74221978
523 -438.06329120 -442.57070329 -433.55587912
524 -438.86938461 -443.36923076 -434.36953846
525 -439.67547802 -444.16775824 -435.18319780
526 -440.48157142 -444.96628571 -435.99685714
527 -441.28766483 -445.76481318 -436.81051648
528 -442.09375824 -446.56334065 -437.62417582
529 -442.89985164 -447.36186813 -438.43783516
530 -443.70594505 -448.16039560 -439.25149450
531 -444.51203846 -448.95892307 -440.06515384
532 -445.31813186 -449.75745054 -440.87881318
533 -446.12422527 -450.55597802 -441.69247252
534 -446.93031868 -451.35450549 -442.50613186
535 -447.73641208 -452.15303296 -443.31979120
536 -448.54250549 -452.95156043 -444.13345054
537 -449.34859890 -453.75008791 -444.94710989
538 -450.15469230 -454.54861538 -445.76076923
539 -450.96078571 -455.34714285 -446.57442857
540 -451.76687912 -456.14567032 -447.38808791
541 -452.57297252 -456.94419780 -448.20174725
542 -453.37906593 -457.74272527 -449.01540659
543 -454.18515934 -458.54125274 -449.82906593
544 -454.99125274 -459.33978021 -450.64272527
545 -455.79734615 -460.13830769 -451.45638461
546 -456.60343956 -460.93683516 -452.27004395
547 -457.40953296 -461.73536263 -453.08370329
548 -458.21562637 -462.53389010 -453.89736263
549 -459.02171978 -463.33241758 -454.71102197
550 -459.82781318 -464.13094505 -455.52468131
551 -460.63390659 -464.92947252 -456.33834065
552 -461.44000000 -465.72800000 -457.15200000
553 -462.22511538 -466.54885714 -457.90137362
554 -463.01023076 -467.36971428 -458.65074725
555 -463.79534615 -468.19057142 -459.40012087
556 -464.58046153 -469.01142857 -460.14949450
557 -465.36557692 -469.83228571 -460.89886813
558 -466.15069230 -470.65314285 -461.64824175
559 -466.93580769 -471.47400000 -462.39761538
560 -467.72092307 -472.29485714 -463.14698901
561 -468.50603846 -473.11571428 -463.89636263
562 -469.29115384 -473.93657142 -464.64573626
563 -470.07626923 -474.75742857 -465.39510989
564 -470.86138461 -475.57828571 -466.14448351
565 -471.64650000 -476.39914285 -466.89385714
566 -472.43161538 -477.22000000 -467.64323076
567 -473.21673076 -478.04085714 -468.39260439
568 -474.00184615 -478.86171428 -469.14197802
569 -474.78696153 -479.68257142 -469.89135164
570 -475.57207692 -480.50342857 -470.64072527
571 -476.35719230 -481.32428571 -471.39009890
572 -477.14230769 -482.14514285 -472.13947252
573 -477.92742307 -482.96600000 -472.88884615
574 -478.71253846 -483.78685714 -473.63821978
575 -479.49765384 -484.60771428 -474.38759340
576 -480.28276923 -485.42857142 -475.13696703
577 -481.06788461 -486.24942857 -475.88634065
578 -481.85300000 -487.07028571 -476.63571428
579 -482.63811538 -487.89114285 -477.38508791
580 -483.42323076 -488.71200000 -478.13446153
581 -484.20834615 -489.53285714 -478.88383516
582 -484.99346153 -490.35371428 -479.63320879
583 -485.77857692 -491.17457142 -480.38258241
584 -486.56369230 -491.99542857 -481.13195604
585 -487.34880769 -492.81628571 -481.88132967
586 -488.13392307 -493.63714285 -482.63070329
587 -488.91903846 -494.45800000 -483.38007692
588 -489.70415384 -495.27885714 -484.12945054
589 -490.48926923 -496.09971428 -484.87882417
590 -491.27438461 -496.92057142 -485.62819780
591 -492.05950000 -497.74142857 -486.37757142
592 -492.84461538 -498.56228571 -487.12694505
593 -493.62973076 -499.38314285 -487.87631868
594 -494.41484615 -500.20400000 -488.62569230
595 -495.19996153 -501.02485714 -489.37506593
596 -495.98507692 -501.84571428 -490.12443956
597 -496.77019230 -502.66657142 -490.87381318
598 -497.55530769 -503.48742857 -491.62318681
599 -498.34042307 -504.30828571 -492.37256043
600 -499.12553846 -505.12914285 -493.12193406
601 -499.91065384 -505.95000000 -493.87130769
602 -500.69576923 -506.77085714 -494.62068131
603 -501.48088461 -507.59171428 -495.37005494
604 -502.26600000 -508.41257142 -496.11942857
605 -503.05111538 -509.23342857 -496.86880219
606 -503.83623076 -510.05428571 -497.61817582
607 -504.62134615 -510.87514285 -498.36754945
608 -505.40646153 -511.69600000 -499.11692307
609 -506.19157692 -512.51685714 -499.86629670
610 -506.97669230 -513.33771428 -500.61567032
611 -507.76180769 -514.15857142 -501.36504395
612 -508.54692307 -514.97942857 -502.11441758
613 -509.33203846 -515.80028571 -502.86379120
614 -510.11715384 -516.62114285 -503.61316483
615 -510.90226923 -517.44200000 -504.36253846
616 -511.68738461 -518.26285714 -505.11191208
617 -512.47250000 -519.08371428 -505.86128571
618 -513.25761538 -519.90457142 -506.61065934
619 -514.04273076 -520.72542857 -507.36003296
620 -514.82784615 -521.54628571 -508.10940659
621 -515.61296153 -522.36714285 -508.85878021
622 -516.39807692 -523.18800000 -509.60815384
623 -517.18319230 -524.00885714 -510.35752747
624 -517.96830769 -524.82971428 -511.10690109
625 -518.75342307 -525.65057142 -511.85627472
626 -519.53853846 -526.47142857 -512.60564835
627 -520.32365384 -527.29228571 -513.35502197
628 -521.10876923 -528.11314285 -514.10439560
629 -521.89388461 -528.93400000 -514.85376923
630 -522.67900000 -529.75485714 -515.60314285
631 -523.46411538 -530.57571428 -516.35251648
632 -524.24923076 -531.39657142 -517.10189010
633 -525.03434615 -532.21742857 -517.85126373
634 -525.81946153 -533.03828571 -518.60063736
635 -526.60457692 -533.85914285 -519.35001098
636 -527.38969230 -534.68000000 -520.09938461
637 -528.17480769 -535.50085714 -520.84875824
638 -528.95992307 -536.32171428 -521.59813186
639 -529.74503846 -537.14257142 -522.34750549
640 -530.53015384 -537.96342857 -523.09687912
641 -531.31526923 -538.78428571 -523.84625274
642 -532.10038461 -539.60514285 -524.59562637
643 -532.88550000 -540.42600000 -525.34500000
644 -533.64786956 -541.19318478 -526.10255434
645 -534.41023913 -541.96036956 -526.86010869
646 -535.17260869 -542.72755434 -527.61766304
647 -535.93497826 -543.49473913 -528.37521739
648 -536.69734782 -544.26192391 -529.13277173
649 -537.45971739 -545.02910869 -529.89032608
650 -538.22208695 -545.79629347 -530.64788043
651 -538.98445652 -546.56347826 -531.40543478
652 -539.74682608 -547.33066304 -532.16298913
653 -540.50919565 -548.09784782 -532.92054347
654 -541.27156521 -548.86503260 -533.67809782
655 -542.03393478 -549.63221739 -534.43565217
656 -542.79630434 -550.39940217 -535.19320652
657 -543.55867391 -551.16658695 -535.95076086
658 -544.32104347 -551.93377173 -536.70831521
659 -545.08341304 -552.70095652 -537.46586956
660 -545.84578260 -553.46814130 -538.22342391
661 -546.60815217 -554.23532608 -538.98097826
662 -547.37052173 -555.00251086 -539.73853260
663 -548.13289130 -555.76969565 -540.49608695
664 -548.89526086 -556.53688043 -541.25364130
665 -549.65763043 -557.30406521 -542.01119565
666 -550.42000000 -558.07125000 -542.76875000
667 -551.18236956 -558.83843478 -543.52630434
668 -551.94473913 -559.60561956 -544.28385869
669 -552.70710869 -560.37280434 -545.04141304
670 -553.46947826 -561.13998913 -545.79896739
671 -554.23184782 -561.90717391 -546.55652173
672 -554.99421739 -562.67435869 -547.31407608
673 -555.75658695 -563.44154347 -548.07163043
674 -556.51895652 -564.20872826 -548.82918478
675 -557.28132608 -564.97591304 -549.58673913
676 -558.04369565 -565.74309782 -550.34429347
677 -558.80606521 -566.51028260 -551.10184782
678 -559.56843478 -567.27746739 -551.85940217
679 -560.33080434 -568.04465217 -552.61695652
680 -561.09317391 -568.81183695 -553.37451086
681 -561.85554347 -569.57902173 -554.13206521
682 -562.61791304 -570.34620652 -554.88961956
683 -563.38028260 -571.11339130 -555.64717391
684 -564.14265217 -571.88057608 -556.40472826
685 -564.90502173 -572.64776086 -557.16228260
686 -565.66739130 -573.41494565 -557.91983695
687 -566.42976086 -574.18213043 -558.67739130
688 -567.19213043 -574.94931521 -559.43494565
689 -567.95450000 -575.71650000 -560.19250000
690 -568.71686956 -576.48368478 -560.95005434
691 -569.47923913 -577.25086956 -561.70760869
692 -570.24160869 -578.01805434 -562.46516304
693 -571.00397826 -578.78523913 -563.22271739
694 -571.76634782 -579.55242391 -563.98027173
695 -572.52871739 -580.31960869 -564.73782608
696 -573.29108695 -581.08679347 -565.49538043
697 -574.05345652 -581.85397826 -566.25293478
698 -574.81582608 -582.62116304 -567.01048913
699 -575.57819565 -583.38834782 -567.76804347
700 -576.34056521 -584.15553260 -568.52559782
701 -577.10293478 -584.92271739 -569.28315217
702 -577.86530434 -585.68990217 -570.04070652
703 -578.62767391 -586.45708695 -570.79826086
704 -579.39004347 -587.22427173 -571.55581521
705 -580.15241304 -587.99145652 -572.31336956
706 -580.91478260 -588.75864130 -573.07092391
707 -581.67715217 -589.52582608 -573.82847826
708 -582.43952173 -590.29301086 -574.58603260
709 -583.20189130 -591.06019565 -575.34358695
710 -583.96426086 -591.82738043 -576.10114130
711 -584.72663043 -592.59456521 -576.85869565
712 -585.48900000 -593.36175000 -577.61625000
713 -586.25136956 -594.12893478 -578.37380434
714 -587.01373913 -594.89611956 -579.13135869
715 -587.77610869 -595.66330434 -579.88891304
716 -588.53847826 -596.43048913 -580.64646739
717 -589.30084782 -597.19767391 -581.40402173
718 -590.06321739 -597.96485869 -582.16157608
719 -590.82558695 -598.73204347 -582.91913043
720 -591.58795652 -599.49922826 -583.67668478
721 -592.35032608 -600.26641304 -584.43423913
722 -593.11269565 -601.03359782 -585.19179347
723 -593.87506521 -601.80078260 -585.94934782
724 -594.63743478 -602.56796739 -586.70690217
725 -595.39980434 -603.33515217 -587.46445652
726 -596.16217391 -604.10233695 -588.22201086
727 -596.92454347 -604.86952173 -588.97956521
728 -597.68691304 -605.63670652 -589.73711956
729 -598.44928260 -606.40389130 -590.49467391
730 -599.21165217 -607.17107608 -591.25222826
731 -599.97402173 -607.93826086 -592.00978260
732 -600.73639130 -608.70544565 -592.76733695
733 -601.49876086 -609.47263043 -593.52489130
734 -602.26113043 -610.23981521 -594.28244565
735 -603.02350000 -611.00700000 -595.04000000
736 -603.74511171 -611.74426703 -595.74595640
737 -604.46672343 -612.48153405 -596.45191280
738 -605.18833514 -613.21880108 -597.15786920
739 -605.90994686 -613.95606811 -597.86382561
740 -606.63155858 -614.69333514 -598.56978201
741 -607.35317029 -615.43060217 -599.27573841
742 -608.07478201 -616.16786920 -599.98169482
743 -608.79639373 -616.90513623 -600.68765122
744 -609.51800544 -617.64240326 -601.39360762
745 -610.23961716 -618.37967029 -602.09956403
746 -610.96122888 -619.11693732 -602.80552043
747 -611.68284059 -619.85420435 -603.51147683
748 -612.40445231 -620.59147138 -604.21743324
749 -613.12606403 -621.32873841 -604.92338964
750 -613.84767574 -622.06600544 -605.62934604
751 -614.56928746 -622.80327247 -606.33530245
752 -615.29089918 -623.54053950 -607.04125885
753 -616.01251089 -624.27780653 -607.74721525
754 -616.73412261 -625.01507356 -608.45317166
755 -617.45573433 -625.75234059 -609.15912806
756 -618.17734604 -626.48960762 -609.86508446
757 -618.89895776 -627.22687465 -610.57104087
758 -619.62056948 -627.96414168 -611.27699727
759 -620.34218119 -628.70140871 -611.98295367
760 -621.06379291 -629.43867574 -612.68891008
761 -621.78540463 -630.17594277 -613.39486648
762 -622.50701634 -630.91320980 -614.10082288
763 -623.22862806 -631.65047683 -614.80677929
764 -623.95023978 -632.38774386 -615.51273569
765 -624.67185149 -633.12501089 -616.21869209
766 -625.39346321 -633.86227792 -616.92464850
767 -626.11507493 -634.59954495 -617.63060490
768 -626.83668664 -635.33681198 -618.33656130
769 -627.55829836 -636.07407901 -619.04251771
770 -628.27991008 -636.81134604 -619.74847411
771 -629.00152179 -637.54861307 -620.45443051
772 -629.72313351 -638.28588010 -621.16038692
773 -630.44474523 -639.02314713 -621.86634332
774 -631.16635694 -639.76041416 -622.57229972
775 -631.88796866 -640.49768119 -623.27825613
776 -632.60958038 -641.23494822 -623.98421253
777 -633.33119209 -641.97221525 -624.69016893
778 -634.05280381 -642.70948228 -625.39612534
779 -634.77441553 -643.44674931 -626.10208174
780 -635.49602724 -644.18401634 -626.80803814
781 -636.21763896 -644.92128337 -627.51399455
782 -636.93925068 -645.65855040 -628.21995095
783 -637.66086239 -646.39581743 -628.92590735
784 -638.38247411 -647.13308446 -629.63186376
785 -639.10408583 -647.87035149 -630.33782016
786 -639.82569754 -648.60761852 -631.04377656
787 -640.54730926 -649.34488555 -631.74973297
788 -641.26892098 -650.08215258 -632.45568937
789 -641.99053269 -650.81941961 -633.16164577
790 -642.71214441 -651.55668664 -633.86760217
791 -643.43375613 -652.29395367 -634.57355858
792 -644.15536784 -653.03122070 -635.27951498
793 -644.87697956 -653.76848773 -635.98547138
794 -645.59859128 -654.50575476 -636.69142779
795 -646.32020299 -655.24302179 -637.39738419
796 -647.04181471 -655.98028882 -638.10334059
797 -647.76342643 -656.71755585 -638.80929700
798 -648.48503814 -657.45482288 -639.51525340
799 -649.20664986 -658.19208991 -640.22120980
800 -649.92826158 -658.92935694 -640.92716621
801 -650.64987329 -659.66662397 -641.63312261
802 -651.37148501 -660.40389100 -642.33907901
803 -652.09309673 -661.14115803 -643.04503542
804 -652.81470844 -661.87842506 -643.75099182
805 -653.53632016 -662.61569209 -644.45694822
806 -654.25793188 -663.35295912 -645.16290463
807 -654.97954359 -664.09022615 -645.86886103
808 -655.70115531 -664.82749318 -646.57481743
809 -656.42276703 -665.56476021 -647.28077384
810 -657.14437874 -666.30202724 -647.98673024
811 -657.86599046 -667.03929427 -648.69268664
812 -658.58760217 -667.77656130 -649.39864305
813 -659.30921389 -668.51382833 -650.10459945
814 -660.03082561 -669.25109536 -650.81055585
815 -660.75243732 -669.98836239 -651.51651226
816 -661.47404904 -670.72562942 -652.22246866
817 -662.19566076 -671.46289645 -652.92842506
818 -662.91727247 -672.20016348 -653.63438147
819 -663.63888419 -672.93743051 -654.34033787
820 -664.36049591 -673.67469754 -655.04629427
821 -665.08210762 -674.41196457 -655.75225068
822 -665.80371934 -675.14923160 -656.45820708
823 -666.52533106 -675.88649863 -657.16416348
824 -667.24694277 -676.62376566 -657.87011989
825 -667.96855449 -677.36103269 -658.57607629
826 -668.69016621 -678.09829972 -659.28203269
827 -669.41177792 -678.83556675 -659.98798910
828 -670.13338964 -679.57283378 -660.69394550
829 -670.85500136 -680.31010081 -661.39990190
830 -671.57661307 -681.04736784 -662.10585831
831 -672.29822479 -681.78463487 -662.81181471
832 -673.01983651 -682.52190190 -663.51777111
833 -673.74144822 -683.25916893 -664.22372752
834 -674.46305994 -683.99643596 -664.92968392
835 -675.18467166 -684.73370299 -665.63564032
836 -675.90628337 -685.47097002 -666.34159673
837 -676.62789509 -686.20823705 -667.04755313
838 -677.34950681 -686.94550408 -667.75350953
839 -678.07111852 -687.68277111 -668.45946594
840 -678.79273024 -688.42003814 -669.16542234
841 -679.51434196 -689.15730517 -669.87137874
842 -680.23595367 -689.89457220 -670.57733514
843 -680.95756539 -690.63183923 -671.28329155
844 -681.67917711 -691.36910626 -671.98924795
845 -682.40078882 -692.10637329 -672.69520435
846 -683.12240054 -692.84364032 -673.40116076
847 -683.84401226 -693.58090735 -674.10711716
848 -684.56562397 -694.31817438 -674.81307356
849 -685.28723569 -695.05544141 -675.51902997
850 -686.00884741 -695.79270844 -676.22498637
851 -686.73045912 -696.52997547 -676.93094277
852 -687.45207084 -697.26724250 -677.63689918
853 -688.17368256 -698.00450953 -678.34285558
854 -688.89529427 -698.74177656 -679.04881198
855 -689.61690599 -699.47904359 -679.75476839
856 -690.33851771 -700.21631062 -680.46072479
857 -691.06012942 -700.95357765 -681.16668119
858 -691.78174114 -701.69084468 -681.87263760
859 -692.50335286 -702.42811171 -682.57859400
860 -693.22496457 -703.16537874 -683.28455040
861 -693.94657629 -703.90264577 -683.99050681
862 -694.66818801 -704.63991280 -684.69646321
863 -695.38979972 -705.37717983 -685.40241961
864 -696.11141144 -706.11444686 -686.10837602
865 -696.83302316 -706.85171389 -686.81433242
866 -697.55463487 -707.58898092 -687.52028882
867 -698.27624659 -708.32624795 -688.22624523
868 -698.99785831 -709.06351498 -688.93220163
869 -699.71947002 -709.80078201 -689.63815803
870 -700.44108174 -710.53804904 -690.34411444
871 -701.16269346 -711.27531607 -691.05007084
872 -701.88430517 -712.01258310 -691.75602724
873 -702.60591689 -712.74985013 -692.46198365
874 -703.32752861 -713.48711716 -693.16794005
875 -704.04914032 -714.22438419 -693.87389645
876 -704.77075204 -714.96165122 -694.57985286
877 -705.49236376 -715.69891825 -695.28580926
878 -706.21397547 -716.43618528 -695.99176566
879 -706.93558719 -717.17345231 -696.69772207
880 -707.65719891 -717.91071934 -697.40367847
881 -708.37881062 -718.64798637 -698.10963487
882 -709.10042234 -719.38525340 -698.81559128
883 -709.82203405 -720.12252043 -699.52154768
884 -710.54364577 -720.85978746 -700.22750408
885 -711.26525749 -721.59705449 -700.93346049
886 -711.98686920 -722.33432152 -701.63941689
887 -712.70848092 -723.07158855 -702.34537329
888 -713.43009264 -723.80885558 -703.05132970
889 -714.15170435 -724.54612261 -703.75728610
890 -714.87331607 -725.28338964 -704.46324250
891 -715.59492779 -726.02065667 -705.16919891
892 -716.31653950 -726.75792370 -705.87515531
893 -717.03815122 -727.49519073 -706.58111171
894 -717.75976294 -728.23245776 -707.28706811
895 -718.48137465 -728.96972479 -707.99302452
896 -719.20298637 -729.70699182 -708.69898092
897 -719.92459809 -730.44425885 -709.40493732
898 -720.64620980 -731.18152588 -710.11089373
899 -721.36782152 -731.91879291 -710.81685013
900 -722.08943324 -732.65605994 -711.52280653
901 -722.81104495 -733.39332697 -712.22876294
902 -723.53265667 -734.13059400 -712.93471934
903 -724.25426839 -734.86786103 -713.64067574
904 -724.97588010 -735.60512806 -714.34663215
905 -725.69749182 -736.34239509 -715.05258855
906 -726.41910354 -737.07966212 -715.75854495
907 -727.14071525 -737.81692915 -716.46450136
908 -727.86232697 -738.55419618 -717.17045776
909 -728.58393869 -739.29146321 -717.87641416
910 -729.30555040 -740.02873024 -718.58237057
911 -730.02716212 -740.76599727 -719.28832697
912 -730.74877384 -741.50326430 -719.99428337
913 -731.47038555 -742.24053133 -720.70023978
914 -732.19199727 -742.97779836 -721.40619618
915 -732.91360899 -743.71506539 -722.11215258
916 -733.63522070 -744.45233242 -722.81810899
917 -734.35683242 -745.18959945 -723.52406539
918 -735.07844414 -745.92686648 -724.23002179
919 -735.80005585 -746.66413351 -724.93597820
920 -736.52166757 -747.40140054 -725.64193460
921 -737.24327929 -748.13866757 -726.34789100
922 -737.96489100 -748.87593460 -727.05384741
923 -738.68650272 -749.61320163 -727.75980381
924 -739.40811444 -750.35046866 -728.46576021
925 -740.12972615 -751.08773569 -729.17171662
926 -740.85133787 -751.82500272 -729.87767302
927 -741.57294959 -752.56226975 -730.58362942
928 -742.29456130 -753.29953678 -731.28958583
929 -743.01617302 -754.03680381 -731.99554223
930 -743.73778474 -754.77407084 -732.70149863
931 -744.45939645 -755.51133787 -733.40745504
932 -745.18100817 -756.24860490 -734.11341144
933 -745.90261989 -756.98587193 -734.81936784
934 -746.62423160 -757.72313896 -735.52532425
935 -747.34584332 -758.46040599 -736.23128065
936 -748.06745504 -759.19767302 -736.93723705
937 -748.78906675 -759.93494005 -737.64319346
938 -749.51067847 -760.67220708 -738.34914986
939 -750.23229019 -761.40947411 -739.05510626
940 -750.95390190 -762.14674114 -739.76106267
941 -751.67551362 -762.88400817 -740.46701907
942 -752.39712534 -763.62127520 -741.17297547
943 -753.11873705 -764.35854223 -741.87893188
944 -753.84034877 -765.09580926 -742.58488828
945 -754.56196049 -765.83307629 -743.29084468
946 -755.28357220 -766.57034332 -743.99680108
947 -756.00518392 -767.30761035 -744.70275749
948 -756.72679564 -768.04487738 -745.40871389
949 -757.44840735 -768.78214441 -746.11467029
950 -758.17001907 -769.51941144 -746.82062670
951 -758.89163079 -770.25667847 -747.52658310
952 -759.61324250 -770.99394550 -748.23253950
953 -760.33485422 -771.73121253 -748.93849591
954 -761.05646594 -772.46847956 -749.64445231
955 -761.77807765 -773.20574659 -750.35040871
956 -762.49968937 -773.94301362 -751.05636512
957 -763.22130108 -774.68028065 -751.76232152
958 -763.94291280 -775.41754768 -752.46827792
959 -764.66452452 -776.15481471 -753.17423433
960 -765.38613623 -776.89208174 -753.88019073
961 -766.10774795 -777.62934877 -754.58614713
962 -766.82935967 -778.36661580 -755.29210354
963 -767.55097138 -779.10388283 -755.99805994
964 -768.27258310 -779.84114986 -756.70401634
965 -768.99419482 -780.57841689 -757.40997275
966 -769.71580653 -781.31568392 -758.11592915
967 -770.43741825 -782.05295095 -758.82188555
968 -771.15902997 -782.79021798 -759.52784196
969 -771.88064168 -783.52748501 -760.23379836
970 -772.60225340 -784.26475204 -760.93975476
971 -773.32386512 -785.00201907 -761.64571117
972 -774.04547683 -785.73928610 -762.35166757
973 -774.76708855 -786.47655313 -763.05762397
974 -775.48870027 -787.21382016 -763.76358038
975 -776.21031198 -787.95108719 -764.46953678
976 -776.93192370 -788.68835422 -765.17549318
977 -777.65353542 -789.42562125 -765.88144959
978 -778.37514713 -790.16288828 -766.58740599
979 -779.09675885 -790.90015531 -767.29336239
980 -779.81837057 -791.63742234 -767.99931880
981 -780.53998228 -792.37468937 -768.70527520
982 -781.26159400 -793.11195640 -769.41123160
983 -781.98320572 -793.84922343 -770.11718801
984 -782.70481743 -794.58649046 -770.82314441
985 -783.42642915 -795.32375749 -771.52910081
986 -784.14804087 -796.06102452 -772.23505722
987 -784.86965258 -796.79829155 -772.94101362
988 -785.59126430 -797.53555858 -773.64697002
989 -786.31287602 -798.27282561 -774.35292643
990 -787.03448773 -799.01009264 -775.05888283
991 -787.75609945 -799.74735967 -775.76483923
992 -788.47771117 -800.48462670 -776.47079564
993 -789.19932288 -801.22189373 -777.17675204
994 -789.92093460 -801.95916076 -777.88270844
995 -790.64254632 -802.69642779 -778.58866485
996 -791.36415803 -803.43369482 -779.29462125
997 -792.08576975 -804.17096185 -780.00057765
998 -792.80738147 -804.90822888 -780.70653405
999 -793.52899318 -805.64549591 -781.41249046
1000 -794.25060490 -806.38276294 -782.11844686
1001 -794.97221662 -807.12002997 -782.82440326
1002 -795.69382833 -807.85729700 -783.53035967
1003 -796.41544005 -808.59456403 -784.23631607
1004 -797.13705177 -809.33183106 -784.94227247
1005 -797.85866348 -810.06909809 -785.64822888
1006 -798.58027520 -810.80636512 -786.35418528
1007 -799.30188692 -811.54363215 -787.06014168
1008 -800.02349863 -812.28089918 -787.76609809
1009 -800.74511035 -813.01816621 -788.47205449
1010 -801.46672207 -813.75543324 -789.17801089
1011 -802.18833378 -814.49270027 -789.88396730
1012 -802.90994550 -815.22996730 -790.58992370
1013 -803.63155722 -815.96723433 -791.29588010
1014 -804.35316893 -816.70450136 -792.00183651
1015 -805.07478065 -817.44176839 -792.70779291
1016 -805.79639237 -818.17903542 -793.41374931
1017 -806.51800408 -818.91630245 -794.11970572
1018 -807.23961580 -819.65356948 -794.82566212
1019 -807.96122752 -820.39083651 -795.53161852
1020 -808.68283923 -821.12810354 -796.23757493
1021 -809.40445095 -821.86537057 -796.94353133
1022 -810.12606267 -822.60263760 -797.64948773
1023 -810.84767438 -823.33990463 -798.35544414
1024 -811.56928610 -824.07717166 -799.06140054
1025 -812.29089782 -824.81443869 -799.76735694
1026 -813.01250953 -825.55170572 -800.47331335
1027 -813.73412125 -826.28897275 -801.17926975
1028 -814.45573297 -827.02623978 -801.88522615
1029 -815.17734468 -827.76350681 -802.59118256
1030 -815.89895640 -828.50077384 -803.29713896
1031 -816.62056811 -829.23804087 -804.00309536
1032 -817.34217983 -829.97530790 -804.70905177
1033 -818.06379155 -830.71257493 -805.41500817
1034 -818.78540326 -831.44984196 -806.12096457
1035 -819.50701498 -832.18710899 -806.82692098
1036 -820.22862670 -832.92437602 -807.53287738
1037 -820.95023841 -833.66164305 -808.23883378
1038 -821.67185013 -834.39891008 -808.94479019
1039 -822.39346185 -835.13617711 -809.65074659
1040 -823.11507356 -835.87344414 -810.35670299
1041 -823.83668528 -836.61071117 -811.06265940
1042 -824.55829700 -837.34797820 -811.76861580
1043 -825.27990871 -838.08524523 -812.47457220
1044 -826.00152043 -838.82251226 -813.18052861
1045 -826.72313215 -839.55977929 -813.88648501
1046 -827.44474386 -840.29704632 -814.59244141
1047 -828.16635558 -841.03431335 -815.29839782
1048 -828.88796730 -841.77158038 -816.00435422
1049 -829.60957901 -842.50884741 -816.71031062
1050 -830.33119073 -843.24611444 -817.41626703
1051 -831.05280245 -843.98338147 -818.12222343
1052 -831.77441416 -844.72064850 -818.82817983
1053 -832.49602588 -845.45791553 -819.53413623
1054 -833.21763760 -846.19518256 -820.24009264
1055 -833.93924931 -846.93244959 -820.94604904
1056 -834.66086103 -847.66971662 -821.65200544
1057 -835.38247275 -848.40698365 -822.35796185
1058 -836.10408446 -849.14425068 -823.06391825
1059 -836.82569618 -849.88151771 -823.76987465
1060 -837.54730790 -850.61878474 -824.47583106
1061 -838.26891961 -851.35605177 -825.18178746
1062 -838.99053133 -852.09331880 -825.88774386
1063 -839.71214305 -852.83058583 -826.59370027
1064 -840.43375476 -853.56785286 -827.29965667
1065 -841.15536648 -854.30511989 -828.00561307
1066 -841.87697820 -855.04238692 -828.71156948
1067 -842.59858991 -855.77965395 -829.41752588
1068 -843.32020163 -856.51692098 -830.12348228
1069 -844.04181335 -857.25418801 -830.82943869
1070 -844.76342506 -857.99145504 -831.53539509
1071 -845.48503678 -858.72872207 -832.24135149
1072 -846.20664850 -859.46598910 -832.94730790
1073 -846.92826021 -860.20325613 -833.65326430
1074 -847.64987193 -860.94052316 -834.35922070
1075 -848.37148365 -861.67779019 -835.06517711
1076 -849.09309536 -862.41505722 -835.77113351
1077 -849.81470708 -863.15232425 -836.47708991
1078 -850.53631880 -863.88959128 -837.18304632
1079 -851.25793051 -864.62685831 -837.88900272
1080 -851.97954223 -865.36412534 -838.59495912
1081 -852.70115395 -866.10139237 -839.30091553
1082 -853.42276566 -866.83865940 -840.00687193
1083 -854.14437738 -867.57592643 -840.71282833
1084 -854.86598910 -868.31319346 -841.41878474
1085 -855.58760081 -869.05046049 -842.12474114
1086 -856.30921253 -869.78772752 -842.83069754
1087 -857.03082425 -870.52499455 -843.53665395
1088 -857.75243596 -871.26226158 -844.24261035
1089 -858.47404768 -871.99952861 -844.94856675
1090 -859.19565940 -872.73679564 -845.65452316
1091 -859.91727111 -873.47406267 -846.36047956
1092 -860.63888283 -874.21132970 -847.06643596
1093 -861.36049455 -874.94859673 -847.77239237
1094 -862.08210626 -875.68586376 -848.47834877
1095 -862.80371798 -876.42313079 -849.18430517
1096 -863.52532970 -877.16039782 -849.89026158
1097 -864.24694141 -877.89766485 -850.59621798
1098 -864.96855313 -878.63493188 -851.30217438
1099 -865.69016485 -879.37219891 -852.00813079
1100 -866.41177656 -880.10946594 -852.71408719
1101 -867.13338828 -880.84673297 -853.42004359
1102 -867.85500000 -881.58400000 -854.12600000
1103 -868.52536164 -882.27740000 -854.77332328
1104 -869.19572328 -882.97080000 -855.42064657
1105 -869.86608493 -883.66420000 -856.06796986
1106 -870.53644657 -884.35760000 -856.71529315
1107 -871.20680821 -885.05100000 -857.36261643
1108 -871.87716986 -885.74440000 -858.00993972
1109 -872.54753150 -886.43780000 -858.65726301
1110 -873.21789315 -887.13120000 -859.30458630
1111 -873.88825479 -887.82460000 -859.95190958
1112 -874.55861643 -888.51800000 -860.59923287
1113 -875.22897808 -889.21140000 -861.24655616
1114 -875.89933972 -889.90480000 -861.89387945
1115 -876.56970136 -890.59820000 -862.54120273
1116 -877.24006301 -891.29160000 -863.18852602
1117 -877.91042465 -891.98500000 -863.83584931
1118 -878.58078630 -892.67840000 -864.48317260
1119 -879.25114794 -893.37180000 -865.13049589
1120 -879.92150958 -894.06520000 -865.77781917
1121 -880.59187123 -894.75860000 -866.42514246
1122 -881.26223287 -895.45200000 -867.07246575
1123 -881.93259452 -896.14540000 -867.71978904
1124 -882.60295616 -896.83880000 -868.36711232
1125 -883.27331780 -897.53220000 -869.01443561
1126 -883.94367945 -898.22560000 -869.66175890
1127 -884.61404109 -898.91900000 -870.30908219
1128 -885.28440273 -899.61240000 -870.95640547
1129 -885.95476438 -900.30580000 -871.60372876
1130 -886.62512602 -900.99920000 -872.25105205
1131 -887.29548767 -901.69260000 -872.89837534
1132 -887.96584931 -902.38600000 -873.54569863
1133 -888.63621095 -903.07940000 -874.19302191
1134 -889.30657260 -903.77280000 -874.84034520
1135 -889.97693424 -904.46620000 -875.48766849
1136 -890.64729589 -905.15960000 -876.13499178
1137 -891.31765753 -905.85300000 -876.78231506
1138 -891.98801917 -906.54640000 -877.42963835
1139 -892.65838082 -907.23980000 -878.07696164
1140 -893.32874246 -907.93320000 -878.72428493
1141 -893.99910410 -908.62660000 -879.37160821
1142 -894.66946575 -909.32000000 -880.01893150
1143 -895.33982739 -910.01340000 -880.66625479
1144 -896.01018904 -910.70680000 -881.31357808
1145 -896.68055068 -911.40020000 -881.96090136
1146 -897.35091232 -912.09360000 -882.60822465
1147 -898.02127397 -912.78700000 -883.25554794
1148 -898.69163561 -913.48040000 -883.90287123
1149 -899.36199726 -914.17380000 -884.55019452
1150 -900.03235890 -914.86720000 -885.19751780
1151 -900.70272054 -915.56060000 -885.84484109
1152 -901.37308219 -916.25400000 -886.49216438
1153 -902.04344383 -916.94740000 -887.13948767
1154 -902.71380547 -917.64080000 -887.78681095
1155 -903.38416712 -918.33420000 -888.43413424
1156 -904.05452876 -919.02760000 -889.08145753
1157 -904.72489041 -919.72100000 -889.72878082
1158 -905.39525205 -920.41440000 -890.37610410
1159 -906.06561369 -921.10780000 -891.02342739
1160 -906.73597534 -921.80120000 -891.67075068
1161 -907.40633698 -922.49460000 -892.31807397
1162 -908.07669863 -923.18800000 -892.96539726
1163 -908.74706027 -923.88140000 -893.61272054
1164 -909.41742191 -924.57480000 -894.26004383
1165 -910.08778356 -925.26820000 -894.90736712
1166 -910.75814520 -925.96160000 -895.55469041
1167 -911.42850684 -926.65500000 -896.20201369
1168 -912.09886849 -927.34840000 -896.84933698
1169 -912.76923013 -928.04180000 -897.49666027
1170 -913.43959178 -928.73520000 -898.14398356
1171 -914.10995342 -929.42860000 -898.79130684
1172 -914.78031506 -930.12200000 -899.43863013
1173 -915.45067671 -930.81540000 -900.08595342
1174 -916.12103835 -931.50880000 -900.73327671
1175 -916.79140000 -932.20220000 -901.38060000
1176 -917.46176164 -932.89560000 -902.02792328
1177 -918.13212328 -933.58900000 -902.67524657
1178 -918.80248493 -934.28240000 -903.32256986
1179 -919.47284657 -934.97580000 -903.96989315
1180 -920.14320821 -935.66920000 -904.61721643
1181 -920.81356986 -936.36260000 -905.26453972
1182 -921.48393150 -937.05600000 -905.91186301
1183 -922.15429315 -937.74940000 -906.55918630
1184 -922.82465479 -938.44280000 -907.20650958
1185 -923.49501643 -939.13620000 -907.85383287
1186 -924.16537808 -939.82960000 -908.50115616
1187 -924.83573972 -940.52300000 -909.14847945
1188 -925.50610136 -941.21640000 -909.79580273
1189 -926.17646301 -941.90980000 -910.44312602
1190 -926.84682465 -942.60320000 -911.09044931
1191 -927.51718630 -943.29660000 -911.73777260
1192 -928.18754794 -943.99000000 -912.38509589
1193 -928.85790958 -944.68340000 -913.03241917
1194 -929.52827123 -945.37680000 -913.67974246
1195 -930.19863287 -946.07020000 -914.32706575
1196 -930.86899452 -946.76360000 -914.97438904
1197 -931.53935616 -947.45700000 -915.62171232
1198 -932.20971780 -948.15040000 -916.26903561
1199 -932.88007945 -948.84380000 -916.91635890
1200 -933.55044109 -949.53720000 -917.56368219
1201 -934.22080273 -950.23060000 -918.21100547
1202 -934.89116438 -950.92400000 -918.85832876
1203 -935.56152602 -951.61740000 -919.50565205
1204 -936.23188767 -952.31080000 -920.15297534
1205 -936.90224931 -953.00420000 -920.80029863
1206 -937.57261095 -953.69760000 -921.44762191
1207 -938.24297260 -954.39100000 -922.09494520
1208 -938.91333424 -955.08440000 -922.74226849
1209 -939.58369589 -955.77780000 -923.38959178
1210 -940.25405753 -956.47120000 -924.03691506
1211 -940.92441917 -957.16460000 -924.68423835
1212 -941.59478082 -957.85800000 -925.33156164
1213 -942.26514246 -958.55140000 -925.97888493
1214 -942.93550410 -959.24480000 -926.62620821
1215 -943.60586575 -959.93820000 -927.27353150
1216 -944.27622739 -960.63160000 -927.92085479
1217 -944.94658904 -961.32500000 -928.56817808
1218 -945.61695068 -962.01840000 -929.21550136
1219 -946.28731232 -962.71180000 -929.86282465
1220 -946.95767397 -963.40520000 -930.51014794
1221 -947.62803561 -964.09860000 -931.15747123
1222 -948.29839726 -964.79200000 -931.80479452
1223 -948.96875890 -965.48540000 -932.45211780
1224 -949.63912054 -966.17880000 -933.09944109
1225 -950.30948219 -966.87220000 -933.74676438
1226 -950.97984383 -967.56560000 -934.39408767
1227 -951.65020547 -968.25900000 -935.04141095
1228 -952.32056712 -968.95240000 -935.68873424
1229 -952.99092876 -969.64580000 -936.33605753
1230 -953.66129041 -970.33920000 -936.98338082
1231 -954.33165205 -971.03260000 -937.63070410
1232 -955.00201369 -971.72600000 -938.27802739
1233 -955.67237534 -972.41940000 -938.92535068
1234 -956.34273698 -973.11280000 -939.57267397
1235 -957.01309863 -973.80620000 -940.21999726
1236 -957.68346027 -974.49960000 -940.86732054
1237 -958.35382191 -975.19300000 -941.51464383
1238 -959.02418356 -975.88640000 -942.16196712
1239 -959.69454520 -976.57980000 -942.80929041
1240 -960.36490684 -977.27320000 -943.45661369
1241 -961.03526849 -977.96660000 -944.10393698
1242 -961.70563013 -978.66000000 -944.75126027
1243 -962.37599178 -979.35340000 -945.39858356
1244 -963.04635342 -980.04680000 -946.04590684
1245 -963.71671506 -980.74020000 -946.69323013
1246 -964.38707671 -981.43360000 -947.34055342
1247 -965.05743835 -982.12700000 -947.98787671
1248 -965.72780000 -982.82040000 -948.63520000
1249 -966.39816164 -983.51380000 -949.28252328
1250 -967.06852328 -984.20720000 -949.92984657
1251 -967.73888493 -984.90060000 -950.57716986
1252 -968.40924657 -985.59400000 -951.22449315
1253 -969.07960821 -986.28740000 -951.87181643
1254 -969.74996986 -986.98080000 -952.51913972
1255 -970.42033150 -987.67420000 -953.16646301
1256 -971.09069315 -988.36760000 -953.81378630
1257 -971.76105479 -989.06100000 -954.46110958
1258 -972.43141643 -989.75440000 -955.10843287
1259 -973.10177808 -990.44780000 -955.75575616
1260 -973.77213972 -991.14120000 -956.40307945
1261 -974.44250136 -991.83460000 -957.05040273
1262 -975.11286301 -992.52800000 -957.69772602
1263 -975.78322465 -993.22140000 -958.34504931
1264 -976.45358630 -993.91480000 -958.99237260
1265 -977.12394794 -994.60820000 -959.63969589
1266 -977.79430958 -995.30160000 -960.28701917
1267 -978.46467123 -995.99500000 -960.93434246
1268 -979.13503287 -996.68840000 -961.58166575
1269 -979.80539452 -997.38180000 -962.22898904
1270 -980.47575616 -998.07520000 -962.87631232
1271 -981.14611780 -998.76860000 -963.52363561
1272 -981.81647945 -999.46200000 -964.17095890
1273 -982.48684109 -1000.15540000 -964.81828219
1274 -983.15720273 -1000.84880000 -965.46560547
1275 -983.82756438 -1001.54220000 -966.11292876
1276 -984.49792602 -1002.23560000 -966.76025205
1277 -985.16828767 -1002.92900000 -967.40757534
1278 -985.83864931 -1003.62240000 -968.05489863
1279 -986.50901095 -1004.31580000 -968.70222191
1280 -987.17937260 -1005.00920000 -969.34954520
1281 -987.84973424 -1005.70260000 -969.99686849
1282 -988.52009589 -1006.39600000 -970.64419178
1283 -989.19045753 -1007.08940000 -971.29151506
1284 -989.86081917 -1007.78280000 -971.93883835
1285 -990.53118082 -1008.47620000 -972.58616164
1286 -991.20154246 -1009.16960000 -973.23348493
1287 -991.87190410 -1009.86300000 -973.88080821
1288 -992.54226575 -1010.55640000 -974.52813150
1289 -993.21262739 -1011.24980000 -975.17545479
1290 -993.88298904 -1011.94320000 -975.82277808
1291 -994.55335068 -1012.63660000 -976.47010136
1292 -995.22371232 -1013.33000000 -977.11742465
1293 -995.89407397 -1014.02340000 -977.76474794
1294 -996.56443561 -1014.71680000 -978.41207123
1295 -997.23479726 -1015.41020000 -979.05939452
1296 -997.90515890 -1016.10360000 -979.70671780
1297 -998.57552054 -1016.79700000 -980.35404109
1298 -999.24588219 -1017.49040000 -981.00136438
1299 -999.91624383 -1018.18380000 -981.64868767
1300 -1000.58660547 -1018.87720000 -982.29601095
1301 -1001.25696712 -1019.57060000 -982.94333424
1302 -1001.92732876 -1020.26400000 -983.59065753
1303 -1002.59769041 -1020.95740000 -984.23798082
1304 -1003.26805205 -1021.65080000 -984.88530410
1305 -1003.93841369 -1022.34420000 -985.53262739
1306 -1004.60877534 -1023.03760000 -986.17995068
1307 -1005.27913698 -1023.73100000 -986.82727397
1308 -1005.94949863 -1024.42440000 -987.47459726
1309 -1006.61986027 -1025.11780000 -988.12192054
1310 -1007.29022191 -1025.81120000 -988.76924383
1311 -1007.96058356 -1026.50460000 -989.41656712
1312 -1008.63094520 -1027.19800000 -990.06389041
1313 -1009.30130684 -1027.89140000 -990.71121369
1314 -1009.97166849 -1028.58480000 -991.35853698
1315 -1010.64203013 -1029.27820000 -992.00586027
1316 -1011.31239178 -1029.97160000 -992.65318356
1317 -1011.98275342 -1030.66500000 -993.30050684
1318 -1012.65311506 -1031.35840000 -993.94783013
1319 -1013.32347671 -1032.05180000 -994.59515342
1320 -1013.99383835 -1032.74520000 -995.24247671
1321 -1014.66420000 -1033.43860000 -995.88980000
1322 -1015.33456164 -1034.13200000 -996.53712328
1323 -1016.00492328 -1034.82540000 -997.18444657
1324 -1016.67528493 -1035.51880000 -997.83176986
1325 -1017.34564657 -1036.21220000 -998.47909315
1326 -1018.01600821 -1036.90560000 -999.12641643
1327 -1018.68636986 -1037.59900000 -999.77373972
1328 -1019.35673150 -1038.29240000 -1000.42106301
1329 -1020.02709315 -1038.98580000 -1001.06838630
1330 -1020.69745479 -1039.67920000 -1001.71570958
1331 -1021.36781643 -1040.37260000 -1002.36303287
1332 -1022.03817808 -1041.06600000 -1003.01035616
1333 -1022.70853972 -1041.75940000 -1003.65767945
1334 -1023.37890136 -1042.45280000 -1004.30500273
1335 -1024.04926301 -1043.14620000 -1004.95232602
1336 -1024.71962465 -1043.83960000 -1005.59964931
1337 -1025.38998630 -1044.53300000 -1006.24697260
1338 -1026.06034794 -1045.22640000 -1006.89429589
1339 -1026.73070958 -1045.91980000 -1007.54161917
1340 -1027.40107123 -1046.61320000 -1008.18894246
1341 -1028.07143287 -1047.30660000 -1008.83626575
1342 -1028.74179452 -1048.00000000 -1009.48358904
1343 -1029.41215616 -1048.69340000 -1010.13091232
1344 -1030.08251780 -1049.38680000 -1010.77823561
1345 -1030.75287945 -1050.08020000 -1011.42555890
1346 -1031.42324109 -1050.77360000 -1012.07288219
1347 -1032.09360273 -1051.46700000 -1012.72020547
1348 -1032.76396438 -1052.16040000 -1013.36752876
1349 -1033.43432602 -1052.85380000 -1014.01485205
1350 -1034.10468767 -1053.54720000 -1014.66217534
1351 -1034.77504931 -1054.24060000 -1015.30949863
1352 -1035.44541095 -1054.93400000 -1015.95682191
1353 -1036.11577260 -1055.62740000 -1016.60414520
1354 -1036.78613424 -1056.32080000 -1017.25146849
1355 -1037.45649589 -1057.01420000 -1017.89879178
1356 -1038.12685753 -1057.70760000 -1018.54611506
1357 -1038.79721917 -1058.40100000 -1019.19343835
1358 -1039.46758082 -1059.09440000 -1019.84076164
1359 -1040.13794246 -1059.78780000 -1020.48808493
1360 -1040.80830410 -1060.48120000 -1021.13540821
1361 -1041.47866575 -1061.17460000 -1021.78273150
1362 -1042.14902739 -1061.86800000 -1022.43005479
1363 -1042.81938904 -1062.56140000 -1023.07737808
1364 -1043.48975068 -1063.25480000 -1023.72470136
1365 -1044.16011232 -1063.94820000 -1024.37202465
1366 -1044.83047397 -1064.64160000 -1025.01934794
1367 -1045.50083561 -1065.33500000 -1025.66667123
1368 -1046.17119726 -1066.02840000 -1026.31399452
1369 -1046.84155890 -1066.72180000 -1026.96131780
1370 -1047.51192054 -1067.41520000 -1027.60864109
1371 -1048.18228219 -1068.10860000 -1028.25596438
1372 -1048.85264383 -1068.80200000 -1028.90328767
1373 -1049.52300547 -1069.49540000 -1029.55061095
1374 -1050.19336712 -1070.18880000 -1030.19793424
1375 -1050.86372876 -1070.88220000 -1030.84525753
1376 -1051.53409041 -1071.57560000 -1031.49258082
1377 -1052.20445205 -1072.26900000 -1032.13990410
1378 -1052.87481369 -1072.96240000 -1032.78722739
1379 -1053.54517534 -1073.65580000 -1033.43455068
1380 -1054.21553698 -1074.34920000 -1034.08187397
1381 -1054.88589863 -1075.04260000 -1034.72919726
1382 -1055.55626027 -1075.73600000 -1035.37652054
1383 -1056.22662191 -1076.42940000 -1036.02384383
1384 -1056.89698356 -1077.12280000 -1036.67116712
1385 -1057.56734520 -1077.81620000 -1037.31849041
1386 -1058.23770684 -1078.50960000 -1037.96581369
1387 -1058.90806849 -1079.20300000 -1038.61313698
1388 -1059.57843013 -1079.89640000 -1039.26046027
1389 -1060.24879178 -1080.58980000 -1039.90778356
1390 -1060.91915342 -1081.28320000 -1040.55510684
1391 -1061.58951506 -1081.97660000 -1041.20243013
1392 -1062.25987671 -1082.67000000 -1041.84975342
1393 -1062.93023835 -1083.36340000 -1042.49707671
1394 -1063.60060000 -1084.05680000 -1043.14440000
1395 -1064.27096164 -1084.75020000 -1043.79172328
1396 -1064.94132328 -1085.44360000 -1044.43904657
1397 -1065.61168493 -1086.13700000 -1045.08636986
1398 -1066.28204657 -1086.83040000 -1045.73369315
1399 -1066.95240821 -1087.52380000 -1046.38101643
1400 -1067.62276986 -1088.21720000 -1047.02833972
1401 -1068.29313150 -1088.91060000 -1047.67566301
1402 -1068.96349315 -1089.60400000 -1048.32298630
1403 -1069.63385479 -1090.29740000 -1048.97030958
1404 -1070.30421643 -1090.99080000 -1049.61763287
1405 -1070.97457808 -1091.68420000 -1050.26495616
1406 -1071.64493972 -1092.37760000 -1050.91227945
1407 -1072.31530136 -1093.07100000 -1051.55960273
1408 -1072.98566301 -1093.76440000 -1052.20692602
1409 -1073.65602465 -1094.45780000 -1052.85424931
1410 -1074.32638630 -1095.15120000 -1053.50157260
1411 -1074.99674794 -1095.84460000 -1054.14889589
1412 -1075.66710958 -1096.53800000 -1054.79621917
1413 -1076.33747123 -1097.23140000 -1055.44354246
1414 -1077.00783287 -1097.92480000 -1056.09086575
1415 -1077.67819452 -1098.61820000 -1056.73818904
1416 -1078.34855616 -1099.31160000 -1057.38551232
1417 -1079.01891780 -1100.00500000 -1058.03283561
1418 -1079.68927945 -1100.69840000 -1058.68015890
1419 -1080.35964109 -1101.39180000 -1059.32748219
1420 -1081.03000273 -1102.08520000 -1059.97480547
1421 -1081.70036438 -1102.77860000 -1060.62212876
1422 -1082.37072602 -1103.47200000 -1061.26945205
1423 -1083.04108767 -1104.16540000 -1061.91677534
1424 -1083.71144931 -1104.85880000 -1062.56409863
1425 -1084.38181095 -1105.55220000 -1063.21142191
1426 -1085.05217260 -1106.24560000 -1063.85874520
1427 -1085.72253424 -1106.93900000 -1064.50606849
1428 -1086.39289589 -1107.63240000 -1065.15339178
1429 -1087.06325753 -1108.32580000 -1065.80071506
1430 -1087.73361917 -1109.01920000 -1066.44803835
1431 -1088.40398082 -1109.71260000 -1067.09536164
1432 -1089.07434246 -1110.40600000 -1067.74268493
1433 -1089.74470410 -1111.09940000 -1068.39000821
1434 -1090.41506575 -1111.79280000 -1069.03733150
1435 -1091.08542739 -1112.48620000 -1069.68465479
1436 -1091.75578904 -1113.17960000 -1070.33197808
1437 -1092.42615068 -1113.87300000 -1070.97930136
1438 -1093.09651232 -1114.56640000 -1071.62662465
1439 -1093.76687397 -1115.25980000 -1072.27394794
1440 -1094.43723561 -1115.95320000 -1072.92127123
1441 -1095.10759726 -1116.64660000 -1073.56859452
1442 -1095.77795890 -1117.34000000 -1074.21591780
1443 -1096.44832054 -1118.03340000 -1074.86324109
1444 -1097.11868219 -1118.72680000 -1075.51056438
1445 -1097.78904383 -1119.42020000 -1076.15788767
1446 -1098.45940547 -1120.11360000 -1076.80521095
1447 -1099.12976712 -1120.80700000 -1077.45253424
1448 -1099.80012876 -1121.50040000 -1078.09985753
1449 -1100.47049041 -1122.19380000 -1078.74718082
1450 -1101.14085205 -1122.88720000 -1079.39450410
1451 -1101.81121369 -1123.58060000 -1080.04182739
1452 -1102.48157534 -1124.27400000 -1080.68915068
1453 -1103.15193698 -1124.96740000 -1081.33647397
1454 -1103.82229863 -1125.66080000 -1081.98379726
1455 -1104.49266027 -1126.35420000 -1082.63112054
1456 -1105.16302191 -1127.04760000 -1083.27844383
1457 -1105.83338356 -1127.74100000 -1083.92576712
1458 -1106.50374520 -1128.43440000 -1084.57309041
1459 -1107.17410684 -1129.12780000 -1085.22041369
1460 -1107.84446849 -1129.82120000 -1085.86773698
1461 -1108.51483013 -1130.51460000 -1086.51506027
1462 -1109.18519178 -1131.20800000 -1087.16238356
1463 -1109.85555342 -1131.90140000 -1087.80970684
1464 -1110.52591506 -1132.59480000 -1088.45703013
1465 -1111.19627671 -1133.28820000 -1089.10435342
1466 -1111.86663835 -1133.98160000 -1089.75167671
1467 -1112.53700000 -1134.67500000 -1090.39900000
1468 -1113.17302479 -1135.33484022 -1091.01120936
1469 -1113.80904958 -1135.99468044 -1091.62341873
1470 -1114.44507438 -1136.65452066 -1092.23562809
1471 -1115.08109917 -1137.31436088 -1092.84783746
1472 -1115.71712396 -1137.97420110 -1093.46004683
1473 -1116.35314876 -1138.63404132 -1094.07225619
1474 -1116.98917355 -1139.29388154 -1094.68446556
1475 -1117.62519834 -1139.95372176 -1095.29667493
1476 -1118.26122314 -1140.61356198 -1095.90888429
1477 -1118.89724793 -1141.27340220 -1096.52109366
1478 -1119.53327272 -1141.93324242 -1097.13330303
1479 -1120.16929752 -1142.59308264 -1097.74551239
1480 -1120.80532231 -1143.25292286 -1098.35772176
1481 -1121.44134710 -1143.91276308 -1098.96993112
1482 -1122.07737190 -1144.57260330 -1099.58214049
1483 -1122.71339669 -1145.23244352 -1100.19434986
1484 -1123.34942148 -1145.89228374 -1100.80655922
1485 -1123.98544628 -1146.55212396 -1101.41876859
1486 -1124.62147107 -1147.21196418 -1102.03097796
1487 -1125.25749586 -1147.87180440 -1102.64318732
1488 -1125.89352066 -1148.53164462 -1103.25539669
1489 -1126.52954545 -1149.19148484 -1103.86760606
1490 -1127.16557024 -1149.85132506 -1104.47981542
1491 -1127.80159504 -1150.51116528 -1105.09202479
1492 -1128.43761983 -1151.17100550 -1105.70423415
1493 -1129.07364462 -1151.83084573 -1106.31644352
1494 -1129.70966942 -1152.49068595 -1106.92865289
1495 -1130.34569421 -1153.15052617 -1107.54086225
1496 -1130.98171900 -1153.81036639 -1108.15307162
1497 -1131.61774380 -1154.47020661 -1108.76528099
1498 -1132.25376859 -1155.13004683 -1109.37749035
1499 -1132.88979338 -1155.78988705 -1109.98969972
1500 -1133.52581818 -1156.44972727 -1110.60190909
1501 -1134.16184297 -1157.10956749 -1111.21411845
1502 -1134.79786776 -1157.76940771 -1111.82632782
1503 -1135.43389256 -1158.42924793 -1112.43853719
1504 -1136.06991735 -1159.08908815 -1113.05074655
1505 -1136.70594214 -1159.74892837 -1113.66295592
1506 -1137.34196694 -1160.40876859 -1114.27516528
1507 -1137.97799173 -1161.06860881 -1114.88737465
1508 -1138.61401652 -1161.72844903 -1115.49958402
1509 -1139.25004132 -1162.38828925 -1116.11179338
1510 -1139.88606611 -1163.04812947 -1116.72400275
1511 -1140.52209090 -1163.70796969 -1117.33621212
1512 -1141.15811570 -1164.36780991 -1117.94842148
1513 -1141.79414049 -1165.02765013 -1118.56063085
1514 -1142.43016528 -1165.68749035 -1119.17284022
1515 -1143.06619008 -1166.34733057 -1119.78504958
1516 -1143.70221487 -1167.00717079 -1120.39725895
1517 -1144.33823966 -1167.66701101 -1121.00946831
1518 -1144.97426446 -1168.32685123 -1121.62167768
1519 -1145.61028925 -1168.98669146 -1122.23388705
1520 -1146.24631404 -1169.64653168 -1122.84609641
1521 -1146.88233884 -1170.30637190 -1123.45830578
1522 -1147.51836363 -1170.96621212 -1124.07051515
1523 -1148.15438842 -1171.62605234 -1124.68272451
1524 -1148.79041322 -1172.28589256 -1125.29493388
1525 -1149.42643801 -1172.94573278 -1125.90714325
1526 -1150.06246280 -1173.60557300 -1126.51935261
1527 -1150.69848760 -1174.26541322 -1127.13156198
1528 -1151.33451239 -1174.92525344 -1127.74377134
1529 -1151.97053719 -1175.58509366 -1128.35598071
1530 -1152.60656198 -1176.24493388 -1128.96819008
1531 -1153.24258677 -1176.90477410 -1129.58039944
1532 -1153.87861157 -1177.56461432 -1130.19260881
1533 -1154.51463636 -1178.22445454 -1130.80481818
1534 -1155.15066115 -1178.88429476 -1131.41702754
1535 -1155.78668595 -1179.54413498 -1132.02923691
1536 -1156.42271074 -1180.20397520 -1132.64144628
1537 -1157.05873553 -1180.86381542 -1133.25365564
1538 -1157.69476033 -1181.52365564 -1133.86586501
1539 -1158.33078512 -1182.18349586 -1134.47807438
1540 -1158.96680991 -1182.84333608 -1135.09028374
1541 -1159.60283471 -1183.50317630 -1135.70249311
1542 -1160.23885950 -1184.16301652 -1136.31470247
1543 -1160.87488429 -1184.82285674 -1136.92691184
1544 -1161.51090909 -1185.48269696 -1137.53912121
1545 -1162.14693388 -1186.14253719 -1138.15133057
1546 -1162.78295867 -1186.80237741 -1138.76353994
1547 -1163.41898347 -1187.46221763 -1139.37574931
1548 -1164.05500826 -1188.12205785 -1139.98795867
1549 -1164.69103305 -1188.78189807 -1140.60016804
1550 -1165.32705785 -1189.44173829 -1141.21237741
1551 -1165.96308264 -1190.10157851 -1141.82458677
1552 -1166.59910743 -1190.76141873 -1142.43679614
1553 -1167.23513223 -1191.42125895 -1143.04900550
1554 -1167.87115702 -1192.08109917 -1143.66121487
1555 -1168.50718181 -1192.74093939 -1144.27342424
1556 -1169.14320661 -1193.40077961 -1144.88563360
1557 -1169.77923140 -1194.06061983 -1145.49784297
1558 -1170.41525619 -1194.72046005 -1146.11005234
1559 -1171.05128099 -1195.38030027 -1146.72226170
1560 -1171.68730578 -1196.04014049 -1147.33447107
1561 -1172.32333057 -1196.69998071 -1147.94668044
1562 -1172.95935537 -1197.35982093 -1148.55888980
1563 -1173.59538016 -1198.01966115 -1149.17109917
1564 -1174.23140495 -1198.67950137 -1149.78330853
1565 -1174.86742975 -1199.33934159 -1150.39551790
1566 -1175.50345454 -1199.99918181 -1151.00772727
1567 -1176.13947933 -1200.65902203 -1151.61993663
1568 -1176.77550413 -1201.31886225 -1152.23214600
1569 -1177.41152892 -1201.97870247 -1152.84435537
1570 -1178.04755371 -1202.63854269 -1153.45656473
1571 -1178.68357851 -1203.29838292 -1154.06877410
1572 -1179.31960330 -1203.95822314 -1154.68098347
1573 -1179.95562809 -1204.61806336 -1155.29319283
1574 -1180.59165289 -1205.27790358 -1155.90540220
1575 -1181.22767768 -1205.93774380 -1156.51761157
1576 -1181.86370247 -1206.59758402 -1157.12982093
1577 -1182.49972727 -1207.25742424 -1157.74203030
1578 -1183.13575206 -1207.91726446 -1158.35423966
1579 -1183.77177685 -1208.57710468 -1158.96644903
1580 -1184.40780165 -1209.23694490 -1159.57865840
1581 -1185.04382644 -1209.89678512 -1160.19086776
1582 -1185.67985123 -1210.55662534 -1160.80307713
1583 -1186.31587603 -1211.21646556 -1161.41528650
1584 -1186.95190082 -1211.87630578 -1162.02749586
1585 -1187.58792561 -1212.53614600 -1162.63970523
1586 -1188.22395041 -1213.19598622 -1163.25191460
1587 -1188.85997520 -1213.85582644 -1163.86412396
1588 -1189.49600000 -1214.51566666 -1164.47633333
1589 -1190.13202479 -1215.17550688 -1165.08854269
1590 -1190.76804958 -1215.83534710 -1165.70075206
1591 -1191.40407438 -1216.49518732 -1166.31296143
1592 -1192.04009917 -1217.15502754 -1166.92517079
1593 -1192.67612396 -1217.81486776 -1167.53738016
1594 -1193.31214876 -1218.47470798 -1168.14958953
1595 -1193.94817355 -1219.13454820 -1168.76179889
1596 -1194.58419834 -1219.79438842 -1169.37400826
1597 -1195.22022314 -1220.45422865 -1169.98621763
1598 -1195.85624793 -1221.11406887 -1170.59842699
1599 -1196.49227272 -1221.77390909 -1171.21063636
1600 -1197.12829752 -1222.43374931 -1171.82284573
1601 -1197.76432231 -1223.09358953 -1172.43505509
1602 -1198.40034710 -1223.75342975 -1173.04726446
1603 -1199.03637190 -1224.41326997 -1173.65947382
1604 -1199.67239669 -1225.07311019 -1174.27168319
1605 -1200.30842148 -1225.73295041 -1174.88389256
1606 -1200.94444628 -1226.39279063 -1175.49610192
1607 -1201.58047107 -1227.05263085 -1176.10831129
1608 -1202.21649586 -1227.71247107 -1176.72052066
1609 -1202.85252066 -1228.37231129 -1177.33273002
1610 -1203.48854545 -1229.03215151 -1177.94493939
1611 -1204.12457024 -1229.69199173 -1178.55714876
1612 -1204.76059504 -1230.35183195 -1179.16935812
1613 -1205.39661983 -1231.01167217 -1179.78156749
1614 -1206.03264462 -1231.67151239 -1180.39377685
1615 -1206.66866942 -1232.33135261 -1181.00598622
1616 -1207.30469421 -1232.99119283 -1181.61819559
1617 -1207.94071900 -1233.65103305 -1182.23040495
1618 -1208.57674380 -1234.31087327 -1182.84261432
1619 -1209.21276859 -1234.97071349 -1183.45482369
1620 -1209.84879338 -1235.63055371 -1184.06703305
1621 -1210.48481818 -1236.29039393 -1184.67924242
1622 -1211.12084297 -1236.95023415 -1185.29145179
1623 -1211.75686776 -1237.61007438 -1185.90366115
1624 -1212.39289256 -1238.26991460 -1186.51587052
1625 -1213.02891735 -1238.92975482 -1187.12807988
1626 -1213.66494214 -1239.58959504 -1187.74028925
1627 -1214.30096694 -1240.24943526 -1188.35249862
1628 -1214.93699173 -1240.90927548 -1188.96470798
1629 -1215.57301652 -1241.56911570 -1189.57691735
1630 -1216.20904132 -1242.22895592 -1190.18912672
1631 -1216.84506611 -1242.88879614 -1190.80133608
1632 -1217.48109090 -1243.54863636 -1191.41354545
1633 -1218.11711570 -1244.20847658 -1192.02575482
1634 -1218.75314049 -1244.86831680 -1192.63796418
1635 -1219.38916528 -1245.52815702 -1193.25017355
1636 -1220.02519008 -1246.18799724 -1193.86238292
1637 -1220.66121487 -1246.84783746 -1194.47459228
1638 -1221.29723966 -1247.50767768 -1195.08680165
1639 -1221.93326446 -1248.16751790 -1195.69901101
1640 -1222.56928925 -1248.82735812 -1196.31122038
1641 -1223.20531404 -1249.48719834 -1196.92342975
1642 -1223.84133884 -1250.14703856 -1197.53563911
1643 -1224.47736363 -1250.80687878 -1198.14784848
1644 -1225.11338842 -1251.46671900 -1198.76005785
1645 -1225.74941322 -1252.12655922 -1199.37226721
1646 -1226.38543801 -1252.78639944 -1199.98447658
1647 -1227.02146280 -1253.44623966 -1200.59668595
1648 -1227.65748760 -1254.10607988 -1201.20889531
1649 -1228.29351239 -1254.76592011 -1201.82110468
1650 -1228.92953719 -1255.42576033 -1202.43331404
1651 -1229.56556198 -1256.08560055 -1203.04552341
1652 -1230.20158677 -1256.74544077 -1203.65773278
1653 -1230.83761157 -1257.40528099 -1204.26994214
1654 -1231.47363636 -1258.06512121 -1204.88215151
1655 -1232.10966115 -1258.72496143 -1205.49436088
1656 -1232.74568595 -1259.38480165 -1206.10657024
1657 -1233.38171074 -1260.04464187 -1206.71877961
1658 -1234.01773553 -1260.70448209 -1207.33098898
1659 -1234.65376033 -1261.36432231 -1207.94319834
1660 -1235.28978512 -1262.02416253 -1208.55540771
1661 -1235.92580991 -1262.68400275 -1209.16761707
1662 -1236.56183471 -1263.34384297 -1209.77982644
1663 -1237.19785950 -1264.00368319 -1210.39203581
1664 -1237.83388429 -1264.66352341 -1211.00424517
1665 -1238.46990909 -1265.32336363 -1211.61645454
1666 -1239.10593388 -1265.98320385 -1212.22866391
1667 -1239.74195867 -1266.64304407 -1212.84087327
1668 -1240.37798347 -1267.30288429 -1213.45308264
1669 -1241.01400826 -1267.96272451 -1214.06529201
1670 -1241.65003305 -1268.62256473 -1214.67750137
1671 -1242.28605785 -1269.28240495 -1215.28971074
1672 -1242.92208264 -1269.94224517 -1215.90192011
1673 -1243.55810743 -1270.60208539 -1216.51412947
1674 -1244.19413223 -1271.26192561 -1217.12633884
1675 -1244.83015702 -1271.92176584 -1217.73854820
1676 -1245.46618181 -1272.58160606 -1218.35075757
1677 -1246.10220661 -1273.24144628 -1218.96296694
1678 -1246.73823140 -1273.90128650 -1219.57517630
1679 -1247.37425619 -1274.56112672 -1220.18738567
1680 -1248.01028099 -1275.22096694 -1220.79959504
1681 -1248.64630578 -1275.88080716 -1221.41180440
1682 -1249.28233057 -1276.54064738 -1222.02401377
1683 -1249.91835537 -1277.20048760 -1222.63622314
1684 -1250.55438016 -1277.86032782 -1223.24843250
1685 -1251.19040495 -1278.52016804 -1223.86064187
1686 -1251.82642975 -1279.18000826 -1224.47285123
1687 -1252.46245454 -1279.83984848 -1225.08506060
1688 -1253.09847933 -1280.49968870 -1225.69726997
1689 -1253.73450413 -1281.15952892 -1226.30947933
1690 -1254.37052892 -1281.81936914 -1226.92168870
1691 -1255.00655371 -1282.47920936 -1227.53389807
1692 -1255.64257851 -1283.13904958 -1228.14610743
1693 -1256.27860330 -1283.79888980 -1228.75831680
1694 -1256.91462809 -1284.45873002 -1229.37052617
1695 -1257.55065289 -1285.11857024 -1229.98273553
1696 -1258.18667768 -1285.77841046 -1230.59494490
1697 -1258.82270247 -1286.43825068 -1231.20715427
1698 -1259.45872727 -1287.09809090 -1231.81936363
1699 -1260.09475206 -1287.75793112 -1232.43157300
1700 -1260.73077685 -1288.41777134 -1233.04378236
1701 -1261.36680165 -1289.07761157 -1233.65599173
1702 -1262.00282644 -1289.73745179 -1234.26820110
1703 -1262.63885123 -1290.39729201 -1234.88041046
1704 -1263.27487603 -1291.05713223 -1235.49261983
1705 -1263.91090082 -1291.71697245 -1236.10482920
1706 -1264.54692561 -1292.37681267 -1236.71703856
1707 -1265.18295041 -1293.03665289 -1237.32924793
1708 -1265.81897520 -1293.69649311 -1237.94145730
1709 -1266.45500000 -1294.35633333 -1238.55366666
1710 -1267.09102479 -1295.01617355 -1239.16587603
1711 -1267.72704958 -1295.67601377 -1239.77808539
1712 -1268.36307438 -1296.33585399 -1240.39029476
1713 -1268.99909917 -1296.99569421 -1241.00250413
1714 -1269.63512396 -1297.65553443 -1241.61471349
1715 -1270.27114876 -1298.31537465 -1242.22692286
1716 -1270.90717355 -1298.97521487 -1242.83913223
1717 -1271.54319834 -1299.63505509 -1243.45134159
1718 -1272.17922314 -1300.29489531 -1244.06355096
1719 -1272.81524793 -1300.95473553 -1244.67576033
1720 -1273.45127272 -1301.61457575 -1245.28796969
1721 -1274.08729752 -1302.27441597 -1245.90017906
1722 -1274.72332231 -1302.93425619 -1246.51238842
1723 -1275.35934710 -1303.59409641 -1247.12459779
1724 -1275.99537190 -1304.25393663 -1247.73680716
1725 -1276.63139669 -1304.91377685 -1248.34901652
1726 -1277.26742148 -1305.57361707 -1248.96122589
1727 -1277.90344628 -1306.23345730 -1249.57343526
1728 -1278.53947107 -1306.89329752 -1250.18564462
1729 -1279.17549586 -1307.55313774 -1250.79785399
1730 -1279.81152066 -1308.21297796 -1251.41006336
1731 -1280.44754545 -1308.87281818 -1252.02227272
1732 -1281.08357024 -1309.53265840 -1252.63448209
1733 -1281.71959504 -1310.19249862 -1253.24669146
1734 -1282.35561983 -1310.85233884 -1253.85890082
1735 -1282.99164462 -1311.51217906 -1254.47111019
1736 -1283.62766942 -1312.17201928 -1255.08331955
1737 -1284.26369421 -1312.83185950 -1255.69552892
1738 -1284.89971900 -1313.49169972 -1256.30773829
1739 -1285.53574380 -1314.15153994 -1256.91994765
1740 -1286.17176859 -1314.81138016 -1257.53215702
1741 -1286.80779338 -1315.47122038 -1258.14436639
1742 -1287.44381818 -1316.13106060 -1258.75657575
1743 -1288.07984297 -1316.79090082 -1259.36878512
1744 -1288.71586776 -1317.45074104 -1259.98099449
1745 -1289.35189256 -1318.11058126 -1260.59320385
1746 -1289.98791735 -1318.77042148 -1261.20541322
1747 -1290.62394214 -1319.43026170 -1261.81762258
1748 -1291.25996694 -1320.09010192 -1262.42983195
1749 -1291.89599173 -1320.74994214 -1263.04204132
1750 -1292.53201652 -1321.40978236 -1263.65425068
1751 -1293.16804132 -1322.06962258 -1264.26646005
1752 -1293.80406611 -1322.72946280 -1264.87866942
1753 -1294.44009090 -1323.38930303 -1265.49087878
1754 -1295.07611570 -1324.04914325 -1266.10308815
1755 -1295.71214049 -1324.70898347 -1266.71529752
1756 -1296.34816528 -1325.36882369 -1267.32750688
1757 -1296.98419008 -1326.02866391 -1267.93971625
1758 -1297.62021487 -1326.68850413 -1268.55192561
1759 -1298.25623966 -1327.34834435 -1269.16413498
1760 -1298.89226446 -1328.00818457 -1269.77634435
1761 -1299.52828925 -1328.66802479 -1270.38855371
1762 -1300.16431404 -1329.32786501 -1271.00076308
1763 -1300.80033884 -1329.98770523 -1271.61297245
1764 -1301.43636363 -1330.64754545 -1272.22518181
1765 -1302.07238842 -1331.30738567 -1272.83739118
1766 -1302.70841322 -1331.96722589 -1273.44960055
1767 -1303.34443801 -1332.62706611 -1274.06180991
1768 -1303.98046280 -1333.28690633 -1274.67401928
1769 -1304.61648760 -1333.94674655 -1275.28622865
1770 -1305.25251239 -1334.60658677 -1275.89843801
1771 -1305.88853719 -1335.26642699 -1276.51064738
1772 -1306.52456198 -1335.92626721 -1277.12285674
1773 -1307.16058677 -1336.58610743 -1277.73506611
1774 -1307.79661157 -1337.24594765 -1278.34727548
1775 -1308.43263636 -1337.90578787 -1278.95948484
1776 -1309.06866115 -1338.56562809 -1279.57169421
1777 -1309.70468595 -1339.22546831 -1280.18390358
1778 -1310.34071074 -1339.88530853 -1280.79611294
1779 -1310.97673553 -1340.54514876 -1281.40832231
1780 -1311.61276033 -1341.20498898 -1282.02053168
1781 -1312.24878512 -1341.86482920 -1282.63274104
1782 -1312.88480991 -1342.52466942 -1283.24495041
1783 -1313.52083471 -1343.18450964 -1283.85715977
1784 -1314.15685950 -1343.84434986 -1284.46936914
1785 -1314.79288429 -1344.50419008 -1285.08157851
1786 -1315.42890909 -1345.16403030 -1285.69378787
1787 -1316.06493388 -1345.82387052 -1286.30599724
1788 -1316.70095867 -1346.48371074 -1286.91820661
1789 -1317.33698347 -1347.14355096 -1287.53041597
1790 -1317.97300826 -1347.80339118 -1288.14262534
1791 -1318.60903305 -1348.46323140 -1288.75483471
1792 -1319.24505785 -1349.12307162 -1289.36704407
1793 -1319.88108264 -1349.78291184 -1289.97925344
1794 -1320.51710743 -1350.44275206 -1290.59146280
1795 -1321.15313223 -1351.10259228 -1291.20367217
1796 -1321.78915702 -1351.76243250 -1291.81588154
1797 -1322.42518181 -1352.42227272 -1292.42809090
1798 -1323.06120661 -1353.08211294 -1293.04030027
1799 -1323.69723140 -1353.74195316 -1293.65250964
1800 -1324.33325619 -1354.40179338 -1294.26471900
1801 -1324.96928099 -1355.06163360 -1294.87692837
1802 -1325.60530578 -1355.72147382 -1295.48913774
1803 -1326.24133057 -1356.38131404 -1296.10134710
1804 -1326.87735537 -1357.04115427 -1296.71355647
1805 -1327.51338016 -1357.70099449 -1297.32576584
1806 -1328.14940495 -1358.36083471 -1297.93797520
1807 -1328.78542975 -1359.02067493 -1298.55018457
1808 -1329.42145454 -1359.68051515 -1299.16239393
1809 -1330.05747933 -1360.34035537 -1299.77460330
1810 -1330.69350413 -1361.00019559 -1300.38681267
1811 -1331.32952892 -1361.66003581 -1300.99902203
1812 -1331.96555371 -1362.31987603 -1301.61123140
1813 -1332.60157851 -1362.97971625 -1302.22344077
1814 -1333.23760330 -1363.63955647 -1302.83565013
1815 -1333.87362809 -1364.29939669 -1303.44785950
1816 -1334.50965289 -1364.95923691 -1304.06006887
1817 -1335.14567768 -1365.61907713 -1304.67227823
1818 -1335.78170247 -1366.27891735 -1305.28448760
1819 -1336.41772727 -1366.93875757 -1305.89669696
1820 -1337.05375206 -1367.59859779 -1306.50890633
1821 -1337.68977685 -1368.25843801 -1307.12111570
1822 -1338.32580165 -1368.91827823 -1307.73332506
1823 -1338.96182644 -1369.57811845 -1308.34553443
1824 -1339.59785123 -1370.23795867 -1308.95774380
1825 -1340.23387603 -1370.89779889 -1309.56995316
1826 -1340.86990082 -1371.55763911 -1310.18216253
1827 -1341.50592561 -1372.21747933 -1310.79437190
1828 -1342.14195041 -1372.87731955 -1311.40658126
1829 -1342.77797520 -1373.53715977 -1312.01879063
1830 -1343.41400000 -1374.19700000 -1312.63100000
