1 -1.69166667 -1.81333333 -1.57000000
2 -1.69166667 -1.81333333 -1.57000000
3 -1.69166667 -1.81333333 -1.57000000
4 0.00000000 0.00000000 0.00000000
5 -1.98000000 -2.13000000 -1.83000000
6 -3.26833333 -3.42000000 -3.11666666
7 -4.55666666 -4.71000000 -4.40333333
8 -5.84500000 -6.00000000 -5.69000000
9 -7.13333333 -7.29000000 -6.97666666
10 -8.42166666 -8.58000000 -8.26333333
11 -9.71000000 -9.87000000 -9.55000000
12 -10.97285714 -11.13285714 -10.81285714
13 -12.23571428 -12.39571428 -12.07571428
14 -13.49857142 -13.65857142 -13.33857142
15 -14.76142857 -14.92142857 -14.60142857
16 -16.02428571 -16.18428571 -15.86428571
17 -17.28714285 -17.44714285 -17.12714285
18 -18.55000000 -18.71000000 -18.39000000
19 -19.81571428 -19.98285714 -19.64857142
20 -21.08142857 -21.25571428 -20.90714285
21 -22.34714285 -22.52857142 -22.16571428
22 -23.61285714 -23.80142857 -23.42428571
23 -24.87857142 -25.07428571 -24.68285714
24 -26.14428571 -26.34714285 -25.94142857
25 -27.41000000 -27.62000000 -27.20000000
26 -28.67650000 -28.89100000 -28.46200000
27 -29.94300000 -30.16200000 -29.72400000
28 -31.20950000 -31.43300000 -30.98600000
29 -32.47600000 -32.70400000 -32.24800000
30 -33.74250000 -33.97500000 -33.51000000
31 -35.00900000 -35.24600000 -34.77200000
32 -36.27550000 -36.51700000 -36.03400000
33 -37.54200000 -37.78800000 -37.29600000
34 -38.80850000 -39.05900000 -38.55800000
35 -40.07500000 -40.33000000 -39.82000000
36 -41.37854838 -41.63612903 -41.12096774
37 -42.68209677 -42.94225806 -42.42193548
38 -43.98564516 -44.24838709 -43.72290322
39 -45.28919354 -45.55451612 -45.02387096
40 -46.59274193 -46.86064516 -46.32483870
41 -47.89629032 -48.16677419 -47.62580645
42 -49.19983870 -49.47290322 -48.92677419
43 -50.50338709 -50.77903225 -50.22774193
44 -51.80693548 -52.08516129 -51.52870967
45 -53.11048387 -53.39129032 -52.82967741
46 -54.41403225 -54.69741935 -54.13064516
47 -55.71758064 -56.00354838 -55.43161290
48 -57.02112903 -57.30967741 -56.73258064
49 -58.32467741 -58.61580645 -58.03354838
50 -59.62822580 -59.92193548 -59.33451612
51 -60.93177419 -61.22806451 -60.63548387
52 -62.23532258 -62.53419354 -61.93645161
53 -63.53887096 -63.84032258 -63.23741935
54 -64.84241935 -65.14645161 -64.53838709
55 -66.14596774 -66.45258064 -65.83935483
56 -67.44951612 -67.75870967 -67.14032258
57 -68.75306451 -69.06483870 -68.44129032
58 -70.05661290 -70.37096774 -69.74225806
59 -71.36016129 -71.67709677 -71.04322580
60 -72.66370967 -72.98322580 -72.34419354
61 -73.96725806 -74.28935483 -73.64516129
62 -75.27080645 -75.59548387 -74.94612903
63 -76.57435483 -76.90161290 -76.24709677
64 -77.87790322 -78.20774193 -77.54806451
65 -79.18145161 -79.51387096 -78.84903225
66 -80.48500000 -80.82000000 -80.15000000
67 -81.80000000 -82.13966666 -81.46033333
68 -83.11500000 -83.45933333 -82.77066666
69 -84.43000000 -84.77900000 -84.08100000
70 -85.74500000 -86.09866666 -85.39133333
71 -87.06000000 -87.41833333 -86.70166666
72 -88.37500000 -88.73800000 -88.01200000
73 -89.69000000 -90.05766666 -89.32233333
74 -91.00500000 -91.37733333 -90.63266666
75 -92.32000000 -92.69700000 -91.94300000
76 -93.63500000 -94.01666666 -93.25333333
77 -94.95000000 -95.33633333 -94.56366666
78 -96.26500000 -96.65600000 -95.87400000
79 -97.58000000 -97.97566666 -97.18433333
80 -98.89500000 -99.29533333 -98.49466666
81 -100.21000000 -100.61500000 -99.80500000
82 -101.52500000 -101.93466666 -101.11533333
83 -102.84000000 -103.25433333 -102.42566666
84 -104.15500000 -104.57400000 -103.73600000
85 -105.47000000 -105.89366666 -105.04633333
86 -106.78500000 -107.21333333 -106.35666666
87 -108.10000000 -108.53300000 -107.66700000
88 -109.41500000 -109.85266666 -108.97733333
89 -110.73000000 -111.17233333 -110.28766666
90 -112.04500000 -112.49200000 -111.59800000
91 -113.36000000 -113.81166666 -112.90833333
92 -114.67500000 -115.13133333 -114.21866666
93 -115.99000000 -116.45100000 -115.52900000
94 -117.30500000 -117.77066666 -116.83933333
95 -118.62000000 -119.09033333 -118.14966666
96 -119.93500000 -120.41000000 -119.46000000
97 -121.27416666 -121.75166666 -120.79666666
98 -122.61333333 -123.09333333 -122.13333333
99 -123.95250000 -124.43500000 -123.47000000
100 -125.29166666 -125.77666666 -124.80666666
101 -126.63083333 -127.11833333 -126.14333333
102 -127.97000000 -128.46000000 -127.48000000
103 -129.30916666 -129.80166666 -128.81666666
104 -130.64833333 -131.14333333 -130.15333333
105 -131.98750000 -132.48500000 -131.49000000
106 -133.32666666 -133.82666666 -132.82666666
107 -134.66583333 -135.16833333 -134.16333333
108 -136.00500000 -136.51000000 -135.50000000
109 -137.34416666 -137.85166666 -136.83666666
110 -138.68333333 -139.19333333 -138.17333333
111 -140.02250000 -140.53500000 -139.51000000
112 -141.36166666 -141.87666666 -140.84666666
113 -142.70083333 -143.21833333 -142.18333333
114 -144.04000000 -144.56000000 -143.52000000
115 -145.37916666 -145.90166666 -144.85666666
116 -146.71833333 -147.24333333 -146.19333333
117 -148.05750000 -148.58500000 -147.53000000
118 -149.39666666 -149.92666666 -148.86666666
119 -150.73583333 -151.26833333 -150.20333333
120 -152.07500000 -152.61000000 -151.54000000
121 -153.41416666 -153.95166666 -152.87666666
122 -154.75333333 -155.29333333 -154.21333333
123 -156.09250000 -156.63500000 -155.55000000
124 -157.43166666 -157.97666666 -156.88666666
125 -158.77083333 -159.31833333 -158.22333333
126 -160.11000000 -160.66000000 -159.56000000
127 -161.42209677 -161.97612903 -160.86806451
128 -162.73419354 -163.29225806 -162.17612903
129 -164.04629032 -164.60838709 -163.48419354
130 -165.35838709 -165.92451612 -164.79225806
131 -166.67048387 -167.24064516 -166.10032258
132 -167.98258064 -168.55677419 -167.40838709
133 -169.29467741 -169.87290322 -168.71645161
134 -170.60677419 -171.18903225 -170.02451612
135 -171.91887096 -172.50516129 -171.33258064
136 -173.23096774 -173.82129032 -172.64064516
137 -174.54306451 -175.13741935 -173.94870967
138 -175.85516129 -176.45354838 -175.25677419
139 -177.16725806 -177.76967741 -176.56483870
140 -178.47935483 -179.08580645 -177.87290322
141 -179.79145161 -180.40193548 -179.18096774
142 -181.10354838 -181.71806451 -180.48903225
143 -182.41564516 -183.03419354 -181.79709677
144 -183.72774193 -184.35032258 -183.10516129
145 -185.03983870 -185.66645161 -184.41322580
146 -186.35193548 -186.98258064 -185.72129032
147 -187.66403225 -188.29870967 -187.02935483
148 -188.97612903 -189.61483870 -188.33741935
149 -190.28822580 -190.93096774 -189.64548387
150 -191.60032258 -192.24709677 -190.95354838
151 -192.91241935 -193.56322580 -192.26161290
152 -194.22451612 -194.87935483 -193.56967741
153 -195.53661290 -196.19548387 -194.87774193
154 -196.84870967 -197.51161290 -196.18580645
155 -198.16080645 -198.82774193 -197.49387096
156 -199.47290322 -200.14387096 -198.80193548
157 -200.78500000 -201.46000000 -200.11000000
158 -202.09950000 -202.79733333 -201.40166666
159 -203.41400000 -204.13466666 -202.69333333
160 -204.72850000 -205.47200000 -203.98500000
161 -206.04300000 -206.80933333 -205.27666666
162 -207.35750000 -208.14666666 -206.56833333
163 -208.67200000 -209.48400000 -207.86000000
164 -209.98650000 -210.82133333 -209.15166666
165 -211.30100000 -212.15866666 -210.44333333
166 -212.61550000 -213.49600000 -211.73500000
167 -213.93000000 -214.83333333 -213.02666666
168 -215.24450000 -216.17066666 -214.31833333
169 -216.55900000 -217.50800000 -215.61000000
170 -217.87350000 -218.84533333 -216.90166666
171 -219.18800000 -220.18266666 -218.19333333
172 -220.50250000 -221.52000000 -219.48500000
173 -221.81700000 -222.85733333 -220.77666666
174 -223.13150000 -224.19466666 -222.06833333
175 -224.44600000 -225.53200000 -223.36000000
176 -225.76050000 -226.86933333 -224.65166666
177 -227.07500000 -228.20666666 -225.94333333
178 -228.38950000 -229.54400000 -227.23500000
179 -229.70400000 -230.88133333 -228.52666666
180 -231.01850000 -232.21866666 -229.81833333
181 -232.33300000 -233.55600000 -231.11000000
182 -233.64750000 -234.89333333 -232.40166666
183 -234.96200000 -236.23066666 -233.69333333
184 -236.27650000 -237.56800000 -234.98500000
185 -237.59100000 -238.90533333 -236.27666666
186 -238.90550000 -240.24266666 -237.56833333
187 -240.22000000 -241.58000000 -238.86000000
188 -241.63800000 -242.99400000 -240.28200000
189 -243.05600000 -244.40800000 -241.70400000
190 -244.47400000 -245.82200000 -243.12600000
191 -245.89200000 -247.23600000 -244.54800000
192 -247.31000000 -248.65000000 -245.97000000
193 -248.72800000 -250.06400000 -247.39200000
194 -250.14600000 -251.47800000 -248.81400000
195 -251.56400000 -252.89200000 -250.23600000
196 -252.98200000 -254.30600000 -251.65800000
197 -254.40000000 -255.72000000 -253.08000000
198 -255.81800000 -257.13400000 -254.50200000
199 -257.23600000 -258.54800000 -255.92400000
200 -258.65400000 -259.96200000 -257.34600000
201 -260.07200000 -261.37600000 -258.76800000
202 -261.49000000 -262.79000000 -260.19000000
203 -262.90800000 -264.20400000 -261.61200000
204 -264.32600000 -265.61800000 -263.03400000
205 -265.74400000 -267.03200000 -264.45600000
206 -267.16200000 -268.44600000 -265.87800000
207 -268.58000000 -269.86000000 -267.30000000
208 -269.99800000 -271.27400000 -268.72200000
209 -271.41600000 -272.68800000 -270.14400000
210 -272.83400000 -274.10200000 -271.56600000
211 -274.25200000 -275.51600000 -272.98800000
212 -275.67000000 -276.93000000 -274.41000000
213 -277.08800000 -278.34400000 -275.83200000
214 -278.50600000 -279.75800000 -277.25400000
215 -279.92400000 -281.17200000 -278.67600000
216 -281.34200000 -282.58600000 -280.09800000
217 -282.76000000 -284.00000000 -281.52000000
218 -284.04035714 -285.28535714 -282.79535714
219 -285.32071428 -286.57071428 -284.07071428
220 -286.60107142 -287.85607142 -285.34607142
221 -287.88142857 -289.14142857 -286.62142857
222 -289.16178571 -290.42678571 -287.89678571
223 -290.44214285 -291.71214285 -289.17214285
224 -291.72250000 -292.99750000 -290.44750000
225 -293.00285714 -294.28285714 -291.72285714
226 -294.28321428 -295.56821428 -292.99821428
227 -295.56357142 -296.85357142 -294.27357142
228 -296.84392857 -298.13892857 -295.54892857
229 -298.12428571 -299.42428571 -296.82428571
230 -299.40464285 -300.70964285 -298.09964285
231 -300.68500000 -301.99500000 -299.37500000
232 -301.96535714 -303.28035714 -300.65035714
233 -303.24571428 -304.56571428 -301.92571428
234 -304.52607142 -305.85107142 -303.20107142
235 -305.80642857 -307.13642857 -304.47642857
236 -307.08678571 -308.42178571 -305.75178571
237 -308.36714285 -309.70714285 -307.02714285
238 -309.64750000 -310.99250000 -308.30250000
239 -310.92785714 -312.27785714 -309.57785714
240 -312.20821428 -313.56321428 -310.85321428
241 -313.48857142 -314.84857142 -312.12857142
242 -314.76892857 -316.13392857 -313.40392857
243 -316.04928571 -317.41928571 -314.67928571
244 -317.32964285 -318.70464285 -315.95464285
245 -318.61000000 -319.99000000 -317.23000000
246 -319.88060606 -321.26848484 -318.49272727
247 -321.15121212 -322.54696969 -319.75545454
248 -322.42181818 -323.82545454 -321.01818181
249 -323.69242424 -325.10393939 -322.28090909
250 -324.96303030 -326.38242424 -323.54363636
251 -326.23363636 -327.66090909 -324.80636363
252 -327.50424242 -328.93939393 -326.06909090
253 -328.77484848 -330.21787878 -327.33181818
254 -330.04545454 -331.49636363 -328.59454545
255 -331.31606060 -332.77484848 -329.85727272
256 -332.58666666 -334.05333333 -331.12000000
257 -333.85727272 -335.33181818 -332.38272727
258 -335.12787878 -336.61030303 -333.64545454
259 -336.39848484 -337.88878787 -334.90818181
260 -337.66909090 -339.16727272 -336.17090909
261 -338.93969696 -340.44575757 -337.43363636
262 -340.21030303 -341.72424242 -338.69636363
263 -341.48090909 -343.00272727 -339.95909090
264 -342.75151515 -344.28121212 -341.22181818
265 -344.02212121 -345.55969696 -342.48454545
266 -345.29272727 -346.83818181 -343.74727272
267 -346.56333333 -348.11666666 -345.01000000
268 -347.83393939 -349.39515151 -346.27272727
269 -349.10454545 -350.67363636 -347.53545454
270 -350.37515151 -351.95212121 -348.79818181
271 -351.64575757 -353.23060606 -350.06090909
272 -352.91636363 -354.50909090 -351.32363636
273 -354.18696969 -355.78757575 -352.58636363
274 -355.45757575 -357.06606060 -353.84909090
275 -356.72818181 -358.34454545 -355.11181818
276 -357.99878787 -359.62303030 -356.37454545
277 -359.26939393 -360.90151515 -357.63727272
278 -360.54000000 -362.18000000 -358.90000000
279 -361.81600000 -363.45633333 -360.17566666
280 -363.09200000 -364.73266666 -361.45133333
281 -364.36800000 -366.00900000 -362.72700000
282 -365.64400000 -367.28533333 -364.00266666
283 -366.92000000 -368.56166666 -365.27833333
284 -368.19600000 -369.83800000 -366.55400000
285 -369.47200000 -371.11433333 -367.82966666
286 -370.74800000 -372.39066666 -369.10533333
287 -372.02400000 -373.66700000 -370.38100000
288 -373.30000000 -374.94333333 -371.65666666
289 -374.57600000 -376.21966666 -372.93233333
290 -375.85200000 -377.49600000 -374.20800000
291 -377.12800000 -378.77233333 -375.48366666
292 -378.40400000 -380.04866666 -376.75933333
293 -379.68000000 -381.32500000 -378.03500000
294 -380.95600000 -382.60133333 -379.31066666
295 -382.23200000 -383.87766666 -380.58633333
296 -383.50800000 -385.15400000 -381.86200000
297 -384.78400000 -386.43033333 -383.13766666
298 -386.06000000 -387.70666666 -384.41333333
299 -387.33600000 -388.98300000 -385.68900000
300 -388.61200000 -390.25933333 -386.96466666
301 -389.88800000 -391.53566666 -388.24033333
302 -391.16400000 -392.81200000 -389.51600000
303 -392.44000000 -394.08833333 -390.79166666
304 -393.71600000 -395.36466666 -392.06733333
305 -394.99200000 -396.64100000 -393.34300000
306 -396.26800000 -397.91733333 -394.61866666
307 -397.54400000 -399.19366666 -395.89433333
308 -398.82000000 -400.47000000 -397.17000000
309 -400.06642857 -401.72535714 -398.40750000
310 -401.31285714 -402.98071428 -399.64500000
311 -402.55928571 -404.23607142 -400.88250000
312 -403.80571428 -405.49142857 -402.12000000
313 -405.05214285 -406.74678571 -403.35750000
314 -406.29857142 -408.00214285 -404.59500000
315 -407.54500000 -409.25750000 -405.83250000
316 -408.79142857 -410.51285714 -407.07000000
317 -410.03785714 -411.76821428 -408.30750000
318 -411.28428571 -413.02357142 -409.54500000
319 -412.53071428 -414.27892857 -410.78250000
320 -413.77714285 -415.53428571 -412.02000000
321 -415.02357142 -416.78964285 -413.25750000
322 -416.27000000 -418.04500000 -414.49500000
323 -417.51642857 -419.30035714 -415.73250000
324 -418.76285714 -420.55571428 -416.97000000
325 -420.00928571 -421.81107142 -418.20750000
326 -421.25571428 -423.06642857 -419.44500000
327 -422.50214285 -424.32178571 -420.68250000
328 -423.74857142 -425.57714285 -421.92000000
329 -424.99500000 -426.83250000 -423.15750000
330 -426.24142857 -428.08785714 -424.39500000
331 -427.48785714 -429.34321428 -425.63250000
332 -428.73428571 -430.59857142 -426.87000000
333 -429.98071428 -431.85392857 -428.10750000
334 -431.22714285 -433.10928571 -429.34500000
335 -432.47357142 -434.36464285 -430.58250000
336 -433.72000000 -435.62000000 -431.82000000
337 -434.94409090 -436.84666666 -433.04151515
338 -436.16818181 -438.07333333 -434.26303030
339 -437.39227272 -439.30000000 -435.48454545
340 -438.61636363 -440.52666666 -436.70606060
341 -439.84045454 -441.75333333 -437.92757575
342 -441.06454545 -442.98000000 -439.14909090
343 -442.28863636 -444.20666666 -440.37060606
344 -443.51272727 -445.43333333 -441.59212121
345 -444.73681818 -446.66000000 -442.81363636
346 -445.96090909 -447.88666666 -444.03515151
347 -447.18500000 -449.11333333 -445.25666666
348 -448.40909090 -450.34000000 -446.47818181
349 -449.63318181 -451.56666666 -447.69969696
350 -450.85727272 -452.79333333 -448.92121212
351 -452.08136363 -454.02000000 -450.14272727
352 -453.30545454 -455.24666666 -451.36424242
353 -454.52954545 -456.47333333 -452.58575757
354 -455.75363636 -457.70000000 -453.80727272
355 -456.97772727 -458.92666666 -455.02878787
356 -458.20181818 -460.15333333 -456.25030303
357 -459.42590909 -461.38000000 -457.47181818
358 -460.65000000 -462.60666666 -458.69333333
359 -461.87409090 -463.83333333 -459.91484848
360 -463.09818181 -465.06000000 -461.13636363
361 -464.32227272 -466.28666666 -462.35787878
362 -465.54636363 -467.51333333 -463.57939393
363 -466.77045454 -468.74000000 -464.80090909
364 -467.99454545 -469.96666666 -466.02242424
365 -469.21863636 -471.19333333 -467.24393939
366 -470.44272727 -472.42000000 -468.46545454
367 -471.66681818 -473.64666666 -469.68696969
368 -472.89090909 -474.87333333 -470.90848484
369 -474.11500000 -476.10000000 -472.13000000
370 -475.29010869 -477.28195652 -473.29826086
371 -476.46521739 -478.46391304 -474.46652173
372 -477.64032608 -479.64586956 -475.63478260
373 -478.81543478 -480.82782608 -476.80304347
374 -479.99054347 -482.00978260 -477.97130434
375 -481.16565217 -483.19173913 -479.13956521
376 -482.34076086 -484.37369565 -480.30782608
377 -483.51586956 -485.55565217 -481.47608695
378 -484.69097826 -486.73760869 -482.64434782
379 -485.86608695 -487.91956521 -483.81260869
380 -487.04119565 -489.10152173 -484.98086956
381 -488.21630434 -490.28347826 -486.14913043
382 -489.39141304 -491.46543478 -487.31739130
383 -490.56652173 -492.64739130 -488.48565217
384 -491.74163043 -493.82934782 -489.65391304
385 -492.91673913 -495.01130434 -490.82217391
386 -494.09184782 -496.19326086 -491.99043478
387 -495.26695652 -497.37521739 -493.15869565
388 -496.44206521 -498.55717391 -494.32695652
389 -497.61717391 -499.73913043 -495.49521739
390 -498.79228260 -500.92108695 -496.66347826
391 -499.96739130 -502.10304347 -497.83173913
392 -501.14250000 -503.28500000 -499.00000000
393 -502.31760869 -504.46695652 -500.16826086
394 -503.49271739 -505.64891304 -501.33652173
395 -504.66782608 -506.83086956 -502.50478260
396 -505.84293478 -508.01282608 -503.67304347
397 -507.01804347 -509.19478260 -504.84130434
398 -508.19315217 -510.37673913 -506.00956521
399 -509.36826086 -511.55869565 -507.17782608
400 -510.54336956 -512.74065217 -508.34608695
401 -511.71847826 -513.92260869 -509.51434782
402 -512.89358695 -515.10456521 -510.68260869
403 -514.06869565 -516.28652173 -511.85086956
404 -515.24380434 -517.46847826 -513.01913043
405 -516.41891304 -518.65043478 -514.18739130
406 -517.59402173 -519.83239130 -515.35565217
407 -518.76913043 -521.01434782 -516.52391304
408 -519.94423913 -522.19630434 -517.69217391
409 -521.11934782 -523.37826086 -518.86043478
410 -522.29445652 -524.56021739 -520.02869565
411 -523.46956521 -525.74217391 -521.19695652
412 -524.64467391 -526.92413043 -522.36521739
413 -525.81978260 -528.10608695 -523.53347826
414 -526.99489130 -529.28804347 -524.70173913
415 -528.17000000 -530.47000000 -525.87000000
416 -529.34510869 -531.65195652 -527.03826086
417 -530.52021739 -532.83391304 -528.20652173
418 -531.69532608 -534.01586956 -529.37478260
419 -532.87043478 -535.19782608 -530.54304347
420 -534.04554347 -536.37978260 -531.71130434
421 -535.22065217 -537.56173913 -532.87956521
422 -536.39576086 -538.74369565 -534.04782608
423 -537.57086956 -539.92565217 -535.21608695
424 -538.74597826 -541.10760869 -536.38434782
425 -539.92108695 -542.28956521 -537.55260869
426 -541.09619565 -543.47152173 -538.72086956
427 -542.27130434 -544.65347826 -539.88913043
428 -543.44641304 -545.83543478 -541.05739130
429 -544.62152173 -547.01739130 -542.22565217
430 -545.79663043 -548.19934782 -543.39391304
431 -546.97173913 -549.38130434 -544.56217391
432 -548.14684782 -550.56326086 -545.73043478
433 -549.32195652 -551.74521739 -546.89869565
434 -550.49706521 -552.92717391 -548.06695652
435 -551.67217391 -554.10913043 -549.23521739
436 -552.84728260 -555.29108695 -550.40347826
437 -554.02239130 -556.47304347 -551.57173913
438 -555.19750000 -557.65500000 -552.74000000
439 -556.37260869 -558.83695652 -553.90826086
440 -557.54771739 -560.01891304 -555.07652173
441 -558.72282608 -561.20086956 -556.24478260
442 -559.89793478 -562.38282608 -557.41304347
443 -561.07304347 -563.56478260 -558.58130434
444 -562.24815217 -564.74673913 -559.74956521
445 -563.42326086 -565.92869565 -560.91782608
446 -564.59836956 -567.11065217 -562.08608695
447 -565.77347826 -568.29260869 -563.25434782
448 -566.94858695 -569.47456521 -564.42260869
449 -568.12369565 -570.65652173 -565.59086956
450 -569.29880434 -571.83847826 -566.75913043
451 -570.47391304 -573.02043478 -567.92739130
452 -571.64902173 -574.20239130 -569.09565217
453 -572.82413043 -575.38434782 -570.26391304
454 -573.99923913 -576.56630434 -571.43217391
455 -575.17434782 -577.74826086 -572.60043478
456 -576.34945652 -578.93021739 -573.76869565
457 -577.52456521 -580.11217391 -574.93695652
458 -578.69967391 -581.29413043 -576.10521739
459 -579.87478260 -582.47608695 -577.27347826
460 -581.04989130 -583.65804347 -578.44173913
461 -582.22500000 -584.84000000 -579.61000000
462 -583.31692307 -585.93450549 -580.69934065
463 -584.40884615 -587.02901098 -581.78868131
464 -585.50076923 -588.12351648 -582.87802197
465 -586.59269230 -589.21802197 -583.96736263
466 -587.68461538 -590.31252747 -585.05670329
467 -588.77653846 -591.40703296 -586.14604395
468 -589.86846153 -592.50153846 -587.23538461
469 -590.96038461 -593.59604395 -588.32472527
470 -592.05230769 -594.69054945 -589.41406593
471 -593.14423076 -595.78505494 -590.50340659
472 -594.23615384 -596.87956043 -591.59274725
473 -595.32807692 -597.97406593 -592.68208791
474 -596.42000000 -599.06857142 -593.77142857
475 -597.51192307 -600.16307692 -594.86076923
476 -598.60384615 -601.25758241 -595.95010989
477 -599.69576923 -602.35208791 -597.03945054
478 -600.78769230 -603.44659340 -598.12879120
479 -601.87961538 -604.54109890 -599.21813186
480 -602.97153846 -605.63560439 -600.30747252
481 -604.06346153 -606.73010989 -601.39681318
482 -605.15538461 -607.82461538 -602.48615384
483 -606.24730769 -608.91912087 -603.57549450
484 -607.33923076 -610.01362637 -604.66483516
485 -608.43115384 -611.10813186 -605.75417582
486 -609.52307692 -612.20263736 -606.84351648
487 -610.61500000 -613.29714285 -607.93285714
488 -611.70692307 -614.39164835 -609.02219780
489 -612.79884615 -615.48615384 -610.11153846
490 -613.89076923 -616.58065934 -611.20087912
491 -614.98269230 -617.67516483 -612.29021978
492 -616.07461538 -618.76967032 -613.37956043
493 -617.16653846 -619.86417582 -614.46890109
494 -618.25846153 -620.95868131 -615.55824175
495 -619.35038461 -622.05318681 -616.64758241
496 -620.44230769 -623.14769230 -617.73692307
497 -621.53423076 -624.24219780 -618.82626373
498 -622.62615384 -625.33670329 -619.91560439
499 -623.71807692 -626.43120879 -621.00494505
500 -624.81000000 -627.52571428 -622.09428571
501 -625.90192307 -628.62021978 -623.18362637
502 -626.99384615 -629.71472527 -624.27296703
503 -628.08576923 -630.80923076 -625.36230769
504 -629.17769230 -631.90373626 -626.45164835
505 -630.26961538 -632.99824175 -627.54098901
506 -631.36153846 -634.09274725 -628.63032967
507 -632.45346153 -635.18725274 -629.71967032
508 -633.54538461 -636.28175824 -630.80901098
509 -634.63730769 -637.37626373 -631.89835164
510 -635.72923076 -638.47076923 -632.98769230
511 -636.82115384 -639.56527472 -634.07703296
512 -637.91307692 -640.65978021 -635.16637362
513 -639.00500000 -641.75428571 -636.25571428
514 -640.09692307 -642.84879120 -637.34505494
515 -641.18884615 -643.94329670 -638.43439560
516 -642.28076923 -645.03780219 -639.52373626
517 -643.37269230 -646.13230769 -640.61307692
518 -644.46461538 -647.22681318 -641.70241758
519 -645.55653846 -648.32131868 -642.79175824
520 -646.64846153 -649.41582417 -643.88109890
521 -647.74038461 -650.51032967 -644.97043956
522 -648.83230769 -651.60483516 -646.05978021
523 -649.92423076 -652.69934065 -647.14912087
524 -651.01615384 -653.79384615 -648.23846153
525 -652.10807692 -654.88835164 -649.32780219
526 -653.20000000 -655.98285714 -650.41714285
527 -654.29192307 -657.07736263 -651.50648351
528 -655.38384615 -658.17186813 -652.59582417
529 -656.47576923 -659.26637362 -653.68516483
530 -657.56769230 -660.36087912 -654.77450549
531 -658.65961538 -661.45538461 -655.86384615
532 -659.75153846 -662.54989010 -656.95318681
533 -660.84346153 -663.64439560 -658.04252747
534 -661.93538461 -664.73890109 -659.13186813
535 -663.02730769 -665.83340659 -660.22120879
536 -664.11923076 -666.92791208 -661.31054945
537 -665.21115384 -668.02241758 -662.39989010
538 -666.30307692 -669.11692307 -663.48923076
539 -667.39500000 -670.21142857 -664.57857142
540 -668.48692307 -671.30593406 -665.66791208
541 -669.57884615 -672.40043956 -666.75725274
542 -670.67076923 -673.49494505 -667.84659340
543 -671.76269230 -674.58945054 -668.93593406
544 -672.85461538 -675.68395604 -670.02527472
545 -673.94653846 -676.77846153 -671.11461538
546 -675.03846153 -677.87296703 -672.20395604
547 -676.13038461 -678.96747252 -673.29329670
548 -677.22230769 -680.06197802 -674.38263736
549 -678.31423076 -681.15648351 -675.47197802
550 -679.40615384 -682.25098901 -676.56131868
551 -680.49807692 -683.34549450 -677.65065934
552 -681.59000000 -684.44000000 -678.74000000
553 -682.60663043 -685.48271739 -679.73054347
554 -683.62326086 -686.52543478 -680.72108695
555 -684.63989130 -687.56815217 -681.71163043
556 -685.65652173 -688.61086956 -682.70217391
557 -686.67315217 -689.65358695 -683.69271739
558 -687.68978260 -690.69630434 -684.68326086
559 -688.70641304 -691.73902173 -685.67380434
560 -689.72304347 -692.78173913 -686.66434782
561 -690.73967391 -693.82445652 -687.65489130
562 -691.75630434 -694.86717391 -688.64543478
563 -692.77293478 -695.90989130 -689.63597826
564 -693.78956521 -696.95260869 -690.62652173
565 -694.80619565 -697.99532608 -691.61706521
566 -695.82282608 -699.03804347 -692.60760869
567 -696.83945652 -700.08076086 -693.59815217
568 -697.85608695 -701.12347826 -694.58869565
569 -698.87271739 -702.16619565 -695.57923913
570 -699.88934782 -703.20891304 -696.56978260
571 -700.90597826 -704.25163043 -697.56032608
572 -701.92260869 -705.29434782 -698.55086956
573 -702.93923913 -706.33706521 -699.54141304
574 -703.95586956 -707.37978260 -700.53195652
575 -704.97250000 -708.42250000 -701.52250000
576 -705.98913043 -709.46521739 -702.51304347
577 -707.00576086 -710.50793478 -703.50358695
578 -708.02239130 -711.55065217 -704.49413043
579 -709.03902173 -712.59336956 -705.48467391
580 -710.05565217 -713.63608695 -706.47521739
581 -711.07228260 -714.67880434 -707.46576086
582 -712.08891304 -715.72152173 -708.45630434
583 -713.10554347 -716.76423913 -709.44684782
584 -714.12217391 -717.80695652 -710.43739130
585 -715.13880434 -718.84967391 -711.42793478
586 -716.15543478 -719.89239130 -712.41847826
587 -717.17206521 -720.93510869 -713.40902173
588 -718.18869565 -721.97782608 -714.39956521
589 -719.20532608 -723.02054347 -715.39010869
590 -720.22195652 -724.06326086 -716.38065217
591 -721.23858695 -725.10597826 -717.37119565
592 -722.25521739 -726.14869565 -718.36173913
593 -723.27184782 -727.19141304 -719.35228260
594 -724.28847826 -728.23413043 -720.34282608
595 -725.30510869 -729.27684782 -721.33336956
596 -726.32173913 -730.31956521 -722.32391304
597 -727.33836956 -731.36228260 -723.31445652
598 -728.35500000 -732.40500000 -724.30500000
599 -729.37163043 -733.44771739 -725.29554347
600 -730.38826086 -734.49043478 -726.28608695
601 -731.40489130 -735.53315217 -727.27663043
602 -732.42152173 -736.57586956 -728.26717391
603 -733.43815217 -737.61858695 -729.25771739
604 -734.45478260 -738.66130434 -730.24826086
605 -735.47141304 -739.70402173 -731.23880434
606 -736.48804347 -740.74673913 -732.22934782
607 -737.50467391 -741.78945652 -733.21989130
608 -738.52130434 -742.83217391 -734.21043478
609 -739.53793478 -743.87489130 -735.20097826
610 -740.55456521 -744.91760869 -736.19152173
611 -741.57119565 -745.96032608 -737.18206521
612 -742.58782608 -747.00304347 -738.17260869
613 -743.60445652 -748.04576086 -739.16315217
614 -744.62108695 -749.08847826 -740.15369565
615 -745.63771739 -750.13119565 -741.14423913
616 -746.65434782 -751.17391304 -742.13478260
617 -747.67097826 -752.21663043 -743.12532608
618 -748.68760869 -753.25934782 -744.11586956
619 -749.70423913 -754.30206521 -745.10641304
620 -750.72086956 -755.34478260 -746.09695652
621 -751.73750000 -756.38750000 -747.08750000
622 -752.75413043 -757.43021739 -748.07804347
623 -753.77076086 -758.47293478 -749.06858695
624 -754.78739130 -759.51565217 -750.05913043
625 -755.80402173 -760.55836956 -751.04967391
626 -756.82065217 -761.60108695 -752.04021739
627 -757.83728260 -762.64380434 -753.03076086
628 -758.85391304 -763.68652173 -754.02130434
629 -759.87054347 -764.72923913 -755.01184782
630 -760.88717391 -765.77195652 -756.00239130
631 -761.90380434 -766.81467391 -756.99293478
632 -762.92043478 -767.85739130 -757.98347826
633 -763.93706521 -768.90010869 -758.97402173
634 -764.95369565 -769.94282608 -759.96456521
635 -765.97032608 -770.98554347 -760.95510869
636 -766.98695652 -772.02826086 -761.94565217
637 -768.00358695 -773.07097826 -762.93619565
638 -769.02021739 -774.11369565 -763.92673913
639 -770.03684782 -775.15641304 -764.91728260
640 -771.05347826 -776.19913043 -765.90782608
641 -772.07010869 -777.24184782 -766.89836956
642 -773.08673913 -778.28456521 -767.88891304
643 -774.10336956 -779.32728260 -768.87945652
644 -775.12000000 -780.37000000 -769.87000000
645 -776.07219780 -781.30791208 -770.83648351
646 -777.02439560 -782.24582417 -771.80296703
647 -777.97659340 -783.18373626 -772.76945054
648 -778.92879120 -784.12164835 -773.73593406
649 -779.88098901 -785.05956043 -774.70241758
650 -780.83318681 -785.99747252 -775.66890109
651 -781.78538461 -786.93538461 -776.63538461
652 -782.73758241 -787.87329670 -777.60186813
653 -783.68978021 -788.81120879 -778.56835164
654 -784.64197802 -789.74912087 -779.53483516
655 -785.59417582 -790.68703296 -780.50131868
656 -786.54637362 -791.62494505 -781.46780219
657 -787.49857142 -792.56285714 -782.43428571
658 -788.45076923 -793.50076923 -783.40076923
659 -789.40296703 -794.43868131 -784.36725274
660 -790.35516483 -795.37659340 -785.33373626
661 -791.30736263 -796.31450549 -786.30021978
662 -792.25956043 -797.25241758 -787.26670329
663 -793.21175824 -798.19032967 -788.23318681
664 -794.16395604 -799.12824175 -789.19967032
665 -795.11615384 -800.06615384 -790.16615384
666 -796.06835164 -801.00406593 -791.13263736
667 -797.02054945 -801.94197802 -792.09912087
668 -797.97274725 -802.87989010 -793.06560439
669 -798.92494505 -803.81780219 -794.03208791
670 -799.87714285 -804.75571428 -794.99857142
671 -800.82934065 -805.69362637 -795.96505494
672 -801.78153846 -806.63153846 -796.93153846
673 -802.73373626 -807.56945054 -797.89802197
674 -803.68593406 -808.50736263 -798.86450549
675 -804.63813186 -809.44527472 -799.83098901
676 -805.59032967 -810.38318681 -800.79747252
677 -806.54252747 -811.32109890 -801.76395604
678 -807.49472527 -812.25901098 -802.73043956
679 -808.44692307 -813.19692307 -803.69692307
680 -809.39912087 -814.13483516 -804.66340659
681 -810.35131868 -815.07274725 -805.62989010
682 -811.30351648 -816.01065934 -806.59637362
683 -812.25571428 -816.94857142 -807.56285714
684 -813.20791208 -817.88648351 -808.52934065
685 -814.16010989 -818.82439560 -809.49582417
686 -815.11230769 -819.76230769 -810.46230769
687 -816.06450549 -820.70021978 -811.42879120
688 -817.01670329 -821.63813186 -812.39527472
689 -817.96890109 -822.57604395 -813.36175824
690 -818.92109890 -823.51395604 -814.32824175
691 -819.87329670 -824.45186813 -815.29472527
692 -820.82549450 -825.38978021 -816.26120879
693 -821.77769230 -826.32769230 -817.22769230
694 -822.72989010 -827.26560439 -818.19417582
695 -823.68208791 -828.20351648 -819.16065934
696 -824.63428571 -829.14142857 -820.12714285
697 -825.58648351 -830.07934065 -821.09362637
698 -826.53868131 -831.01725274 -822.06010989
699 -827.49087912 -831.95516483 -823.02659340
700 -828.44307692 -832.89307692 -823.99307692
701 -829.39527472 -833.83098901 -824.95956043
702 -830.34747252 -834.76890109 -825.92604395
703 -831.29967032 -835.70681318 -826.89252747
704 -832.25186813 -836.64472527 -827.85901098
705 -833.20406593 -837.58263736 -828.82549450
706 -834.15626373 -838.52054945 -829.79197802
707 -835.10846153 -839.45846153 -830.75846153
708 -836.06065934 -840.39637362 -831.72494505
709 -837.01285714 -841.33428571 -832.69142857
710 -837.96505494 -842.27219780 -833.65791208
711 -838.91725274 -843.21010989 -834.62439560
712 -839.86945054 -844.14802197 -835.59087912
713 -840.82164835 -845.08593406 -836.55736263
714 -841.77384615 -846.02384615 -837.52384615
715 -842.72604395 -846.96175824 -838.49032967
716 -843.67824175 -847.89967032 -839.45681318
717 -844.63043956 -848.83758241 -840.42329670
718 -845.58263736 -849.77549450 -841.38978021
719 -846.53483516 -850.71340659 -842.35626373
720 -847.48703296 -851.65131868 -843.32274725
721 -848.43923076 -852.58923076 -844.28923076
722 -849.39142857 -853.52714285 -845.25571428
723 -850.34362637 -854.46505494 -846.22219780
724 -851.29582417 -855.40296703 -847.18868131
725 -852.24802197 -856.34087912 -848.15516483
726 -853.20021978 -857.27879120 -849.12164835
727 -854.15241758 -858.21670329 -850.08813186
728 -855.10461538 -859.15461538 -851.05461538
729 -856.05681318 -860.09252747 -852.02109890
730 -857.00901098 -861.03043956 -852.98758241
731 -857.96120879 -861.96835164 -853.95406593
732 -858.91340659 -862.90626373 -854.92054945
733 -859.86560439 -863.84417582 -855.88703296
734 -860.81780219 -864.78208791 -856.85351648
735 -861.77000000 -865.72000000 -857.82000000
736 -862.62214285 -866.57917582 -858.66510989
737 -863.47428571 -867.43835164 -859.51021978
738 -864.32642857 -868.29752747 -860.35532967
739 -865.17857142 -869.15670329 -861.20043956
740 -866.03071428 -870.01587912 -862.04554945
741 -866.88285714 -870.87505494 -862.89065934
742 -867.73500000 -871.73423076 -863.73576923
743 -868.58714285 -872.59340659 -864.58087912
744 -869.43928571 -873.45258241 -865.42598901
745 -870.29142857 -874.31175824 -866.27109890
746 -871.14357142 -875.17093406 -867.11620879
747 -871.99571428 -876.03010989 -867.96131868
748 -872.84785714 -876.88928571 -868.80642857
749 -873.70000000 -877.74846153 -869.65153846
750 -874.55214285 -878.60763736 -870.49664835
751 -875.40428571 -879.46681318 -871.34175824
752 -876.25642857 -880.32598901 -872.18686813
753 -877.10857142 -881.18516483 -873.03197802
754 -877.96071428 -882.04434065 -873.87708791
755 -878.81285714 -882.90351648 -874.72219780
756 -879.66500000 -883.76269230 -875.56730769
757 -880.51714285 -884.62186813 -876.41241758
758 -881.36928571 -885.48104395 -877.25752747
759 -882.22142857 -886.34021978 -878.10263736
760 -883.07357142 -887.19939560 -878.94774725
761 -883.92571428 -888.05857142 -879.79285714
762 -884.77785714 -888.91774725 -880.63796703
763 -885.63000000 -889.77692307 -881.48307692
764 -886.48214285 -890.63609890 -882.32818681
765 -887.33428571 -891.49527472 -883.17329670
766 -888.18642857 -892.35445054 -884.01840659
767 -889.03857142 -893.21362637 -884.86351648
768 -889.89071428 -894.07280219 -885.70862637
769 -890.74285714 -894.93197802 -886.55373626
770 -891.59500000 -895.79115384 -887.39884615
771 -892.44714285 -896.65032967 -888.24395604
772 -893.29928571 -897.50950549 -889.08906593
773 -894.15142857 -898.36868131 -889.93417582
774 -895.00357142 -899.22785714 -890.77928571
775 -895.85571428 -900.08703296 -891.62439560
776 -896.70785714 -900.94620879 -892.46950549
777 -897.56000000 -901.80538461 -893.31461538
778 -898.41214285 -902.66456043 -894.15972527
779 -899.26428571 -903.52373626 -895.00483516
780 -900.11642857 -904.38291208 -895.84994505
781 -900.96857142 -905.24208791 -896.69505494
782 -901.82071428 -906.10126373 -897.54016483
783 -902.67285714 -906.96043956 -898.38527472
784 -903.52500000 -907.81961538 -899.23038461
785 -904.37714285 -908.67879120 -900.07549450
786 -905.22928571 -909.53796703 -900.92060439
787 -906.08142857 -910.39714285 -901.76571428
788 -906.93357142 -911.25631868 -902.61082417
789 -907.78571428 -912.11549450 -903.45593406
790 -908.63785714 -912.97467032 -904.30104395
791 -909.49000000 -913.83384615 -905.14615384
792 -910.34214285 -914.69302197 -905.99126373
793 -911.19428571 -915.55219780 -906.83637362
794 -912.04642857 -916.41137362 -907.68148351
795 -912.89857142 -917.27054945 -908.52659340
796 -913.75071428 -918.12972527 -909.37170329
797 -914.60285714 -918.98890109 -910.21681318
798 -915.45500000 -919.84807692 -911.06192307
799 -916.30714285 -920.70725274 -911.90703296
800 -917.15928571 -921.56642857 -912.75214285
801 -918.01142857 -922.42560439 -913.59725274
802 -918.86357142 -923.28478021 -914.44236263
803 -919.71571428 -924.14395604 -915.28747252
804 -920.56785714 -925.00313186 -916.13258241
805 -921.42000000 -925.86230769 -916.97769230
806 -922.27214285 -926.72148351 -917.82280219
807 -923.12428571 -927.58065934 -918.66791208
808 -923.97642857 -928.43983516 -919.51302197
809 -924.82857142 -929.29901098 -920.35813186
810 -925.68071428 -930.15818681 -921.20324175
811 -926.53285714 -931.01736263 -922.04835164
812 -927.38500000 -931.87653846 -922.89346153
813 -928.23714285 -932.73571428 -923.73857142
814 -929.08928571 -933.59489010 -924.58368131
815 -929.94142857 -934.45406593 -925.42879120
816 -930.79357142 -935.31324175 -926.27390109
817 -931.64571428 -936.17241758 -927.11901098
818 -932.49785714 -937.03159340 -927.96412087
819 -933.35000000 -937.89076923 -928.80923076
820 -934.20214285 -938.74994505 -929.65434065
821 -935.05428571 -939.60912087 -930.49945054
822 -935.90642857 -940.46829670 -931.34456043
823 -936.75857142 -941.32747252 -932.18967032
824 -937.61071428 -942.18664835 -933.03478021
825 -938.46285714 -943.04582417 -933.87989010
826 -939.31500000 -943.90500000 -934.72500000
827 -940.16714285 -944.76417582 -935.57010989
828 -941.01928571 -945.62335164 -936.41521978
829 -941.87142857 -946.48252747 -937.26032967
830 -942.72357142 -947.34170329 -938.10543956
831 -943.57571428 -948.20087912 -938.95054945
832 -944.42785714 -949.06005494 -939.79565934
833 -945.28000000 -949.91923076 -940.64076923
834 -946.13214285 -950.77840659 -941.48587912
835 -946.98428571 -951.63758241 -942.33098901
836 -947.83642857 -952.49675824 -943.17609890
837 -948.68857142 -953.35593406 -944.02120879
838 -949.54071428 -954.21510989 -944.86631868
839 -950.39285714 -955.07428571 -945.71142857
840 -951.24500000 -955.93346153 -946.55653846
841 -952.09714285 -956.79263736 -947.40164835
842 -952.94928571 -957.65181318 -948.24675824
843 -953.80142857 -958.51098901 -949.09186813
844 -954.65357142 -959.37016483 -949.93697802
845 -955.50571428 -960.22934065 -950.78208791
846 -956.35785714 -961.08851648 -951.62719780
847 -957.21000000 -961.94769230 -952.47230769
848 -958.06214285 -962.80686813 -953.31741758
849 -958.91428571 -963.66604395 -954.16252747
850 -959.76642857 -964.52521978 -955.00763736
851 -960.61857142 -965.38439560 -955.85274725
852 -961.47071428 -966.24357142 -956.69785714
853 -962.32285714 -967.10274725 -957.54296703
854 -963.17500000 -967.96192307 -958.38807692
855 -964.02714285 -968.82109890 -959.23318681
856 -964.87928571 -969.68027472 -960.07829670
857 -965.73142857 -970.53945054 -960.92340659
858 -966.58357142 -971.39862637 -961.76851648
859 -967.43571428 -972.25780219 -962.61362637
860 -968.28785714 -973.11697802 -963.45873626
861 -969.14000000 -973.97615384 -964.30384615
862 -969.99214285 -974.83532967 -965.14895604
863 -970.84428571 -975.69450549 -965.99406593
864 -971.69642857 -976.55368131 -966.83917582
865 -972.54857142 -977.41285714 -967.68428571
866 -973.40071428 -978.27203296 -968.52939560
867 -974.25285714 -979.13120879 -969.37450549
868 -975.10500000 -979.99038461 -970.21961538
869 -975.95714285 -980.84956043 -971.06472527
870 -976.80928571 -981.70873626 -971.90983516
871 -977.66142857 -982.56791208 -972.75494505
872 -978.51357142 -983.42708791 -973.60005494
873 -979.36571428 -984.28626373 -974.44516483
874 -980.21785714 -985.14543956 -975.29027472
875 -981.07000000 -986.00461538 -976.13538461
876 -981.92214285 -986.86379120 -976.98049450
877 -982.77428571 -987.72296703 -977.82560439
878 -983.62642857 -988.58214285 -978.67071428
879 -984.47857142 -989.44131868 -979.51582417
880 -985.33071428 -990.30049450 -980.36093406
881 -986.18285714 -991.15967032 -981.20604395
882 -987.03500000 -992.01884615 -982.05115384
883 -987.88714285 -992.87802197 -982.89626373
884 -988.73928571 -993.73719780 -983.74137362
885 -989.59142857 -994.59637362 -984.58648351
886 -990.44357142 -995.45554945 -985.43159340
887 -991.29571428 -996.31472527 -986.27670329
888 -992.14785714 -997.17390109 -987.12181318
889 -993.00000000 -998.03307692 -987.96692307
890 -993.85214285 -998.89225274 -988.81203296
891 -994.70428571 -999.75142857 -989.65714285
892 -995.55642857 -1000.61060439 -990.50225274
893 -996.40857142 -1001.46978021 -991.34736263
894 -997.26071428 -1002.32895604 -992.19247252
895 -998.11285714 -1003.18813186 -993.03758241
896 -998.96500000 -1004.04730769 -993.88269230
897 -999.81714285 -1004.90648351 -994.72780219
898 -1000.66928571 -1005.76565934 -995.57291208
899 -1001.52142857 -1006.62483516 -996.41802197
900 -1002.37357142 -1007.48401098 -997.26313186
901 -1003.22571428 -1008.34318681 -998.10824175
902 -1004.07785714 -1009.20236263 -998.95335164
903 -1004.93000000 -1010.06153846 -999.79846153
904 -1005.78214285 -1010.92071428 -1000.64357142
905 -1006.63428571 -1011.77989010 -1001.48868131
906 -1007.48642857 -1012.63906593 -1002.33379120
907 -1008.33857142 -1013.49824175 -1003.17890109
908 -1009.19071428 -1014.35741758 -1004.02401098
909 -1010.04285714 -1015.21659340 -1004.86912087
910 -1010.89500000 -1016.07576923 -1005.71423076
911 -1011.74714285 -1016.93494505 -1006.55934065
912 -1012.59928571 -1017.79412087 -1007.40445054
913 -1013.45142857 -1018.65329670 -1008.24956043
914 -1014.30357142 -1019.51247252 -1009.09467032
915 -1015.15571428 -1020.37164835 -1009.93978021
916 -1016.00785714 -1021.23082417 -1010.78489010
917 -1016.86000000 -1022.09000000 -1011.63000000
918 -1017.71214285 -1022.94917582 -1012.47510989
919 -1018.56428571 -1023.80835164 -1013.32021978
920 -1019.41642857 -1024.66752747 -1014.16532967
921 -1020.26857142 -1025.52670329 -1015.01043956
922 -1021.12071428 -1026.38587912 -1015.85554945
923 -1021.97285714 -1027.24505494 -1016.70065934
924 -1022.82500000 -1028.10423076 -1017.54576923
925 -1023.67714285 -1028.96340659 -1018.39087912
926 -1024.52928571 -1029.82258241 -1019.23598901
927 -1025.38142857 -1030.68175824 -1020.08109890
928 -1026.23357142 -1031.54093406 -1020.92620879
929 -1027.08571428 -1032.40010989 -1021.77131868
930 -1027.93785714 -1033.25928571 -1022.61642857
931 -1028.79000000 -1034.11846153 -1023.46153846
932 -1029.64214285 -1034.97763736 -1024.30664835
933 -1030.49428571 -1035.83681318 -1025.15175824
934 -1031.34642857 -1036.69598901 -1025.99686813
935 -1032.19857142 -1037.55516483 -1026.84197802
936 -1033.05071428 -1038.41434065 -1027.68708791
937 -1033.90285714 -1039.27351648 -1028.53219780
938 -1034.75500000 -1040.13269230 -1029.37730769
939 -1035.60714285 -1040.99186813 -1030.22241758
940 -1036.45928571 -1041.85104395 -1031.06752747
941 -1037.31142857 -1042.71021978 -1031.91263736
942 -1038.16357142 -1043.56939560 -1032.75774725
943 -1039.01571428 -1044.42857142 -1033.60285714
944 -1039.86785714 -1045.28774725 -1034.44796703
945 -1040.72000000 -1046.14692307 -1035.29307692
946 -1041.57214285 -1047.00609890 -1036.13818681
947 -1042.42428571 -1047.86527472 -1036.98329670
948 -1043.27642857 -1048.72445054 -1037.82840659
949 -1044.12857142 -1049.58362637 -1038.67351648
950 -1044.98071428 -1050.44280219 -1039.51862637
951 -1045.83285714 -1051.30197802 -1040.36373626
952 -1046.68500000 -1052.16115384 -1041.20884615
953 -1047.53714285 -1053.02032967 -1042.05395604
954 -1048.38928571 -1053.87950549 -1042.89906593
955 -1049.24142857 -1054.73868131 -1043.74417582
956 -1050.09357142 -1055.59785714 -1044.58928571
957 -1050.94571428 -1056.45703296 -1045.43439560
958 -1051.79785714 -1057.31620879 -1046.27950549
959 -1052.65000000 -1058.17538461 -1047.12461538
960 -1053.50214285 -1059.03456043 -1047.96972527
961 -1054.35428571 -1059.89373626 -1048.81483516
962 -1055.20642857 -1060.75291208 -1049.65994505
963 -1056.05857142 -1061.61208791 -1050.50505494
964 -1056.91071428 -1062.47126373 -1051.35016483
965 -1057.76285714 -1063.33043956 -1052.19527472
966 -1058.61500000 -1064.18961538 -1053.04038461
967 -1059.46714285 -1065.04879120 -1053.88549450
968 -1060.31928571 -1065.90796703 -1054.73060439
969 -1061.17142857 -1066.76714285 -1055.57571428
970 -1062.02357142 -1067.62631868 -1056.42082417
971 -1062.87571428 -1068.48549450 -1057.26593406
972 -1063.72785714 -1069.34467032 -1058.11104395
973 -1064.58000000 -1070.20384615 -1058.95615384
974 -1065.43214285 -1071.06302197 -1059.80126373
975 -1066.28428571 -1071.92219780 -1060.64637362
976 -1067.13642857 -1072.78137362 -1061.49148351
977 -1067.98857142 -1073.64054945 -1062.33659340
978 -1068.84071428 -1074.49972527 -1063.18170329
979 -1069.69285714 -1075.35890109 -1064.02681318
980 -1070.54500000 -1076.21807692 -1064.87192307
981 -1071.39714285 -1077.07725274 -1065.71703296
982 -1072.24928571 -1077.93642857 -1066.56214285
983 -1073.10142857 -1078.79560439 -1067.40725274
984 -1073.95357142 -1079.65478021 -1068.25236263
985 -1074.80571428 -1080.51395604 -1069.09747252
986 -1075.65785714 -1081.37313186 -1069.94258241
987 -1076.51000000 -1082.23230769 -1070.78769230
988 -1077.36214285 -1083.09148351 -1071.63280219
989 -1078.21428571 -1083.95065934 -1072.47791208
990 -1079.06642857 -1084.80983516 -1073.32302197
991 -1079.91857142 -1085.66901098 -1074.16813186
992 -1080.77071428 -1086.52818681 -1075.01324175
993 -1081.62285714 -1087.38736263 -1075.85835164
994 -1082.47500000 -1088.24653846 -1076.70346153
995 -1083.32714285 -1089.10571428 -1077.54857142
996 -1084.17928571 -1089.96489010 -1078.39368131
997 -1085.03142857 -1090.82406593 -1079.23879120
998 -1085.88357142 -1091.68324175 -1080.08390109
999 -1086.73571428 -1092.54241758 -1080.92901098
1000 -1087.58785714 -1093.40159340 -1081.77412087
1001 -1088.44000000 -1094.26076923 -1082.61923076
1002 -1089.29214285 -1095.11994505 -1083.46434065
1003 -1090.14428571 -1095.97912087 -1084.30945054
1004 -1090.99642857 -1096.83829670 -1085.15456043
1005 -1091.84857142 -1097.69747252 -1085.99967032
1006 -1092.70071428 -1098.55664835 -1086.84478021
1007 -1093.55285714 -1099.41582417 -1087.68989010
1008 -1094.40500000 -1100.27500000 -1088.53500000
1009 -1095.25714285 -1101.13417582 -1089.38010989
1010 -1096.10928571 -1101.99335164 -1090.22521978
1011 -1096.96142857 -1102.85252747 -1091.07032967
1012 -1097.81357142 -1103.71170329 -1091.91543956
1013 -1098.66571428 -1104.57087912 -1092.76054945
1014 -1099.51785714 -1105.43005494 -1093.60565934
1015 -1100.37000000 -1106.28923076 -1094.45076923
1016 -1101.22214285 -1107.14840659 -1095.29587912
1017 -1102.07428571 -1108.00758241 -1096.14098901
1018 -1102.92642857 -1108.86675824 -1096.98609890
1019 -1103.77857142 -1109.72593406 -1097.83120879
1020 -1104.63071428 -1110.58510989 -1098.67631868
1021 -1105.48285714 -1111.44428571 -1099.52142857
1022 -1106.33500000 -1112.30346153 -1100.36653846
1023 -1107.18714285 -1113.16263736 -1101.21164835
1024 -1108.03928571 -1114.02181318 -1102.05675824
1025 -1108.89142857 -1114.88098901 -1102.90186813
1026 -1109.74357142 -1115.74016483 -1103.74697802
1027 -1110.59571428 -1116.59934065 -1104.59208791
1028 -1111.44785714 -1117.45851648 -1105.43719780
1029 -1112.30000000 -1118.31769230 -1106.28230769
1030 -1113.15214285 -1119.17686813 -1107.12741758
1031 -1114.00428571 -1120.03604395 -1107.97252747
1032 -1114.85642857 -1120.89521978 -1108.81763736
1033 -1115.70857142 -1121.75439560 -1109.66274725
1034 -1116.56071428 -1122.61357142 -1110.50785714
1035 -1117.41285714 -1123.47274725 -1111.35296703
1036 -1118.26500000 -1124.33192307 -1112.19807692
1037 -1119.11714285 -1125.19109890 -1113.04318681
1038 -1119.96928571 -1126.05027472 -1113.88829670
1039 -1120.82142857 -1126.90945054 -1114.73340659
1040 -1121.67357142 -1127.76862637 -1115.57851648
1041 -1122.52571428 -1128.62780219 -1116.42362637
1042 -1123.37785714 -1129.48697802 -1117.26873626
1043 -1124.23000000 -1130.34615384 -1118.11384615
1044 -1125.08214285 -1131.20532967 -1118.95895604
1045 -1125.93428571 -1132.06450549 -1119.80406593
1046 -1126.78642857 -1132.92368131 -1120.64917582
1047 -1127.63857142 -1133.78285714 -1121.49428571
1048 -1128.49071428 -1134.64203296 -1122.33939560
1049 -1129.34285714 -1135.50120879 -1123.18450549
1050 -1130.19500000 -1136.36038461 -1124.02961538
1051 -1131.04714285 -1137.21956043 -1124.87472527
1052 -1131.89928571 -1138.07873626 -1125.71983516
1053 -1132.75142857 -1138.93791208 -1126.56494505
1054 -1133.60357142 -1139.79708791 -1127.41005494
1055 -1134.45571428 -1140.65626373 -1128.25516483
1056 -1135.30785714 -1141.51543956 -1129.10027472
1057 -1136.16000000 -1142.37461538 -1129.94538461
1058 -1137.01214285 -1143.23379120 -1130.79049450
1059 -1137.86428571 -1144.09296703 -1131.63560439
1060 -1138.71642857 -1144.95214285 -1132.48071428
1061 -1139.56857142 -1145.81131868 -1133.32582417
1062 -1140.42071428 -1146.67049450 -1134.17093406
1063 -1141.27285714 -1147.52967032 -1135.01604395
1064 -1142.12500000 -1148.38884615 -1135.86115384
1065 -1142.97714285 -1149.24802197 -1136.70626373
1066 -1143.82928571 -1150.10719780 -1137.55137362
1067 -1144.68142857 -1150.96637362 -1138.39648351
1068 -1145.53357142 -1151.82554945 -1139.24159340
1069 -1146.38571428 -1152.68472527 -1140.08670329
1070 -1147.23785714 -1153.54390109 -1140.93181318
1071 -1148.09000000 -1154.40307692 -1141.77692307
1072 -1148.94214285 -1155.26225274 -1142.62203296
1073 -1149.79428571 -1156.12142857 -1143.46714285
1074 -1150.64642857 -1156.98060439 -1144.31225274
1075 -1151.49857142 -1157.83978021 -1145.15736263
1076 -1152.35071428 -1158.69895604 -1146.00247252
1077 -1153.20285714 -1159.55813186 -1146.84758241
1078 -1154.05500000 -1160.41730769 -1147.69269230
1079 -1154.90714285 -1161.27648351 -1148.53780219
1080 -1155.75928571 -1162.13565934 -1149.38291208
1081 -1156.61142857 -1162.99483516 -1150.22802197
1082 -1157.46357142 -1163.85401098 -1151.07313186
1083 -1158.31571428 -1164.71318681 -1151.91824175
1084 -1159.16785714 -1165.57236263 -1152.76335164
1085 -1160.02000000 -1166.43153846 -1153.60846153
1086 -1160.87214285 -1167.29071428 -1154.45357142
1087 -1161.72428571 -1168.14989010 -1155.29868131
1088 -1162.57642857 -1169.00906593 -1156.14379120
1089 -1163.42857142 -1169.86824175 -1156.98890109
1090 -1164.28071428 -1170.72741758 -1157.83401098
1091 -1165.13285714 -1171.58659340 -1158.67912087
1092 -1165.98500000 -1172.44576923 -1159.52423076
1093 -1166.83714285 -1173.30494505 -1160.36934065
1094 -1167.68928571 -1174.16412087 -1161.21445054
1095 -1168.54142857 -1175.02329670 -1162.05956043
1096 -1169.39357142 -1175.88247252 -1162.90467032
1097 -1170.24571428 -1176.74164835 -1163.74978021
1098 -1171.09785714 -1177.60082417 -1164.59489010
1099 -1171.95000000 -1178.46000000 -1165.44000000
1100 -1172.68719780 -1179.19722527 -1166.17717032
1101 -1173.42439560 -1179.93445054 -1166.91434065
1102 -1174.16159340 -1180.67167582 -1167.65151098
1103 -1174.89879120 -1181.40890109 -1168.38868131
1104 -1175.63598901 -1182.14612637 -1169.12585164
1105 -1176.37318681 -1182.88335164 -1169.86302197
1106 -1177.11038461 -1183.62057692 -1170.60019230
1107 -1177.84758241 -1184.35780219 -1171.33736263
1108 -1178.58478021 -1185.09502747 -1172.07453296
1109 -1179.32197802 -1185.83225274 -1172.81170329
1110 -1180.05917582 -1186.56947802 -1173.54887362
1111 -1180.79637362 -1187.30670329 -1174.28604395
1112 -1181.53357142 -1188.04392857 -1175.02321428
1113 -1182.27076923 -1188.78115384 -1175.76038461
1114 -1183.00796703 -1189.51837912 -1176.49755494
1115 -1183.74516483 -1190.25560439 -1177.23472527
1116 -1184.48236263 -1190.99282967 -1177.97189560
1117 -1185.21956043 -1191.73005494 -1178.70906593
1118 -1185.95675824 -1192.46728021 -1179.44623626
1119 -1186.69395604 -1193.20450549 -1180.18340659
1120 -1187.43115384 -1193.94173076 -1180.92057692
1121 -1188.16835164 -1194.67895604 -1181.65774725
1122 -1188.90554945 -1195.41618131 -1182.39491758
1123 -1189.64274725 -1196.15340659 -1183.13208791
1124 -1190.37994505 -1196.89063186 -1183.86925824
1125 -1191.11714285 -1197.62785714 -1184.60642857
1126 -1191.85434065 -1198.36508241 -1185.34359890
1127 -1192.59153846 -1199.10230769 -1186.08076923
1128 -1193.32873626 -1199.83953296 -1186.81793956
1129 -1194.06593406 -1200.57675824 -1187.55510989
1130 -1194.80313186 -1201.31398351 -1188.29228021
1131 -1195.54032967 -1202.05120879 -1189.02945054
1132 -1196.27752747 -1202.78843406 -1189.76662087
1133 -1197.01472527 -1203.52565934 -1190.50379120
1134 -1197.75192307 -1204.26288461 -1191.24096153
1135 -1198.48912087 -1205.00010989 -1191.97813186
1136 -1199.22631868 -1205.73733516 -1192.71530219
1137 -1199.96351648 -1206.47456043 -1193.45247252
1138 -1200.70071428 -1207.21178571 -1194.18964285
1139 -1201.43791208 -1207.94901098 -1194.92681318
1140 -1202.17510989 -1208.68623626 -1195.66398351
1141 -1202.91230769 -1209.42346153 -1196.40115384
1142 -1203.64950549 -1210.16068681 -1197.13832417
1143 -1204.38670329 -1210.89791208 -1197.87549450
1144 -1205.12390109 -1211.63513736 -1198.61266483
1145 -1205.86109890 -1212.37236263 -1199.34983516
1146 -1206.59829670 -1213.10958791 -1200.08700549
1147 -1207.33549450 -1213.84681318 -1200.82417582
1148 -1208.07269230 -1214.58403846 -1201.56134615
1149 -1208.80989010 -1215.32126373 -1202.29851648
1150 -1209.54708791 -1216.05848901 -1203.03568681
1151 -1210.28428571 -1216.79571428 -1203.77285714
1152 -1211.02148351 -1217.53293956 -1204.51002747
1153 -1211.75868131 -1218.27016483 -1205.24719780
1154 -1212.49587912 -1219.00739010 -1205.98436813
1155 -1213.23307692 -1219.74461538 -1206.72153846
1156 -1213.97027472 -1220.48184065 -1207.45870879
1157 -1214.70747252 -1221.21906593 -1208.19587912
1158 -1215.44467032 -1221.95629120 -1208.93304945
1159 -1216.18186813 -1222.69351648 -1209.67021978
1160 -1216.91906593 -1223.43074175 -1210.40739010
1161 -1217.65626373 -1224.16796703 -1211.14456043
1162 -1218.39346153 -1224.90519230 -1211.88173076
1163 -1219.13065934 -1225.64241758 -1212.61890109
1164 -1219.86785714 -1226.37964285 -1213.35607142
1165 -1220.60505494 -1227.11686813 -1214.09324175
1166 -1221.34225274 -1227.85409340 -1214.83041208
1167 -1222.07945054 -1228.59131868 -1215.56758241
1168 -1222.81664835 -1229.32854395 -1216.30475274
1169 -1223.55384615 -1230.06576923 -1217.04192307
1170 -1224.29104395 -1230.80299450 -1217.77909340
1171 -1225.02824175 -1231.54021978 -1218.51626373
1172 -1225.76543956 -1232.27744505 -1219.25343406
1173 -1226.50263736 -1233.01467032 -1219.99060439
1174 -1227.23983516 -1233.75189560 -1220.72777472
1175 -1227.97703296 -1234.48912087 -1221.46494505
1176 -1228.71423076 -1235.22634615 -1222.20211538
1177 -1229.45142857 -1235.96357142 -1222.93928571
1178 -1230.18862637 -1236.70079670 -1223.67645604
1179 -1230.92582417 -1237.43802197 -1224.41362637
1180 -1231.66302197 -1238.17524725 -1225.15079670
1181 -1232.40021978 -1238.91247252 -1225.88796703
1182 -1233.13741758 -1239.64969780 -1226.62513736
1183 -1233.87461538 -1240.38692307 -1227.36230769
1184 -1234.61181318 -1241.12414835 -1228.09947802
1185 -1235.34901098 -1241.86137362 -1228.83664835
1186 -1236.08620879 -1242.59859890 -1229.57381868
1187 -1236.82340659 -1243.33582417 -1230.31098901
1188 -1237.56060439 -1244.07304945 -1231.04815934
1189 -1238.29780219 -1244.81027472 -1231.78532967
1190 -1239.03500000 -1245.54750000 -1232.52250000
1191 -1239.77219780 -1246.28472527 -1233.25967032
1192 -1240.50939560 -1247.02195054 -1233.99684065
1193 -1241.24659340 -1247.75917582 -1234.73401098
1194 -1241.98379120 -1248.49640109 -1235.47118131
1195 -1242.72098901 -1249.23362637 -1236.20835164
1196 -1243.45818681 -1249.97085164 -1236.94552197
1197 -1244.19538461 -1250.70807692 -1237.68269230
1198 -1244.93258241 -1251.44530219 -1238.41986263
1199 -1245.66978021 -1252.18252747 -1239.15703296
1200 -1246.40697802 -1252.91975274 -1239.89420329
1201 -1247.14417582 -1253.65697802 -1240.63137362
1202 -1247.88137362 -1254.39420329 -1241.36854395
1203 -1248.61857142 -1255.13142857 -1242.10571428
1204 -1249.35576923 -1255.86865384 -1242.84288461
1205 -1250.09296703 -1256.60587912 -1243.58005494
1206 -1250.83016483 -1257.34310439 -1244.31722527
1207 -1251.56736263 -1258.08032967 -1245.05439560
1208 -1252.30456043 -1258.81755494 -1245.79156593
1209 -1253.04175824 -1259.55478021 -1246.52873626
1210 -1253.77895604 -1260.29200549 -1247.26590659
1211 -1254.51615384 -1261.02923076 -1248.00307692
1212 -1255.25335164 -1261.76645604 -1248.74024725
1213 -1255.99054945 -1262.50368131 -1249.47741758
1214 -1256.72774725 -1263.24090659 -1250.21458791
1215 -1257.46494505 -1263.97813186 -1250.95175824
1216 -1258.20214285 -1264.71535714 -1251.68892857
1217 -1258.93934065 -1265.45258241 -1252.42609890
1218 -1259.67653846 -1266.18980769 -1253.16326923
1219 -1260.41373626 -1266.92703296 -1253.90043956
1220 -1261.15093406 -1267.66425824 -1254.63760989
1221 -1261.88813186 -1268.40148351 -1255.37478021
1222 -1262.62532967 -1269.13870879 -1256.11195054
1223 -1263.36252747 -1269.87593406 -1256.84912087
1224 -1264.09972527 -1270.61315934 -1257.58629120
1225 -1264.83692307 -1271.35038461 -1258.32346153
1226 -1265.57412087 -1272.08760989 -1259.06063186
1227 -1266.31131868 -1272.82483516 -1259.79780219
1228 -1267.04851648 -1273.56206043 -1260.53497252
1229 -1267.78571428 -1274.29928571 -1261.27214285
1230 -1268.52291208 -1275.03651098 -1262.00931318
1231 -1269.26010989 -1275.77373626 -1262.74648351
1232 -1269.99730769 -1276.51096153 -1263.48365384
1233 -1270.73450549 -1277.24818681 -1264.22082417
1234 -1271.47170329 -1277.98541208 -1264.95799450
1235 -1272.20890109 -1278.72263736 -1265.69516483
1236 -1272.94609890 -1279.45986263 -1266.43233516
1237 -1273.68329670 -1280.19708791 -1267.16950549
1238 -1274.42049450 -1280.93431318 -1267.90667582
1239 -1275.15769230 -1281.67153846 -1268.64384615
1240 -1275.89489010 -1282.40876373 -1269.38101648
1241 -1276.63208791 -1283.14598901 -1270.11818681
1242 -1277.36928571 -1283.88321428 -1270.85535714
1243 -1278.10648351 -1284.62043956 -1271.59252747
1244 -1278.84368131 -1285.35766483 -1272.32969780
1245 -1279.58087912 -1286.09489010 -1273.06686813
1246 -1280.31807692 -1286.83211538 -1273.80403846
1247 -1281.05527472 -1287.56934065 -1274.54120879
1248 -1281.79247252 -1288.30656593 -1275.27837912
1249 -1282.52967032 -1289.04379120 -1276.01554945
1250 -1283.26686813 -1289.78101648 -1276.75271978
1251 -1284.00406593 -1290.51824175 -1277.48989010
1252 -1284.74126373 -1291.25546703 -1278.22706043
1253 -1285.47846153 -1291.99269230 -1278.96423076
1254 -1286.21565934 -1292.72991758 -1279.70140109
1255 -1286.95285714 -1293.46714285 -1280.43857142
1256 -1287.69005494 -1294.20436813 -1281.17574175
1257 -1288.42725274 -1294.94159340 -1281.91291208
1258 -1289.16445054 -1295.67881868 -1282.65008241
1259 -1289.90164835 -1296.41604395 -1283.38725274
1260 -1290.63884615 -1297.15326923 -1284.12442307
1261 -1291.37604395 -1297.89049450 -1284.86159340
1262 -1292.11324175 -1298.62771978 -1285.59876373
1263 -1292.85043956 -1299.36494505 -1286.33593406
1264 -1293.58763736 -1300.10217032 -1287.07310439
1265 -1294.32483516 -1300.83939560 -1287.81027472
1266 -1295.06203296 -1301.57662087 -1288.54744505
1267 -1295.79923076 -1302.31384615 -1289.28461538
1268 -1296.53642857 -1303.05107142 -1290.02178571
1269 -1297.27362637 -1303.78829670 -1290.75895604
1270 -1298.01082417 -1304.52552197 -1291.49612637
1271 -1298.74802197 -1305.26274725 -1292.23329670
1272 -1299.48521978 -1305.99997252 -1292.97046703
1273 -1300.22241758 -1306.73719780 -1293.70763736
1274 -1300.95961538 -1307.47442307 -1294.44480769
1275 -1301.69681318 -1308.21164835 -1295.18197802
1276 -1302.43401098 -1308.94887362 -1295.91914835
1277 -1303.17120879 -1309.68609890 -1296.65631868
1278 -1303.90840659 -1310.42332417 -1297.39348901
1279 -1304.64560439 -1311.16054945 -1298.13065934
1280 -1305.38280219 -1311.89777472 -1298.86782967
1281 -1306.12000000 -1312.63500000 -1299.60500000
1282 -1306.85719780 -1313.37222527 -1300.34217032
1283 -1307.59439560 -1314.10945054 -1301.07934065
1284 -1308.33159340 -1314.84667582 -1301.81651098
1285 -1309.06879120 -1315.58390109 -1302.55368131
1286 -1309.80598901 -1316.32112637 -1303.29085164
1287 -1310.54318681 -1317.05835164 -1304.02802197
1288 -1311.28038461 -1317.79557692 -1304.76519230
1289 -1312.01758241 -1318.53280219 -1305.50236263
1290 -1312.75478021 -1319.27002747 -1306.23953296
1291 -1313.49197802 -1320.00725274 -1306.97670329
1292 -1314.22917582 -1320.74447802 -1307.71387362
1293 -1314.96637362 -1321.48170329 -1308.45104395
1294 -1315.70357142 -1322.21892857 -1309.18821428
1295 -1316.44076923 -1322.95615384 -1309.92538461
1296 -1317.17796703 -1323.69337912 -1310.66255494
1297 -1317.91516483 -1324.43060439 -1311.39972527
1298 -1318.65236263 -1325.16782967 -1312.13689560
1299 -1319.38956043 -1325.90505494 -1312.87406593
1300 -1320.12675824 -1326.64228021 -1313.61123626
1301 -1320.86395604 -1327.37950549 -1314.34840659
1302 -1321.60115384 -1328.11673076 -1315.08557692
1303 -1322.33835164 -1328.85395604 -1315.82274725
1304 -1323.07554945 -1329.59118131 -1316.55991758
1305 -1323.81274725 -1330.32840659 -1317.29708791
1306 -1324.54994505 -1331.06563186 -1318.03425824
1307 -1325.28714285 -1331.80285714 -1318.77142857
1308 -1326.02434065 -1332.54008241 -1319.50859890
1309 -1326.76153846 -1333.27730769 -1320.24576923
1310 -1327.49873626 -1334.01453296 -1320.98293956
1311 -1328.23593406 -1334.75175824 -1321.72010989
1312 -1328.97313186 -1335.48898351 -1322.45728021
1313 -1329.71032967 -1336.22620879 -1323.19445054
1314 -1330.44752747 -1336.96343406 -1323.93162087
1315 -1331.18472527 -1337.70065934 -1324.66879120
1316 -1331.92192307 -1338.43788461 -1325.40596153
1317 -1332.65912087 -1339.17510989 -1326.14313186
1318 -1333.39631868 -1339.91233516 -1326.88030219
1319 -1334.13351648 -1340.64956043 -1327.61747252
1320 -1334.87071428 -1341.38678571 -1328.35464285
1321 -1335.60791208 -1342.12401098 -1329.09181318
1322 -1336.34510989 -1342.86123626 -1329.82898351
1323 -1337.08230769 -1343.59846153 -1330.56615384
1324 -1337.81950549 -1344.33568681 -1331.30332417
1325 -1338.55670329 -1345.07291208 -1332.04049450
1326 -1339.29390109 -1345.81013736 -1332.77766483
1327 -1340.03109890 -1346.54736263 -1333.51483516
1328 -1340.76829670 -1347.28458791 -1334.25200549
1329 -1341.50549450 -1348.02181318 -1334.98917582
1330 -1342.24269230 -1348.75903846 -1335.72634615
1331 -1342.97989010 -1349.49626373 -1336.46351648
1332 -1343.71708791 -1350.23348901 -1337.20068681
1333 -1344.45428571 -1350.97071428 -1337.93785714
1334 -1345.19148351 -1351.70793956 -1338.67502747
1335 -1345.92868131 -1352.44516483 -1339.41219780
1336 -1346.66587912 -1353.18239010 -1340.14936813
1337 -1347.40307692 -1353.91961538 -1340.88653846
1338 -1348.14027472 -1354.65684065 -1341.62370879
1339 -1348.87747252 -1355.39406593 -1342.36087912
1340 -1349.61467032 -1356.13129120 -1343.09804945
1341 -1350.35186813 -1356.86851648 -1343.83521978
1342 -1351.08906593 -1357.60574175 -1344.57239010
1343 -1351.82626373 -1358.34296703 -1345.30956043
1344 -1352.56346153 -1359.08019230 -1346.04673076
1345 -1353.30065934 -1359.81741758 -1346.78390109
1346 -1354.03785714 -1360.55464285 -1347.52107142
1347 -1354.77505494 -1361.29186813 -1348.25824175
1348 -1355.51225274 -1362.02909340 -1348.99541208
1349 -1356.24945054 -1362.76631868 -1349.73258241
1350 -1356.98664835 -1363.50354395 -1350.46975274
1351 -1357.72384615 -1364.24076923 -1351.20692307
1352 -1358.46104395 -1364.97799450 -1351.94409340
1353 -1359.19824175 -1365.71521978 -1352.68126373
1354 -1359.93543956 -1366.45244505 -1353.41843406
1355 -1360.67263736 -1367.18967032 -1354.15560439
1356 -1361.40983516 -1367.92689560 -1354.89277472
1357 -1362.14703296 -1368.66412087 -1355.62994505
1358 -1362.88423076 -1369.40134615 -1356.36711538
1359 -1363.62142857 -1370.13857142 -1357.10428571
1360 -1364.35862637 -1370.87579670 -1357.84145604
1361 -1365.09582417 -1371.61302197 -1358.57862637
1362 -1365.83302197 -1372.35024725 -1359.31579670
1363 -1366.57021978 -1373.08747252 -1360.05296703
1364 -1367.30741758 -1373.82469780 -1360.79013736
1365 -1368.04461538 -1374.56192307 -1361.52730769
1366 -1368.78181318 -1375.29914835 -1362.26447802
1367 -1369.51901098 -1376.03637362 -1363.00164835
1368 -1370.25620879 -1376.77359890 -1363.73881868
1369 -1370.99340659 -1377.51082417 -1364.47598901
1370 -1371.73060439 -1378.24804945 -1365.21315934
1371 -1372.46780219 -1378.98527472 -1365.95032967
1372 -1373.20500000 -1379.72250000 -1366.68750000
1373 -1373.94219780 -1380.45972527 -1367.42467032
1374 -1374.67939560 -1381.19695054 -1368.16184065
1375 -1375.41659340 -1381.93417582 -1368.89901098
1376 -1376.15379120 -1382.67140109 -1369.63618131
1377 -1376.89098901 -1383.40862637 -1370.37335164
1378 -1377.62818681 -1384.14585164 -1371.11052197
1379 -1378.36538461 -1384.88307692 -1371.84769230
1380 -1379.10258241 -1385.62030219 -1372.58486263
1381 -1379.83978021 -1386.35752747 -1373.32203296
1382 -1380.57697802 -1387.09475274 -1374.05920329
1383 -1381.31417582 -1387.83197802 -1374.79637362
1384 -1382.05137362 -1388.56920329 -1375.53354395
1385 -1382.78857142 -1389.30642857 -1376.27071428
1386 -1383.52576923 -1390.04365384 -1377.00788461
1387 -1384.26296703 -1390.78087912 -1377.74505494
1388 -1385.00016483 -1391.51810439 -1378.48222527
1389 -1385.73736263 -1392.25532967 -1379.21939560
1390 -1386.47456043 -1392.99255494 -1379.95656593
1391 -1387.21175824 -1393.72978021 -1380.69373626
1392 -1387.94895604 -1394.46700549 -1381.43090659
1393 -1388.68615384 -1395.20423076 -1382.16807692
1394 -1389.42335164 -1395.94145604 -1382.90524725
1395 -1390.16054945 -1396.67868131 -1383.64241758
1396 -1390.89774725 -1397.41590659 -1384.37958791
1397 -1391.63494505 -1398.15313186 -1385.11675824
1398 -1392.37214285 -1398.89035714 -1385.85392857
1399 -1393.10934065 -1399.62758241 -1386.59109890
1400 -1393.84653846 -1400.36480769 -1387.32826923
1401 -1394.58373626 -1401.10203296 -1388.06543956
1402 -1395.32093406 -1401.83925824 -1388.80260989
1403 -1396.05813186 -1402.57648351 -1389.53978021
1404 -1396.79532967 -1403.31370879 -1390.27695054
1405 -1397.53252747 -1404.05093406 -1391.01412087
1406 -1398.26972527 -1404.78815934 -1391.75129120
1407 -1399.00692307 -1405.52538461 -1392.48846153
1408 -1399.74412087 -1406.26260989 -1393.22563186
1409 -1400.48131868 -1406.99983516 -1393.96280219
1410 -1401.21851648 -1407.73706043 -1394.69997252
1411 -1401.95571428 -1408.47428571 -1395.43714285
1412 -1402.69291208 -1409.21151098 -1396.17431318
1413 -1403.43010989 -1409.94873626 -1396.91148351
1414 -1404.16730769 -1410.68596153 -1397.64865384
1415 -1404.90450549 -1411.42318681 -1398.38582417
1416 -1405.64170329 -1412.16041208 -1399.12299450
1417 -1406.37890109 -1412.89763736 -1399.86016483
1418 -1407.11609890 -1413.63486263 -1400.59733516
1419 -1407.85329670 -1414.37208791 -1401.33450549
1420 -1408.59049450 -1415.10931318 -1402.07167582
1421 -1409.32769230 -1415.84653846 -1402.80884615
1422 -1410.06489010 -1416.58376373 -1403.54601648
1423 -1410.80208791 -1417.32098901 -1404.28318681
1424 -1411.53928571 -1418.05821428 -1405.02035714
1425 -1412.27648351 -1418.79543956 -1405.75752747
1426 -1413.01368131 -1419.53266483 -1406.49469780
1427 -1413.75087912 -1420.26989010 -1407.23186813
1428 -1414.48807692 -1421.00711538 -1407.96903846
1429 -1415.22527472 -1421.74434065 -1408.70620879
1430 -1415.96247252 -1422.48156593 -1409.44337912
1431 -1416.69967032 -1423.21879120 -1410.18054945
1432 -1417.43686813 -1423.95601648 -1410.91771978
1433 -1418.17406593 -1424.69324175 -1411.65489010
1434 -1418.91126373 -1425.43046703 -1412.39206043
1435 -1419.64846153 -1426.16769230 -1413.12923076
1436 -1420.38565934 -1426.90491758 -1413.86640109
1437 -1421.12285714 -1427.64214285 -1414.60357142
1438 -1421.86005494 -1428.37936813 -1415.34074175
1439 -1422.59725274 -1429.11659340 -1416.07791208
1440 -1423.33445054 -1429.85381868 -1416.81508241
1441 -1424.07164835 -1430.59104395 -1417.55225274
1442 -1424.80884615 -1431.32826923 -1418.28942307
1443 -1425.54604395 -1432.06549450 -1419.02659340
1444 -1426.28324175 -1432.80271978 -1419.76376373
1445 -1427.02043956 -1433.53994505 -1420.50093406
1446 -1427.75763736 -1434.27717032 -1421.23810439
1447 -1428.49483516 -1435.01439560 -1421.97527472
1448 -1429.23203296 -1435.75162087 -1422.71244505
1449 -1429.96923076 -1436.48884615 -1423.44961538
1450 -1430.70642857 -1437.22607142 -1424.18678571
1451 -1431.44362637 -1437.96329670 -1424.92395604
1452 -1432.18082417 -1438.70052197 -1425.66112637
1453 -1432.91802197 -1439.43774725 -1426.39829670
1454 -1433.65521978 -1440.17497252 -1427.13546703
1455 -1434.39241758 -1440.91219780 -1427.87263736
1456 -1435.12961538 -1441.64942307 -1428.60980769
1457 -1435.86681318 -1442.38664835 -1429.34697802
1458 -1436.60401098 -1443.12387362 -1430.08414835
1459 -1437.34120879 -1443.86109890 -1430.82131868
1460 -1438.07840659 -1444.59832417 -1431.55848901
1461 -1438.81560439 -1445.33554945 -1432.29565934
1462 -1439.55280219 -1446.07277472 -1433.03282967
1463 -1440.29000000 -1446.81000000 -1433.77000000
1464 -1440.96217983 -1447.48749318 -1434.43686648
1465 -1441.63435967 -1448.16498637 -1435.10373297
1466 -1442.30653950 -1448.84247956 -1435.77059945
1467 -1442.97871934 -1449.51997275 -1436.43746594
1468 -1443.65089918 -1450.19746594 -1437.10433242
1469 -1444.32307901 -1450.87495912 -1437.77119891
1470 -1444.99525885 -1451.55245231 -1438.43806539
1471 -1445.66743869 -1452.22994550 -1439.10493188
1472 -1446.33961852 -1452.90743869 -1439.77179836
1473 -1447.01179836 -1453.58493188 -1440.43866485
1474 -1447.68397820 -1454.26242506 -1441.10553133
1475 -1448.35615803 -1454.93991825 -1441.77239782
1476 -1449.02833787 -1455.61741144 -1442.43926430
1477 -1449.70051771 -1456.29490463 -1443.10613079
1478 -1450.37269754 -1456.97239782 -1443.77299727
1479 -1451.04487738 -1457.64989100 -1444.43986376
1480 -1451.71705722 -1458.32738419 -1445.10673024
1481 -1452.38923705 -1459.00487738 -1445.77359673
1482 -1453.06141689 -1459.68237057 -1446.44046321
1483 -1453.73359673 -1460.35986376 -1447.10732970
1484 -1454.40577656 -1461.03735694 -1447.77419618
1485 -1455.07795640 -1461.71485013 -1448.44106267
1486 -1455.75013623 -1462.39234332 -1449.10792915
1487 -1456.42231607 -1463.06983651 -1449.77479564
1488 -1457.09449591 -1463.74732970 -1450.44166212
1489 -1457.76667574 -1464.42482288 -1451.10852861
1490 -1458.43885558 -1465.10231607 -1451.77539509
1491 -1459.11103542 -1465.77980926 -1452.44226158
1492 -1459.78321525 -1466.45730245 -1453.10912806
1493 -1460.45539509 -1467.13479564 -1453.77599455
1494 -1461.12757493 -1467.81228882 -1454.44286103
1495 -1461.79975476 -1468.48978201 -1455.10972752
1496 -1462.47193460 -1469.16727520 -1455.77659400
1497 -1463.14411444 -1469.84476839 -1456.44346049
1498 -1463.81629427 -1470.52226158 -1457.11032697
1499 -1464.48847411 -1471.19975476 -1457.77719346
1500 -1465.16065395 -1471.87724795 -1458.44405994
1501 -1465.83283378 -1472.55474114 -1459.11092643
1502 -1466.50501362 -1473.23223433 -1459.77779291
1503 -1467.17719346 -1473.90972752 -1460.44465940
1504 -1467.84937329 -1474.58722070 -1461.11152588
1505 -1468.52155313 -1475.26471389 -1461.77839237
1506 -1469.19373297 -1475.94220708 -1462.44525885
1507 -1469.86591280 -1476.61970027 -1463.11212534
1508 -1470.53809264 -1477.29719346 -1463.77899182
1509 -1471.21027247 -1477.97468664 -1464.44585831
1510 -1471.88245231 -1478.65217983 -1465.11272479
1511 -1472.55463215 -1479.32967302 -1465.77959128
1512 -1473.22681198 -1480.00716621 -1466.44645776
1513 -1473.89899182 -1480.68465940 -1467.11332425
1514 -1474.57117166 -1481.36215258 -1467.78019073
1515 -1475.24335149 -1482.03964577 -1468.44705722
1516 -1475.91553133 -1482.71713896 -1469.11392370
1517 -1476.58771117 -1483.39463215 -1469.78079019
1518 -1477.25989100 -1484.07212534 -1470.44765667
1519 -1477.93207084 -1484.74961852 -1471.11452316
1520 -1478.60425068 -1485.42711171 -1471.78138964
1521 -1479.27643051 -1486.10460490 -1472.44825613
1522 -1479.94861035 -1486.78209809 -1473.11512261
1523 -1480.62079019 -1487.45959128 -1473.78198910
1524 -1481.29297002 -1488.13708446 -1474.44885558
1525 -1481.96514986 -1488.81457765 -1475.11572207
1526 -1482.63732970 -1489.49207084 -1475.78258855
1527 -1483.30950953 -1490.16956403 -1476.44945504
1528 -1483.98168937 -1490.84705722 -1477.11632152
1529 -1484.65386920 -1491.52455040 -1477.78318801
1530 -1485.32604904 -1492.20204359 -1478.45005449
1531 -1485.99822888 -1492.87953678 -1479.11692098
1532 -1486.67040871 -1493.55702997 -1479.78378746
1533 -1487.34258855 -1494.23452316 -1480.45065395
1534 -1488.01476839 -1494.91201634 -1481.11752043
1535 -1488.68694822 -1495.58950953 -1481.78438692
1536 -1489.35912806 -1496.26700272 -1482.45125340
1537 -1490.03130790 -1496.94449591 -1483.11811989
1538 -1490.70348773 -1497.62198910 -1483.78498637
1539 -1491.37566757 -1498.29948228 -1484.45185286
1540 -1492.04784741 -1498.97697547 -1485.11871934
1541 -1492.72002724 -1499.65446866 -1485.78558583
1542 -1493.39220708 -1500.33196185 -1486.45245231
1543 -1494.06438692 -1501.00945504 -1487.11931880
1544 -1494.73656675 -1501.68694822 -1487.78618528
1545 -1495.40874659 -1502.36444141 -1488.45305177
1546 -1496.08092643 -1503.04193460 -1489.11991825
1547 -1496.75310626 -1503.71942779 -1489.78678474
1548 -1497.42528610 -1504.39692098 -1490.45365122
1549 -1498.09746594 -1505.07441416 -1491.12051771
1550 -1498.76964577 -1505.75190735 -1491.78738419
1551 -1499.44182561 -1506.42940054 -1492.45425068
1552 -1500.11400544 -1507.10689373 -1493.12111716
1553 -1500.78618528 -1507.78438692 -1493.78798365
1554 -1501.45836512 -1508.46188010 -1494.45485013
1555 -1502.13054495 -1509.13937329 -1495.12171662
1556 -1502.80272479 -1509.81686648 -1495.78858310
1557 -1503.47490463 -1510.49435967 -1496.45544959
1558 -1504.14708446 -1511.17185286 -1497.12231607
1559 -1504.81926430 -1511.84934604 -1497.78918256
1560 -1505.49144414 -1512.52683923 -1498.45604904
1561 -1506.16362397 -1513.20433242 -1499.12291553
1562 -1506.83580381 -1513.88182561 -1499.78978201
1563 -1507.50798365 -1514.55931880 -1500.45664850
1564 -1508.18016348 -1515.23681198 -1501.12351498
1565 -1508.85234332 -1515.91430517 -1501.79038147
1566 -1509.52452316 -1516.59179836 -1502.45724795
1567 -1510.19670299 -1517.26929155 -1503.12411444
1568 -1510.86888283 -1517.94678474 -1503.79098092
1569 -1511.54106267 -1518.62427792 -1504.45784741
1570 -1512.21324250 -1519.30177111 -1505.12471389
1571 -1512.88542234 -1519.97926430 -1505.79158038
1572 -1513.55760217 -1520.65675749 -1506.45844686
1573 -1514.22978201 -1521.33425068 -1507.12531335
1574 -1514.90196185 -1522.01174386 -1507.79217983
1575 -1515.57414168 -1522.68923705 -1508.45904632
1576 -1516.24632152 -1523.36673024 -1509.12591280
1577 -1516.91850136 -1524.04422343 -1509.79277929
1578 -1517.59068119 -1524.72171662 -1510.45964577
1579 -1518.26286103 -1525.39920980 -1511.12651226
1580 -1518.93504087 -1526.07670299 -1511.79337874
1581 -1519.60722070 -1526.75419618 -1512.46024523
1582 -1520.27940054 -1527.43168937 -1513.12711171
1583 -1520.95158038 -1528.10918256 -1513.79397820
1584 -1521.62376021 -1528.78667574 -1514.46084468
1585 -1522.29594005 -1529.46416893 -1515.12771117
1586 -1522.96811989 -1530.14166212 -1515.79457765
1587 -1523.64029972 -1530.81915531 -1516.46144414
1588 -1524.31247956 -1531.49664850 -1517.12831062
1589 -1524.98465940 -1532.17414168 -1517.79517711
1590 -1525.65683923 -1532.85163487 -1518.46204359
1591 -1526.32901907 -1533.52912806 -1519.12891008
1592 -1527.00119891 -1534.20662125 -1519.79577656
1593 -1527.67337874 -1534.88411444 -1520.46264305
1594 -1528.34555858 -1535.56160762 -1521.12950953
1595 -1529.01773841 -1536.23910081 -1521.79637602
1596 -1529.68991825 -1536.91659400 -1522.46324250
1597 -1530.36209809 -1537.59408719 -1523.13010899
1598 -1531.03427792 -1538.27158038 -1523.79697547
1599 -1531.70645776 -1538.94907356 -1524.46384196
1600 -1532.37863760 -1539.62656675 -1525.13070844
1601 -1533.05081743 -1540.30405994 -1525.79757493
1602 -1533.72299727 -1540.98155313 -1526.46444141
1603 -1534.39517711 -1541.65904632 -1527.13130790
1604 -1535.06735694 -1542.33653950 -1527.79817438
1605 -1535.73953678 -1543.01403269 -1528.46504087
1606 -1536.41171662 -1543.69152588 -1529.13190735
1607 -1537.08389645 -1544.36901907 -1529.79877384
1608 -1537.75607629 -1545.04651226 -1530.46564032
1609 -1538.42825613 -1545.72400544 -1531.13250681
1610 -1539.10043596 -1546.40149863 -1531.79937329
1611 -1539.77261580 -1547.07899182 -1532.46623978
1612 -1540.44479564 -1547.75648501 -1533.13310626
1613 -1541.11697547 -1548.43397820 -1533.79997275
1614 -1541.78915531 -1549.11147138 -1534.46683923
1615 -1542.46133514 -1549.78896457 -1535.13370572
1616 -1543.13351498 -1550.46645776 -1535.80057220
1617 -1543.80569482 -1551.14395095 -1536.46743869
1618 -1544.47787465 -1551.82144414 -1537.13430517
1619 -1545.15005449 -1552.49893732 -1537.80117166
1620 -1545.82223433 -1553.17643051 -1538.46803814
1621 -1546.49441416 -1553.85392370 -1539.13490463
1622 -1547.16659400 -1554.53141689 -1539.80177111
1623 -1547.83877384 -1555.20891008 -1540.46863760
1624 -1548.51095367 -1555.88640326 -1541.13550408
1625 -1549.18313351 -1556.56389645 -1541.80237057
1626 -1549.85531335 -1557.24138964 -1542.46923705
1627 -1550.52749318 -1557.91888283 -1543.13610354
1628 -1551.19967302 -1558.59637602 -1543.80297002
1629 -1551.87185286 -1559.27386920 -1544.46983651
1630 -1552.54403269 -1559.95136239 -1545.13670299
1631 -1553.21621253 -1560.62885558 -1545.80356948
1632 -1553.88839237 -1561.30634877 -1546.47043596
1633 -1554.56057220 -1561.98384196 -1547.13730245
1634 -1555.23275204 -1562.66133514 -1547.80416893
1635 -1555.90493188 -1563.33882833 -1548.47103542
1636 -1556.57711171 -1564.01632152 -1549.13790190
1637 -1557.24929155 -1564.69381471 -1549.80476839
1638 -1557.92147138 -1565.37130790 -1550.47163487
1639 -1558.59365122 -1566.04880108 -1551.13850136
1640 -1559.26583106 -1566.72629427 -1551.80536784
1641 -1559.93801089 -1567.40378746 -1552.47223433
1642 -1560.61019073 -1568.08128065 -1553.13910081
1643 -1561.28237057 -1568.75877384 -1553.80596730
1644 -1561.95455040 -1569.43626703 -1554.47283378
1645 -1562.62673024 -1570.11376021 -1555.13970027
1646 -1563.29891008 -1570.79125340 -1555.80656675
1647 -1563.97108991 -1571.46874659 -1556.47343324
1648 -1564.64326975 -1572.14623978 -1557.14029972
1649 -1565.31544959 -1572.82373297 -1557.80716621
1650 -1565.98762942 -1573.50122615 -1558.47403269
1651 -1566.65980926 -1574.17871934 -1559.14089918
1652 -1567.33198910 -1574.85621253 -1559.80776566
1653 -1568.00416893 -1575.53370572 -1560.47463215
1654 -1568.67634877 -1576.21119891 -1561.14149863
1655 -1569.34852861 -1576.88869209 -1561.80836512
1656 -1570.02070844 -1577.56618528 -1562.47523160
1657 -1570.69288828 -1578.24367847 -1563.14209809
1658 -1571.36506811 -1578.92117166 -1563.80896457
1659 -1572.03724795 -1579.59866485 -1564.47583106
1660 -1572.70942779 -1580.27615803 -1565.14269754
1661 -1573.38160762 -1580.95365122 -1565.80956403
1662 -1574.05378746 -1581.63114441 -1566.47643051
1663 -1574.72596730 -1582.30863760 -1567.14329700
1664 -1575.39814713 -1582.98613079 -1567.81016348
1665 -1576.07032697 -1583.66362397 -1568.47702997
1666 -1576.74250681 -1584.34111716 -1569.14389645
1667 -1577.41468664 -1585.01861035 -1569.81076294
1668 -1578.08686648 -1585.69610354 -1570.47762942
1669 -1578.75904632 -1586.37359673 -1571.14449591
1670 -1579.43122615 -1587.05108991 -1571.81136239
1671 -1580.10340599 -1587.72858310 -1572.47822888
1672 -1580.77558583 -1588.40607629 -1573.14509536
1673 -1581.44776566 -1589.08356948 -1573.81196185
1674 -1582.11994550 -1589.76106267 -1574.47882833
1675 -1582.79212534 -1590.43855585 -1575.14569482
1676 -1583.46430517 -1591.11604904 -1575.81256130
1677 -1584.13648501 -1591.79354223 -1576.47942779
1678 -1584.80866485 -1592.47103542 -1577.14629427
1679 -1585.48084468 -1593.14852861 -1577.81316076
1680 -1586.15302452 -1593.82602179 -1578.48002724
1681 -1586.82520435 -1594.50351498 -1579.14689373
1682 -1587.49738419 -1595.18100817 -1579.81376021
1683 -1588.16956403 -1595.85850136 -1580.48062670
1684 -1588.84174386 -1596.53599455 -1581.14749318
1685 -1589.51392370 -1597.21348773 -1581.81435967
1686 -1590.18610354 -1597.89098092 -1582.48122615
1687 -1590.85828337 -1598.56847411 -1583.14809264
1688 -1591.53046321 -1599.24596730 -1583.81495912
1689 -1592.20264305 -1599.92346049 -1584.48182561
1690 -1592.87482288 -1600.60095367 -1585.14869209
1691 -1593.54700272 -1601.27844686 -1585.81555858
1692 -1594.21918256 -1601.95594005 -1586.48242506
1693 -1594.89136239 -1602.63343324 -1587.14929155
1694 -1595.56354223 -1603.31092643 -1587.81615803
1695 -1596.23572207 -1603.98841961 -1588.48302452
1696 -1596.90790190 -1604.66591280 -1589.14989100
1697 -1597.58008174 -1605.34340599 -1589.81675749
1698 -1598.25226158 -1606.02089918 -1590.48362397
1699 -1598.92444141 -1606.69839237 -1591.15049046
1700 -1599.59662125 -1607.37588555 -1591.81735694
1701 -1600.26880108 -1608.05337874 -1592.48422343
1702 -1600.94098092 -1608.73087193 -1593.15108991
1703 -1601.61316076 -1609.40836512 -1593.81795640
1704 -1602.28534059 -1610.08585831 -1594.48482288
1705 -1602.95752043 -1610.76335149 -1595.15168937
1706 -1603.62970027 -1611.44084468 -1595.81855585
1707 -1604.30188010 -1612.11833787 -1596.48542234
1708 -1604.97405994 -1612.79583106 -1597.15228882
1709 -1605.64623978 -1613.47332425 -1597.81915531
1710 -1606.31841961 -1614.15081743 -1598.48602179
1711 -1606.99059945 -1614.82831062 -1599.15288828
1712 -1607.66277929 -1615.50580381 -1599.81975476
1713 -1608.33495912 -1616.18329700 -1600.48662125
1714 -1609.00713896 -1616.86079019 -1601.15348773
1715 -1609.67931880 -1617.53828337 -1601.82035422
1716 -1610.35149863 -1618.21577656 -1602.48722070
1717 -1611.02367847 -1618.89326975 -1603.15408719
1718 -1611.69585831 -1619.57076294 -1603.82095367
1719 -1612.36803814 -1620.24825613 -1604.48782016
1720 -1613.04021798 -1620.92574931 -1605.15468664
1721 -1613.71239782 -1621.60324250 -1605.82155313
1722 -1614.38457765 -1622.28073569 -1606.48841961
1723 -1615.05675749 -1622.95822888 -1607.15528610
1724 -1615.72893732 -1623.63572207 -1607.82215258
1725 -1616.40111716 -1624.31321525 -1608.48901907
1726 -1617.07329700 -1624.99070844 -1609.15588555
1727 -1617.74547683 -1625.66820163 -1609.82275204
1728 -1618.41765667 -1626.34569482 -1610.48961852
1729 -1619.08983651 -1627.02318801 -1611.15648501
1730 -1619.76201634 -1627.70068119 -1611.82335149
1731 -1620.43419618 -1628.37817438 -1612.49021798
1732 -1621.10637602 -1629.05566757 -1613.15708446
1733 -1621.77855585 -1629.73316076 -1613.82395095
1734 -1622.45073569 -1630.41065395 -1614.49081743
1735 -1623.12291553 -1631.08814713 -1615.15768392
1736 -1623.79509536 -1631.76564032 -1615.82455040
1737 -1624.46727520 -1632.44313351 -1616.49141689
1738 -1625.13945504 -1633.12062670 -1617.15828337
1739 -1625.81163487 -1633.79811989 -1617.82514986
1740 -1626.48381471 -1634.47561307 -1618.49201634
1741 -1627.15599455 -1635.15310626 -1619.15888283
1742 -1627.82817438 -1635.83059945 -1619.82574931
1743 -1628.50035422 -1636.50809264 -1620.49261580
1744 -1629.17253405 -1637.18558583 -1621.15948228
1745 -1629.84471389 -1637.86307901 -1621.82634877
1746 -1630.51689373 -1638.54057220 -1622.49321525
1747 -1631.18907356 -1639.21806539 -1623.16008174
1748 -1631.86125340 -1639.89555858 -1623.82694822
1749 -1632.53343324 -1640.57305177 -1624.49381471
1750 -1633.20561307 -1641.25054495 -1625.16068119
1751 -1633.87779291 -1641.92803814 -1625.82754768
1752 -1634.54997275 -1642.60553133 -1626.49441416
1753 -1635.22215258 -1643.28302452 -1627.16128065
1754 -1635.89433242 -1643.96051771 -1627.82814713
1755 -1636.56651226 -1644.63801089 -1628.49501362
1756 -1637.23869209 -1645.31550408 -1629.16188010
1757 -1637.91087193 -1645.99299727 -1629.82874659
1758 -1638.58305177 -1646.67049046 -1630.49561307
1759 -1639.25523160 -1647.34798365 -1631.16247956
1760 -1639.92741144 -1648.02547683 -1631.82934604
1761 -1640.59959128 -1648.70297002 -1632.49621253
1762 -1641.27177111 -1649.38046321 -1633.16307901
1763 -1641.94395095 -1650.05795640 -1633.82994550
1764 -1642.61613079 -1650.73544959 -1634.49681198
1765 -1643.28831062 -1651.41294277 -1635.16367847
1766 -1643.96049046 -1652.09043596 -1635.83054495
1767 -1644.63267029 -1652.76792915 -1636.49741144
1768 -1645.30485013 -1653.44542234 -1637.16427792
1769 -1645.97702997 -1654.12291553 -1637.83114441
1770 -1646.64920980 -1654.80040871 -1638.49801089
1771 -1647.32138964 -1655.47790190 -1639.16487738
1772 -1647.99356948 -1656.15539509 -1639.83174386
1773 -1648.66574931 -1656.83288828 -1640.49861035
1774 -1649.33792915 -1657.51038147 -1641.16547683
1775 -1650.01010899 -1658.18787465 -1641.83234332
1776 -1650.68228882 -1658.86536784 -1642.49920980
1777 -1651.35446866 -1659.54286103 -1643.16607629
1778 -1652.02664850 -1660.22035422 -1643.83294277
1779 -1652.69882833 -1660.89784741 -1644.49980926
1780 -1653.37100817 -1661.57534059 -1645.16667574
1781 -1654.04318801 -1662.25283378 -1645.83354223
1782 -1654.71536784 -1662.93032697 -1646.50040871
1783 -1655.38754768 -1663.60782016 -1647.16727520
1784 -1656.05972752 -1664.28531335 -1647.83414168
1785 -1656.73190735 -1664.96280653 -1648.50100817
1786 -1657.40408719 -1665.64029972 -1649.16787465
1787 -1658.07626703 -1666.31779291 -1649.83474114
1788 -1658.74844686 -1666.99528610 -1650.50160762
1789 -1659.42062670 -1667.67277929 -1651.16847411
1790 -1660.09280653 -1668.35027247 -1651.83534059
1791 -1660.76498637 -1669.02776566 -1652.50220708
1792 -1661.43716621 -1669.70525885 -1653.16907356
1793 -1662.10934604 -1670.38275204 -1653.83594005
1794 -1662.78152588 -1671.06024523 -1654.50280653
1795 -1663.45370572 -1671.73773841 -1655.16967302
1796 -1664.12588555 -1672.41523160 -1655.83653950
1797 -1664.79806539 -1673.09272479 -1656.50340599
1798 -1665.47024523 -1673.77021798 -1657.17027247
1799 -1666.14242506 -1674.44771117 -1657.83713896
1800 -1666.81460490 -1675.12520435 -1658.50400544
1801 -1667.48678474 -1675.80269754 -1659.17087193
1802 -1668.15896457 -1676.48019073 -1659.83773841
1803 -1668.83114441 -1677.15768392 -1660.50460490
1804 -1669.50332425 -1677.83517711 -1661.17147138
1805 -1670.17550408 -1678.51267029 -1661.83833787
1806 -1670.84768392 -1679.19016348 -1662.50520435
1807 -1671.51986376 -1679.86765667 -1663.17207084
1808 -1672.19204359 -1680.54514986 -1663.83893732
1809 -1672.86422343 -1681.22264305 -1664.50580381
1810 -1673.53640326 -1681.90013623 -1665.17267029
1811 -1674.20858310 -1682.57762942 -1665.83953678
1812 -1674.88076294 -1683.25512261 -1666.50640326
1813 -1675.55294277 -1683.93261580 -1667.17326975
1814 -1676.22512261 -1684.61010899 -1667.84013623
1815 -1676.89730245 -1685.28760217 -1668.50700272
1816 -1677.56948228 -1685.96509536 -1669.17386920
1817 -1678.24166212 -1686.64258855 -1669.84073569
1818 -1678.91384196 -1687.32008174 -1670.50760217
1819 -1679.58602179 -1687.99757493 -1671.17446866
1820 -1680.25820163 -1688.67506811 -1671.84133514
1821 -1680.93038147 -1689.35256130 -1672.50820163
1822 -1681.60256130 -1690.03005449 -1673.17506811
1823 -1682.27474114 -1690.70754768 -1673.84193460
1824 -1682.94692098 -1691.38504087 -1674.50880108
1825 -1683.61910081 -1692.06253405 -1675.17566757
1826 -1684.29128065 -1692.74002724 -1675.84253405
1827 -1684.96346049 -1693.41752043 -1676.50940054
1828 -1685.63564032 -1694.09501362 -1677.17626703
1829 -1686.30782016 -1694.77250681 -1677.84313351
1830 -1686.98000000 -1695.45000000 -1678.51000000
