1 -0.76533333 -0.87933333 -0.65133333
2 -0.38266666 -0.43966666 -0.32566666
3 0.00000000 0.00000000 0.00000000
4 -0.58350000 -0.61900000 -0.54800000
5 -1.19708333 -1.23750000 -1.15666666
6 -1.81066666 -1.85600000 -1.76533333
7 -2.42425000 -2.47450000 -2.37400000
8 -3.03783333 -3.09300000 -2.98266666
9 -3.65141666 -3.71150000 -3.59133333
10 -4.26500000 -4.33000000 -4.20000000
11 -4.86357142 -4.93571428 -4.79142857
12 -5.46214285 -5.54142857 -5.38285714
13 -6.06071428 -6.14714285 -5.97428571
14 -6.65928571 -6.75285714 -6.56571428
15 -7.25785714 -7.35857142 -7.15714285
16 -7.85642857 -7.96428571 -7.74857142
17 -8.45500000 -8.57000000 -8.34000000
18 -9.05714285 -9.17000000 -8.94428571
19 -9.65928571 -9.77000000 -9.54857142
20 -10.26142857 -10.37000000 -10.15285714
21 -10.86357142 -10.97000000 -10.75714285
22 -11.46571428 -11.57000000 -11.36142857
23 -12.06785714 -12.17000000 -11.96571428
24 -12.67000000 -12.77000000 -12.57000000
25 -13.27500000 -13.37555555 -13.17444444
26 -13.88000000 -13.98111111 -13.77888888
27 -14.48500000 -14.58666666 -14.38333333
28 -15.09000000 -15.19222222 -14.98777777
29 -15.69500000 -15.79777777 -15.59222222
30 -16.30000000 -16.40333333 -16.19666666
31 -16.90500000 -17.00888888 -16.80111111
32 -17.51000000 -17.61444444 -17.40555555
33 -18.11500000 -18.22000000 -18.01000000
34 -18.74530303 -18.85333333 -18.63727272
35 -19.37560606 -19.48666666 -19.26454545
36 -20.00590909 -20.12000000 -19.89181818
37 -20.63621212 -20.75333333 -20.51909090
38 -21.26651515 -21.38666666 -21.14636363
39 -21.89681818 -22.02000000 -21.77363636
40 -22.52712121 -22.65333333 -22.40090909
41 -23.15742424 -23.28666666 -23.02818181
42 -23.78772727 -23.92000000 -23.65545454
43 -24.41803030 -24.55333333 -24.28272727
44 -25.04833333 -25.18666666 -24.91000000
45 -25.67863636 -25.82000000 -25.53727272
46 -26.30893939 -26.45333333 -26.16454545
47 -26.93924242 -27.08666666 -26.79181818
48 -27.56954545 -27.72000000 -27.41909090
49 -28.19984848 -28.35333333 -28.04636363
50 -28.83015151 -28.98666666 -28.67363636
51 -29.46045454 -29.62000000 -29.30090909
52 -30.09075757 -30.25333333 -29.92818181
53 -30.72106060 -30.88666666 -30.55545454
54 -31.35136363 -31.52000000 -31.18272727
55 -31.98166666 -32.15333333 -31.81000000
56 -32.61196969 -32.78666666 -32.43727272
57 -33.24227272 -33.42000000 -33.06454545
58 -33.87257575 -34.05333333 -33.69181818
59 -34.50287878 -34.68666666 -34.31909090
60 -35.13318181 -35.32000000 -34.94636363
61 -35.76348484 -35.95333333 -35.57363636
62 -36.39378787 -36.58666666 -36.20090909
63 -37.02409090 -37.22000000 -36.82818181
64 -37.65439393 -37.85333333 -37.45545454
65 -38.28469696 -38.48666666 -38.08272727
66 -38.91500000 -39.12000000 -38.71000000
67 -39.54948275 -39.75620689 -39.34275862
68 -40.18396551 -40.39241379 -39.97551724
69 -40.81844827 -41.02862068 -40.60827586
70 -41.45293103 -41.66482758 -41.24103448
71 -42.08741379 -42.30103448 -41.87379310
72 -42.72189655 -42.93724137 -42.50655172
73 -43.35637931 -43.57344827 -43.13931034
74 -43.99086206 -44.20965517 -43.77206896
75 -44.62534482 -44.84586206 -44.40482758
76 -45.25982758 -45.48206896 -45.03758620
77 -45.89431034 -46.11827586 -45.67034482
78 -46.52879310 -46.75448275 -46.30310344
79 -47.16327586 -47.39068965 -46.93586206
80 -47.79775862 -48.02689655 -47.56862068
81 -48.43224137 -48.66310344 -48.20137931
82 -49.06672413 -49.29931034 -48.83413793
83 -49.70120689 -49.93551724 -49.46689655
84 -50.33568965 -50.57172413 -50.09965517
85 -50.97017241 -51.20793103 -50.73241379
86 -51.60465517 -51.84413793 -51.36517241
87 -52.23913793 -52.48034482 -51.99793103
88 -52.87362068 -53.11655172 -52.63068965
89 -53.50810344 -53.75275862 -53.26344827
90 -54.14258620 -54.38896551 -53.89620689
91 -54.77706896 -55.02517241 -54.52896551
92 -55.41155172 -55.66137931 -55.16172413
93 -56.04603448 -56.29758620 -55.79448275
94 -56.68051724 -56.93379310 -56.42724137
95 -57.31500000 -57.57000000 -57.06000000
96 -57.97583333 -58.23533333 -57.71633333
97 -58.63666666 -58.90066666 -58.37266666
98 -59.29750000 -59.56600000 -59.02900000
99 -59.95833333 -60.23133333 -59.68533333
100 -60.61916666 -60.89666666 -60.34166666
101 -61.28000000 -61.56200000 -60.99800000
102 -61.94083333 -62.22733333 -61.65433333
103 -62.60166666 -62.89266666 -62.31066666
104 -63.26250000 -63.55800000 -62.96700000
105 -63.92333333 -64.22333333 -63.62333333
106 -64.58416666 -64.88866666 -64.27966666
107 -65.24500000 -65.55400000 -64.93600000
108 -65.90583333 -66.21933333 -65.59233333
109 -66.56666666 -66.88466666 -66.24866666
110 -67.22750000 -67.55000000 -66.90500000
111 -67.88833333 -68.21533333 -67.56133333
112 -68.54916666 -68.88066666 -68.21766666
113 -69.21000000 -69.54600000 -68.87400000
114 -69.87083333 -70.21133333 -69.53033333
115 -70.53166666 -70.87666666 -70.18666666
116 -71.19250000 -71.54200000 -70.84300000
117 -71.85333333 -72.20733333 -71.49933333
118 -72.51416666 -72.87266666 -72.15566666
119 -73.17500000 -73.53800000 -72.81200000
120 -73.83583333 -74.20333333 -73.46833333
121 -74.49666666 -74.86866666 -74.12466666
122 -75.15750000 -75.53400000 -74.78100000
123 -75.81833333 -76.19933333 -75.43733333
124 -76.47916666 -76.86466666 -76.09366666
125 -77.14000000 -77.53000000 -76.75000000
126 -77.79593750 -78.19093750 -77.40093750
127 -78.45187500 -78.85187500 -78.05187500
128 -79.10781250 -79.51281250 -78.70281250
129 -79.76375000 -80.17375000 -79.35375000
130 -80.41968750 -80.83468750 -80.00468750
131 -81.07562500 -81.49562500 -80.65562500
132 -81.73156250 -82.15656250 -81.30656250
133 -82.38750000 -82.81750000 -81.95750000
134 -83.04343750 -83.47843750 -82.60843750
135 -83.69937500 -84.13937500 -83.25937500
136 -84.35531250 -84.80031250 -83.91031250
137 -85.01125000 -85.46125000 -84.56125000
138 -85.66718750 -86.12218750 -85.21218750
139 -86.32312500 -86.78312500 -85.86312500
140 -86.97906250 -87.44406250 -86.51406250
141 -87.63500000 -88.10500000 -87.16500000
142 -88.29093750 -88.76593750 -87.81593750
143 -88.94687500 -89.42687500 -88.46687500
144 -89.60281250 -90.08781250 -89.11781250
145 -90.25875000 -90.74875000 -89.76875000
146 -90.91468750 -91.40968750 -90.41968750
147 -91.57062500 -92.07062500 -91.07062500
148 -92.22656250 -92.73156250 -91.72156250
149 -92.88250000 -93.39250000 -92.37250000
150 -93.53843750 -94.05343750 -93.02343750
151 -94.19437500 -94.71437500 -93.67437500
152 -94.85031250 -95.37531250 -94.32531250
153 -95.50625000 -96.03625000 -94.97625000
154 -96.16218750 -96.69718750 -95.62718750
155 -96.81812500 -97.35812500 -96.27812500
156 -97.47406250 -98.01906250 -96.92906250
157 -98.13000000 -98.68000000 -97.58000000
158 -98.77224137 -99.32827586 -98.21620689
159 -99.41448275 -99.97655172 -98.85241379
160 -100.05672413 -100.62482758 -99.48862068
161 -100.69896551 -101.27310344 -100.12482758
162 -101.34120689 -101.92137931 -100.76103448
163 -101.98344827 -102.56965517 -101.39724137
164 -102.62568965 -103.21793103 -102.03344827
165 -103.26793103 -103.86620689 -102.66965517
166 -103.91017241 -104.51448275 -103.30586206
167 -104.55241379 -105.16275862 -103.94206896
168 -105.19465517 -105.81103448 -104.57827586
169 -105.83689655 -106.45931034 -105.21448275
170 -106.47913793 -107.10758620 -105.85068965
171 -107.12137931 -107.75586206 -106.48689655
172 -107.76362068 -108.40413793 -107.12310344
173 -108.40586206 -109.05241379 -107.75931034
174 -109.04810344 -109.70068965 -108.39551724
175 -109.69034482 -110.34896551 -109.03172413
176 -110.33258620 -110.99724137 -109.66793103
177 -110.97482758 -111.64551724 -110.30413793
178 -111.61706896 -112.29379310 -110.94034482
179 -112.25931034 -112.94206896 -111.57655172
180 -112.90155172 -113.59034482 -112.21275862
181 -113.54379310 -114.23862068 -112.84896551
182 -114.18603448 -114.88689655 -113.48517241
183 -114.82827586 -115.53517241 -114.12137931
184 -115.47051724 -116.18344827 -114.75758620
185 -116.11275862 -116.83172413 -115.39379310
186 -116.75500000 -117.48000000 -116.03000000
187 -117.42532258 -118.16032258 -116.69032258
188 -118.09564516 -118.84064516 -117.35064516
189 -118.76596774 -119.52096774 -118.01096774
190 -119.43629032 -120.20129032 -118.67129032
191 -120.10661290 -120.88161290 -119.33161290
192 -120.77693548 -121.56193548 -119.99193548
193 -121.44725806 -122.24225806 -120.65225806
194 -122.11758064 -122.92258064 -121.31258064
195 -122.78790322 -123.60290322 -121.97290322
196 -123.45822580 -124.28322580 -122.63322580
197 -124.12854838 -124.96354838 -123.29354838
198 -124.79887096 -125.64387096 -123.95387096
199 -125.46919354 -126.32419354 -124.61419354
200 -126.13951612 -127.00451612 -125.27451612
201 -126.80983870 -127.68483870 -125.93483870
202 -127.48016129 -128.36516129 -126.59516129
203 -128.15048387 -129.04548387 -127.25548387
204 -128.82080645 -129.72580645 -127.91580645
205 -129.49112903 -130.40612903 -128.57612903
206 -130.16145161 -131.08645161 -129.23645161
207 -130.83177419 -131.76677419 -129.89677419
208 -131.50209677 -132.44709677 -130.55709677
209 -132.17241935 -133.12741935 -131.21741935
210 -132.84274193 -133.80774193 -131.87774193
211 -133.51306451 -134.48806451 -132.53806451
212 -134.18338709 -135.16838709 -133.19838709
213 -134.85370967 -135.84870967 -133.85870967
214 -135.52403225 -136.52903225 -134.51903225
215 -136.19435483 -137.20935483 -135.17935483
216 -136.86467741 -137.88967741 -135.83967741
217 -137.53500000 -138.57000000 -136.50000000
218 -138.15196428 -139.18928571 -137.11464285
219 -138.76892857 -139.80857142 -137.72928571
220 -139.38589285 -140.42785714 -138.34392857
221 -140.00285714 -141.04714285 -138.95857142
222 -140.61982142 -141.66642857 -139.57321428
223 -141.23678571 -142.28571428 -140.18785714
224 -141.85375000 -142.90500000 -140.80250000
225 -142.47071428 -143.52428571 -141.41714285
226 -143.08767857 -144.14357142 -142.03178571
227 -143.70464285 -144.76285714 -142.64642857
228 -144.32160714 -145.38214285 -143.26107142
229 -144.93857142 -146.00142857 -143.87571428
230 -145.55553571 -146.62071428 -144.49035714
231 -146.17250000 -147.24000000 -145.10500000
232 -146.78946428 -147.85928571 -145.71964285
233 -147.40642857 -148.47857142 -146.33428571
234 -148.02339285 -149.09785714 -146.94892857
235 -148.64035714 -149.71714285 -147.56357142
236 -149.25732142 -150.33642857 -148.17821428
237 -149.87428571 -150.95571428 -148.79285714
238 -150.49125000 -151.57500000 -149.40750000
239 -151.10821428 -152.19428571 -150.02214285
240 -151.72517857 -152.81357142 -150.63678571
241 -152.34214285 -153.43285714 -151.25142857
242 -152.95910714 -154.05214285 -151.86607142
243 -153.57607142 -154.67142857 -152.48071428
244 -154.19303571 -155.29071428 -153.09535714
245 -154.81000000 -155.91000000 -153.71000000
246 -155.43451612 -156.54161290 -154.32741935
247 -156.05903225 -157.17322580 -154.94483870
248 -156.68354838 -157.80483870 -155.56225806
249 -157.30806451 -158.43645161 -156.17967741
250 -157.93258064 -159.06806451 -156.79709677
251 -158.55709677 -159.69967741 -157.41451612
252 -159.18161290 -160.33129032 -158.03193548
253 -159.80612903 -160.96290322 -158.64935483
254 -160.43064516 -161.59451612 -159.26677419
255 -161.05516129 -162.22612903 -159.88419354
256 -161.67967741 -162.85774193 -160.50161290
257 -162.30419354 -163.48935483 -161.11903225
258 -162.92870967 -164.12096774 -161.73645161
259 -163.55322580 -164.75258064 -162.35387096
260 -164.17774193 -165.38419354 -162.97129032
261 -164.80225806 -166.01580645 -163.58870967
262 -165.42677419 -166.64741935 -164.20612903
263 -166.05129032 -167.27903225 -164.82354838
264 -166.67580645 -167.91064516 -165.44096774
265 -167.30032258 -168.54225806 -166.05838709
266 -167.92483870 -169.17387096 -166.67580645
267 -168.54935483 -169.80548387 -167.29322580
268 -169.17387096 -170.43709677 -167.91064516
269 -169.79838709 -171.06870967 -168.52806451
270 -170.42290322 -171.70032258 -169.14548387
271 -171.04741935 -172.33193548 -169.76290322
272 -171.67193548 -172.96354838 -170.38032258
273 -172.29645161 -173.59516129 -170.99774193
274 -172.92096774 -174.22677419 -171.61516129
275 -173.54548387 -174.85838709 -172.23258064
276 -174.17000000 -175.49000000 -172.85000000
277 -174.76967741 -176.10387096 -173.43548387
278 -175.36935483 -176.71774193 -174.02096774
279 -175.96903225 -177.33161290 -174.60645161
280 -176.56870967 -177.94548387 -175.19193548
281 -177.16838709 -178.55935483 -175.77741935
282 -177.76806451 -179.17322580 -176.36290322
283 -178.36774193 -179.78709677 -176.94838709
284 -178.96741935 -180.40096774 -177.53387096
285 -179.56709677 -181.01483870 -178.11935483
286 -180.16677419 -181.62870967 -178.70483870
287 -180.76645161 -182.24258064 -179.29032258
288 -181.36612903 -182.85645161 -179.87580645
289 -181.96580645 -183.47032258 -180.46129032
290 -182.56548387 -184.08419354 -181.04677419
291 -183.16516129 -184.69806451 -181.63225806
292 -183.76483870 -185.31193548 -182.21774193
293 -184.36451612 -185.92580645 -182.80322580
294 -184.96419354 -186.53967741 -183.38870967
295 -185.56387096 -187.15354838 -183.97419354
296 -186.16354838 -187.76741935 -184.55967741
297 -186.76322580 -188.38129032 -185.14516129
298 -187.36290322 -188.99516129 -185.73064516
299 -187.96258064 -189.60903225 -186.31612903
300 -188.56225806 -190.22290322 -186.90161290
301 -189.16193548 -190.83677419 -187.48709677
302 -189.76161290 -191.45064516 -188.07258064
303 -190.36129032 -192.06451612 -188.65806451
304 -190.96096774 -192.67838709 -189.24354838
305 -191.56064516 -193.29225806 -189.82903225
306 -192.16032258 -193.90612903 -190.41451612
307 -192.76000000 -194.52000000 -191.00000000
308 -193.35396551 -195.13448275 -191.57344827
309 -193.94793103 -195.74896551 -192.14689655
310 -194.54189655 -196.36344827 -192.72034482
311 -195.13586206 -196.97793103 -193.29379310
312 -195.72982758 -197.59241379 -193.86724137
313 -196.32379310 -198.20689655 -194.44068965
314 -196.91775862 -198.82137931 -195.01413793
315 -197.51172413 -199.43586206 -195.58758620
316 -198.10568965 -200.05034482 -196.16103448
317 -198.69965517 -200.66482758 -196.73448275
318 -199.29362068 -201.27931034 -197.30793103
319 -199.88758620 -201.89379310 -197.88137931
320 -200.48155172 -202.50827586 -198.45482758
321 -201.07551724 -203.12275862 -199.02827586
322 -201.66948275 -203.73724137 -199.60172413
323 -202.26344827 -204.35172413 -200.17517241
324 -202.85741379 -204.96620689 -200.74862068
325 -203.45137931 -205.58068965 -201.32206896
326 -204.04534482 -206.19517241 -201.89551724
327 -204.63931034 -206.80965517 -202.46896551
328 -205.23327586 -207.42413793 -203.04241379
329 -205.82724137 -208.03862068 -203.61586206
330 -206.42120689 -208.65310344 -204.18931034
331 -207.01517241 -209.26758620 -204.76275862
332 -207.60913793 -209.88206896 -205.33620689
333 -208.20310344 -210.49655172 -205.90965517
334 -208.79706896 -211.11103448 -206.48310344
335 -209.39103448 -211.72551724 -207.05655172
336 -209.98500000 -212.34000000 -207.63000000
337 -210.49593750 -212.83812500 -208.15375000
338 -211.00687500 -213.33625000 -208.67750000
339 -211.51781250 -213.83437500 -209.20125000
340 -212.02875000 -214.33250000 -209.72500000
341 -212.53968750 -214.83062500 -210.24875000
342 -213.05062500 -215.32875000 -210.77250000
343 -213.56156250 -215.82687500 -211.29625000
344 -214.07250000 -216.32500000 -211.82000000
345 -214.58343750 -216.82312500 -212.34375000
346 -215.09437500 -217.32125000 -212.86750000
347 -215.60531250 -217.81937500 -213.39125000
348 -216.11625000 -218.31750000 -213.91500000
349 -216.62718750 -218.81562500 -214.43875000
350 -217.13812500 -219.31375000 -214.96250000
351 -217.64906250 -219.81187500 -215.48625000
352 -218.16000000 -220.31000000 -216.01000000
353 -218.67093750 -220.80812500 -216.53375000
354 -219.18187500 -221.30625000 -217.05750000
355 -219.69281250 -221.80437500 -217.58125000
356 -220.20375000 -222.30250000 -218.10500000
357 -220.71468750 -222.80062500 -218.62875000
358 -221.22562500 -223.29875000 -219.15250000
359 -221.73656250 -223.79687500 -219.67625000
360 -222.24750000 -224.29500000 -220.20000000
361 -222.75843750 -224.79312500 -220.72375000
362 -223.26937500 -225.29125000 -221.24750000
363 -223.78031250 -225.78937500 -221.77125000
364 -224.29125000 -226.28750000 -222.29500000
365 -224.80218750 -226.78562500 -222.81875000
366 -225.31312500 -227.28375000 -223.34250000
367 -225.82406250 -227.78187500 -223.86625000
368 -226.33500000 -228.28000000 -224.39000000
369 -226.83393478 -228.79371739 -224.87415217
370 -227.33286956 -229.30743478 -225.35830434
371 -227.83180434 -229.82115217 -225.84245652
372 -228.33073913 -230.33486956 -226.32660869
373 -228.82967391 -230.84858695 -226.81076086
374 -229.32860869 -231.36230434 -227.29491304
375 -229.82754347 -231.87602173 -227.77906521
376 -230.32647826 -232.38973913 -228.26321739
377 -230.82541304 -232.90345652 -228.74736956
378 -231.32434782 -233.41717391 -229.23152173
379 -231.82328260 -233.93089130 -229.71567391
380 -232.32221739 -234.44460869 -230.19982608
381 -232.82115217 -234.95832608 -230.68397826
382 -233.32008695 -235.47204347 -231.16813043
383 -233.81902173 -235.98576086 -231.65228260
384 -234.31795652 -236.49947826 -232.13643478
385 -234.81689130 -237.01319565 -232.62058695
386 -235.31582608 -237.52691304 -233.10473913
387 -235.81476086 -238.04063043 -233.58889130
388 -236.31369565 -238.55434782 -234.07304347
389 -236.81263043 -239.06806521 -234.55719565
390 -237.31156521 -239.58178260 -235.04134782
391 -237.81050000 -240.09550000 -235.52550000
392 -238.30943478 -240.60921739 -236.00965217
393 -238.80836956 -241.12293478 -236.49380434
394 -239.30730434 -241.63665217 -236.97795652
395 -239.80623913 -242.15036956 -237.46210869
396 -240.30517391 -242.66408695 -237.94626086
397 -240.80410869 -243.17780434 -238.43041304
398 -241.30304347 -243.69152173 -238.91456521
399 -241.80197826 -244.20523913 -239.39871739
400 -242.30091304 -244.71895652 -239.88286956
401 -242.79984782 -245.23267391 -240.36702173
402 -243.29878260 -245.74639130 -240.85117391
403 -243.79771739 -246.26010869 -241.33532608
404 -244.29665217 -246.77382608 -241.81947826
405 -244.79558695 -247.28754347 -242.30363043
406 -245.29452173 -247.80126086 -242.78778260
407 -245.79345652 -248.31497826 -243.27193478
408 -246.29239130 -248.82869565 -243.75608695
409 -246.79132608 -249.34241304 -244.24023913
410 -247.29026086 -249.85613043 -244.72439130
411 -247.78919565 -250.36984782 -245.20854347
412 -248.28813043 -250.88356521 -245.69269565
413 -248.78706521 -251.39728260 -246.17684782
414 -249.28600000 -251.91100000 -246.66100000
415 -249.78493478 -252.42471739 -247.14515217
416 -250.28386956 -252.93843478 -247.62930434
417 -250.78280434 -253.45215217 -248.11345652
418 -251.28173913 -253.96586956 -248.59760869
419 -251.78067391 -254.47958695 -249.08176086
420 -252.27960869 -254.99330434 -249.56591304
421 -252.77854347 -255.50702173 -250.05006521
422 -253.27747826 -256.02073913 -250.53421739
423 -253.77641304 -256.53445652 -251.01836956
424 -254.27534782 -257.04817391 -251.50252173
425 -254.77428260 -257.56189130 -251.98667391
426 -255.27321739 -258.07560869 -252.47082608
427 -255.77215217 -258.58932608 -252.95497826
428 -256.27108695 -259.10304347 -253.43913043
429 -256.77002173 -259.61676086 -253.92328260
430 -257.26895652 -260.13047826 -254.40743478
431 -257.76789130 -260.64419565 -254.89158695
432 -258.26682608 -261.15791304 -255.37573913
433 -258.76576086 -261.67163043 -255.85989130
434 -259.26469565 -262.18534782 -256.34404347
435 -259.76363043 -262.69906521 -256.82819565
436 -260.26256521 -263.21278260 -257.31234782
437 -260.76150000 -263.72650000 -257.79650000
438 -261.26043478 -264.24021739 -258.28065217
439 -261.75936956 -264.75393478 -258.76480434
440 -262.25830434 -265.26765217 -259.24895652
441 -262.75723913 -265.78136956 -259.73310869
442 -263.25617391 -266.29508695 -260.21726086
443 -263.75510869 -266.80880434 -260.70141304
444 -264.25404347 -267.32252173 -261.18556521
445 -264.75297826 -267.83623913 -261.66971739
446 -265.25191304 -268.34995652 -262.15386956
447 -265.75084782 -268.86367391 -262.63802173
448 -266.24978260 -269.37739130 -263.12217391
449 -266.74871739 -269.89110869 -263.60632608
450 -267.24765217 -270.40482608 -264.09047826
451 -267.74658695 -270.91854347 -264.57463043
452 -268.24552173 -271.43226086 -265.05878260
453 -268.74445652 -271.94597826 -265.54293478
454 -269.24339130 -272.45969565 -266.02708695
455 -269.74232608 -272.97341304 -266.51123913
456 -270.24126086 -273.48713043 -266.99539130
457 -270.74019565 -274.00084782 -267.47954347
458 -271.23913043 -274.51456521 -267.96369565
459 -271.73806521 -275.02828260 -268.44784782
460 -272.23700000 -275.54200000 -268.93200000
461 -272.68532967 -276.00186813 -269.36879120
462 -273.13365934 -276.46173626 -269.80558241
463 -273.58198901 -276.92160439 -270.24237362
464 -274.03031868 -277.38147252 -270.67916483
465 -274.47864835 -277.84134065 -271.11595604
466 -274.92697802 -278.30120879 -271.55274725
467 -275.37530769 -278.76107692 -271.98953846
468 -275.82363736 -279.22094505 -272.42632967
469 -276.27196703 -279.68081318 -272.86312087
470 -276.72029670 -280.14068131 -273.29991208
471 -277.16862637 -280.60054945 -273.73670329
472 -277.61695604 -281.06041758 -274.17349450
473 -278.06528571 -281.52028571 -274.61028571
474 -278.51361538 -281.98015384 -275.04707692
475 -278.96194505 -282.44002197 -275.48386813
476 -279.41027472 -282.89989010 -275.92065934
477 -279.85860439 -283.35975824 -276.35745054
478 -280.30693406 -283.81962637 -276.79424175
479 -280.75526373 -284.27949450 -277.23103296
480 -281.20359340 -284.73936263 -277.66782417
481 -281.65192307 -285.19923076 -278.10461538
482 -282.10025274 -285.65909890 -278.54140659
483 -282.54858241 -286.11896703 -278.97819780
484 -282.99691208 -286.57883516 -279.41498901
485 -283.44524175 -287.03870329 -279.85178021
486 -283.89357142 -287.49857142 -280.28857142
487 -284.34190109 -287.95843956 -280.72536263
488 -284.79023076 -288.41830769 -281.16215384
489 -285.23856043 -288.87817582 -281.59894505
490 -285.68689010 -289.33804395 -282.03573626
491 -286.13521978 -289.79791208 -282.47252747
492 -286.58354945 -290.25778021 -282.90931868
493 -287.03187912 -290.71764835 -283.34610989
494 -287.48020879 -291.17751648 -283.78290109
495 -287.92853846 -291.63738461 -284.21969230
496 -288.37686813 -292.09725274 -284.65648351
497 -288.82519780 -292.55712087 -285.09327472
498 -289.27352747 -293.01698901 -285.53006593
499 -289.72185714 -293.47685714 -285.96685714
500 -290.17018681 -293.93672527 -286.40364835
501 -290.61851648 -294.39659340 -286.84043956
502 -291.06684615 -294.85646153 -287.27723076
503 -291.51517582 -295.31632967 -287.71402197
504 -291.96350549 -295.77619780 -288.15081318
505 -292.41183516 -296.23606593 -288.58760439
506 -292.86016483 -296.69593406 -289.02439560
507 -293.30849450 -297.15580219 -289.46118681
508 -293.75682417 -297.61567032 -289.89797802
509 -294.20515384 -298.07553846 -290.33476923
510 -294.65348351 -298.53540659 -290.77156043
511 -295.10181318 -298.99527472 -291.20835164
512 -295.55014285 -299.45514285 -291.64514285
513 -295.99847252 -299.91501098 -292.08193406
514 -296.44680219 -300.37487912 -292.51872527
515 -296.89513186 -300.83474725 -292.95551648
516 -297.34346153 -301.29461538 -293.39230769
517 -297.79179120 -301.75448351 -293.82909890
518 -298.24012087 -302.21435164 -294.26589010
519 -298.68845054 -302.67421978 -294.70268131
520 -299.13678021 -303.13408791 -295.13947252
521 -299.58510989 -303.59395604 -295.57626373
522 -300.03343956 -304.05382417 -296.01305494
523 -300.48176923 -304.51369230 -296.44984615
524 -300.93009890 -304.97356043 -296.88663736
525 -301.37842857 -305.43342857 -297.32342857
526 -301.82675824 -305.89329670 -297.76021978
527 -302.27508791 -306.35316483 -298.19701098
528 -302.72341758 -306.81303296 -298.63380219
529 -303.17174725 -307.27290109 -299.07059340
530 -303.62007692 -307.73276923 -299.50738461
531 -304.06840659 -308.19263736 -299.94417582
532 -304.51673626 -308.65250549 -300.38096703
533 -304.96506593 -309.11237362 -300.81775824
534 -305.41339560 -309.57224175 -301.25454945
535 -305.86172527 -310.03210989 -301.69134065
536 -306.31005494 -310.49197802 -302.12813186
537 -306.75838461 -310.95184615 -302.56492307
538 -307.20671428 -311.41171428 -303.00171428
539 -307.65504395 -311.87158241 -303.43850549
540 -308.10337362 -312.33145054 -303.87529670
541 -308.55170329 -312.79131868 -304.31208791
542 -309.00003296 -313.25118681 -304.74887912
543 -309.44836263 -313.71105494 -305.18567032
544 -309.89669230 -314.17092307 -305.62246153
545 -310.34502197 -314.63079120 -306.05925274
546 -310.79335164 -315.09065934 -306.49604395
547 -311.24168131 -315.55052747 -306.93283516
548 -311.69001098 -316.01039560 -307.36962637
549 -312.13834065 -316.47026373 -307.80641758
550 -312.58667032 -316.93013186 -308.24320879
551 -313.03500000 -317.39000000 -308.68000000
552 -313.43618681 -317.81512087 -309.05725274
553 -313.83737362 -318.24024175 -309.43450549
554 -314.23856043 -318.66536263 -309.81175824
555 -314.63974725 -319.09048351 -310.18901098
556 -315.04093406 -319.51560439 -310.56626373
557 -315.44212087 -319.94072527 -310.94351648
558 -315.84330769 -320.36584615 -311.32076923
559 -316.24449450 -320.79096703 -311.69802197
560 -316.64568131 -321.21608791 -312.07527472
561 -317.04686813 -321.64120879 -312.45252747
562 -317.44805494 -322.06632967 -312.82978021
563 -317.84924175 -322.49145054 -313.20703296
564 -318.25042857 -322.91657142 -313.58428571
565 -318.65161538 -323.34169230 -313.96153846
566 -319.05280219 -323.76681318 -314.33879120
567 -319.45398901 -324.19193406 -314.71604395
568 -319.85517582 -324.61705494 -315.09329670
569 -320.25636263 -325.04217582 -315.47054945
570 -320.65754945 -325.46729670 -315.84780219
571 -321.05873626 -325.89241758 -316.22505494
572 -321.45992307 -326.31753846 -316.60230769
573 -321.86110989 -326.74265934 -316.97956043
574 -322.26229670 -327.16778021 -317.35681318
575 -322.66348351 -327.59290109 -317.73406593
576 -323.06467032 -328.01802197 -318.11131868
577 -323.46585714 -328.44314285 -318.48857142
578 -323.86704395 -328.86826373 -318.86582417
579 -324.26823076 -329.29338461 -319.24307692
580 -324.66941758 -329.71850549 -319.62032967
581 -325.07060439 -330.14362637 -319.99758241
582 -325.47179120 -330.56874725 -320.37483516
583 -325.87297802 -330.99386813 -320.75208791
584 -326.27416483 -331.41898901 -321.12934065
585 -326.67535164 -331.84410989 -321.50659340
586 -327.07653846 -332.26923076 -321.88384615
587 -327.47772527 -332.69435164 -322.26109890
588 -327.87891208 -333.11947252 -322.63835164
589 -328.28009890 -333.54459340 -323.01560439
590 -328.68128571 -333.96971428 -323.39285714
591 -329.08247252 -334.39483516 -323.77010989
592 -329.48365934 -334.81995604 -324.14736263
593 -329.88484615 -335.24507692 -324.52461538
594 -330.28603296 -335.67019780 -324.90186813
595 -330.68721978 -336.09531868 -325.27912087
596 -331.08840659 -336.52043956 -325.65637362
597 -331.48959340 -336.94556043 -326.03362637
598 -331.89078021 -337.37068131 -326.41087912
599 -332.29196703 -337.79580219 -326.78813186
600 -332.69315384 -338.22092307 -327.16538461
601 -333.09434065 -338.64604395 -327.54263736
602 -333.49552747 -339.07116483 -327.91989010
603 -333.89671428 -339.49628571 -328.29714285
604 -334.29790109 -339.92140659 -328.67439560
605 -334.69908791 -340.34652747 -329.05164835
606 -335.10027472 -340.77164835 -329.42890109
607 -335.50146153 -341.19676923 -329.80615384
608 -335.90264835 -341.62189010 -330.18340659
609 -336.30383516 -342.04701098 -330.56065934
610 -336.70502197 -342.47213186 -330.93791208
611 -337.10620879 -342.89725274 -331.31516483
612 -337.50739560 -343.32237362 -331.69241758
613 -337.90858241 -343.74749450 -332.06967032
614 -338.30976923 -344.17261538 -332.44692307
615 -338.71095604 -344.59773626 -332.82417582
616 -339.11214285 -345.02285714 -333.20142857
617 -339.51332967 -345.44797802 -333.57868131
618 -339.91451648 -345.87309890 -333.95593406
619 -340.31570329 -346.29821978 -334.33318681
620 -340.71689010 -346.72334065 -334.71043956
621 -341.11807692 -347.14846153 -335.08769230
622 -341.51926373 -347.57358241 -335.46494505
623 -341.92045054 -347.99870329 -335.84219780
624 -342.32163736 -348.42382417 -336.21945054
625 -342.72282417 -348.84894505 -336.59670329
626 -343.12401098 -349.27406593 -336.97395604
627 -343.52519780 -349.69918681 -337.35120879
628 -343.92638461 -350.12430769 -337.72846153
629 -344.32757142 -350.54942857 -338.10571428
630 -344.72875824 -350.97454945 -338.48296703
631 -345.12994505 -351.39967032 -338.86021978
632 -345.53113186 -351.82479120 -339.23747252
633 -345.93231868 -352.24991208 -339.61472527
634 -346.33350549 -352.67503296 -339.99197802
635 -346.73469230 -353.10015384 -340.36923076
636 -347.13587912 -353.52527472 -340.74648351
637 -347.53706593 -353.95039560 -341.12373626
638 -347.93825274 -354.37551648 -341.50098901
639 -348.33943956 -354.80063736 -341.87824175
640 -348.74062637 -355.22575824 -342.25549450
641 -349.14181318 -355.65087912 -342.63274725
642 -349.54300000 -356.07600000 -343.01000000
643 -349.90084782 -356.45539130 -343.34630434
644 -350.25869565 -356.83478260 -343.68260869
645 -350.61654347 -357.21417391 -344.01891304
646 -350.97439130 -357.59356521 -344.35521739
647 -351.33223913 -357.97295652 -344.69152173
648 -351.69008695 -358.35234782 -345.02782608
649 -352.04793478 -358.73173913 -345.36413043
650 -352.40578260 -359.11113043 -345.70043478
651 -352.76363043 -359.49052173 -346.03673913
652 -353.12147826 -359.86991304 -346.37304347
653 -353.47932608 -360.24930434 -346.70934782
654 -353.83717391 -360.62869565 -347.04565217
655 -354.19502173 -361.00808695 -347.38195652
656 -354.55286956 -361.38747826 -347.71826086
657 -354.91071739 -361.76686956 -348.05456521
658 -355.26856521 -362.14626086 -348.39086956
659 -355.62641304 -362.52565217 -348.72717391
660 -355.98426086 -362.90504347 -349.06347826
661 -356.34210869 -363.28443478 -349.39978260
662 -356.69995652 -363.66382608 -349.73608695
663 -357.05780434 -364.04321739 -350.07239130
664 -357.41565217 -364.42260869 -350.40869565
665 -357.77350000 -364.80200000 -350.74500000
666 -358.13134782 -365.18139130 -351.08130434
667 -358.48919565 -365.56078260 -351.41760869
668 -358.84704347 -365.94017391 -351.75391304
669 -359.20489130 -366.31956521 -352.09021739
670 -359.56273913 -366.69895652 -352.42652173
671 -359.92058695 -367.07834782 -352.76282608
672 -360.27843478 -367.45773913 -353.09913043
673 -360.63628260 -367.83713043 -353.43543478
674 -360.99413043 -368.21652173 -353.77173913
675 -361.35197826 -368.59591304 -354.10804347
676 -361.70982608 -368.97530434 -354.44434782
677 -362.06767391 -369.35469565 -354.78065217
678 -362.42552173 -369.73408695 -355.11695652
679 -362.78336956 -370.11347826 -355.45326086
680 -363.14121739 -370.49286956 -355.78956521
681 -363.49906521 -370.87226086 -356.12586956
682 -363.85691304 -371.25165217 -356.46217391
683 -364.21476086 -371.63104347 -356.79847826
684 -364.57260869 -372.01043478 -357.13478260
685 -364.93045652 -372.38982608 -357.47108695
686 -365.28830434 -372.76921739 -357.80739130
687 -365.64615217 -373.14860869 -358.14369565
688 -366.00400000 -373.52800000 -358.48000000
689 -366.36184782 -373.90739130 -358.81630434
690 -366.71969565 -374.28678260 -359.15260869
691 -367.07754347 -374.66617391 -359.48891304
692 -367.43539130 -375.04556521 -359.82521739
693 -367.79323913 -375.42495652 -360.16152173
694 -368.15108695 -375.80434782 -360.49782608
695 -368.50893478 -376.18373913 -360.83413043
696 -368.86678260 -376.56313043 -361.17043478
697 -369.22463043 -376.94252173 -361.50673913
698 -369.58247826 -377.32191304 -361.84304347
699 -369.94032608 -377.70130434 -362.17934782
700 -370.29817391 -378.08069565 -362.51565217
701 -370.65602173 -378.46008695 -362.85195652
702 -371.01386956 -378.83947826 -363.18826086
703 -371.37171739 -379.21886956 -363.52456521
704 -371.72956521 -379.59826086 -363.86086956
705 -372.08741304 -379.97765217 -364.19717391
706 -372.44526086 -380.35704347 -364.53347826
707 -372.80310869 -380.73643478 -364.86978260
708 -373.16095652 -381.11582608 -365.20608695
709 -373.51880434 -381.49521739 -365.54239130
710 -373.87665217 -381.87460869 -365.87869565
711 -374.23450000 -382.25400000 -366.21500000
712 -374.59234782 -382.63339130 -366.55130434
713 -374.95019565 -383.01278260 -366.88760869
714 -375.30804347 -383.39217391 -367.22391304
715 -375.66589130 -383.77156521 -367.56021739
716 -376.02373913 -384.15095652 -367.89652173
717 -376.38158695 -384.53034782 -368.23282608
718 -376.73943478 -384.90973913 -368.56913043
719 -377.09728260 -385.28913043 -368.90543478
720 -377.45513043 -385.66852173 -369.24173913
721 -377.81297826 -386.04791304 -369.57804347
722 -378.17082608 -386.42730434 -369.91434782
723 -378.52867391 -386.80669565 -370.25065217
724 -378.88652173 -387.18608695 -370.58695652
725 -379.24436956 -387.56547826 -370.92326086
726 -379.60221739 -387.94486956 -371.25956521
727 -379.96006521 -388.32426086 -371.59586956
728 -380.31791304 -388.70365217 -371.93217391
729 -380.67576086 -389.08304347 -372.26847826
730 -381.03360869 -389.46243478 -372.60478260
731 -381.39145652 -389.84182608 -372.94108695
732 -381.74930434 -390.22121739 -373.27739130
733 -382.10715217 -390.60060869 -373.61369565
734 -382.46500000 -390.98000000 -373.95000000
735 -382.77390410 -391.29558904 -374.25221917
736 -383.08280821 -391.61117808 -374.55443835
737 -383.39171232 -391.92676712 -374.85665753
738 -383.70061643 -392.24235616 -375.15887671
739 -384.00952054 -392.55794520 -375.46109589
740 -384.31842465 -392.87353424 -375.76331506
741 -384.62732876 -393.18912328 -376.06553424
742 -384.93623287 -393.50471232 -376.36775342
743 -385.24513698 -393.82030136 -376.66997260
744 -385.55404109 -394.13589041 -376.97219178
745 -385.86294520 -394.45147945 -377.27441095
746 -386.17184931 -394.76706849 -377.57663013
747 -386.48075342 -395.08265753 -377.87884931
748 -386.78965753 -395.39824657 -378.18106849
749 -387.09856164 -395.71383561 -378.48328767
750 -387.40746575 -396.02942465 -378.78550684
751 -387.71636986 -396.34501369 -379.08772602
752 -388.02527397 -396.66060273 -379.38994520
753 -388.33417808 -396.97619178 -379.69216438
754 -388.64308219 -397.29178082 -379.99438356
755 -388.95198630 -397.60736986 -380.29660273
756 -389.26089041 -397.92295890 -380.59882191
757 -389.56979452 -398.23854794 -380.90104109
758 -389.87869863 -398.55413698 -381.20326027
759 -390.18760273 -398.86972602 -381.50547945
760 -390.49650684 -399.18531506 -381.80769863
761 -390.80541095 -399.50090410 -382.10991780
762 -391.11431506 -399.81649315 -382.41213698
763 -391.42321917 -400.13208219 -382.71435616
764 -391.73212328 -400.44767123 -383.01657534
765 -392.04102739 -400.76326027 -383.31879452
766 -392.34993150 -401.07884931 -383.62101369
767 -392.65883561 -401.39443835 -383.92323287
768 -392.96773972 -401.71002739 -384.22545205
769 -393.27664383 -402.02561643 -384.52767123
770 -393.58554794 -402.34120547 -384.82989041
771 -393.89445205 -402.65679452 -385.13210958
772 -394.20335616 -402.97238356 -385.43432876
773 -394.51226027 -403.28797260 -385.73654794
774 -394.82116438 -403.60356164 -386.03876712
775 -395.13006849 -403.91915068 -386.34098630
776 -395.43897260 -404.23473972 -386.64320547
777 -395.74787671 -404.55032876 -386.94542465
778 -396.05678082 -404.86591780 -387.24764383
779 -396.36568493 -405.18150684 -387.54986301
780 -396.67458904 -405.49709589 -387.85208219
781 -396.98349315 -405.81268493 -388.15430136
782 -397.29239726 -406.12827397 -388.45652054
783 -397.60130136 -406.44386301 -388.75873972
784 -397.91020547 -406.75945205 -389.06095890
785 -398.21910958 -407.07504109 -389.36317808
786 -398.52801369 -407.39063013 -389.66539726
787 -398.83691780 -407.70621917 -389.96761643
788 -399.14582191 -408.02180821 -390.26983561
789 -399.45472602 -408.33739726 -390.57205479
790 -399.76363013 -408.65298630 -390.87427397
791 -400.07253424 -408.96857534 -391.17649315
792 -400.38143835 -409.28416438 -391.47871232
793 -400.69034246 -409.59975342 -391.78093150
794 -400.99924657 -409.91534246 -392.08315068
795 -401.30815068 -410.23093150 -392.38536986
796 -401.61705479 -410.54652054 -392.68758904
797 -401.92595890 -410.86210958 -392.98980821
798 -402.23486301 -411.17769863 -393.29202739
799 -402.54376712 -411.49328767 -393.59424657
800 -402.85267123 -411.80887671 -393.89646575
801 -403.16157534 -412.12446575 -394.19868493
802 -403.47047945 -412.44005479 -394.50090410
803 -403.77938356 -412.75564383 -394.80312328
804 -404.08828767 -413.07123287 -395.10534246
805 -404.39719178 -413.38682191 -395.40756164
806 -404.70609589 -413.70241095 -395.70978082
807 -405.01500000 -414.01800000 -396.01200000
808 -405.32390410 -414.33358904 -396.31421917
809 -405.63280821 -414.64917808 -396.61643835
810 -405.94171232 -414.96476712 -396.91865753
811 -406.25061643 -415.28035616 -397.22087671
812 -406.55952054 -415.59594520 -397.52309589
813 -406.86842465 -415.91153424 -397.82531506
814 -407.17732876 -416.22712328 -398.12753424
815 -407.48623287 -416.54271232 -398.42975342
816 -407.79513698 -416.85830136 -398.73197260
817 -408.10404109 -417.17389041 -399.03419178
818 -408.41294520 -417.48947945 -399.33641095
819 -408.72184931 -417.80506849 -399.63863013
820 -409.03075342 -418.12065753 -399.94084931
821 -409.33965753 -418.43624657 -400.24306849
822 -409.64856164 -418.75183561 -400.54528767
823 -409.95746575 -419.06742465 -400.84750684
824 -410.26636986 -419.38301369 -401.14972602
825 -410.57527397 -419.69860273 -401.45194520
826 -410.88417808 -420.01419178 -401.75416438
827 -411.19308219 -420.32978082 -402.05638356
828 -411.50198630 -420.64536986 -402.35860273
829 -411.81089041 -420.96095890 -402.66082191
830 -412.11979452 -421.27654794 -402.96304109
831 -412.42869863 -421.59213698 -403.26526027
832 -412.73760273 -421.90772602 -403.56747945
833 -413.04650684 -422.22331506 -403.86969863
834 -413.35541095 -422.53890410 -404.17191780
835 -413.66431506 -422.85449315 -404.47413698
836 -413.97321917 -423.17008219 -404.77635616
837 -414.28212328 -423.48567123 -405.07857534
838 -414.59102739 -423.80126027 -405.38079452
839 -414.89993150 -424.11684931 -405.68301369
840 -415.20883561 -424.43243835 -405.98523287
841 -415.51773972 -424.74802739 -406.28745205
842 -415.82664383 -425.06361643 -406.58967123
843 -416.13554794 -425.37920547 -406.89189041
844 -416.44445205 -425.69479452 -407.19410958
845 -416.75335616 -426.01038356 -407.49632876
846 -417.06226027 -426.32597260 -407.79854794
847 -417.37116438 -426.64156164 -408.10076712
848 -417.68006849 -426.95715068 -408.40298630
849 -417.98897260 -427.27273972 -408.70520547
850 -418.29787671 -427.58832876 -409.00742465
851 -418.60678082 -427.90391780 -409.30964383
852 -418.91568493 -428.21950684 -409.61186301
853 -419.22458904 -428.53509589 -409.91408219
854 -419.53349315 -428.85068493 -410.21630136
855 -419.84239726 -429.16627397 -410.51852054
856 -420.15130136 -429.48186301 -410.82073972
857 -420.46020547 -429.79745205 -411.12295890
858 -420.76910958 -430.11304109 -411.42517808
859 -421.07801369 -430.42863013 -411.72739726
860 -421.38691780 -430.74421917 -412.02961643
861 -421.69582191 -431.05980821 -412.33183561
862 -422.00472602 -431.37539726 -412.63405479
863 -422.31363013 -431.69098630 -412.93627397
864 -422.62253424 -432.00657534 -413.23849315
865 -422.93143835 -432.32216438 -413.54071232
866 -423.24034246 -432.63775342 -413.84293150
867 -423.54924657 -432.95334246 -414.14515068
868 -423.85815068 -433.26893150 -414.44736986
869 -424.16705479 -433.58452054 -414.74958904
870 -424.47595890 -433.90010958 -415.05180821
871 -424.78486301 -434.21569863 -415.35402739
872 -425.09376712 -434.53128767 -415.65624657
873 -425.40267123 -434.84687671 -415.95846575
874 -425.71157534 -435.16246575 -416.26068493
875 -426.02047945 -435.47805479 -416.56290410
876 -426.32938356 -435.79364383 -416.86512328
877 -426.63828767 -436.10923287 -417.16734246
878 -426.94719178 -436.42482191 -417.46956164
879 -427.25609589 -436.74041095 -417.77178082
880 -427.56500000 -437.05600000 -418.07400000
881 -427.87390410 -437.37158904 -418.37621917
882 -428.18280821 -437.68717808 -418.67843835
883 -428.49171232 -438.00276712 -418.98065753
884 -428.80061643 -438.31835616 -419.28287671
885 -429.10952054 -438.63394520 -419.58509589
886 -429.41842465 -438.94953424 -419.88731506
887 -429.72732876 -439.26512328 -420.18953424
888 -430.03623287 -439.58071232 -420.49175342
889 -430.34513698 -439.89630136 -420.79397260
890 -430.65404109 -440.21189041 -421.09619178
891 -430.96294520 -440.52747945 -421.39841095
892 -431.27184931 -440.84306849 -421.70063013
893 -431.58075342 -441.15865753 -422.00284931
894 -431.88965753 -441.47424657 -422.30506849
895 -432.19856164 -441.78983561 -422.60728767
896 -432.50746575 -442.10542465 -422.90950684
897 -432.81636986 -442.42101369 -423.21172602
898 -433.12527397 -442.73660273 -423.51394520
899 -433.43417808 -443.05219178 -423.81616438
900 -433.74308219 -443.36778082 -424.11838356
901 -434.05198630 -443.68336986 -424.42060273
902 -434.36089041 -443.99895890 -424.72282191
903 -434.66979452 -444.31454794 -425.02504109
904 -434.97869863 -444.63013698 -425.32726027
905 -435.28760273 -444.94572602 -425.62947945
906 -435.59650684 -445.26131506 -425.93169863
907 -435.90541095 -445.57690410 -426.23391780
908 -436.21431506 -445.89249315 -426.53613698
909 -436.52321917 -446.20808219 -426.83835616
910 -436.83212328 -446.52367123 -427.14057534
911 -437.14102739 -446.83926027 -427.44279452
912 -437.44993150 -447.15484931 -427.74501369
913 -437.75883561 -447.47043835 -428.04723287
914 -438.06773972 -447.78602739 -428.34945205
915 -438.37664383 -448.10161643 -428.65167123
916 -438.68554794 -448.41720547 -428.95389041
917 -438.99445205 -448.73279452 -429.25610958
918 -439.30335616 -449.04838356 -429.55832876
919 -439.61226027 -449.36397260 -429.86054794
920 -439.92116438 -449.67956164 -430.16276712
921 -440.23006849 -449.99515068 -430.46498630
922 -440.53897260 -450.31073972 -430.76720547
923 -440.84787671 -450.62632876 -431.06942465
924 -441.15678082 -450.94191780 -431.37164383
925 -441.46568493 -451.25750684 -431.67386301
926 -441.77458904 -451.57309589 -431.97608219
927 -442.08349315 -451.88868493 -432.27830136
928 -442.39239726 -452.20427397 -432.58052054
929 -442.70130136 -452.51986301 -432.88273972
930 -443.01020547 -452.83545205 -433.18495890
931 -443.31910958 -453.15104109 -433.48717808
932 -443.62801369 -453.46663013 -433.78939726
933 -443.93691780 -453.78221917 -434.09161643
934 -444.24582191 -454.09780821 -434.39383561
935 -444.55472602 -454.41339726 -434.69605479
936 -444.86363013 -454.72898630 -434.99827397
937 -445.17253424 -455.04457534 -435.30049315
938 -445.48143835 -455.36016438 -435.60271232
939 -445.79034246 -455.67575342 -435.90493150
940 -446.09924657 -455.99134246 -436.20715068
941 -446.40815068 -456.30693150 -436.50936986
942 -446.71705479 -456.62252054 -436.81158904
943 -447.02595890 -456.93810958 -437.11380821
944 -447.33486301 -457.25369863 -437.41602739
945 -447.64376712 -457.56928767 -437.71824657
946 -447.95267123 -457.88487671 -438.02046575
947 -448.26157534 -458.20046575 -438.32268493
948 -448.57047945 -458.51605479 -438.62490410
949 -448.87938356 -458.83164383 -438.92712328
950 -449.18828767 -459.14723287 -439.22934246
951 -449.49719178 -459.46282191 -439.53156164
952 -449.80609589 -459.77841095 -439.83378082
953 -450.11500000 -460.09400000 -440.13600000
954 -450.42390410 -460.40958904 -440.43821917
955 -450.73280821 -460.72517808 -440.74043835
956 -451.04171232 -461.04076712 -441.04265753
957 -451.35061643 -461.35635616 -441.34487671
958 -451.65952054 -461.67194520 -441.64709589
959 -451.96842465 -461.98753424 -441.94931506
960 -452.27732876 -462.30312328 -442.25153424
961 -452.58623287 -462.61871232 -442.55375342
962 -452.89513698 -462.93430136 -442.85597260
963 -453.20404109 -463.24989041 -443.15819178
964 -453.51294520 -463.56547945 -443.46041095
965 -453.82184931 -463.88106849 -443.76263013
966 -454.13075342 -464.19665753 -444.06484931
967 -454.43965753 -464.51224657 -444.36706849
968 -454.74856164 -464.82783561 -444.66928767
969 -455.05746575 -465.14342465 -444.97150684
970 -455.36636986 -465.45901369 -445.27372602
971 -455.67527397 -465.77460273 -445.57594520
972 -455.98417808 -466.09019178 -445.87816438
973 -456.29308219 -466.40578082 -446.18038356
974 -456.60198630 -466.72136986 -446.48260273
975 -456.91089041 -467.03695890 -446.78482191
976 -457.21979452 -467.35254794 -447.08704109
977 -457.52869863 -467.66813698 -447.38926027
978 -457.83760273 -467.98372602 -447.69147945
979 -458.14650684 -468.29931506 -447.99369863
980 -458.45541095 -468.61490410 -448.29591780
981 -458.76431506 -468.93049315 -448.59813698
982 -459.07321917 -469.24608219 -448.90035616
983 -459.38212328 -469.56167123 -449.20257534
984 -459.69102739 -469.87726027 -449.50479452
985 -459.99993150 -470.19284931 -449.80701369
986 -460.30883561 -470.50843835 -450.10923287
987 -460.61773972 -470.82402739 -450.41145205
988 -460.92664383 -471.13961643 -450.71367123
989 -461.23554794 -471.45520547 -451.01589041
990 -461.54445205 -471.77079452 -451.31810958
991 -461.85335616 -472.08638356 -451.62032876
992 -462.16226027 -472.40197260 -451.92254794
993 -462.47116438 -472.71756164 -452.22476712
994 -462.78006849 -473.03315068 -452.52698630
995 -463.08897260 -473.34873972 -452.82920547
996 -463.39787671 -473.66432876 -453.13142465
997 -463.70678082 -473.97991780 -453.43364383
998 -464.01568493 -474.29550684 -453.73586301
999 -464.32458904 -474.61109589 -454.03808219
1000 -464.63349315 -474.92668493 -454.34030136
1001 -464.94239726 -475.24227397 -454.64252054
1002 -465.25130136 -475.55786301 -454.94473972
1003 -465.56020547 -475.87345205 -455.24695890
1004 -465.86910958 -476.18904109 -455.54917808
1005 -466.17801369 -476.50463013 -455.85139726
1006 -466.48691780 -476.82021917 -456.15361643
1007 -466.79582191 -477.13580821 -456.45583561
1008 -467.10472602 -477.45139726 -456.75805479
1009 -467.41363013 -477.76698630 -457.06027397
1010 -467.72253424 -478.08257534 -457.36249315
1011 -468.03143835 -478.39816438 -457.66471232
1012 -468.34034246 -478.71375342 -457.96693150
1013 -468.64924657 -479.02934246 -458.26915068
1014 -468.95815068 -479.34493150 -458.57136986
1015 -469.26705479 -479.66052054 -458.87358904
1016 -469.57595890 -479.97610958 -459.17580821
1017 -469.88486301 -480.29169863 -459.47802739
1018 -470.19376712 -480.60728767 -459.78024657
1019 -470.50267123 -480.92287671 -460.08246575
1020 -470.81157534 -481.23846575 -460.38468493
1021 -471.12047945 -481.55405479 -460.68690410
1022 -471.42938356 -481.86964383 -460.98912328
1023 -471.73828767 -482.18523287 -461.29134246
1024 -472.04719178 -482.50082191 -461.59356164
1025 -472.35609589 -482.81641095 -461.89578082
1026 -472.66500000 -483.13200000 -462.19800000
1027 -472.97390410 -483.44758904 -462.50021917
1028 -473.28280821 -483.76317808 -462.80243835
1029 -473.59171232 -484.07876712 -463.10465753
1030 -473.90061643 -484.39435616 -463.40687671
1031 -474.20952054 -484.70994520 -463.70909589
1032 -474.51842465 -485.02553424 -464.01131506
1033 -474.82732876 -485.34112328 -464.31353424
1034 -475.13623287 -485.65671232 -464.61575342
1035 -475.44513698 -485.97230136 -464.91797260
1036 -475.75404109 -486.28789041 -465.22019178
1037 -476.06294520 -486.60347945 -465.52241095
1038 -476.37184931 -486.91906849 -465.82463013
1039 -476.68075342 -487.23465753 -466.12684931
1040 -476.98965753 -487.55024657 -466.42906849
1041 -477.29856164 -487.86583561 -466.73128767
1042 -477.60746575 -488.18142465 -467.03350684
1043 -477.91636986 -488.49701369 -467.33572602
1044 -478.22527397 -488.81260273 -467.63794520
1045 -478.53417808 -489.12819178 -467.94016438
1046 -478.84308219 -489.44378082 -468.24238356
1047 -479.15198630 -489.75936986 -468.54460273
1048 -479.46089041 -490.07495890 -468.84682191
1049 -479.76979452 -490.39054794 -469.14904109
1050 -480.07869863 -490.70613698 -469.45126027
1051 -480.38760273 -491.02172602 -469.75347945
1052 -480.69650684 -491.33731506 -470.05569863
1053 -481.00541095 -491.65290410 -470.35791780
1054 -481.31431506 -491.96849315 -470.66013698
1055 -481.62321917 -492.28408219 -470.96235616
1056 -481.93212328 -492.59967123 -471.26457534
1057 -482.24102739 -492.91526027 -471.56679452
1058 -482.54993150 -493.23084931 -471.86901369
1059 -482.85883561 -493.54643835 -472.17123287
1060 -483.16773972 -493.86202739 -472.47345205
1061 -483.47664383 -494.17761643 -472.77567123
1062 -483.78554794 -494.49320547 -473.07789041
1063 -484.09445205 -494.80879452 -473.38010958
1064 -484.40335616 -495.12438356 -473.68232876
1065 -484.71226027 -495.43997260 -473.98454794
1066 -485.02116438 -495.75556164 -474.28676712
1067 -485.33006849 -496.07115068 -474.58898630
1068 -485.63897260 -496.38673972 -474.89120547
1069 -485.94787671 -496.70232876 -475.19342465
1070 -486.25678082 -497.01791780 -475.49564383
1071 -486.56568493 -497.33350684 -475.79786301
1072 -486.87458904 -497.64909589 -476.10008219
1073 -487.18349315 -497.96468493 -476.40230136
1074 -487.49239726 -498.28027397 -476.70452054
1075 -487.80130136 -498.59586301 -477.00673972
1076 -488.11020547 -498.91145205 -477.30895890
1077 -488.41910958 -499.22704109 -477.61117808
1078 -488.72801369 -499.54263013 -477.91339726
1079 -489.03691780 -499.85821917 -478.21561643
1080 -489.34582191 -500.17380821 -478.51783561
1081 -489.65472602 -500.48939726 -478.82005479
1082 -489.96363013 -500.80498630 -479.12227397
1083 -490.27253424 -501.12057534 -479.42449315
1084 -490.58143835 -501.43616438 -479.72671232
1085 -490.89034246 -501.75175342 -480.02893150
1086 -491.19924657 -502.06734246 -480.33115068
1087 -491.50815068 -502.38293150 -480.63336986
1088 -491.81705479 -502.69852054 -480.93558904
1089 -492.12595890 -503.01410958 -481.23780821
1090 -492.43486301 -503.32969863 -481.54002739
1091 -492.74376712 -503.64528767 -481.84224657
1092 -493.05267123 -503.96087671 -482.14446575
1093 -493.36157534 -504.27646575 -482.44668493
1094 -493.67047945 -504.59205479 -482.74890410
1095 -493.97938356 -504.90764383 -483.05112328
1096 -494.28828767 -505.22323287 -483.35334246
1097 -494.59719178 -505.53882191 -483.65556164
1098 -494.90609589 -505.85441095 -483.95778082
1099 -495.21500000 -506.17000000 -484.26000000
1100 -495.49675686 -506.47049450 -484.52301923
1101 -495.77851373 -506.77098901 -484.78603846
1102 -496.06027060 -507.07148351 -485.04905769
1103 -496.34202747 -507.37197802 -485.31207692
1104 -496.62378434 -507.67247252 -485.57509615
1105 -496.90554120 -507.97296703 -485.83811538
1106 -497.18729807 -508.27346153 -486.10113461
1107 -497.46905494 -508.57395604 -486.36415384
1108 -497.75081181 -508.87445054 -486.62717307
1109 -498.03256868 -509.17494505 -486.89019230
1110 -498.31432554 -509.47543956 -487.15321153
1111 -498.59608241 -509.77593406 -487.41623076
1112 -498.87783928 -510.07642857 -487.67925000
1113 -499.15959615 -510.37692307 -487.94226923
1114 -499.44135302 -510.67741758 -488.20528846
1115 -499.72310989 -510.97791208 -488.46830769
1116 -500.00486675 -511.27840659 -488.73132692
1117 -500.28662362 -511.57890109 -488.99434615
1118 -500.56838049 -511.87939560 -489.25736538
1119 -500.85013736 -512.17989010 -489.52038461
1120 -501.13189423 -512.48038461 -489.78340384
1121 -501.41365109 -512.78087912 -490.04642307
1122 -501.69540796 -513.08137362 -490.30944230
1123 -501.97716483 -513.38186813 -490.57246153
1124 -502.25892170 -513.68236263 -490.83548076
1125 -502.54067857 -513.98285714 -491.09850000
1126 -502.82243543 -514.28335164 -491.36151923
1127 -503.10419230 -514.58384615 -491.62453846
1128 -503.38594917 -514.88434065 -491.88755769
1129 -503.66770604 -515.18483516 -492.15057692
1130 -503.94946291 -515.48532967 -492.41359615
1131 -504.23121978 -515.78582417 -492.67661538
1132 -504.51297664 -516.08631868 -492.93963461
1133 -504.79473351 -516.38681318 -493.20265384
1134 -505.07649038 -516.68730769 -493.46567307
1135 -505.35824725 -516.98780219 -493.72869230
1136 -505.64000412 -517.28829670 -493.99171153
1137 -505.92176098 -517.58879120 -494.25473076
1138 -506.20351785 -517.88928571 -494.51775000
1139 -506.48527472 -518.18978021 -494.78076923
1140 -506.76703159 -518.49027472 -495.04378846
1141 -507.04878846 -518.79076923 -495.30680769
1142 -507.33054532 -519.09126373 -495.56982692
1143 -507.61230219 -519.39175824 -495.83284615
1144 -507.89405906 -519.69225274 -496.09586538
1145 -508.17581593 -519.99274725 -496.35888461
1146 -508.45757280 -520.29324175 -496.62190384
1147 -508.73932967 -520.59373626 -496.88492307
1148 -509.02108653 -520.89423076 -497.14794230
1149 -509.30284340 -521.19472527 -497.41096153
1150 -509.58460027 -521.49521978 -497.67398076
1151 -509.86635714 -521.79571428 -497.93700000
1152 -510.14811401 -522.09620879 -498.20001923
1153 -510.42987087 -522.39670329 -498.46303846
1154 -510.71162774 -522.69719780 -498.72605769
1155 -510.99338461 -522.99769230 -498.98907692
1156 -511.27514148 -523.29818681 -499.25209615
1157 -511.55689835 -523.59868131 -499.51511538
1158 -511.83865521 -523.89917582 -499.77813461
1159 -512.12041208 -524.19967032 -500.04115384
1160 -512.40216895 -524.50016483 -500.30417307
1161 -512.68392582 -524.80065934 -500.56719230
1162 -512.96568269 -525.10115384 -500.83021153
1163 -513.24743956 -525.40164835 -501.09323076
1164 -513.52919642 -525.70214285 -501.35625000
1165 -513.81095329 -526.00263736 -501.61926923
1166 -514.09271016 -526.30313186 -501.88228846
1167 -514.37446703 -526.60362637 -502.14530769
1168 -514.65622390 -526.90412087 -502.40832692
1169 -514.93798076 -527.20461538 -502.67134615
1170 -515.21973763 -527.50510989 -502.93436538
1171 -515.50149450 -527.80560439 -503.19738461
1172 -515.78325137 -528.10609890 -503.46040384
1173 -516.06500824 -528.40659340 -503.72342307
1174 -516.34676510 -528.70708791 -503.98644230
1175 -516.62852197 -529.00758241 -504.24946153
1176 -516.91027884 -529.30807692 -504.51248076
1177 -517.19203571 -529.60857142 -504.77550000
1178 -517.47379258 -529.90906593 -505.03851923
1179 -517.75554945 -530.20956043 -505.30153846
1180 -518.03730631 -530.51005494 -505.56455769
1181 -518.31906318 -530.81054945 -505.82757692
1182 -518.60082005 -531.11104395 -506.09059615
1183 -518.88257692 -531.41153846 -506.35361538
1184 -519.16433379 -531.71203296 -506.61663461
1185 -519.44609065 -532.01252747 -506.87965384
1186 -519.72784752 -532.31302197 -507.14267307
1187 -520.00960439 -532.61351648 -507.40569230
1188 -520.29136126 -532.91401098 -507.66871153
1189 -520.57311813 -533.21450549 -507.93173076
1190 -520.85487500 -533.51500000 -508.19475000
1191 -521.13663186 -533.81549450 -508.45776923
1192 -521.41838873 -534.11598901 -508.72078846
1193 -521.70014560 -534.41648351 -508.98380769
1194 -521.98190247 -534.71697802 -509.24682692
1195 -522.26365934 -535.01747252 -509.50984615
1196 -522.54541620 -535.31796703 -509.77286538
1197 -522.82717307 -535.61846153 -510.03588461
1198 -523.10892994 -535.91895604 -510.29890384
1199 -523.39068681 -536.21945054 -510.56192307
1200 -523.67244368 -536.51994505 -510.82494230
1201 -523.95420054 -536.82043956 -511.08796153
1202 -524.23595741 -537.12093406 -511.35098076
1203 -524.51771428 -537.42142857 -511.61400000
1204 -524.79947115 -537.72192307 -511.87701923
1205 -525.08122802 -538.02241758 -512.14003846
1206 -525.36298489 -538.32291208 -512.40305769
1207 -525.64474175 -538.62340659 -512.66607692
1208 -525.92649862 -538.92390109 -512.92909615
1209 -526.20825549 -539.22439560 -513.19211538
1210 -526.49001236 -539.52489010 -513.45513461
1211 -526.77176923 -539.82538461 -513.71815384
1212 -527.05352609 -540.12587912 -513.98117307
1213 -527.33528296 -540.42637362 -514.24419230
1214 -527.61703983 -540.72686813 -514.50721153
1215 -527.89879670 -541.02736263 -514.77023076
1216 -528.18055357 -541.32785714 -515.03325000
1217 -528.46231043 -541.62835164 -515.29626923
1218 -528.74406730 -541.92884615 -515.55928846
1219 -529.02582417 -542.22934065 -515.82230769
1220 -529.30758104 -542.52983516 -516.08532692
1221 -529.58933791 -542.83032967 -516.34834615
1222 -529.87109478 -543.13082417 -516.61136538
1223 -530.15285164 -543.43131868 -516.87438461
1224 -530.43460851 -543.73181318 -517.13740384
1225 -530.71636538 -544.03230769 -517.40042307
1226 -530.99812225 -544.33280219 -517.66344230
1227 -531.27987912 -544.63329670 -517.92646153
1228 -531.56163598 -544.93379120 -518.18948076
1229 -531.84339285 -545.23428571 -518.45250000
1230 -532.12514972 -545.53478021 -518.71551923
1231 -532.40690659 -545.83527472 -518.97853846
1232 -532.68866346 -546.13576923 -519.24155769
1233 -532.97042032 -546.43626373 -519.50457692
1234 -533.25217719 -546.73675824 -519.76759615
1235 -533.53393406 -547.03725274 -520.03061538
1236 -533.81569093 -547.33774725 -520.29363461
1237 -534.09744780 -547.63824175 -520.55665384
1238 -534.37920467 -547.93873626 -520.81967307
1239 -534.66096153 -548.23923076 -521.08269230
1240 -534.94271840 -548.53972527 -521.34571153
1241 -535.22447527 -548.84021978 -521.60873076
1242 -535.50623214 -549.14071428 -521.87175000
1243 -535.78798901 -549.44120879 -522.13476923
1244 -536.06974587 -549.74170329 -522.39778846
1245 -536.35150274 -550.04219780 -522.66080769
1246 -536.63325961 -550.34269230 -522.92382692
1247 -536.91501648 -550.64318681 -523.18684615
1248 -537.19677335 -550.94368131 -523.44986538
1249 -537.47853021 -551.24417582 -523.71288461
1250 -537.76028708 -551.54467032 -523.97590384
1251 -538.04204395 -551.84516483 -524.23892307
1252 -538.32380082 -552.14565934 -524.50194230
1253 -538.60555769 -552.44615384 -524.76496153
1254 -538.88731456 -552.74664835 -525.02798076
1255 -539.16907142 -553.04714285 -525.29100000
1256 -539.45082829 -553.34763736 -525.55401923
1257 -539.73258516 -553.64813186 -525.81703846
1258 -540.01434203 -553.94862637 -526.08005769
1259 -540.29609890 -554.24912087 -526.34307692
1260 -540.57785576 -554.54961538 -526.60609615
1261 -540.85961263 -554.85010989 -526.86911538
1262 -541.14136950 -555.15060439 -527.13213461
1263 -541.42312637 -555.45109890 -527.39515384
1264 -541.70488324 -555.75159340 -527.65817307
1265 -541.98664010 -556.05208791 -527.92119230
1266 -542.26839697 -556.35258241 -528.18421153
1267 -542.55015384 -556.65307692 -528.44723076
1268 -542.83191071 -556.95357142 -528.71025000
1269 -543.11366758 -557.25406593 -528.97326923
1270 -543.39542445 -557.55456043 -529.23628846
1271 -543.67718131 -557.85505494 -529.49930769
1272 -543.95893818 -558.15554945 -529.76232692
1273 -544.24069505 -558.45604395 -530.02534615
1274 -544.52245192 -558.75653846 -530.28836538
1275 -544.80420879 -559.05703296 -530.55138461
1276 -545.08596565 -559.35752747 -530.81440384
1277 -545.36772252 -559.65802197 -531.07742307
1278 -545.64947939 -559.95851648 -531.34044230
1279 -545.93123626 -560.25901098 -531.60346153
1280 -546.21299313 -560.55950549 -531.86648076
1281 -546.49475000 -560.86000000 -532.12950000
1282 -546.77650686 -561.16049450 -532.39251923
1283 -547.05826373 -561.46098901 -532.65553846
1284 -547.34002060 -561.76148351 -532.91855769
1285 -547.62177747 -562.06197802 -533.18157692
1286 -547.90353434 -562.36247252 -533.44459615
1287 -548.18529120 -562.66296703 -533.70761538
1288 -548.46704807 -562.96346153 -533.97063461
1289 -548.74880494 -563.26395604 -534.23365384
1290 -549.03056181 -563.56445054 -534.49667307
1291 -549.31231868 -563.86494505 -534.75969230
1292 -549.59407554 -564.16543956 -535.02271153
1293 -549.87583241 -564.46593406 -535.28573076
1294 -550.15758928 -564.76642857 -535.54875000
1295 -550.43934615 -565.06692307 -535.81176923
1296 -550.72110302 -565.36741758 -536.07478846
1297 -551.00285989 -565.66791208 -536.33780769
1298 -551.28461675 -565.96840659 -536.60082692
1299 -551.56637362 -566.26890109 -536.86384615
1300 -551.84813049 -566.56939560 -537.12686538
1301 -552.12988736 -566.86989010 -537.38988461
1302 -552.41164423 -567.17038461 -537.65290384
1303 -552.69340109 -567.47087912 -537.91592307
1304 -552.97515796 -567.77137362 -538.17894230
1305 -553.25691483 -568.07186813 -538.44196153
1306 -553.53867170 -568.37236263 -538.70498076
1307 -553.82042857 -568.67285714 -538.96800000
1308 -554.10218543 -568.97335164 -539.23101923
1309 -554.38394230 -569.27384615 -539.49403846
1310 -554.66569917 -569.57434065 -539.75705769
1311 -554.94745604 -569.87483516 -540.02007692
1312 -555.22921291 -570.17532967 -540.28309615
1313 -555.51096978 -570.47582417 -540.54611538
1314 -555.79272664 -570.77631868 -540.80913461
1315 -556.07448351 -571.07681318 -541.07215384
1316 -556.35624038 -571.37730769 -541.33517307
1317 -556.63799725 -571.67780219 -541.59819230
1318 -556.91975412 -571.97829670 -541.86121153
1319 -557.20151098 -572.27879120 -542.12423076
1320 -557.48326785 -572.57928571 -542.38725000
1321 -557.76502472 -572.87978021 -542.65026923
1322 -558.04678159 -573.18027472 -542.91328846
1323 -558.32853846 -573.48076923 -543.17630769
1324 -558.61029532 -573.78126373 -543.43932692
1325 -558.89205219 -574.08175824 -543.70234615
1326 -559.17380906 -574.38225274 -543.96536538
1327 -559.45556593 -574.68274725 -544.22838461
1328 -559.73732280 -574.98324175 -544.49140384
1329 -560.01907967 -575.28373626 -544.75442307
1330 -560.30083653 -575.58423076 -545.01744230
1331 -560.58259340 -575.88472527 -545.28046153
1332 -560.86435027 -576.18521978 -545.54348076
1333 -561.14610714 -576.48571428 -545.80650000
1334 -561.42786401 -576.78620879 -546.06951923
1335 -561.70962087 -577.08670329 -546.33253846
1336 -561.99137774 -577.38719780 -546.59555769
1337 -562.27313461 -577.68769230 -546.85857692
1338 -562.55489148 -577.98818681 -547.12159615
1339 -562.83664835 -578.28868131 -547.38461538
1340 -563.11840521 -578.58917582 -547.64763461
1341 -563.40016208 -578.88967032 -547.91065384
1342 -563.68191895 -579.19016483 -548.17367307
1343 -563.96367582 -579.49065934 -548.43669230
1344 -564.24543269 -579.79115384 -548.69971153
1345 -564.52718956 -580.09164835 -548.96273076
1346 -564.80894642 -580.39214285 -549.22575000
1347 -565.09070329 -580.69263736 -549.48876923
1348 -565.37246016 -580.99313186 -549.75178846
1349 -565.65421703 -581.29362637 -550.01480769
1350 -565.93597390 -581.59412087 -550.27782692
1351 -566.21773076 -581.89461538 -550.54084615
1352 -566.49948763 -582.19510989 -550.80386538
1353 -566.78124450 -582.49560439 -551.06688461
1354 -567.06300137 -582.79609890 -551.32990384
1355 -567.34475824 -583.09659340 -551.59292307
1356 -567.62651510 -583.39708791 -551.85594230
1357 -567.90827197 -583.69758241 -552.11896153
1358 -568.19002884 -583.99807692 -552.38198076
1359 -568.47178571 -584.29857142 -552.64500000
1360 -568.75354258 -584.59906593 -552.90801923
1361 -569.03529945 -584.89956043 -553.17103846
1362 -569.31705631 -585.20005494 -553.43405769
1363 -569.59881318 -585.50054945 -553.69707692
1364 -569.88057005 -585.80104395 -553.96009615
1365 -570.16232692 -586.10153846 -554.22311538
1366 -570.44408379 -586.40203296 -554.48613461
1367 -570.72584065 -586.70252747 -554.74915384
1368 -571.00759752 -587.00302197 -555.01217307
1369 -571.28935439 -587.30351648 -555.27519230
1370 -571.57111126 -587.60401098 -555.53821153
1371 -571.85286813 -587.90450549 -555.80123076
1372 -572.13462500 -588.20500000 -556.06425000
1373 -572.41638186 -588.50549450 -556.32726923
1374 -572.69813873 -588.80598901 -556.59028846
1375 -572.97989560 -589.10648351 -556.85330769
1376 -573.26165247 -589.40697802 -557.11632692
1377 -573.54340934 -589.70747252 -557.37934615
1378 -573.82516620 -590.00796703 -557.64236538
1379 -574.10692307 -590.30846153 -557.90538461
1380 -574.38867994 -590.60895604 -558.16840384
1381 -574.67043681 -590.90945054 -558.43142307
1382 -574.95219368 -591.20994505 -558.69444230
1383 -575.23395054 -591.51043956 -558.95746153
1384 -575.51570741 -591.81093406 -559.22048076
1385 -575.79746428 -592.11142857 -559.48350000
1386 -576.07922115 -592.41192307 -559.74651923
1387 -576.36097802 -592.71241758 -560.00953846
1388 -576.64273489 -593.01291208 -560.27255769
1389 -576.92449175 -593.31340659 -560.53557692
1390 -577.20624862 -593.61390109 -560.79859615
1391 -577.48800549 -593.91439560 -561.06161538
1392 -577.76976236 -594.21489010 -561.32463461
1393 -578.05151923 -594.51538461 -561.58765384
1394 -578.33327609 -594.81587912 -561.85067307
1395 -578.61503296 -595.11637362 -562.11369230
1396 -578.89678983 -595.41686813 -562.37671153
1397 -579.17854670 -595.71736263 -562.63973076
1398 -579.46030357 -596.01785714 -562.90275000
1399 -579.74206043 -596.31835164 -563.16576923
1400 -580.02381730 -596.61884615 -563.42878846
1401 -580.30557417 -596.91934065 -563.69180769
1402 -580.58733104 -597.21983516 -563.95482692
1403 -580.86908791 -597.52032967 -564.21784615
1404 -581.15084478 -597.82082417 -564.48086538
1405 -581.43260164 -598.12131868 -564.74388461
1406 -581.71435851 -598.42181318 -565.00690384
1407 -581.99611538 -598.72230769 -565.26992307
1408 -582.27787225 -599.02280219 -565.53294230
1409 -582.55962912 -599.32329670 -565.79596153
1410 -582.84138598 -599.62379120 -566.05898076
1411 -583.12314285 -599.92428571 -566.32200000
1412 -583.40489972 -600.22478021 -566.58501923
1413 -583.68665659 -600.52527472 -566.84803846
1414 -583.96841346 -600.82576923 -567.11105769
1415 -584.25017032 -601.12626373 -567.37407692
1416 -584.53192719 -601.42675824 -567.63709615
1417 -584.81368406 -601.72725274 -567.90011538
1418 -585.09544093 -602.02774725 -568.16313461
1419 -585.37719780 -602.32824175 -568.42615384
1420 -585.65895467 -602.62873626 -568.68917307
1421 -585.94071153 -602.92923076 -568.95219230
1422 -586.22246840 -603.22972527 -569.21521153
1423 -586.50422527 -603.53021978 -569.47823076
1424 -586.78598214 -603.83071428 -569.74125000
1425 -587.06773901 -604.13120879 -570.00426923
1426 -587.34949587 -604.43170329 -570.26728846
1427 -587.63125274 -604.73219780 -570.53030769
1428 -587.91300961 -605.03269230 -570.79332692
1429 -588.19476648 -605.33318681 -571.05634615
1430 -588.47652335 -605.63368131 -571.31936538
1431 -588.75828021 -605.93417582 -571.58238461
1432 -589.04003708 -606.23467032 -571.84540384
1433 -589.32179395 -606.53516483 -572.10842307
1434 -589.60355082 -606.83565934 -572.37144230
1435 -589.88530769 -607.13615384 -572.63446153
1436 -590.16706456 -607.43664835 -572.89748076
1437 -590.44882142 -607.73714285 -573.16050000
1438 -590.73057829 -608.03763736 -573.42351923
1439 -591.01233516 -608.33813186 -573.68653846
1440 -591.29409203 -608.63862637 -573.94955769
1441 -591.57584890 -608.93912087 -574.21257692
1442 -591.85760576 -609.23961538 -574.47559615
1443 -592.13936263 -609.54010989 -574.73861538
1444 -592.42111950 -609.84060439 -575.00163461
1445 -592.70287637 -610.14109890 -575.26465384
1446 -592.98463324 -610.44159340 -575.52767307
1447 -593.26639010 -610.74208791 -575.79069230
1448 -593.54814697 -611.04258241 -576.05371153
1449 -593.82990384 -611.34307692 -576.31673076
1450 -594.11166071 -611.64357142 -576.57975000
1451 -594.39341758 -611.94406593 -576.84276923
1452 -594.67517445 -612.24456043 -577.10578846
1453 -594.95693131 -612.54505494 -577.36880769
1454 -595.23868818 -612.84554945 -577.63182692
1455 -595.52044505 -613.14604395 -577.89484615
1456 -595.80220192 -613.44653846 -578.15786538
1457 -596.08395879 -613.74703296 -578.42088461
1458 -596.36571565 -614.04752747 -578.68390384
1459 -596.64747252 -614.34802197 -578.94692307
1460 -596.92922939 -614.64851648 -579.20994230
1461 -597.21098626 -614.94901098 -579.47296153
1462 -597.49274313 -615.24950549 -579.73598076
1463 -597.77450000 -615.55000000 -579.99900000
1464 -598.06743869 -615.85575476 -580.27912261
1465 -598.36037738 -616.16150953 -580.55924523
1466 -598.65331607 -616.46726430 -580.83936784
1467 -598.94625476 -616.77301907 -581.11949046
1468 -599.23919346 -617.07877384 -581.39961307
1469 -599.53213215 -617.38452861 -581.67973569
1470 -599.82507084 -617.69028337 -581.95985831
1471 -600.11800953 -617.99603814 -582.23998092
1472 -600.41094822 -618.30179291 -582.52010354
1473 -600.70388692 -618.60754768 -582.80022615
1474 -600.99682561 -618.91330245 -583.08034877
1475 -601.28976430 -619.21905722 -583.36047138
1476 -601.58270299 -619.52481198 -583.64059400
1477 -601.87564168 -619.83056675 -583.92071662
1478 -602.16858038 -620.13632152 -584.20083923
1479 -602.46151907 -620.44207629 -584.48096185
1480 -602.75445776 -620.74783106 -584.76108446
1481 -603.04739645 -621.05358583 -585.04120708
1482 -603.34033514 -621.35934059 -585.32132970
1483 -603.63327384 -621.66509536 -585.60145231
1484 -603.92621253 -621.97085013 -585.88157493
1485 -604.21915122 -622.27660490 -586.16169754
1486 -604.51208991 -622.58235967 -586.44182016
1487 -604.80502861 -622.88811444 -586.72194277
1488 -605.09796730 -623.19386920 -587.00206539
1489 -605.39090599 -623.49962397 -587.28218801
1490 -605.68384468 -623.80537874 -587.56231062
1491 -605.97678337 -624.11113351 -587.84243324
1492 -606.26972207 -624.41688828 -588.12255585
1493 -606.56266076 -624.72264305 -588.40267847
1494 -606.85559945 -625.02839782 -588.68280108
1495 -607.14853814 -625.33415258 -588.96292370
1496 -607.44147683 -625.63990735 -589.24304632
1497 -607.73441553 -625.94566212 -589.52316893
1498 -608.02735422 -626.25141689 -589.80329155
1499 -608.32029291 -626.55717166 -590.08341416
1500 -608.61323160 -626.86292643 -590.36353678
1501 -608.90617029 -627.16868119 -590.64365940
1502 -609.19910899 -627.47443596 -590.92378201
1503 -609.49204768 -627.78019073 -591.20390463
1504 -609.78498637 -628.08594550 -591.48402724
1505 -610.07792506 -628.39170027 -591.76414986
1506 -610.37086376 -628.69745504 -592.04427247
1507 -610.66380245 -629.00320980 -592.32439509
1508 -610.95674114 -629.30896457 -592.60451771
1509 -611.24967983 -629.61471934 -592.88464032
1510 -611.54261852 -629.92047411 -593.16476294
1511 -611.83555722 -630.22622888 -593.44488555
1512 -612.12849591 -630.53198365 -593.72500817
1513 -612.42143460 -630.83773841 -594.00513079
1514 -612.71437329 -631.14349318 -594.28525340
1515 -613.00731198 -631.44924795 -594.56537602
1516 -613.30025068 -631.75500272 -594.84549863
1517 -613.59318937 -632.06075749 -595.12562125
1518 -613.88612806 -632.36651226 -595.40574386
1519 -614.17906675 -632.67226703 -595.68586648
1520 -614.47200544 -632.97802179 -595.96598910
1521 -614.76494414 -633.28377656 -596.24611171
1522 -615.05788283 -633.58953133 -596.52623433
1523 -615.35082152 -633.89528610 -596.80635694
1524 -615.64376021 -634.20104087 -597.08647956
1525 -615.93669891 -634.50679564 -597.36660217
1526 -616.22963760 -634.81255040 -597.64672479
1527 -616.52257629 -635.11830517 -597.92684741
1528 -616.81551498 -635.42405994 -598.20697002
1529 -617.10845367 -635.72981471 -598.48709264
1530 -617.40139237 -636.03556948 -598.76721525
1531 -617.69433106 -636.34132425 -599.04733787
1532 -617.98726975 -636.64707901 -599.32746049
1533 -618.28020844 -636.95283378 -599.60758310
1534 -618.57314713 -637.25858855 -599.88770572
1535 -618.86608583 -637.56434332 -600.16782833
1536 -619.15902452 -637.87009809 -600.44795095
1537 -619.45196321 -638.17585286 -600.72807356
1538 -619.74490190 -638.48160762 -601.00819618
1539 -620.03784059 -638.78736239 -601.28831880
1540 -620.33077929 -639.09311716 -601.56844141
1541 -620.62371798 -639.39887193 -601.84856403
1542 -620.91665667 -639.70462670 -602.12868664
1543 -621.20959536 -640.01038147 -602.40880926
1544 -621.50253405 -640.31613623 -602.68893188
1545 -621.79547275 -640.62189100 -602.96905449
1546 -622.08841144 -640.92764577 -603.24917711
1547 -622.38135013 -641.23340054 -603.52929972
1548 -622.67428882 -641.53915531 -603.80942234
1549 -622.96722752 -641.84491008 -604.08954495
1550 -623.26016621 -642.15066485 -604.36966757
1551 -623.55310490 -642.45641961 -604.64979019
1552 -623.84604359 -642.76217438 -604.92991280
1553 -624.13898228 -643.06792915 -605.21003542
1554 -624.43192098 -643.37368392 -605.49015803
1555 -624.72485967 -643.67943869 -605.77028065
1556 -625.01779836 -643.98519346 -606.05040326
1557 -625.31073705 -644.29094822 -606.33052588
1558 -625.60367574 -644.59670299 -606.61064850
1559 -625.89661444 -644.90245776 -606.89077111
1560 -626.18955313 -645.20821253 -607.17089373
1561 -626.48249182 -645.51396730 -607.45101634
1562 -626.77543051 -645.81972207 -607.73113896
1563 -627.06836920 -646.12547683 -608.01126158
1564 -627.36130790 -646.43123160 -608.29138419
1565 -627.65424659 -646.73698637 -608.57150681
1566 -627.94718528 -647.04274114 -608.85162942
1567 -628.24012397 -647.34849591 -609.13175204
1568 -628.53306267 -647.65425068 -609.41187465
1569 -628.82600136 -647.96000544 -609.69199727
1570 -629.11894005 -648.26576021 -609.97211989
1571 -629.41187874 -648.57151498 -610.25224250
1572 -629.70481743 -648.87726975 -610.53236512
1573 -629.99775613 -649.18302452 -610.81248773
1574 -630.29069482 -649.48877929 -611.09261035
1575 -630.58363351 -649.79453405 -611.37273297
1576 -630.87657220 -650.10028882 -611.65285558
1577 -631.16951089 -650.40604359 -611.93297820
1578 -631.46244959 -650.71179836 -612.21310081
1579 -631.75538828 -651.01755313 -612.49322343
1580 -632.04832697 -651.32330790 -612.77334604
1581 -632.34126566 -651.62906267 -613.05346866
1582 -632.63420435 -651.93481743 -613.33359128
1583 -632.92714305 -652.24057220 -613.61371389
1584 -633.22008174 -652.54632697 -613.89383651
1585 -633.51302043 -652.85208174 -614.17395912
1586 -633.80595912 -653.15783651 -614.45408174
1587 -634.09889782 -653.46359128 -614.73420435
1588 -634.39183651 -653.76934604 -615.01432697
1589 -634.68477520 -654.07510081 -615.29444959
1590 -634.97771389 -654.38085558 -615.57457220
1591 -635.27065258 -654.68661035 -615.85469482
1592 -635.56359128 -654.99236512 -616.13481743
1593 -635.85652997 -655.29811989 -616.41494005
1594 -636.14946866 -655.60387465 -616.69506267
1595 -636.44240735 -655.90962942 -616.97518528
1596 -636.73534604 -656.21538419 -617.25530790
1597 -637.02828474 -656.52113896 -617.53543051
1598 -637.32122343 -656.82689373 -617.81555313
1599 -637.61416212 -657.13264850 -618.09567574
1600 -637.90710081 -657.43840326 -618.37579836
1601 -638.20003950 -657.74415803 -618.65592098
1602 -638.49297820 -658.04991280 -618.93604359
1603 -638.78591689 -658.35566757 -619.21616621
1604 -639.07885558 -658.66142234 -619.49628882
1605 -639.37179427 -658.96717711 -619.77641144
1606 -639.66473297 -659.27293188 -620.05653405
1607 -639.95767166 -659.57868664 -620.33665667
1608 -640.25061035 -659.88444141 -620.61677929
1609 -640.54354904 -660.19019618 -620.89690190
1610 -640.83648773 -660.49595095 -621.17702452
1611 -641.12942643 -660.80170572 -621.45714713
1612 -641.42236512 -661.10746049 -621.73726975
1613 -641.71530381 -661.41321525 -622.01739237
1614 -642.00824250 -661.71897002 -622.29751498
1615 -642.30118119 -662.02472479 -622.57763760
1616 -642.59411989 -662.33047956 -622.85776021
1617 -642.88705858 -662.63623433 -623.13788283
1618 -643.17999727 -662.94198910 -623.41800544
1619 -643.47293596 -663.24774386 -623.69812806
1620 -643.76587465 -663.55349863 -623.97825068
1621 -644.05881335 -663.85925340 -624.25837329
1622 -644.35175204 -664.16500817 -624.53849591
1623 -644.64469073 -664.47076294 -624.81861852
1624 -644.93762942 -664.77651771 -625.09874114
1625 -645.23056811 -665.08227247 -625.37886376
1626 -645.52350681 -665.38802724 -625.65898637
1627 -645.81644550 -665.69378201 -625.93910899
1628 -646.10938419 -665.99953678 -626.21923160
1629 -646.40232288 -666.30529155 -626.49935422
1630 -646.69526158 -666.61104632 -626.77947683
1631 -646.98820027 -666.91680108 -627.05959945
1632 -647.28113896 -667.22255585 -627.33972207
1633 -647.57407765 -667.52831062 -627.61984468
1634 -647.86701634 -667.83406539 -627.89996730
1635 -648.15995504 -668.13982016 -628.18008991
1636 -648.45289373 -668.44557493 -628.46021253
1637 -648.74583242 -668.75132970 -628.74033514
1638 -649.03877111 -669.05708446 -629.02045776
1639 -649.33170980 -669.36283923 -629.30058038
1640 -649.62464850 -669.66859400 -629.58070299
1641 -649.91758719 -669.97434877 -629.86082561
1642 -650.21052588 -670.28010354 -630.14094822
1643 -650.50346457 -670.58585831 -630.42107084
1644 -650.79640326 -670.89161307 -630.70119346
1645 -651.08934196 -671.19736784 -630.98131607
1646 -651.38228065 -671.50312261 -631.26143869
1647 -651.67521934 -671.80887738 -631.54156130
1648 -651.96815803 -672.11463215 -631.82168392
1649 -652.26109673 -672.42038692 -632.10180653
1650 -652.55403542 -672.72614168 -632.38192915
1651 -652.84697411 -673.03189645 -632.66205177
1652 -653.13991280 -673.33765122 -632.94217438
1653 -653.43285149 -673.64340599 -633.22229700
1654 -653.72579019 -673.94916076 -633.50241961
1655 -654.01872888 -674.25491553 -633.78254223
1656 -654.31166757 -674.56067029 -634.06266485
1657 -654.60460626 -674.86642506 -634.34278746
1658 -654.89754495 -675.17217983 -634.62291008
1659 -655.19048365 -675.47793460 -634.90303269
1660 -655.48342234 -675.78368937 -635.18315531
1661 -655.77636103 -676.08944414 -635.46327792
1662 -656.06929972 -676.39519891 -635.74340054
1663 -656.36223841 -676.70095367 -636.02352316
1664 -656.65517711 -677.00670844 -636.30364577
1665 -656.94811580 -677.31246321 -636.58376839
1666 -657.24105449 -677.61821798 -636.86389100
1667 -657.53399318 -677.92397275 -637.14401362
1668 -657.82693188 -678.22972752 -637.42413623
1669 -658.11987057 -678.53548228 -637.70425885
1670 -658.41280926 -678.84123705 -637.98438147
1671 -658.70574795 -679.14699182 -638.26450408
1672 -658.99868664 -679.45274659 -638.54462670
1673 -659.29162534 -679.75850136 -638.82474931
1674 -659.58456403 -680.06425613 -639.10487193
1675 -659.87750272 -680.37001089 -639.38499455
1676 -660.17044141 -680.67576566 -639.66511716
1677 -660.46338010 -680.98152043 -639.94523978
1678 -660.75631880 -681.28727520 -640.22536239
1679 -661.04925749 -681.59302997 -640.50548501
1680 -661.34219618 -681.89878474 -640.78560762
1681 -661.63513487 -682.20453950 -641.06573024
1682 -661.92807356 -682.51029427 -641.34585286
1683 -662.22101226 -682.81604904 -641.62597547
1684 -662.51395095 -683.12180381 -641.90609809
1685 -662.80688964 -683.42755858 -642.18622070
1686 -663.09982833 -683.73331335 -642.46634332
1687 -663.39276703 -684.03906811 -642.74646594
1688 -663.68570572 -684.34482288 -643.02658855
1689 -663.97864441 -684.65057765 -643.30671117
1690 -664.27158310 -684.95633242 -643.58683378
1691 -664.56452179 -685.26208719 -643.86695640
1692 -664.85746049 -685.56784196 -644.14707901
1693 -665.15039918 -685.87359673 -644.42720163
1694 -665.44333787 -686.17935149 -644.70732425
1695 -665.73627656 -686.48510626 -644.98744686
1696 -666.02921525 -686.79086103 -645.26756948
1697 -666.32215395 -687.09661580 -645.54769209
1698 -666.61509264 -687.40237057 -645.82781471
1699 -666.90803133 -687.70812534 -646.10793732
1700 -667.20097002 -688.01388010 -646.38805994
1701 -667.49390871 -688.31963487 -646.66818256
1702 -667.78684741 -688.62538964 -646.94830517
1703 -668.07978610 -688.93114441 -647.22842779
1704 -668.37272479 -689.23689918 -647.50855040
1705 -668.66566348 -689.54265395 -647.78867302
1706 -668.95860217 -689.84840871 -648.06879564
1707 -669.25154087 -690.15416348 -648.34891825
1708 -669.54447956 -690.45991825 -648.62904087
1709 -669.83741825 -690.76567302 -648.90916348
1710 -670.13035694 -691.07142779 -649.18928610
1711 -670.42329564 -691.37718256 -649.46940871
1712 -670.71623433 -691.68293732 -649.74953133
1713 -671.00917302 -691.98869209 -650.02965395
1714 -671.30211171 -692.29444686 -650.30977656
1715 -671.59505040 -692.60020163 -650.58989918
1716 -671.88798910 -692.90595640 -650.87002179
1717 -672.18092779 -693.21171117 -651.15014441
1718 -672.47386648 -693.51746594 -651.43026703
1719 -672.76680517 -693.82322070 -651.71038964
1720 -673.05974386 -694.12897547 -651.99051226
1721 -673.35268256 -694.43473024 -652.27063487
1722 -673.64562125 -694.74048501 -652.55075749
1723 -673.93855994 -695.04623978 -652.83088010
1724 -674.23149863 -695.35199455 -653.11100272
1725 -674.52443732 -695.65774931 -653.39112534
1726 -674.81737602 -695.96350408 -653.67124795
1727 -675.11031471 -696.26925885 -653.95137057
1728 -675.40325340 -696.57501362 -654.23149318
1729 -675.69619209 -696.88076839 -654.51161580
1730 -675.98913079 -697.18652316 -654.79173841
1731 -676.28206948 -697.49227792 -655.07186103
1732 -676.57500817 -697.79803269 -655.35198365
1733 -676.86794686 -698.10378746 -655.63210626
1734 -677.16088555 -698.40954223 -655.91222888
1735 -677.45382425 -698.71529700 -656.19235149
1736 -677.74676294 -699.02105177 -656.47247411
1737 -678.03970163 -699.32680653 -656.75259673
1738 -678.33264032 -699.63256130 -657.03271934
1739 -678.62557901 -699.93831607 -657.31284196
1740 -678.91851771 -700.24407084 -657.59296457
1741 -679.21145640 -700.54982561 -657.87308719
1742 -679.50439509 -700.85558038 -658.15320980
1743 -679.79733378 -701.16133514 -658.43333242
1744 -680.09027247 -701.46708991 -658.71345504
1745 -680.38321117 -701.77284468 -658.99357765
1746 -680.67614986 -702.07859945 -659.27370027
1747 -680.96908855 -702.38435422 -659.55382288
1748 -681.26202724 -702.69010899 -659.83394550
1749 -681.55496594 -702.99586376 -660.11406811
1750 -681.84790463 -703.30161852 -660.39419073
1751 -682.14084332 -703.60737329 -660.67431335
1752 -682.43378201 -703.91312806 -660.95443596
1753 -682.72672070 -704.21888283 -661.23455858
1754 -683.01965940 -704.52463760 -661.51468119
1755 -683.31259809 -704.83039237 -661.79480381
1756 -683.60553678 -705.13614713 -662.07492643
1757 -683.89847547 -705.44190190 -662.35504904
1758 -684.19141416 -705.74765667 -662.63517166
1759 -684.48435286 -706.05341144 -662.91529427
1760 -684.77729155 -706.35916621 -663.19541689
1761 -685.07023024 -706.66492098 -663.47553950
1762 -685.36316893 -706.97067574 -663.75566212
1763 -685.65610762 -707.27643051 -664.03578474
1764 -685.94904632 -707.58218528 -664.31590735
1765 -686.24198501 -707.88794005 -664.59602997
1766 -686.53492370 -708.19369482 -664.87615258
1767 -686.82786239 -708.49944959 -665.15627520
1768 -687.12080108 -708.80520435 -665.43639782
1769 -687.41373978 -709.11095912 -665.71652043
1770 -687.70667847 -709.41671389 -665.99664305
1771 -687.99961716 -709.72246866 -666.27676566
1772 -688.29255585 -710.02822343 -666.55688828
1773 -688.58549455 -710.33397820 -666.83701089
1774 -688.87843324 -710.63973297 -667.11713351
1775 -689.17137193 -710.94548773 -667.39725613
1776 -689.46431062 -711.25124250 -667.67737874
1777 -689.75724931 -711.55699727 -667.95750136
1778 -690.05018801 -711.86275204 -668.23762397
1779 -690.34312670 -712.16850681 -668.51774659
1780 -690.63606539 -712.47426158 -668.79786920
1781 -690.92900408 -712.78001634 -669.07799182
1782 -691.22194277 -713.08577111 -669.35811444
1783 -691.51488147 -713.39152588 -669.63823705
1784 -691.80782016 -713.69728065 -669.91835967
1785 -692.10075885 -714.00303542 -670.19848228
1786 -692.39369754 -714.30879019 -670.47860490
1787 -692.68663623 -714.61454495 -670.75872752
1788 -692.97957493 -714.92029972 -671.03885013
1789 -693.27251362 -715.22605449 -671.31897275
1790 -693.56545231 -715.53180926 -671.59909536
1791 -693.85839100 -715.83756403 -671.87921798
1792 -694.15132970 -716.14331880 -672.15934059
1793 -694.44426839 -716.44907356 -672.43946321
1794 -694.73720708 -716.75482833 -672.71958583
1795 -695.03014577 -717.06058310 -672.99970844
1796 -695.32308446 -717.36633787 -673.27983106
1797 -695.61602316 -717.67209264 -673.55995367
1798 -695.90896185 -717.97784741 -673.84007629
1799 -696.20190054 -718.28360217 -674.12019891
1800 -696.49483923 -718.58935694 -674.40032152
1801 -696.78777792 -718.89511171 -674.68044414
1802 -697.08071662 -719.20086648 -674.96056675
1803 -697.37365531 -719.50662125 -675.24068937
1804 -697.66659400 -719.81237602 -675.52081198
1805 -697.95953269 -720.11813079 -675.80093460
1806 -698.25247138 -720.42388555 -676.08105722
1807 -698.54541008 -720.72964032 -676.36117983
1808 -698.83834877 -721.03539509 -676.64130245
1809 -699.13128746 -721.34114986 -676.92142506
1810 -699.42422615 -721.64690463 -677.20154768
1811 -699.71716485 -721.95265940 -677.48167029
1812 -700.01010354 -722.25841416 -677.76179291
1813 -700.30304223 -722.56416893 -678.04191553
1814 -700.59598092 -722.86992370 -678.32203814
1815 -700.88891961 -723.17567847 -678.60216076
1816 -701.18185831 -723.48143324 -678.88228337
1817 -701.47479700 -723.78718801 -679.16240599
1818 -701.76773569 -724.09294277 -679.44252861
1819 -702.06067438 -724.39869754 -679.72265122
1820 -702.35361307 -724.70445231 -680.00277384
1821 -702.64655177 -725.01020708 -680.28289645
1822 -702.93949046 -725.31596185 -680.56301907
1823 -703.23242915 -725.62171662 -680.84314168
1824 -703.52536784 -725.92747138 -681.12326430
1825 -703.81830653 -726.23322615 -681.40338692
1826 -704.11124523 -726.53898092 -681.68350953
1827 -704.40418392 -726.84473569 -681.96363215
1828 -704.69712261 -727.15049046 -682.24375476
1829 -704.99006130 -727.45624523 -682.52387738
1830 -705.28300000 -727.76200000 -682.80400000
