1 0.00126486 0.00124357 0.00128614
2 0.00084324 0.00082905 0.00085743
3 0.00042162 0.00041452 0.00042871
4 0.00000000 0.00000000 0.00000000
5 0.00126486 0.00124357 0.00128614
6 0.00252971 0.00248714 0.00257229
7 0.00379457 0.00373071 0.00385843
8 0.00505943 0.00497429 0.00514457
9 0.00632429 0.00621786 0.00643071
10 0.00758914 0.00746143 0.00771686
11 0.00885400 0.00870500 0.00900300
12 0.01020227 0.01005092 0.01035363
13 0.01155054 0.01139683 0.01170425
14 0.01289881 0.01274275 0.01305488
15 0.01424708 0.01408867 0.01440550
16 0.01559535 0.01543458 0.01575613
17 0.01694363 0.01678050 0.01710675
18 0.01829190 0.01812642 0.01845738
19 0.01964017 0.01947233 0.01980800
20 0.02098844 0.02081825 0.02115863
21 0.02233671 0.02216417 0.02250925
22 0.02368498 0.02351008 0.02385988
23 0.02503325 0.02485600 0.02521050
24 0.02638152 0.02620192 0.02656113
25 0.02772979 0.02754783 0.02791175
26 0.02907806 0.02889375 0.02926238
27 0.03042633 0.03023967 0.03061300
28 0.03177460 0.03158558 0.03196363
29 0.03312288 0.03293150 0.03331425
30 0.03447115 0.03427742 0.03466488
31 0.03581942 0.03562333 0.03601550
32 0.03716769 0.03696925 0.03736613
33 0.03851596 0.03831517 0.03871675
34 0.03986423 0.03966108 0.04006738
35 0.04121250 0.04100700 0.04141800
36 0.04243039 0.04222723 0.04263355
37 0.04364827 0.04344745 0.04384910
38 0.04486616 0.04466768 0.04506465
39 0.04608405 0.04588790 0.04628019
40 0.04730194 0.04710813 0.04749574
41 0.04851982 0.04832835 0.04871129
42 0.04973771 0.04954858 0.04992684
43 0.05095560 0.05076881 0.05114239
44 0.05217348 0.05198903 0.05235794
45 0.05339137 0.05320926 0.05357348
46 0.05460926 0.05442948 0.05478903
47 0.05582715 0.05564971 0.05600458
48 0.05704503 0.05686994 0.05722013
49 0.05826292 0.05809016 0.05843568
50 0.05948081 0.05931039 0.05965123
51 0.06069869 0.06053061 0.06086677
52 0.06191658 0.06175084 0.06208232
53 0.06313447 0.06297106 0.06329787
54 0.06435235 0.06419129 0.06451342
55 0.06557024 0.06541152 0.06572897
56 0.06678813 0.06663174 0.06694452
57 0.06800602 0.06785197 0.06816006
58 0.06922390 0.06907219 0.06937561
59 0.07044179 0.07029242 0.07059116
60 0.07165968 0.07151265 0.07180671
61 0.07287756 0.07273287 0.07302226
62 0.07409545 0.07395310 0.07423781
63 0.07531334 0.07517332 0.07545335
64 0.07653123 0.07639355 0.07666890
65 0.07774911 0.07761377 0.07788445
66 0.07896700 0.07883400 0.07910000
67 0.08011810 0.07998203 0.08025417
68 0.08126920 0.08113007 0.08140833
69 0.08242030 0.08227810 0.08256250
70 0.08357140 0.08342613 0.08371667
71 0.08472250 0.08457417 0.08487083
72 0.08587360 0.08572220 0.08602500
73 0.08702470 0.08687023 0.08717917
74 0.08817580 0.08801827 0.08833333
75 0.08932690 0.08916630 0.08948750
76 0.09047800 0.09031433 0.09064167
77 0.09162910 0.09146237 0.09179583
78 0.09278020 0.09261040 0.09295000
79 0.09393130 0.09375843 0.09410417
80 0.09508240 0.09490647 0.09525833
81 0.09623350 0.09605450 0.09641250
82 0.09738460 0.09720253 0.09756667
83 0.09853570 0.09835057 0.09872083
84 0.09968680 0.09949860 0.09987500
85 0.10083790 0.10064663 0.10102917
86 0.10198900 0.10179467 0.10218333
87 0.10314010 0.10294270 0.10333750
88 0.10429120 0.10409073 0.10449167
89 0.10544230 0.10523877 0.10564583
90 0.10659340 0.10638680 0.10680000
91 0.10774450 0.10753483 0.10795417
92 0.10889560 0.10868287 0.10910833
93 0.11004670 0.10983090 0.11026250
94 0.11119780 0.11097893 0.11141667
95 0.11234890 0.11212697 0.11257083
96 0.11350000 0.11327500 0.11372500
97 0.11462023 0.11439467 0.11484578
98 0.11574046 0.11551435 0.11596657
99 0.11686068 0.11663402 0.11708735
100 0.11798091 0.11775370 0.11820813
101 0.11910114 0.11887337 0.11932891
102 0.12022137 0.11999304 0.12044970
103 0.12134160 0.12111272 0.12157048
104 0.12246183 0.12223239 0.12269126
105 0.12358205 0.12335207 0.12381204
106 0.12470228 0.12447174 0.12493283
107 0.12582251 0.12559141 0.12605361
108 0.12694274 0.12671109 0.12717439
109 0.12806297 0.12783076 0.12829517
110 0.12918320 0.12895043 0.12941596
111 0.13030342 0.13007011 0.13053674
112 0.13142365 0.13118978 0.13165752
113 0.13254388 0.13230946 0.13277830
114 0.13366411 0.13342913 0.13389909
115 0.13478434 0.13454880 0.13501987
116 0.13590457 0.13566848 0.13614065
117 0.13702479 0.13678815 0.13726143
118 0.13814502 0.13790783 0.13838222
119 0.13926525 0.13902750 0.13950300
120 0.14038548 0.14014717 0.14062378
121 0.14150571 0.14126685 0.14174457
122 0.14262593 0.14238652 0.14286535
123 0.14374616 0.14350620 0.14398613
124 0.14486639 0.14462587 0.14510691
125 0.14598662 0.14574554 0.14622770
126 0.14710685 0.14686522 0.14734848
127 0.14822708 0.14798489 0.14846926
128 0.14934730 0.14910457 0.14959004
129 0.15046753 0.15022424 0.15071083
130 0.15158776 0.15134391 0.15183161
131 0.15270799 0.15246359 0.15295239
132 0.15382822 0.15358326 0.15407317
133 0.15494845 0.15470293 0.15519396
134 0.15606867 0.15582261 0.15631474
135 0.15718890 0.15694228 0.15743552
136 0.15830913 0.15806196 0.15855630
137 0.15942936 0.15918163 0.15967709
138 0.16054959 0.16030130 0.16079787
139 0.16166982 0.16142098 0.16191865
140 0.16279004 0.16254065 0.16303943
141 0.16391027 0.16366033 0.16416022
142 0.16503050 0.16478000 0.16528100
143 0.16615073 0.16589967 0.16640178
144 0.16727096 0.16701935 0.16752257
145 0.16839118 0.16813902 0.16864335
146 0.16951141 0.16925870 0.16976413
147 0.17063164 0.17037837 0.17088491
148 0.17175187 0.17149804 0.17200570
149 0.17287210 0.17261772 0.17312648
150 0.17399233 0.17373739 0.17424726
151 0.17511255 0.17485707 0.17536804
152 0.17623278 0.17597674 0.17648883
153 0.17735301 0.17709641 0.17760961
154 0.17847324 0.17821609 0.17873039
155 0.17959347 0.17933576 0.17985117
156 0.18071370 0.18045543 0.18097196
157 0.18183392 0.18157511 0.18209274
158 0.18295415 0.18269478 0.18321352
159 0.18407438 0.18381446 0.18433430
160 0.18519461 0.18493413 0.18545509
161 0.18631484 0.18605380 0.18657587
162 0.18743507 0.18717348 0.18769665
163 0.18855529 0.18829315 0.18881743
164 0.18967552 0.18941283 0.18993822
165 0.19079575 0.19053250 0.19105900
166 0.19191598 0.19165217 0.19217978
167 0.19303621 0.19277185 0.19330057
168 0.19415643 0.19389152 0.19442135
169 0.19527666 0.19501120 0.19554213
170 0.19639689 0.19613087 0.19666291
171 0.19751712 0.19725054 0.19778370
172 0.19863735 0.19837022 0.19890448
173 0.19975758 0.19948989 0.20002526
174 0.20087780 0.20060957 0.20114604
175 0.20199803 0.20172924 0.20226683
176 0.20311826 0.20284891 0.20338761
177 0.20423849 0.20396859 0.20450839
178 0.20535872 0.20508826 0.20562917
179 0.20647895 0.20620793 0.20674996
180 0.20759917 0.20732761 0.20787074
181 0.20871940 0.20844728 0.20899152
182 0.20983963 0.20956696 0.21011230
183 0.21095986 0.21068663 0.21123309
184 0.21208009 0.21180630 0.21235387
185 0.21320032 0.21292598 0.21347465
186 0.21432054 0.21404565 0.21459543
187 0.21544077 0.21516533 0.21571622
188 0.21656100 0.21628500 0.21683700
189 0.21772302 0.21744282 0.21800322
190 0.21888504 0.21860064 0.21916944
191 0.22004707 0.21975847 0.22033567
192 0.22120909 0.22091629 0.22150189
193 0.22237111 0.22207411 0.22266811
194 0.22353313 0.22323193 0.22383433
195 0.22469516 0.22438976 0.22500056
196 0.22585718 0.22554758 0.22616678
197 0.22701920 0.22670540 0.22733300
198 0.22818122 0.22786322 0.22849922
199 0.22934324 0.22902104 0.22966544
200 0.23050527 0.23017887 0.23083167
201 0.23166729 0.23133669 0.23199789
202 0.23282931 0.23249451 0.23316411
203 0.23399133 0.23365233 0.23433033
204 0.23515336 0.23481016 0.23549656
205 0.23631538 0.23596798 0.23666278
206 0.23747740 0.23712580 0.23782900
207 0.23863942 0.23828362 0.23899522
208 0.23980144 0.23944144 0.24016144
209 0.24096347 0.24059927 0.24132767
210 0.24212549 0.24175709 0.24249389
211 0.24328751 0.24291491 0.24366011
212 0.24444953 0.24407273 0.24482633
213 0.24561156 0.24523056 0.24599256
214 0.24677358 0.24638838 0.24715878
215 0.24793560 0.24754620 0.24832500
216 0.24909762 0.24870402 0.24949122
217 0.25025964 0.24986184 0.25065744
218 0.25142167 0.25101967 0.25182367
219 0.25258369 0.25217749 0.25298989
220 0.25374571 0.25333531 0.25415611
221 0.25490773 0.25449313 0.25532233
222 0.25606976 0.25565096 0.25648856
223 0.25723178 0.25680878 0.25765478
224 0.25839380 0.25796660 0.25882100
225 0.25955582 0.25912442 0.25998722
226 0.26071784 0.26028224 0.26115344
227 0.26187987 0.26144007 0.26231967
228 0.26304189 0.26259789 0.26348589
229 0.26420391 0.26375571 0.26465211
230 0.26536593 0.26491353 0.26581833
231 0.26652796 0.26607136 0.26698456
232 0.26768998 0.26722918 0.26815078
233 0.26885200 0.26838700 0.26931700
234 0.27001402 0.26954482 0.27048322
235 0.27117604 0.27070264 0.27164944
236 0.27233807 0.27186047 0.27281567
237 0.27350009 0.27301829 0.27398189
238 0.27466211 0.27417611 0.27514811
239 0.27582413 0.27533393 0.27631433
240 0.27698616 0.27649176 0.27748056
241 0.27814818 0.27764958 0.27864678
242 0.27931020 0.27880740 0.27981300
243 0.28047222 0.27996522 0.28097922
244 0.28163424 0.28112304 0.28214544
245 0.28279627 0.28228087 0.28331167
246 0.28395829 0.28343869 0.28447789
247 0.28512031 0.28459651 0.28564411
248 0.28628233 0.28575433 0.28681033
249 0.28744436 0.28691216 0.28797656
250 0.28860638 0.28806998 0.28914278
251 0.28976840 0.28922780 0.29030900
252 0.29093042 0.29038562 0.29147522
253 0.29209244 0.29154344 0.29264144
254 0.29325447 0.29270127 0.29380767
255 0.29441649 0.29385909 0.29497389
256 0.29557851 0.29501691 0.29614011
257 0.29674053 0.29617473 0.29730633
258 0.29790256 0.29733256 0.29847256
259 0.29906458 0.29849038 0.29963878
260 0.30022660 0.29964820 0.30080500
261 0.30138862 0.30080602 0.30197122
262 0.30255064 0.30196384 0.30313744
263 0.30371267 0.30312167 0.30430367
264 0.30487469 0.30427949 0.30546989
265 0.30603671 0.30543731 0.30663611
266 0.30719873 0.30659513 0.30780233
267 0.30836076 0.30775296 0.30896856
268 0.30952278 0.30891078 0.31013478
269 0.31068480 0.31006860 0.31130100
270 0.31184682 0.31122642 0.31246722
271 0.31300884 0.31238424 0.31363344
272 0.31417087 0.31354207 0.31479967
273 0.31533289 0.31469989 0.31596589
274 0.31649491 0.31585771 0.31713211
275 0.31765693 0.31701553 0.31829833
276 0.31881896 0.31817336 0.31946456
277 0.31998098 0.31933118 0.32063078
278 0.32114300 0.32048900 0.32179700
279 0.32236499 0.32169885 0.32303114
280 0.32358699 0.32290869 0.32426529
281 0.32480898 0.32411854 0.32549943
282 0.32603098 0.32532838 0.32673357
283 0.32725297 0.32653823 0.32796771
284 0.32847497 0.32774808 0.32920186
285 0.32969696 0.32895792 0.33043600
286 0.33091896 0.33016777 0.33167014
287 0.33214095 0.33137762 0.33290429
288 0.33336295 0.33258746 0.33413843
289 0.33458494 0.33379731 0.33537257
290 0.33580693 0.33500715 0.33660671
291 0.33702893 0.33621700 0.33784086
292 0.33825092 0.33742685 0.33907500
293 0.33947292 0.33863669 0.34030914
294 0.34069491 0.33984654 0.34154329
295 0.34191691 0.34105638 0.34277743
296 0.34313890 0.34226623 0.34401157
297 0.34436090 0.34347608 0.34524571
298 0.34558289 0.34468592 0.34647986
299 0.34680488 0.34589577 0.34771400
300 0.34802688 0.34710562 0.34894814
301 0.34924887 0.34831546 0.35018229
302 0.35047087 0.34952531 0.35141643
303 0.35169286 0.35073515 0.35265057
304 0.35291486 0.35194500 0.35388471
305 0.35413685 0.35315485 0.35511886
306 0.35535885 0.35436469 0.35635300
307 0.35658084 0.35557454 0.35758714
308 0.35780284 0.35678438 0.35882129
309 0.35902483 0.35799423 0.36005543
310 0.36024682 0.35920408 0.36128957
311 0.36146882 0.36041392 0.36252371
312 0.36269081 0.36162377 0.36375786
313 0.36391281 0.36283362 0.36499200
314 0.36513480 0.36404346 0.36622614
315 0.36635680 0.36525331 0.36746029
316 0.36757879 0.36646315 0.36869443
317 0.36880079 0.36767300 0.36992857
318 0.37002278 0.36888285 0.37116271
319 0.37124477 0.37009269 0.37239686
320 0.37246677 0.37130254 0.37363100
321 0.37368876 0.37251238 0.37486514
322 0.37491076 0.37372223 0.37609929
323 0.37613275 0.37493208 0.37733343
324 0.37735475 0.37614192 0.37856757
325 0.37857674 0.37735177 0.37980171
326 0.37979874 0.37856162 0.38103586
327 0.38102073 0.37977146 0.38227000
328 0.38224273 0.38098131 0.38350414
329 0.38346472 0.38219115 0.38473829
330 0.38468671 0.38340100 0.38597243
331 0.38590871 0.38461085 0.38720657
332 0.38713070 0.38582069 0.38844071
333 0.38835270 0.38703054 0.38967486
334 0.38957469 0.38824038 0.39090900
335 0.39079669 0.38945023 0.39214314
336 0.39201868 0.39066008 0.39337729
337 0.39324068 0.39186992 0.39461143
338 0.39446267 0.39307977 0.39584557
339 0.39568466 0.39428962 0.39707971
340 0.39690666 0.39549946 0.39831386
341 0.39812865 0.39670931 0.39954800
342 0.39935065 0.39791915 0.40078214
343 0.40057264 0.39912900 0.40201629
344 0.40179464 0.40033885 0.40325043
345 0.40301663 0.40154869 0.40448457
346 0.40423863 0.40275854 0.40571871
347 0.40546062 0.40396838 0.40695286
348 0.40668262 0.40517823 0.40818700
349 0.40790461 0.40638808 0.40942114
350 0.40912660 0.40759792 0.41065529
351 0.41034860 0.40880777 0.41188943
352 0.41157059 0.41001762 0.41312357
353 0.41279259 0.41122746 0.41435771
354 0.41401458 0.41243731 0.41559186
355 0.41523658 0.41364715 0.41682600
356 0.41645857 0.41485700 0.41806014
357 0.41768057 0.41606685 0.41929429
358 0.41890256 0.41727669 0.42052843
359 0.42012455 0.41848654 0.42176257
360 0.42134655 0.41969638 0.42299671
361 0.42256854 0.42090623 0.42423086
362 0.42379054 0.42211608 0.42546500
363 0.42501253 0.42332592 0.42669914
364 0.42623453 0.42453577 0.42793329
365 0.42745652 0.42574562 0.42916743
366 0.42867852 0.42695546 0.43040157
367 0.42990051 0.42816531 0.43163571
368 0.43112251 0.42937515 0.43286986
369 0.43234450 0.43058500 0.43410400
370 0.43361536 0.43185598 0.43537473
371 0.43488621 0.43312697 0.43664546
372 0.43615707 0.43439795 0.43791619
373 0.43742793 0.43566893 0.43918692
374 0.43869878 0.43693992 0.44045765
375 0.43996964 0.43821090 0.44172838
376 0.44124050 0.43948189 0.44299911
377 0.44251135 0.44075287 0.44426984
378 0.44378221 0.44202385 0.44554057
379 0.44505307 0.44329484 0.44681130
380 0.44632392 0.44456582 0.44808202
381 0.44759478 0.44583680 0.44935275
382 0.44886564 0.44710779 0.45062348
383 0.45013649 0.44837877 0.45189421
384 0.45140735 0.44964975 0.45316494
385 0.45267820 0.45092074 0.45443567
386 0.45394906 0.45219172 0.45570640
387 0.45521992 0.45346270 0.45697713
388 0.45649077 0.45473369 0.45824786
389 0.45776163 0.45600467 0.45951859
390 0.45903249 0.45727566 0.46078932
391 0.46030334 0.45854664 0.46206005
392 0.46157420 0.45981762 0.46333078
393 0.46284506 0.46108861 0.46460151
394 0.46411591 0.46235959 0.46587224
395 0.46538677 0.46363057 0.46714297
396 0.46665763 0.46490156 0.46841370
397 0.46792848 0.46617254 0.46968443
398 0.46919934 0.46744352 0.47095516
399 0.47047020 0.46871451 0.47222589
400 0.47174105 0.46998549 0.47349661
401 0.47301191 0.47125648 0.47476734
402 0.47428277 0.47252746 0.47603807
403 0.47555362 0.47379844 0.47730880
404 0.47682448 0.47506943 0.47857953
405 0.47809534 0.47634041 0.47985026
406 0.47936619 0.47761139 0.48112099
407 0.48063705 0.47888238 0.48239172
408 0.48190791 0.48015336 0.48366245
409 0.48317876 0.48142434 0.48493318
410 0.48444962 0.48269533 0.48620391
411 0.48572048 0.48396631 0.48747464
412 0.48699133 0.48523730 0.48874537
413 0.48826219 0.48650828 0.49001610
414 0.48953305 0.48777926 0.49128683
415 0.49080390 0.48905025 0.49255756
416 0.49207476 0.49032123 0.49382829
417 0.49334561 0.49159221 0.49509902
418 0.49461647 0.49286320 0.49636975
419 0.49588733 0.49413418 0.49764048
420 0.49715818 0.49540516 0.49891120
421 0.49842904 0.49667615 0.50018193
422 0.49969990 0.49794713 0.50145266
423 0.50097075 0.49921811 0.50272339
424 0.50224161 0.50048910 0.50399412
425 0.50351247 0.50176008 0.50526485
426 0.50478332 0.50303107 0.50653558
427 0.50605418 0.50430205 0.50780631
428 0.50732504 0.50557303 0.50907704
429 0.50859589 0.50684402 0.51034777
430 0.50986675 0.50811500 0.51161850
431 0.51113761 0.50938598 0.51288923
432 0.51240846 0.51065697 0.51415996
433 0.51367932 0.51192795 0.51543069
434 0.51495018 0.51319893 0.51670142
435 0.51622103 0.51446992 0.51797215
436 0.51749189 0.51574090 0.51924288
437 0.51876275 0.51701189 0.52051361
438 0.52003360 0.51828287 0.52178434
439 0.52130446 0.51955385 0.52305507
440 0.52257532 0.52082484 0.52432580
441 0.52384617 0.52209582 0.52559652
442 0.52511703 0.52336680 0.52686725
443 0.52638789 0.52463779 0.52813798
444 0.52765874 0.52590877 0.52940871
445 0.52892960 0.52717975 0.53067944
446 0.53020045 0.52845074 0.53195017
447 0.53147131 0.52972172 0.53322090
448 0.53274217 0.53099270 0.53449163
449 0.53401302 0.53226369 0.53576236
450 0.53528388 0.53353467 0.53703309
451 0.53655474 0.53480566 0.53830382
452 0.53782559 0.53607664 0.53957455
453 0.53909645 0.53734762 0.54084528
454 0.54036731 0.53861861 0.54211601
455 0.54163816 0.53988959 0.54338674
456 0.54290902 0.54116057 0.54465747
457 0.54417988 0.54243156 0.54592820
458 0.54545073 0.54370254 0.54719893
459 0.54672159 0.54497352 0.54846966
460 0.54799245 0.54624451 0.54974039
461 0.54926330 0.54751549 0.55101111
462 0.55053416 0.54878648 0.55228184
463 0.55180502 0.55005746 0.55355257
464 0.55307587 0.55132844 0.55482330
465 0.55434673 0.55259943 0.55609403
466 0.55561759 0.55387041 0.55736476
467 0.55688844 0.55514139 0.55863549
468 0.55815930 0.55641238 0.55990622
469 0.55943016 0.55768336 0.56117695
470 0.56070101 0.55895434 0.56244768
471 0.56197187 0.56022533 0.56371841
472 0.56324273 0.56149631 0.56498914
473 0.56451358 0.56276730 0.56625987
474 0.56578444 0.56403828 0.56753060
475 0.56705530 0.56530926 0.56880133
476 0.56832615 0.56658025 0.57007206
477 0.56959701 0.56785123 0.57134279
478 0.57086786 0.56912221 0.57261352
479 0.57213872 0.57039320 0.57388425
480 0.57340958 0.57166418 0.57515498
481 0.57468043 0.57293516 0.57642570
482 0.57595129 0.57420615 0.57769643
483 0.57722215 0.57547713 0.57896716
484 0.57849300 0.57674811 0.58023789
485 0.57976386 0.57801910 0.58150862
486 0.58103472 0.57929008 0.58277935
487 0.58230557 0.58056107 0.58405008
488 0.58357643 0.58183205 0.58532081
489 0.58484729 0.58310303 0.58659154
490 0.58611814 0.58437402 0.58786227
491 0.58738900 0.58564500 0.58913300
492 0.58865986 0.58691598 0.59040373
493 0.58993071 0.58818697 0.59167446
494 0.59120157 0.58945795 0.59294519
495 0.59247243 0.59072893 0.59421592
496 0.59374328 0.59199992 0.59548665
497 0.59501414 0.59327090 0.59675738
498 0.59628500 0.59454189 0.59802811
499 0.59755585 0.59581287 0.59929884
500 0.59882671 0.59708385 0.60056957
501 0.60009757 0.59835484 0.60184030
502 0.60136842 0.59962582 0.60311102
503 0.60263928 0.60089680 0.60438175
504 0.60391014 0.60216779 0.60565248
505 0.60518099 0.60343877 0.60692321
506 0.60645185 0.60470975 0.60819394
507 0.60772270 0.60598074 0.60946467
508 0.60899356 0.60725172 0.61073540
509 0.61026442 0.60852270 0.61200613
510 0.61153527 0.60979369 0.61327686
511 0.61280613 0.61106467 0.61454759
512 0.61407699 0.61233566 0.61581832
513 0.61534784 0.61360664 0.61708905
514 0.61661870 0.61487762 0.61835978
515 0.61788956 0.61614861 0.61963051
516 0.61916041 0.61741959 0.62090124
517 0.62043127 0.61869057 0.62217197
518 0.62170213 0.61996156 0.62344270
519 0.62297298 0.62123254 0.62471343
520 0.62424384 0.62250352 0.62598416
521 0.62551470 0.62377451 0.62725489
522 0.62678555 0.62504549 0.62852561
523 0.62805641 0.62631648 0.62979634
524 0.62932727 0.62758746 0.63106707
525 0.63059812 0.62885844 0.63233780
526 0.63186898 0.63012943 0.63360853
527 0.63313984 0.63140041 0.63487926
528 0.63441069 0.63267139 0.63614999
529 0.63568155 0.63394238 0.63742072
530 0.63695241 0.63521336 0.63869145
531 0.63822326 0.63648434 0.63996218
532 0.63949412 0.63775533 0.64123291
533 0.64076498 0.63902631 0.64250364
534 0.64203583 0.64029730 0.64377437
535 0.64330669 0.64156828 0.64504510
536 0.64457755 0.64283926 0.64631583
537 0.64584840 0.64411025 0.64758656
538 0.64711926 0.64538123 0.64885729
539 0.64839011 0.64665221 0.65012802
540 0.64966097 0.64792320 0.65139875
541 0.65093183 0.64919418 0.65266948
542 0.65220268 0.65046516 0.65394020
543 0.65347354 0.65173615 0.65521093
544 0.65474440 0.65300713 0.65648166
545 0.65601525 0.65427811 0.65775239
546 0.65728611 0.65554910 0.65902312
547 0.65855697 0.65682008 0.66029385
548 0.65982782 0.65809107 0.66156458
549 0.66109868 0.65936205 0.66283531
550 0.66236954 0.66063303 0.66410604
551 0.66364039 0.66190402 0.66537677
552 0.66491125 0.66317500 0.66664750
553 0.66618211 0.66444598 0.66791823
554 0.66745296 0.66571697 0.66918896
555 0.66872382 0.66698795 0.67045969
556 0.66999468 0.66825893 0.67173042
557 0.67126553 0.66952992 0.67300115
558 0.67253639 0.67080090 0.67427188
559 0.67380725 0.67207189 0.67554261
560 0.67507810 0.67334287 0.67681334
561 0.67634896 0.67461385 0.67808407
562 0.67761982 0.67588484 0.67935480
563 0.67889067 0.67715582 0.68062552
564 0.68016153 0.67842680 0.68189625
565 0.68143239 0.67969779 0.68316698
566 0.68270324 0.68096877 0.68443771
567 0.68397410 0.68223975 0.68570844
568 0.68524495 0.68351074 0.68697917
569 0.68651581 0.68478172 0.68824990
570 0.68778667 0.68605270 0.68952063
571 0.68905752 0.68732369 0.69079136
572 0.69032838 0.68859467 0.69206209
573 0.69159924 0.68986566 0.69333282
574 0.69287009 0.69113664 0.69460355
575 0.69414095 0.69240762 0.69587428
576 0.69541181 0.69367861 0.69714501
577 0.69668266 0.69494959 0.69841574
578 0.69795352 0.69622057 0.69968647
579 0.69922438 0.69749156 0.70095720
580 0.70049523 0.69876254 0.70222793
581 0.70176609 0.70003352 0.70349866
582 0.70303695 0.70130451 0.70476939
583 0.70430780 0.70257549 0.70604011
584 0.70557866 0.70384648 0.70731084
585 0.70684952 0.70511746 0.70858157
586 0.70812037 0.70638844 0.70985230
587 0.70939123 0.70765943 0.71112303
588 0.71066209 0.70893041 0.71239376
589 0.71193294 0.71020139 0.71366449
590 0.71320380 0.71147238 0.71493522
591 0.71447466 0.71274336 0.71620595
592 0.71574551 0.71401434 0.71747668
593 0.71701637 0.71528533 0.71874741
594 0.71828723 0.71655631 0.72001814
595 0.71955808 0.71782730 0.72128887
596 0.72082894 0.71909828 0.72255960
597 0.72209980 0.72036926 0.72383033
598 0.72337065 0.72164025 0.72510106
599 0.72464151 0.72291123 0.72637179
600 0.72591236 0.72418221 0.72764252
601 0.72718322 0.72545320 0.72891325
602 0.72845408 0.72672418 0.73018398
603 0.72972493 0.72799516 0.73145470
604 0.73099579 0.72926615 0.73272543
605 0.73226665 0.73053713 0.73399616
606 0.73353750 0.73180811 0.73526689
607 0.73480836 0.73307910 0.73653762
608 0.73607922 0.73435008 0.73780835
609 0.73735007 0.73562107 0.73907908
610 0.73862093 0.73689205 0.74034981
611 0.73989179 0.73816303 0.74162054
612 0.74116264 0.73943402 0.74289127
613 0.74243350 0.74070500 0.74416200
614 0.74370436 0.74197598 0.74543273
615 0.74497521 0.74324697 0.74670346
616 0.74624607 0.74451795 0.74797419
617 0.74751693 0.74578893 0.74924492
618 0.74878778 0.74705992 0.75051565
619 0.75005864 0.74833090 0.75178638
620 0.75132950 0.74960189 0.75305711
621 0.75260035 0.75087287 0.75432784
622 0.75387121 0.75214385 0.75559857
623 0.75514207 0.75341484 0.75686930
624 0.75641292 0.75468582 0.75814002
625 0.75768378 0.75595680 0.75941075
626 0.75895464 0.75722779 0.76068148
627 0.76022549 0.75849877 0.76195221
628 0.76149635 0.75976975 0.76322294
629 0.76276720 0.76104074 0.76449367
630 0.76403806 0.76231172 0.76576440
631 0.76530892 0.76358270 0.76703513
632 0.76657977 0.76485369 0.76830586
633 0.76785063 0.76612467 0.76957659
634 0.76912149 0.76739566 0.77084732
635 0.77039234 0.76866664 0.77211805
636 0.77166320 0.76993762 0.77338878
637 0.77293406 0.77120861 0.77465951
638 0.77420491 0.77247959 0.77593024
639 0.77547577 0.77375057 0.77720097
640 0.77674663 0.77502156 0.77847170
641 0.77801748 0.77629254 0.77974243
642 0.77928834 0.77756352 0.78101316
643 0.78055920 0.77883451 0.78228389
644 0.78183005 0.78010549 0.78355461
645 0.78310091 0.78137648 0.78482534
646 0.78437177 0.78264746 0.78609607
647 0.78564262 0.78391844 0.78736680
648 0.78691348 0.78518943 0.78863753
649 0.78818434 0.78646041 0.78990826
650 0.78945519 0.78773139 0.79117899
651 0.79072605 0.78900238 0.79244972
652 0.79199691 0.79027336 0.79372045
653 0.79326776 0.79154434 0.79499118
654 0.79453862 0.79281533 0.79626191
655 0.79580948 0.79408631 0.79753264
656 0.79708033 0.79535730 0.79880337
657 0.79835119 0.79662828 0.80007410
658 0.79962205 0.79789926 0.80134483
659 0.80089290 0.79917025 0.80261556
660 0.80216376 0.80044123 0.80388629
661 0.80343461 0.80171221 0.80515702
662 0.80470547 0.80298320 0.80642775
663 0.80597633 0.80425418 0.80769848
664 0.80724718 0.80552516 0.80896920
665 0.80851804 0.80679615 0.81023993
666 0.80978890 0.80806713 0.81151066
667 0.81105975 0.80933811 0.81278139
668 0.81233061 0.81060910 0.81405212
669 0.81360147 0.81188008 0.81532285
670 0.81487232 0.81315107 0.81659358
671 0.81614318 0.81442205 0.81786431
672 0.81741404 0.81569303 0.81913504
673 0.81868489 0.81696402 0.82040577
674 0.81995575 0.81823500 0.82167650
675 0.82122661 0.81950598 0.82294723
676 0.82249746 0.82077697 0.82421796
677 0.82376832 0.82204795 0.82548869
678 0.82503918 0.82331893 0.82675942
679 0.82631003 0.82458992 0.82803015
680 0.82758089 0.82586090 0.82930088
681 0.82885175 0.82713189 0.83057161
682 0.83012260 0.82840287 0.83184234
683 0.83139346 0.82967385 0.83311307
684 0.83266432 0.83094484 0.83438380
685 0.83393517 0.83221582 0.83565452
686 0.83520603 0.83348680 0.83692525
687 0.83647689 0.83475779 0.83819598
688 0.83774774 0.83602877 0.83946671
689 0.83901860 0.83729975 0.84073744
690 0.84028945 0.83857074 0.84200817
691 0.84156031 0.83984172 0.84327890
692 0.84283117 0.84111270 0.84454963
693 0.84410202 0.84238369 0.84582036
694 0.84537288 0.84365467 0.84709109
695 0.84664374 0.84492566 0.84836182
696 0.84791459 0.84619664 0.84963255
697 0.84918545 0.84746762 0.85090328
698 0.85045631 0.84873861 0.85217401
699 0.85172716 0.85000959 0.85344474
700 0.85299802 0.85128057 0.85471547
701 0.85426888 0.85255156 0.85598620
702 0.85553973 0.85382254 0.85725693
703 0.85681059 0.85509352 0.85852766
704 0.85808145 0.85636451 0.85979839
705 0.85935230 0.85763549 0.86106911
706 0.86062316 0.85890648 0.86233984
707 0.86189402 0.86017746 0.86361057
708 0.86316487 0.86144844 0.86488130
709 0.86443573 0.86271943 0.86615203
710 0.86570659 0.86399041 0.86742276
711 0.86697744 0.86526139 0.86869349
712 0.86824830 0.86653238 0.86996422
713 0.86951916 0.86780336 0.87123495
714 0.87079001 0.86907434 0.87250568
715 0.87206087 0.87034533 0.87377641
716 0.87333173 0.87161631 0.87504714
717 0.87460258 0.87288730 0.87631787
718 0.87587344 0.87415828 0.87758860
719 0.87714430 0.87542926 0.87885933
720 0.87841515 0.87670025 0.88013006
721 0.87968601 0.87797123 0.88140079
722 0.88095686 0.87924221 0.88267152
723 0.88222772 0.88051320 0.88394225
724 0.88349858 0.88178418 0.88521298
725 0.88476943 0.88305516 0.88648370
726 0.88604029 0.88432615 0.88775443
727 0.88731115 0.88559713 0.88902516
728 0.88858200 0.88686811 0.89029589
729 0.88985286 0.88813910 0.89156662
730 0.89112372 0.88941008 0.89283735
731 0.89239457 0.89068107 0.89410808
732 0.89366543 0.89195205 0.89537881
733 0.89493629 0.89322303 0.89664954
734 0.89620714 0.89449402 0.89792027
735 0.89747800 0.89576500 0.89919100
736 0.89884997 0.89713066 0.90056928
737 0.90022195 0.89849632 0.90194757
738 0.90159392 0.89986199 0.90332585
739 0.90296589 0.90122765 0.90470413
740 0.90433786 0.90259331 0.90608241
741 0.90570984 0.90395897 0.90746070
742 0.90708181 0.90532463 0.90883898
743 0.90845378 0.90669030 0.91021726
744 0.90982575 0.90805596 0.91159555
745 0.91119773 0.90942162 0.91297383
746 0.91256970 0.91078728 0.91435211
747 0.91394167 0.91215295 0.91573040
748 0.91531364 0.91351861 0.91710868
749 0.91668562 0.91488427 0.91848696
750 0.91805759 0.91624993 0.91986524
751 0.91942956 0.91761559 0.92124353
752 0.92080153 0.91898126 0.92262181
753 0.92217351 0.92034692 0.92400009
754 0.92354548 0.92171258 0.92537838
755 0.92491745 0.92307824 0.92675666
756 0.92628942 0.92444390 0.92813494
757 0.92766140 0.92580957 0.92951323
758 0.92903337 0.92717523 0.93089151
759 0.93040534 0.92854089 0.93226979
760 0.93177731 0.92990655 0.93364807
761 0.93314929 0.93127221 0.93502636
762 0.93452126 0.93263788 0.93640464
763 0.93589323 0.93400354 0.93778292
764 0.93726520 0.93536920 0.93916121
765 0.93863718 0.93673486 0.94053949
766 0.94000915 0.93810052 0.94191777
767 0.94138112 0.93946619 0.94329605
768 0.94275309 0.94083185 0.94467434
769 0.94412507 0.94219751 0.94605262
770 0.94549704 0.94356317 0.94743090
771 0.94686901 0.94492884 0.94880919
772 0.94824098 0.94629450 0.95018747
773 0.94961296 0.94766016 0.95156575
774 0.95098493 0.94902582 0.95294404
775 0.95235690 0.95039148 0.95432232
776 0.95372887 0.95175715 0.95570060
777 0.95510085 0.95312281 0.95707888
778 0.95647282 0.95448847 0.95845717
779 0.95784479 0.95585413 0.95983545
780 0.95921676 0.95721979 0.96121373
781 0.96058874 0.95858546 0.96259202
782 0.96196071 0.95995112 0.96397030
783 0.96333268 0.96131678 0.96534858
784 0.96470465 0.96268244 0.96672687
785 0.96607663 0.96404810 0.96810515
786 0.96744860 0.96541377 0.96948343
787 0.96882057 0.96677943 0.97086171
788 0.97019254 0.96814509 0.97224000
789 0.97156452 0.96951075 0.97361828
790 0.97293649 0.97087641 0.97499656
791 0.97430846 0.97224208 0.97637485
792 0.97568043 0.97360774 0.97775313
793 0.97705241 0.97497340 0.97913141
794 0.97842438 0.97633906 0.98050970
795 0.97979635 0.97770473 0.98188798
796 0.98116832 0.97907039 0.98326626
797 0.98254030 0.98043605 0.98464454
798 0.98391227 0.98180171 0.98602283
799 0.98528424 0.98316737 0.98740111
800 0.98665621 0.98453304 0.98877939
801 0.98802819 0.98589870 0.99015768
802 0.98940016 0.98726436 0.99153596
803 0.99077213 0.98863002 0.99291424
804 0.99214410 0.98999568 0.99429252
805 0.99351608 0.99136135 0.99567081
806 0.99488805 0.99272701 0.99704909
807 0.99626002 0.99409267 0.99842737
808 0.99763199 0.99545833 0.99980566
809 0.99900397 0.99682399 1.00118394
810 1.00037594 0.99818966 1.00256222
811 1.00174791 0.99955532 1.00394051
812 1.00311988 1.00092098 1.00531879
813 1.00449186 1.00228664 1.00669707
814 1.00586383 1.00365230 1.00807535
815 1.00723580 1.00501797 1.00945364
816 1.00860777 1.00638363 1.01083192
817 1.00997975 1.00774929 1.01221020
818 1.01135172 1.00911495 1.01358849
819 1.01272369 1.01048062 1.01496677
820 1.01409566 1.01184628 1.01634505
821 1.01546764 1.01321194 1.01772334
822 1.01683961 1.01457760 1.01910162
823 1.01821158 1.01594326 1.02047990
824 1.01958355 1.01730893 1.02185818
825 1.02095553 1.01867459 1.02323647
826 1.02232750 1.02004025 1.02461475
827 1.02369947 1.02140591 1.02599303
828 1.02507145 1.02277157 1.02737132
829 1.02644342 1.02413724 1.02874960
830 1.02781539 1.02550290 1.03012788
831 1.02918736 1.02686856 1.03150616
832 1.03055934 1.02823422 1.03288445
833 1.03193131 1.02959988 1.03426273
834 1.03330328 1.03096555 1.03564101
835 1.03467525 1.03233121 1.03701930
836 1.03604723 1.03369687 1.03839758
837 1.03741920 1.03506253 1.03977586
838 1.03879117 1.03642820 1.04115415
839 1.04016314 1.03779386 1.04253243
840 1.04153512 1.03915952 1.04391071
841 1.04290709 1.04052518 1.04528899
842 1.04427906 1.04189084 1.04666728
843 1.04565103 1.04325651 1.04804556
844 1.04702301 1.04462217 1.04942384
845 1.04839498 1.04598783 1.05080213
846 1.04976695 1.04735349 1.05218041
847 1.05113892 1.04871915 1.05355869
848 1.05251090 1.05008482 1.05493698
849 1.05388287 1.05145048 1.05631526
850 1.05525484 1.05281614 1.05769354
851 1.05662681 1.05418180 1.05907182
852 1.05799879 1.05554746 1.06045011
853 1.05937076 1.05691313 1.06182839
854 1.06074273 1.05827879 1.06320667
855 1.06211470 1.05964445 1.06458496
856 1.06348668 1.06101011 1.06596324
857 1.06485865 1.06237577 1.06734152
858 1.06623062 1.06374144 1.06871980
859 1.06760259 1.06510710 1.07009809
860 1.06897457 1.06647276 1.07147637
861 1.07034654 1.06783842 1.07285465
862 1.07171851 1.06920409 1.07423294
863 1.07309048 1.07056975 1.07561122
864 1.07446246 1.07193541 1.07698950
865 1.07583443 1.07330107 1.07836779
866 1.07720640 1.07466673 1.07974607
867 1.07857837 1.07603240 1.08112435
868 1.07995035 1.07739806 1.08250263
869 1.08132232 1.07876372 1.08388092
870 1.08269429 1.08012938 1.08525920
871 1.08406626 1.08149504 1.08663748
872 1.08543824 1.08286071 1.08801577
873 1.08681021 1.08422637 1.08939405
874 1.08818218 1.08559203 1.09077233
875 1.08955415 1.08695769 1.09215062
876 1.09092613 1.08832335 1.09352890
877 1.09229810 1.08968902 1.09490718
878 1.09367007 1.09105468 1.09628546
879 1.09504204 1.09242034 1.09766375
880 1.09641402 1.09378600 1.09904203
881 1.09778599 1.09515166 1.10042031
882 1.09915796 1.09651733 1.10179860
883 1.10052993 1.09788299 1.10317688
884 1.10190191 1.09924865 1.10455516
885 1.10327388 1.10061431 1.10593345
886 1.10464585 1.10197998 1.10731173
887 1.10601782 1.10334564 1.10869001
888 1.10738980 1.10471130 1.11006829
889 1.10876177 1.10607696 1.11144658
890 1.11013374 1.10744262 1.11282486
891 1.11150571 1.10880829 1.11420314
892 1.11287769 1.11017395 1.11558143
893 1.11424966 1.11153961 1.11695971
894 1.11562163 1.11290527 1.11833799
895 1.11699360 1.11427093 1.11971627
896 1.11836558 1.11563660 1.12109456
897 1.11973755 1.11700226 1.12247284
898 1.12110952 1.11836792 1.12385112
899 1.12248149 1.11973358 1.12522941
900 1.12385347 1.12109924 1.12660769
901 1.12522544 1.12246491 1.12798597
902 1.12659741 1.12383057 1.12936426
903 1.12796938 1.12519623 1.13074254
904 1.12934136 1.12656189 1.13212082
905 1.13071333 1.12792755 1.13349910
906 1.13208530 1.12929322 1.13487739
907 1.13345727 1.13065888 1.13625567
908 1.13482925 1.13202454 1.13763395
909 1.13620122 1.13339020 1.13901224
910 1.13757319 1.13475587 1.14039052
911 1.13894516 1.13612153 1.14176880
912 1.14031714 1.13748719 1.14314709
913 1.14168911 1.13885285 1.14452537
914 1.14306108 1.14021851 1.14590365
915 1.14443305 1.14158418 1.14728193
916 1.14580503 1.14294984 1.14866022
917 1.14717700 1.14431550 1.15003850
918 1.14854897 1.14568116 1.15141678
919 1.14992095 1.14704682 1.15279507
920 1.15129292 1.14841249 1.15417335
921 1.15266489 1.14977815 1.15555163
922 1.15403686 1.15114381 1.15692991
923 1.15540884 1.15250947 1.15830820
924 1.15678081 1.15387513 1.15968648
925 1.15815278 1.15524080 1.16106476
926 1.15952475 1.15660646 1.16244305
927 1.16089673 1.15797212 1.16382133
928 1.16226870 1.15933778 1.16519961
929 1.16364067 1.16070345 1.16657790
930 1.16501264 1.16206911 1.16795618
931 1.16638462 1.16343477 1.16933446
932 1.16775659 1.16480043 1.17071274
933 1.16912856 1.16616609 1.17209103
934 1.17050053 1.16753176 1.17346931
935 1.17187251 1.16889742 1.17484759
936 1.17324448 1.17026308 1.17622588
937 1.17461645 1.17162874 1.17760416
938 1.17598842 1.17299440 1.17898244
939 1.17736040 1.17436007 1.18036073
940 1.17873237 1.17572573 1.18173901
941 1.18010434 1.17709139 1.18311729
942 1.18147631 1.17845705 1.18449557
943 1.18284829 1.17982271 1.18587386
944 1.18422026 1.18118838 1.18725214
945 1.18559223 1.18255404 1.18863042
946 1.18696420 1.18391970 1.19000871
947 1.18833618 1.18528536 1.19138699
948 1.18970815 1.18665102 1.19276527
949 1.19108012 1.18801669 1.19414355
950 1.19245209 1.18938235 1.19552184
951 1.19382407 1.19074801 1.19690012
952 1.19519604 1.19211367 1.19827840
953 1.19656801 1.19347934 1.19965669
954 1.19793998 1.19484500 1.20103497
955 1.19931196 1.19621066 1.20241325
956 1.20068393 1.19757632 1.20379154
957 1.20205590 1.19894198 1.20516982
958 1.20342787 1.20030765 1.20654810
959 1.20479985 1.20167331 1.20792638
960 1.20617182 1.20303897 1.20930467
961 1.20754379 1.20440463 1.21068295
962 1.20891576 1.20577029 1.21206123
963 1.21028774 1.20713596 1.21343952
964 1.21165971 1.20850162 1.21481780
965 1.21303168 1.20986728 1.21619608
966 1.21440365 1.21123294 1.21757437
967 1.21577563 1.21259860 1.21895265
968 1.21714760 1.21396427 1.22033093
969 1.21851957 1.21532993 1.22170921
970 1.21989154 1.21669559 1.22308750
971 1.22126352 1.21806125 1.22446578
972 1.22263549 1.21942691 1.22584406
973 1.22400746 1.22079258 1.22722235
974 1.22537943 1.22215824 1.22860063
975 1.22675141 1.22352390 1.22997891
976 1.22812338 1.22488956 1.23135720
977 1.22949535 1.22625523 1.23273548
978 1.23086732 1.22762089 1.23411376
979 1.23223930 1.22898655 1.23549204
980 1.23361127 1.23035221 1.23687033
981 1.23498324 1.23171787 1.23824861
982 1.23635521 1.23308354 1.23962689
983 1.23772719 1.23444920 1.24100518
984 1.23909916 1.23581486 1.24238346
985 1.24047113 1.23718052 1.24376174
986 1.24184310 1.23854618 1.24514002
987 1.24321508 1.23991185 1.24651831
988 1.24458705 1.24127751 1.24789659
989 1.24595902 1.24264317 1.24927487
990 1.24733099 1.24400883 1.25065316
991 1.24870297 1.24537449 1.25203144
992 1.25007494 1.24674016 1.25340972
993 1.25144691 1.24810582 1.25478801
994 1.25281888 1.24947148 1.25616629
995 1.25419086 1.25083714 1.25754457
996 1.25556283 1.25220280 1.25892285
997 1.25693480 1.25356847 1.26030114
998 1.25830677 1.25493413 1.26167942
999 1.25967875 1.25629979 1.26305770
1000 1.26105072 1.25766545 1.26443599
1001 1.26242269 1.25903112 1.26581427
1002 1.26379466 1.26039678 1.26719255
1003 1.26516664 1.26176244 1.26857084
1004 1.26653861 1.26312810 1.26994912
1005 1.26791058 1.26449376 1.27132740
1006 1.26928255 1.26585943 1.27270568
1007 1.27065453 1.26722509 1.27408397
1008 1.27202650 1.26859075 1.27546225
1009 1.27339847 1.26995641 1.27684053
1010 1.27477045 1.27132207 1.27821882
1011 1.27614242 1.27268774 1.27959710
1012 1.27751439 1.27405340 1.28097538
1013 1.27888636 1.27541906 1.28235366
1014 1.28025834 1.27678472 1.28373195
1015 1.28163031 1.27815038 1.28511023
1016 1.28300228 1.27951605 1.28648851
1017 1.28437425 1.28088171 1.28786680
1018 1.28574623 1.28224737 1.28924508
1019 1.28711820 1.28361303 1.29062336
1020 1.28849017 1.28497870 1.29200165
1021 1.28986214 1.28634436 1.29337993
1022 1.29123412 1.28771002 1.29475821
1023 1.29260609 1.28907568 1.29613649
1024 1.29397806 1.29044134 1.29751478
1025 1.29535003 1.29180701 1.29889306
1026 1.29672201 1.29317267 1.30027134
1027 1.29809398 1.29453833 1.30164963
1028 1.29946595 1.29590399 1.30302791
1029 1.30083792 1.29726965 1.30440619
1030 1.30220990 1.29863532 1.30578448
1031 1.30358187 1.30000098 1.30716276
1032 1.30495384 1.30136664 1.30854104
1033 1.30632581 1.30273230 1.30991932
1034 1.30769779 1.30409796 1.31129761
1035 1.30906976 1.30546363 1.31267589
1036 1.31044173 1.30682929 1.31405417
1037 1.31181370 1.30819495 1.31543246
1038 1.31318568 1.30956061 1.31681074
1039 1.31455765 1.31092627 1.31818902
1040 1.31592962 1.31229194 1.31956730
1041 1.31730159 1.31365760 1.32094559
1042 1.31867357 1.31502326 1.32232387
1043 1.32004554 1.31638892 1.32370215
1044 1.32141751 1.31775459 1.32508044
1045 1.32278948 1.31912025 1.32645872
1046 1.32416146 1.32048591 1.32783700
1047 1.32553343 1.32185157 1.32921529
1048 1.32690540 1.32321723 1.33059357
1049 1.32827737 1.32458290 1.33197185
1050 1.32964935 1.32594856 1.33335013
1051 1.33102132 1.32731422 1.33472842
1052 1.33239329 1.32867988 1.33610670
1053 1.33376526 1.33004554 1.33748498
1054 1.33513724 1.33141121 1.33886327
1055 1.33650921 1.33277687 1.34024155
1056 1.33788118 1.33414253 1.34161983
1057 1.33925315 1.33550819 1.34299812
1058 1.34062513 1.33687385 1.34437640
1059 1.34199710 1.33823952 1.34575468
1060 1.34336907 1.33960518 1.34713296
1061 1.34474104 1.34097084 1.34851125
1062 1.34611302 1.34233650 1.34988953
1063 1.34748499 1.34370216 1.35126781
1064 1.34885696 1.34506783 1.35264610
1065 1.35022893 1.34643349 1.35402438
1066 1.35160091 1.34779915 1.35540266
1067 1.35297288 1.34916481 1.35678095
1068 1.35434485 1.35053048 1.35815923
1069 1.35571682 1.35189614 1.35953751
1070 1.35708880 1.35326180 1.36091579
1071 1.35846077 1.35462746 1.36229408
1072 1.35983274 1.35599312 1.36367236
1073 1.36120471 1.35735879 1.36505064
1074 1.36257669 1.35872445 1.36642893
1075 1.36394866 1.36009011 1.36780721
1076 1.36532063 1.36145577 1.36918549
1077 1.36669260 1.36282143 1.37056377
1078 1.36806458 1.36418710 1.37194206
1079 1.36943655 1.36555276 1.37332034
1080 1.37080852 1.36691842 1.37469862
1081 1.37218049 1.36828408 1.37607691
1082 1.37355247 1.36964974 1.37745519
1083 1.37492444 1.37101541 1.37883347
1084 1.37629641 1.37238107 1.38021176
1085 1.37766838 1.37374673 1.38159004
1086 1.37904036 1.37511239 1.38296832
1087 1.38041233 1.37647805 1.38434660
1088 1.38178430 1.37784372 1.38572489
1089 1.38315627 1.37920938 1.38710317
1090 1.38452825 1.38057504 1.38848145
1091 1.38590022 1.38194070 1.38985974
1092 1.38727219 1.38330637 1.39123802
1093 1.38864416 1.38467203 1.39261630
1094 1.39001614 1.38603769 1.39399459
1095 1.39138811 1.38740335 1.39537287
1096 1.39276008 1.38876901 1.39675115
1097 1.39413205 1.39013468 1.39812943
1098 1.39550403 1.39150034 1.39950772
1099 1.39687600 1.39286600 1.40088600
1100 1.39831907 1.39430610 1.40233204
1101 1.39976214 1.39574620 1.40377808
1102 1.40120521 1.39718630 1.40522412
1103 1.40264827 1.39862640 1.40667015
1104 1.40409134 1.40006649 1.40811619
1105 1.40553441 1.40150659 1.40956223
1106 1.40697748 1.40294669 1.41100827
1107 1.40842055 1.40438679 1.41245431
1108 1.40986362 1.40582689 1.41390035
1109 1.41130669 1.40726699 1.41534638
1110 1.41274976 1.40870709 1.41679242
1111 1.41419282 1.41014719 1.41823846
1112 1.41563589 1.41158729 1.41968450
1113 1.41707896 1.41302738 1.42113054
1114 1.41852203 1.41446748 1.42257658
1115 1.41996510 1.41590758 1.42402262
1116 1.42140817 1.41734768 1.42546865
1117 1.42285124 1.41878778 1.42691469
1118 1.42429430 1.42022788 1.42836073
1119 1.42573737 1.42166798 1.42980677
1120 1.42718044 1.42310808 1.43125281
1121 1.42862351 1.42454818 1.43269885
1122 1.43006658 1.42598827 1.43414488
1123 1.43150965 1.42742837 1.43559092
1124 1.43295272 1.42886847 1.43703696
1125 1.43439579 1.43030857 1.43848300
1126 1.43583885 1.43174867 1.43992904
1127 1.43728192 1.43318877 1.44137508
1128 1.43872499 1.43462887 1.44282112
1129 1.44016806 1.43606897 1.44426715
1130 1.44161113 1.43750907 1.44571319
1131 1.44305420 1.43894916 1.44715923
1132 1.44449727 1.44038926 1.44860527
1133 1.44594034 1.44182936 1.45005131
1134 1.44738340 1.44326946 1.45149735
1135 1.44882647 1.44470956 1.45294338
1136 1.45026954 1.44614966 1.45438942
1137 1.45171261 1.44758976 1.45583546
1138 1.45315568 1.44902986 1.45728150
1139 1.45459875 1.45046996 1.45872754
1140 1.45604182 1.45191005 1.46017358
1141 1.45748488 1.45335015 1.46161962
1142 1.45892795 1.45479025 1.46306565
1143 1.46037102 1.45623035 1.46451169
1144 1.46181409 1.45767045 1.46595773
1145 1.46325716 1.45911055 1.46740377
1146 1.46470023 1.46055065 1.46884981
1147 1.46614330 1.46199075 1.47029585
1148 1.46758637 1.46343085 1.47174188
1149 1.46902943 1.46487095 1.47318792
1150 1.47047250 1.46631104 1.47463396
1151 1.47191557 1.46775114 1.47608000
1152 1.47335864 1.46919124 1.47752604
1153 1.47480171 1.47063134 1.47897208
1154 1.47624478 1.47207144 1.48041812
1155 1.47768785 1.47351154 1.48186415
1156 1.47913091 1.47495164 1.48331019
1157 1.48057398 1.47639174 1.48475623
1158 1.48201705 1.47783184 1.48620227
1159 1.48346012 1.47927193 1.48764831
1160 1.48490319 1.48071203 1.48909435
1161 1.48634626 1.48215213 1.49054038
1162 1.48778933 1.48359223 1.49198642
1163 1.48923240 1.48503233 1.49343246
1164 1.49067546 1.48647243 1.49487850
1165 1.49211853 1.48791253 1.49632454
1166 1.49356160 1.48935263 1.49777058
1167 1.49500467 1.49079273 1.49921662
1168 1.49644774 1.49223282 1.50066265
1169 1.49789081 1.49367292 1.50210869
1170 1.49933388 1.49511302 1.50355473
1171 1.50077695 1.49655312 1.50500077
1172 1.50222001 1.49799322 1.50644681
1173 1.50366308 1.49943332 1.50789285
1174 1.50510615 1.50087342 1.50933888
1175 1.50654922 1.50231352 1.51078492
1176 1.50799229 1.50375362 1.51223096
1177 1.50943536 1.50519371 1.51367700
1178 1.51087843 1.50663381 1.51512304
1179 1.51232149 1.50807391 1.51656908
1180 1.51376456 1.50951401 1.51801512
1181 1.51520763 1.51095411 1.51946115
1182 1.51665070 1.51239421 1.52090719
1183 1.51809377 1.51383431 1.52235323
1184 1.51953684 1.51527441 1.52379927
1185 1.52097991 1.51671451 1.52524531
1186 1.52242298 1.51815460 1.52669135
1187 1.52386604 1.51959470 1.52813738
1188 1.52530911 1.52103480 1.52958342
1189 1.52675218 1.52247490 1.53102946
1190 1.52819525 1.52391500 1.53247550
1191 1.52963832 1.52535510 1.53392154
1192 1.53108139 1.52679520 1.53536758
1193 1.53252446 1.52823530 1.53681362
1194 1.53396752 1.52967540 1.53825965
1195 1.53541059 1.53111549 1.53970569
1196 1.53685366 1.53255559 1.54115173
1197 1.53829673 1.53399569 1.54259777
1198 1.53973980 1.53543579 1.54404381
1199 1.54118287 1.53687589 1.54548985
1200 1.54262594 1.53831599 1.54693588
1201 1.54406901 1.53975609 1.54838192
1202 1.54551207 1.54119619 1.54982796
1203 1.54695514 1.54263629 1.55127400
1204 1.54839821 1.54407638 1.55272004
1205 1.54984128 1.54551648 1.55416608
1206 1.55128435 1.54695658 1.55561212
1207 1.55272742 1.54839668 1.55705815
1208 1.55417049 1.54983678 1.55850419
1209 1.55561355 1.55127688 1.55995023
1210 1.55705662 1.55271698 1.56139627
1211 1.55849969 1.55415708 1.56284231
1212 1.55994276 1.55559718 1.56428835
1213 1.56138583 1.55703727 1.56573438
1214 1.56282890 1.55847737 1.56718042
1215 1.56427197 1.55991747 1.56862646
1216 1.56571504 1.56135757 1.57007250
1217 1.56715810 1.56279767 1.57151854
1218 1.56860117 1.56423777 1.57296458
1219 1.57004424 1.56567787 1.57441062
1220 1.57148731 1.56711797 1.57585665
1221 1.57293038 1.56855807 1.57730269
1222 1.57437345 1.56999816 1.57874873
1223 1.57581652 1.57143826 1.58019477
1224 1.57725959 1.57287836 1.58164081
1225 1.57870265 1.57431846 1.58308685
1226 1.58014572 1.57575856 1.58453288
1227 1.58158879 1.57719866 1.58597892
1228 1.58303186 1.57863876 1.58742496
1229 1.58447493 1.58007886 1.58887100
1230 1.58591800 1.58151896 1.59031704
1231 1.58736107 1.58295905 1.59176308
1232 1.58880413 1.58439915 1.59320912
1233 1.59024720 1.58583925 1.59465515
1234 1.59169027 1.58727935 1.59610119
1235 1.59313334 1.58871945 1.59754723
1236 1.59457641 1.59015955 1.59899327
1237 1.59601948 1.59159965 1.60043931
1238 1.59746255 1.59303975 1.60188535
1239 1.59890562 1.59447985 1.60333138
1240 1.60034868 1.59591995 1.60477742
1241 1.60179175 1.59736004 1.60622346
1242 1.60323482 1.59880014 1.60766950
1243 1.60467789 1.60024024 1.60911554
1244 1.60612096 1.60168034 1.61056158
1245 1.60756403 1.60312044 1.61200762
1246 1.60900710 1.60456054 1.61345365
1247 1.61045016 1.60600064 1.61489969
1248 1.61189323 1.60744074 1.61634573
1249 1.61333630 1.60888084 1.61779177
1250 1.61477937 1.61032093 1.61923781
1251 1.61622244 1.61176103 1.62068385
1252 1.61766551 1.61320113 1.62212988
1253 1.61910858 1.61464123 1.62357592
1254 1.62055165 1.61608133 1.62502196
1255 1.62199471 1.61752143 1.62646800
1256 1.62343778 1.61896153 1.62791404
1257 1.62488085 1.62040163 1.62936008
1258 1.62632392 1.62184173 1.63080612
1259 1.62776699 1.62328182 1.63225215
1260 1.62921006 1.62472192 1.63369819
1261 1.63065313 1.62616202 1.63514423
1262 1.63209620 1.62760212 1.63659027
1263 1.63353926 1.62904222 1.63803631
1264 1.63498233 1.63048232 1.63948235
1265 1.63642540 1.63192242 1.64092838
1266 1.63786847 1.63336252 1.64237442
1267 1.63931154 1.63480262 1.64382046
1268 1.64075461 1.63624271 1.64526650
1269 1.64219768 1.63768281 1.64671254
1270 1.64364074 1.63912291 1.64815858
1271 1.64508381 1.64056301 1.64960462
1272 1.64652688 1.64200311 1.65105065
1273 1.64796995 1.64344321 1.65249669
1274 1.64941302 1.64488331 1.65394273
1275 1.65085609 1.64632341 1.65538877
1276 1.65229916 1.64776351 1.65683481
1277 1.65374223 1.64920360 1.65828085
1278 1.65518529 1.65064370 1.65972688
1279 1.65662836 1.65208380 1.66117292
1280 1.65807143 1.65352390 1.66261896
1281 1.65951450 1.65496400 1.66406500
1282 1.66095757 1.65640410 1.66551104
1283 1.66240064 1.65784420 1.66695708
1284 1.66384371 1.65928430 1.66840312
1285 1.66528677 1.66072440 1.66984915
1286 1.66672984 1.66216449 1.67129519
1287 1.66817291 1.66360459 1.67274123
1288 1.66961598 1.66504469 1.67418727
1289 1.67105905 1.66648479 1.67563331
1290 1.67250212 1.66792489 1.67707935
1291 1.67394519 1.66936499 1.67852538
1292 1.67538826 1.67080509 1.67997142
1293 1.67683132 1.67224519 1.68141746
1294 1.67827439 1.67368529 1.68286350
1295 1.67971746 1.67512538 1.68430954
1296 1.68116053 1.67656548 1.68575558
1297 1.68260360 1.67800558 1.68720162
1298 1.68404667 1.67944568 1.68864765
1299 1.68548974 1.68088578 1.69009369
1300 1.68693280 1.68232588 1.69153973
1301 1.68837587 1.68376598 1.69298577
1302 1.68981894 1.68520608 1.69443181
1303 1.69126201 1.68664618 1.69587785
1304 1.69270508 1.68808627 1.69732388
1305 1.69414815 1.68952637 1.69876992
1306 1.69559122 1.69096647 1.70021596
1307 1.69703429 1.69240657 1.70166200
1308 1.69847735 1.69384667 1.70310804
1309 1.69992042 1.69528677 1.70455408
1310 1.70136349 1.69672687 1.70600012
1311 1.70280656 1.69816697 1.70744615
1312 1.70424963 1.69960707 1.70889219
1313 1.70569270 1.70104716 1.71033823
1314 1.70713577 1.70248726 1.71178427
1315 1.70857884 1.70392736 1.71323031
1316 1.71002190 1.70536746 1.71467635
1317 1.71146497 1.70680756 1.71612238
1318 1.71290804 1.70824766 1.71756842
1319 1.71435111 1.70968776 1.71901446
1320 1.71579418 1.71112786 1.72046050
1321 1.71723725 1.71256796 1.72190654
1322 1.71868032 1.71400805 1.72335258
1323 1.72012338 1.71544815 1.72479862
1324 1.72156645 1.71688825 1.72624465
1325 1.72300952 1.71832835 1.72769069
1326 1.72445259 1.71976845 1.72913673
1327 1.72589566 1.72120855 1.73058277
1328 1.72733873 1.72264865 1.73202881
1329 1.72878180 1.72408875 1.73347485
1330 1.73022487 1.72552885 1.73492088
1331 1.73166793 1.72696895 1.73636692
1332 1.73311100 1.72840904 1.73781296
1333 1.73455407 1.72984914 1.73925900
1334 1.73599714 1.73128924 1.74070504
1335 1.73744021 1.73272934 1.74215108
1336 1.73888328 1.73416944 1.74359712
1337 1.74032635 1.73560954 1.74504315
1338 1.74176941 1.73704964 1.74648919
1339 1.74321248 1.73848974 1.74793523
1340 1.74465555 1.73992984 1.74938127
1341 1.74609862 1.74136993 1.75082731
1342 1.74754169 1.74281003 1.75227335
1343 1.74898476 1.74425013 1.75371938
1344 1.75042783 1.74569023 1.75516542
1345 1.75187090 1.74713033 1.75661146
1346 1.75331396 1.74857043 1.75805750
1347 1.75475703 1.75001053 1.75950354
1348 1.75620010 1.75145063 1.76094958
1349 1.75764317 1.75289073 1.76239562
1350 1.75908624 1.75433082 1.76384165
1351 1.76052931 1.75577092 1.76528769
1352 1.76197238 1.75721102 1.76673373
1353 1.76341545 1.75865112 1.76817977
1354 1.76485851 1.76009122 1.76962581
1355 1.76630158 1.76153132 1.77107185
1356 1.76774465 1.76297142 1.77251788
1357 1.76918772 1.76441152 1.77396392
1358 1.77063079 1.76585162 1.77540996
1359 1.77207386 1.76729171 1.77685600
1360 1.77351693 1.76873181 1.77830204
1361 1.77495999 1.77017191 1.77974808
1362 1.77640306 1.77161201 1.78119412
1363 1.77784613 1.77305211 1.78264015
1364 1.77928920 1.77449221 1.78408619
1365 1.78073227 1.77593231 1.78553223
1366 1.78217534 1.77737241 1.78697827
1367 1.78361841 1.77881251 1.78842431
1368 1.78506148 1.78025260 1.78987035
1369 1.78650454 1.78169270 1.79131638
1370 1.78794761 1.78313280 1.79276242
1371 1.78939068 1.78457290 1.79420846
1372 1.79083375 1.78601300 1.79565450
1373 1.79227682 1.78745310 1.79710054
1374 1.79371989 1.78889320 1.79854658
1375 1.79516296 1.79033330 1.79999262
1376 1.79660602 1.79177340 1.80143865
1377 1.79804909 1.79321349 1.80288469
1378 1.79949216 1.79465359 1.80433073
1379 1.80093523 1.79609369 1.80577677
1380 1.80237830 1.79753379 1.80722281
1381 1.80382137 1.79897389 1.80866885
1382 1.80526444 1.80041399 1.81011488
1383 1.80670751 1.80185409 1.81156092
1384 1.80815057 1.80329419 1.81300696
1385 1.80959364 1.80473429 1.81445300
1386 1.81103671 1.80617438 1.81589904
1387 1.81247978 1.80761448 1.81734508
1388 1.81392285 1.80905458 1.81879112
1389 1.81536592 1.81049468 1.82023715
1390 1.81680899 1.81193478 1.82168319
1391 1.81825205 1.81337488 1.82312923
1392 1.81969512 1.81481498 1.82457527
1393 1.82113819 1.81625508 1.82602131
1394 1.82258126 1.81769518 1.82746735
1395 1.82402433 1.81913527 1.82891338
1396 1.82546740 1.82057537 1.83035942
1397 1.82691047 1.82201547 1.83180546
1398 1.82835354 1.82345557 1.83325150
1399 1.82979660 1.82489567 1.83469754
1400 1.83123967 1.82633577 1.83614358
1401 1.83268274 1.82777587 1.83758962
1402 1.83412581 1.82921597 1.83903565
1403 1.83556888 1.83065607 1.84048169
1404 1.83701195 1.83209616 1.84192773
1405 1.83845502 1.83353626 1.84337377
1406 1.83989809 1.83497636 1.84481981
1407 1.84134115 1.83641646 1.84626585
1408 1.84278422 1.83785656 1.84771188
1409 1.84422729 1.83929666 1.84915792
1410 1.84567036 1.84073676 1.85060396
1411 1.84711343 1.84217686 1.85205000
1412 1.84855650 1.84361696 1.85349604
1413 1.84999957 1.84505705 1.85494208
1414 1.85144263 1.84649715 1.85638812
1415 1.85288570 1.84793725 1.85783415
1416 1.85432877 1.84937735 1.85928019
1417 1.85577184 1.85081745 1.86072623
1418 1.85721491 1.85225755 1.86217227
1419 1.85865798 1.85369765 1.86361831
1420 1.86010105 1.85513775 1.86506435
1421 1.86154412 1.85657785 1.86651038
1422 1.86298718 1.85801795 1.86795642
1423 1.86443025 1.85945804 1.86940246
1424 1.86587332 1.86089814 1.87084850
1425 1.86731639 1.86233824 1.87229454
1426 1.86875946 1.86377834 1.87374058
1427 1.87020253 1.86521844 1.87518662
1428 1.87164560 1.86665854 1.87663265
1429 1.87308866 1.86809864 1.87807869
1430 1.87453173 1.86953874 1.87952473
1431 1.87597480 1.87097884 1.88097077
1432 1.87741787 1.87241893 1.88241681
1433 1.87886094 1.87385903 1.88386285
1434 1.88030401 1.87529913 1.88530888
1435 1.88174708 1.87673923 1.88675492
1436 1.88319015 1.87817933 1.88820096
1437 1.88463321 1.87961943 1.88964700
1438 1.88607628 1.88105953 1.89109304
1439 1.88751935 1.88249963 1.89253908
1440 1.88896242 1.88393973 1.89398512
1441 1.89040549 1.88537982 1.89543115
1442 1.89184856 1.88681992 1.89687719
1443 1.89329163 1.88826002 1.89832323
1444 1.89473470 1.88970012 1.89976927
1445 1.89617776 1.89114022 1.90121531
1446 1.89762083 1.89258032 1.90266135
1447 1.89906390 1.89402042 1.90410738
1448 1.90050697 1.89546052 1.90555342
1449 1.90195004 1.89690062 1.90699946
1450 1.90339311 1.89834071 1.90844550
1451 1.90483618 1.89978081 1.90989154
1452 1.90627924 1.90122091 1.91133758
1453 1.90772231 1.90266101 1.91278362
1454 1.90916538 1.90410111 1.91422965
1455 1.91060845 1.90554121 1.91567569
1456 1.91205152 1.90698131 1.91712173
1457 1.91349459 1.90842141 1.91856777
1458 1.91493766 1.90986151 1.92001381
1459 1.91638073 1.91130160 1.92145985
1460 1.91782379 1.91274170 1.92290588
1461 1.91926686 1.91418180 1.92435192
1462 1.92070993 1.91562190 1.92579796
1463 1.92215300 1.91706200 1.92724400
1464 1.92369579 1.91859483 1.92879674
1465 1.92523857 1.92012766 1.93034949
1466 1.92678136 1.92166049 1.93190223
1467 1.92832414 1.92319331 1.93345498
1468 1.92986693 1.92472614 1.93500772
1469 1.93140972 1.92625897 1.93656046
1470 1.93295250 1.92779180 1.93811321
1471 1.93449529 1.92932463 1.93966595
1472 1.93603807 1.93085746 1.94121869
1473 1.93758086 1.93239028 1.94277144
1474 1.93912365 1.93392311 1.94432418
1475 1.94066643 1.93545594 1.94587693
1476 1.94220922 1.93698877 1.94742967
1477 1.94375201 1.93852160 1.94898241
1478 1.94529479 1.94005443 1.95053516
1479 1.94683758 1.94158725 1.95208790
1480 1.94838036 1.94312008 1.95364065
1481 1.94992315 1.94465291 1.95519339
1482 1.95146594 1.94618574 1.95674613
1483 1.95300872 1.94771857 1.95829888
1484 1.95455151 1.94925140 1.95985162
1485 1.95609429 1.95078422 1.96140437
1486 1.95763708 1.95231705 1.96295711
1487 1.95917987 1.95384988 1.96450985
1488 1.96072265 1.95538271 1.96606260
1489 1.96226544 1.95691554 1.96761534
1490 1.96380822 1.95844837 1.96916808
1491 1.96535101 1.95998119 1.97072083
1492 1.96689380 1.96151402 1.97227357
1493 1.96843658 1.96304685 1.97382632
1494 1.96997937 1.96457968 1.97537906
1495 1.97152216 1.96611251 1.97693180
1496 1.97306494 1.96764534 1.97848455
1497 1.97460773 1.96917816 1.98003729
1498 1.97615051 1.97071099 1.98159004
1499 1.97769330 1.97224382 1.98314278
1500 1.97923609 1.97377665 1.98469552
1501 1.98077887 1.97530948 1.98624827
1502 1.98232166 1.97684231 1.98780101
1503 1.98386444 1.97837513 1.98935375
1504 1.98540723 1.97990796 1.99090650
1505 1.98695002 1.98144079 1.99245924
1506 1.98849280 1.98297362 1.99401199
1507 1.99003559 1.98450645 1.99556473
1508 1.99157837 1.98603928 1.99711747
1509 1.99312116 1.98757210 1.99867022
1510 1.99466395 1.98910493 2.00022296
1511 1.99620673 1.99063776 2.00177571
1512 1.99774952 1.99217059 2.00332845
1513 1.99929231 1.99370342 2.00488119
1514 2.00083509 1.99523625 2.00643394
1515 2.00237788 1.99676907 2.00798668
1516 2.00392066 1.99830190 2.00953943
1517 2.00546345 1.99983473 2.01109217
1518 2.00700624 2.00136756 2.01264491
1519 2.00854902 2.00290039 2.01419766
1520 2.01009181 2.00443322 2.01575040
1521 2.01163459 2.00596604 2.01730314
1522 2.01317738 2.00749887 2.01885589
1523 2.01472017 2.00903170 2.02040863
1524 2.01626295 2.01056453 2.02196138
1525 2.01780574 2.01209736 2.02351412
1526 2.01934852 2.01363019 2.02506686
1527 2.02089131 2.01516301 2.02661961
1528 2.02243410 2.01669584 2.02817235
1529 2.02397688 2.01822867 2.02972510
1530 2.02551967 2.01976150 2.03127784
1531 2.02706246 2.02129433 2.03283058
1532 2.02860524 2.02282716 2.03438333
1533 2.03014803 2.02435998 2.03593607
1534 2.03169081 2.02589281 2.03748881
1535 2.03323360 2.02742564 2.03904156
1536 2.03477639 2.02895847 2.04059430
1537 2.03631917 2.03049130 2.04214705
1538 2.03786196 2.03202413 2.04369979
1539 2.03940474 2.03355695 2.04525253
1540 2.04094753 2.03508978 2.04680528
1541 2.04249032 2.03662261 2.04835802
1542 2.04403310 2.03815544 2.04991077
1543 2.04557589 2.03968827 2.05146351
1544 2.04711867 2.04122110 2.05301625
1545 2.04866146 2.04275392 2.05456900
1546 2.05020425 2.04428675 2.05612174
1547 2.05174703 2.04581958 2.05767449
1548 2.05328982 2.04735241 2.05922723
1549 2.05483260 2.04888524 2.06077997
1550 2.05637539 2.05041807 2.06233272
1551 2.05791818 2.05195089 2.06388546
1552 2.05946096 2.05348372 2.06543820
1553 2.06100375 2.05501655 2.06699095
1554 2.06254654 2.05654938 2.06854369
1555 2.06408932 2.05808221 2.07009644
1556 2.06563211 2.05961504 2.07164918
1557 2.06717489 2.06114786 2.07320192
1558 2.06871768 2.06268069 2.07475467
1559 2.07026047 2.06421352 2.07630741
1560 2.07180325 2.06574635 2.07786016
1561 2.07334604 2.06727918 2.07941290
1562 2.07488882 2.06881201 2.08096564
1563 2.07643161 2.07034483 2.08251839
1564 2.07797440 2.07187766 2.08407113
1565 2.07951718 2.07341049 2.08562387
1566 2.08105997 2.07494332 2.08717662
1567 2.08260275 2.07647615 2.08872936
1568 2.08414554 2.07800898 2.09028211
1569 2.08568833 2.07954180 2.09183485
1570 2.08723111 2.08107463 2.09338759
1571 2.08877390 2.08260746 2.09494034
1572 2.09031669 2.08414029 2.09649308
1573 2.09185947 2.08567312 2.09804583
1574 2.09340226 2.08720595 2.09959857
1575 2.09494504 2.08873877 2.10115131
1576 2.09648783 2.09027160 2.10270406
1577 2.09803062 2.09180443 2.10425680
1578 2.09957340 2.09333726 2.10580955
1579 2.10111619 2.09487009 2.10736229
1580 2.10265897 2.09640292 2.10891503
1581 2.10420176 2.09793574 2.11046778
1582 2.10574455 2.09946857 2.11202052
1583 2.10728733 2.10100140 2.11357326
1584 2.10883012 2.10253423 2.11512601
1585 2.11037290 2.10406706 2.11667875
1586 2.11191569 2.10559989 2.11823150
1587 2.11345848 2.10713271 2.11978424
1588 2.11500126 2.10866554 2.12133698
1589 2.11654405 2.11019837 2.12288973
1590 2.11808684 2.11173120 2.12444247
1591 2.11962962 2.11326403 2.12599522
1592 2.12117241 2.11479686 2.12754796
1593 2.12271519 2.11632968 2.12910070
1594 2.12425798 2.11786251 2.13065345
1595 2.12580077 2.11939534 2.13220619
1596 2.12734355 2.12092817 2.13375893
1597 2.12888634 2.12246100 2.13531168
1598 2.13042912 2.12399383 2.13686442
1599 2.13197191 2.12552665 2.13841717
1600 2.13351470 2.12705948 2.13996991
1601 2.13505748 2.12859231 2.14152265
1602 2.13660027 2.13012514 2.14307540
1603 2.13814305 2.13165797 2.14462814
1604 2.13968584 2.13319080 2.14618089
1605 2.14122863 2.13472362 2.14773363
1606 2.14277141 2.13625645 2.14928637
1607 2.14431420 2.13778928 2.15083912
1608 2.14585699 2.13932211 2.15239186
1609 2.14739977 2.14085494 2.15394460
1610 2.14894256 2.14238777 2.15549735
1611 2.15048534 2.14392059 2.15705009
1612 2.15202813 2.14545342 2.15860284
1613 2.15357092 2.14698625 2.16015558
1614 2.15511370 2.14851908 2.16170832
1615 2.15665649 2.15005191 2.16326107
1616 2.15819927 2.15158474 2.16481381
1617 2.15974206 2.15311756 2.16636656
1618 2.16128485 2.15465039 2.16791930
1619 2.16282763 2.15618322 2.16947204
1620 2.16437042 2.15771605 2.17102479
1621 2.16591320 2.15924888 2.17257753
1622 2.16745599 2.16078171 2.17413028
1623 2.16899878 2.16231453 2.17568302
1624 2.17054156 2.16384736 2.17723576
1625 2.17208435 2.16538019 2.17878851
1626 2.17362713 2.16691302 2.18034125
1627 2.17516992 2.16844585 2.18189399
1628 2.17671271 2.16997868 2.18344674
1629 2.17825549 2.17151150 2.18499948
1630 2.17979828 2.17304433 2.18655223
1631 2.18134107 2.17457716 2.18810497
1632 2.18288385 2.17610999 2.18965771
1633 2.18442664 2.17764282 2.19121046
1634 2.18596942 2.17917565 2.19276320
1635 2.18751221 2.18070847 2.19431595
1636 2.18905500 2.18224130 2.19586869
1637 2.19059778 2.18377413 2.19742143
1638 2.19214057 2.18530696 2.19897418
1639 2.19368335 2.18683979 2.20052692
1640 2.19522614 2.18837262 2.20207966
1641 2.19676893 2.18990544 2.20363241
1642 2.19831171 2.19143827 2.20518515
1643 2.19985450 2.19297110 2.20673790
1644 2.20139728 2.19450393 2.20829064
1645 2.20294007 2.19603676 2.20984338
1646 2.20448286 2.19756959 2.21139613
1647 2.20602564 2.19910241 2.21294887
1648 2.20756843 2.20063524 2.21450162
1649 2.20911122 2.20216807 2.21605436
1650 2.21065400 2.20370090 2.21760710
1651 2.21219679 2.20523373 2.21915985
1652 2.21373957 2.20676656 2.22071259
1653 2.21528236 2.20829938 2.22226534
1654 2.21682515 2.20983221 2.22381808
1655 2.21836793 2.21136504 2.22537082
1656 2.21991072 2.21289787 2.22692357
1657 2.22145350 2.21443070 2.22847631
1658 2.22299629 2.21596353 2.23002905
1659 2.22453908 2.21749635 2.23158180
1660 2.22608186 2.21902918 2.23313454
1661 2.22762465 2.22056201 2.23468729
1662 2.22916743 2.22209484 2.23624003
1663 2.23071022 2.22362767 2.23779277
1664 2.23225301 2.22516050 2.23934552
1665 2.23379579 2.22669332 2.24089826
1666 2.23533858 2.22822615 2.24245101
1667 2.23688137 2.22975898 2.24400375
1668 2.23842415 2.23129181 2.24555649
1669 2.23996694 2.23282464 2.24710924
1670 2.24150972 2.23435747 2.24866198
1671 2.24305251 2.23589029 2.25021472
1672 2.24459530 2.23742312 2.25176747
1673 2.24613808 2.23895595 2.25332021
1674 2.24768087 2.24048878 2.25487296
1675 2.24922365 2.24202161 2.25642570
1676 2.25076644 2.24355444 2.25797844
1677 2.25230923 2.24508726 2.25953119
1678 2.25385201 2.24662009 2.26108393
1679 2.25539480 2.24815292 2.26263668
1680 2.25693758 2.24968575 2.26418942
1681 2.25848037 2.25121858 2.26574216
1682 2.26002316 2.25275141 2.26729491
1683 2.26156594 2.25428423 2.26884765
1684 2.26310873 2.25581706 2.27040040
1685 2.26465152 2.25734989 2.27195314
1686 2.26619430 2.25888272 2.27350588
1687 2.26773709 2.26041555 2.27505863
1688 2.26927987 2.26194838 2.27661137
1689 2.27082266 2.26348120 2.27816411
1690 2.27236545 2.26501403 2.27971686
1691 2.27390823 2.26654686 2.28126960
1692 2.27545102 2.26807969 2.28282235
1693 2.27699380 2.26961252 2.28437509
1694 2.27853659 2.27114535 2.28592783
1695 2.28007938 2.27267817 2.28748058
1696 2.28162216 2.27421100 2.28903332
1697 2.28316495 2.27574383 2.29058607
1698 2.28470773 2.27727666 2.29213881
1699 2.28625052 2.27880949 2.29369155
1700 2.28779331 2.28034232 2.29524430
1701 2.28933609 2.28187514 2.29679704
1702 2.29087888 2.28340797 2.29834978
1703 2.29242166 2.28494080 2.29990253
1704 2.29396445 2.28647363 2.30145527
1705 2.29550724 2.28800646 2.30300802
1706 2.29705002 2.28953929 2.30456076
1707 2.29859281 2.29107211 2.30611350
1708 2.30013560 2.29260494 2.30766625
1709 2.30167838 2.29413777 2.30921899
1710 2.30322117 2.29567060 2.31077174
1711 2.30476395 2.29720343 2.31232448
1712 2.30630674 2.29873626 2.31387722
1713 2.30784953 2.30026908 2.31542997
1714 2.30939231 2.30180191 2.31698271
1715 2.31093510 2.30333474 2.31853546
1716 2.31247788 2.30486757 2.32008820
1717 2.31402067 2.30640040 2.32164094
1718 2.31556346 2.30793323 2.32319369
1719 2.31710624 2.30946605 2.32474643
1720 2.31864903 2.31099888 2.32629917
1721 2.32019181 2.31253171 2.32785192
1722 2.32173460 2.31406454 2.32940466
1723 2.32327739 2.31559737 2.33095741
1724 2.32482017 2.31713020 2.33251015
1725 2.32636296 2.31866302 2.33406289
1726 2.32790575 2.32019585 2.33561564
1727 2.32944853 2.32172868 2.33716838
1728 2.33099132 2.32326151 2.33872113
1729 2.33253410 2.32479434 2.34027387
1730 2.33407689 2.32632717 2.34182661
1731 2.33561968 2.32785999 2.34337936
1732 2.33716246 2.32939282 2.34493210
1733 2.33870525 2.33092565 2.34648484
1734 2.34024803 2.33245848 2.34803759
1735 2.34179082 2.33399131 2.34959033
1736 2.34333361 2.33552414 2.35114308
1737 2.34487639 2.33705696 2.35269582
1738 2.34641918 2.33858979 2.35424856
1739 2.34796196 2.34012262 2.35580131
1740 2.34950475 2.34165545 2.35735405
1741 2.35104754 2.34318828 2.35890680
1742 2.35259032 2.34472111 2.36045954
1743 2.35413311 2.34625393 2.36201228
1744 2.35567590 2.34778676 2.36356503
1745 2.35721868 2.34931959 2.36511777
1746 2.35876147 2.35085242 2.36667052
1747 2.36030425 2.35238525 2.36822326
1748 2.36184704 2.35391808 2.36977600
1749 2.36338983 2.35545090 2.37132875
1750 2.36493261 2.35698373 2.37288149
1751 2.36647540 2.35851656 2.37443423
1752 2.36801818 2.36004939 2.37598698
1753 2.36956097 2.36158222 2.37753972
1754 2.37110376 2.36311505 2.37909247
1755 2.37264654 2.36464787 2.38064521
1756 2.37418933 2.36618070 2.38219795
1757 2.37573211 2.36771353 2.38375070
1758 2.37727490 2.36924636 2.38530344
1759 2.37881769 2.37077919 2.38685619
1760 2.38036047 2.37231202 2.38840893
1761 2.38190326 2.37384484 2.38996167
1762 2.38344605 2.37537767 2.39151442
1763 2.38498883 2.37691050 2.39306716
1764 2.38653162 2.37844333 2.39461990
1765 2.38807440 2.37997616 2.39617265
1766 2.38961719 2.38150899 2.39772539
1767 2.39115998 2.38304181 2.39927814
1768 2.39270276 2.38457464 2.40083088
1769 2.39424555 2.38610747 2.40238362
1770 2.39578833 2.38764030 2.40393637
1771 2.39733112 2.38917313 2.40548911
1772 2.39887391 2.39070596 2.40704186
1773 2.40041669 2.39223878 2.40859460
1774 2.40195948 2.39377161 2.41014734
1775 2.40350226 2.39530444 2.41170009
1776 2.40504505 2.39683727 2.41325283
1777 2.40658784 2.39837010 2.41480557
1778 2.40813062 2.39990293 2.41635832
1779 2.40967341 2.40143575 2.41791106
1780 2.41121619 2.40296858 2.41946381
1781 2.41275898 2.40450141 2.42101655
1782 2.41430177 2.40603424 2.42256929
1783 2.41584455 2.40756707 2.42412204
1784 2.41738734 2.40909990 2.42567478
1785 2.41893013 2.41063272 2.42722753
1786 2.42047291 2.41216555 2.42878027
1787 2.42201570 2.41369838 2.43033301
1788 2.42355848 2.41523121 2.43188576
1789 2.42510127 2.41676404 2.43343850
1790 2.42664406 2.41829687 2.43499125
1791 2.42818684 2.41982969 2.43654399
1792 2.42972963 2.42136252 2.43809673
1793 2.43127241 2.42289535 2.43964948
1794 2.43281520 2.42442818 2.44120222
1795 2.43435799 2.42596101 2.44275496
1796 2.43590077 2.42749384 2.44430771
1797 2.43744356 2.42902666 2.44586045
1798 2.43898634 2.43055949 2.44741320
1799 2.44052913 2.43209232 2.44896594
1800 2.44207192 2.43362515 2.45051868
1801 2.44361470 2.43515798 2.45207143
1802 2.44515749 2.43669081 2.45362417
1803 2.44670028 2.43822363 2.45517692
1804 2.44824306 2.43975646 2.45672966
1805 2.44978585 2.44128929 2.45828240
1806 2.45132863 2.44282212 2.45983515
1807 2.45287142 2.44435495 2.46138789
1808 2.45441421 2.44588778 2.46294063
1809 2.45595699 2.44742060 2.46449338
1810 2.45749978 2.44895343 2.46604612
1811 2.45904256 2.45048626 2.46759887
1812 2.46058535 2.45201909 2.46915161
1813 2.46212814 2.45355192 2.47070435
1814 2.46367092 2.45508475 2.47225710
1815 2.46521371 2.45661757 2.47380984
1816 2.46675649 2.45815040 2.47536259
1817 2.46829928 2.45968323 2.47691533
1818 2.46984207 2.46121606 2.47846807
1819 2.47138485 2.46274889 2.48002082
1820 2.47292764 2.46428172 2.48157356
1821 2.47447043 2.46581455 2.48312631
1822 2.47601321 2.46734737 2.48467905
1823 2.47755600 2.46888020 2.48623179
1824 2.47909878 2.47041303 2.48778454
1825 2.48064157 2.47194586 2.48933728
1826 2.48218436 2.47347869 2.49089002
1827 2.48372714 2.47501152 2.49244277
1828 2.48526993 2.47654434 2.49399551
1829 2.48681271 2.47807717 2.49554826
1830 2.48835550 2.47961000 2.49710100
