1 -0.00616667 -0.03300000 0.02066667
2 -0.00616667 -0.03300000 0.02066667
3 -0.00616667 -0.03300000 0.02066667
4 0.00000000 0.00000000 0.00000000
5 0.02400000 0.00600000 0.04200000
6 0.01833333 -0.00333333 0.04000000
7 0.01266667 -0.01266666 0.03800000
8 0.00700000 -0.02200000 0.03600000
9 0.00133333 -0.03133333 0.03400000
10 -0.00433333 -0.04066666 0.03200000
11 -0.01000000 -0.05000000 0.03000000
12 -0.02785714 -0.07000000 0.01428571
13 -0.04571428 -0.09000000 -0.00142857
14 -0.06357142 -0.11000000 -0.01714285
15 -0.08142857 -0.13000000 -0.03285714
16 -0.09928571 -0.15000000 -0.04857142
17 -0.11714285 -0.17000000 -0.06428571
18 -0.13500000 -0.19000000 -0.08000000
19 -0.15285714 -0.21000000 -0.09571428
20 -0.17071428 -0.23000000 -0.11142857
21 -0.18857142 -0.25000000 -0.12714285
22 -0.20642857 -0.27000000 -0.14285714
23 -0.22428571 -0.29000000 -0.15857142
24 -0.24214285 -0.31000000 -0.17428571
25 -0.26000000 -0.33000000 -0.19000000
26 -0.27350000 -0.34600000 -0.20100000
27 -0.28700000 -0.36200000 -0.21200000
28 -0.30050000 -0.37800000 -0.22300000
29 -0.31400000 -0.39400000 -0.23400000
30 -0.32750000 -0.41000000 -0.24500000
31 -0.34100000 -0.42600000 -0.25600000
32 -0.35450000 -0.44200000 -0.26700000
33 -0.36800000 -0.45800000 -0.27800000
34 -0.38150000 -0.47400000 -0.28900000
35 -0.39500000 -0.49000000 -0.30000000
36 -0.39535714 -0.49285714 -0.29785714
37 -0.39571428 -0.49571428 -0.29571428
38 -0.39607142 -0.49857142 -0.29357142
39 -0.39642857 -0.50142857 -0.29142857
40 -0.39678571 -0.50428571 -0.28928571
41 -0.39714285 -0.50714285 -0.28714285
42 -0.39750000 -0.51000000 -0.28500000
43 -0.39785714 -0.51285714 -0.28285714
44 -0.39821428 -0.51571428 -0.28071428
45 -0.39857142 -0.51857142 -0.27857142
46 -0.39892857 -0.52142857 -0.27642857
47 -0.39928571 -0.52428571 -0.27428571
48 -0.39964285 -0.52714285 -0.27214285
49 -0.40000000 -0.53000000 -0.27000000
50 -0.40035714 -0.53285714 -0.26785714
51 -0.40071428 -0.53571428 -0.26571428
52 -0.40107142 -0.53857142 -0.26357142
53 -0.40142857 -0.54142857 -0.26142857
54 -0.40178571 -0.54428571 -0.25928571
55 -0.40214285 -0.54714285 -0.25714285
56 -0.40250000 -0.55000000 -0.25500000
57 -0.40285714 -0.55285714 -0.25285714
58 -0.40321428 -0.55571428 -0.25071428
59 -0.40357142 -0.55857142 -0.24857142
60 -0.40392857 -0.56142857 -0.24642857
61 -0.40428571 -0.56428571 -0.24428571
62 -0.40464285 -0.56714285 -0.24214285
63 -0.40500000 -0.57000000 -0.24000000
64 -0.40212121 -0.56878787 -0.23545454
65 -0.39924242 -0.56757575 -0.23090909
66 -0.39636363 -0.56636363 -0.22636363
67 -0.39348484 -0.56515151 -0.22181818
68 -0.39060606 -0.56393939 -0.21727272
69 -0.38772727 -0.56272727 -0.21272727
70 -0.38484848 -0.56151515 -0.20818181
71 -0.38196969 -0.56030303 -0.20363636
72 -0.37909090 -0.55909090 -0.19909090
73 -0.37621212 -0.55787878 -0.19454545
74 -0.37333333 -0.55666666 -0.19000000
75 -0.37045454 -0.55545454 -0.18545454
76 -0.36757575 -0.55424242 -0.18090909
77 -0.36469696 -0.55303030 -0.17636363
78 -0.36181818 -0.55181818 -0.17181818
79 -0.35893939 -0.55060606 -0.16727272
80 -0.35606060 -0.54939393 -0.16272727
81 -0.35318181 -0.54818181 -0.15818181
82 -0.35030303 -0.54696969 -0.15363636
83 -0.34742424 -0.54575757 -0.14909090
84 -0.34454545 -0.54454545 -0.14454545
85 -0.34166666 -0.54333333 -0.14000000
86 -0.33878787 -0.54212121 -0.13545454
87 -0.33590909 -0.54090909 -0.13090909
88 -0.33303030 -0.53969696 -0.12636363
89 -0.33015151 -0.53848484 -0.12181818
90 -0.32727272 -0.53727272 -0.11727272
91 -0.32439393 -0.53606060 -0.11272727
92 -0.32151515 -0.53484848 -0.10818181
93 -0.31863636 -0.53363636 -0.10363636
94 -0.31575757 -0.53242424 -0.09909090
95 -0.31287878 -0.53121212 -0.09454545
96 -0.31000000 -0.53000000 -0.09000000
97 -0.29628333 -0.52336666 -0.06920000
98 -0.28256666 -0.51673333 -0.04840000
99 -0.26885000 -0.51010000 -0.02760000
100 -0.25513333 -0.50346666 -0.00680000
101 -0.24141666 -0.49683333 0.01400000
102 -0.22770000 -0.49020000 0.03480000
103 -0.21398333 -0.48356666 0.05560000
104 -0.20026666 -0.47693333 0.07640000
105 -0.18655000 -0.47030000 0.09720000
106 -0.17283333 -0.46366666 0.11800000
107 -0.15911666 -0.45703333 0.13880000
108 -0.14540000 -0.45040000 0.15960000
109 -0.13168333 -0.44376666 0.18040000
110 -0.11796666 -0.43713333 0.20120000
111 -0.10425000 -0.43050000 0.22200000
112 -0.09053333 -0.42386666 0.24280000
113 -0.07681666 -0.41723333 0.26360000
114 -0.06310000 -0.41060000 0.28440000
115 -0.04938333 -0.40396666 0.30520000
116 -0.03566666 -0.39733333 0.32600000
117 -0.02195000 -0.39070000 0.34680000
118 -0.00823333 -0.38406666 0.36760000
119 0.00548333 -0.37743333 0.38840000
120 0.01920000 -0.37080000 0.40920000
121 0.03291667 -0.36416666 0.43000000
122 0.04663333 -0.35753333 0.45080000
123 0.06035000 -0.35090000 0.47160000
124 0.07406667 -0.34426666 0.49240000
125 0.08778333 -0.33763333 0.51320000
126 0.10150000 -0.33100000 0.53400000
127 0.10854839 -0.32829032 0.54538710
128 0.11559677 -0.32558064 0.55677419
129 0.12264516 -0.32287096 0.56816129
130 0.12969355 -0.32016129 0.57954839
131 0.13674194 -0.31745161 0.59093548
132 0.14379032 -0.31474193 0.60232258
133 0.15083871 -0.31203225 0.61370968
134 0.15788710 -0.30932258 0.62509677
135 0.16493548 -0.30661290 0.63648387
136 0.17198387 -0.30390322 0.64787097
137 0.17903226 -0.30119354 0.65925806
138 0.18608065 -0.29848387 0.67064516
139 0.19312903 -0.29577419 0.68203226
140 0.20017742 -0.29306451 0.69341935
141 0.20722581 -0.29035483 0.70480645
142 0.21427419 -0.28764516 0.71619355
143 0.22132258 -0.28493548 0.72758065
144 0.22837097 -0.28222580 0.73896774
145 0.23541935 -0.27951612 0.75035484
146 0.24246774 -0.27680645 0.76174194
147 0.24951613 -0.27409677 0.77312903
148 0.25656452 -0.27138709 0.78451613
149 0.26361290 -0.26867741 0.79590323
150 0.27066129 -0.26596774 0.80729032
151 0.27770968 -0.26325806 0.81867742
152 0.28475806 -0.26054838 0.83006452
153 0.29180645 -0.25783870 0.84145161
154 0.29885484 -0.25512903 0.85283871
155 0.30590323 -0.25241935 0.86422581
156 0.31295161 -0.24970967 0.87561290
157 0.32000000 -0.24700000 0.88700000
158 0.33096774 -0.23935483 0.90129032
159 0.34193548 -0.23170967 0.91558065
160 0.35290323 -0.22406451 0.92987097
161 0.36387097 -0.21641935 0.94416129
162 0.37483871 -0.20877419 0.95845161
163 0.38580645 -0.20112903 0.97274194
164 0.39677419 -0.19348387 0.98703226
165 0.40774194 -0.18583870 1.00132258
166 0.41870968 -0.17819354 1.01561290
167 0.42967742 -0.17054838 1.02990323
168 0.44064516 -0.16290322 1.04419355
169 0.45161290 -0.15525806 1.05848387
170 0.46258065 -0.14761290 1.07277419
171 0.47354839 -0.13996774 1.08706452
172 0.48451613 -0.13232258 1.10135484
173 0.49548387 -0.12467741 1.11564516
174 0.50645161 -0.11703225 1.12993548
175 0.51741935 -0.10938709 1.14422581
176 0.52838710 -0.10174193 1.15851613
177 0.53935484 -0.09409677 1.17280645
178 0.55032258 -0.08645161 1.18709677
179 0.56129032 -0.07880645 1.20138710
180 0.57225806 -0.07116129 1.21567742
181 0.58322581 -0.06351612 1.22996774
182 0.59419355 -0.05587096 1.24425806
183 0.60516129 -0.04822580 1.25854839
184 0.61612903 -0.04058064 1.27283871
185 0.62709677 -0.03293548 1.28712903
186 0.63806452 -0.02529032 1.30141935
187 0.64903226 -0.01764516 1.31570968
188 0.66000000 -0.01000000 1.33000000
189 0.66379310 -0.01620689 1.34379310
190 0.66758621 -0.02241379 1.35758621
191 0.67137931 -0.02862068 1.37137931
192 0.67517241 -0.03482758 1.38517241
193 0.67896552 -0.04103448 1.39896552
194 0.68275862 -0.04724137 1.41275862
195 0.68655172 -0.05344827 1.42655172
196 0.69034483 -0.05965517 1.44034483
197 0.69413793 -0.06586206 1.45413793
198 0.69793103 -0.07206896 1.46793103
199 0.70172414 -0.07827586 1.48172414
200 0.70551724 -0.08448275 1.49551724
201 0.70931034 -0.09068965 1.50931034
202 0.71310345 -0.09689655 1.52310345
203 0.71689655 -0.10310344 1.53689655
204 0.72068966 -0.10931034 1.55068966
205 0.72448276 -0.11551724 1.56448276
206 0.72827586 -0.12172413 1.57827586
207 0.73206897 -0.12793103 1.59206897
208 0.73586207 -0.13413793 1.60586207
209 0.73965517 -0.14034482 1.61965517
210 0.74344828 -0.14655172 1.63344828
211 0.74724138 -0.15275862 1.64724138
212 0.75103448 -0.15896551 1.66103448
213 0.75482759 -0.16517241 1.67482759
214 0.75862069 -0.17137931 1.68862069
215 0.76241379 -0.17758620 1.70241379
216 0.76620690 -0.18379310 1.71620690
217 0.77000000 -0.19000000 1.73000000
218 0.77642857 -0.18928571 1.74214286
219 0.78285714 -0.18857142 1.75428571
220 0.78928571 -0.18785714 1.76642857
221 0.79571429 -0.18714285 1.77857143
222 0.80214286 -0.18642857 1.79071429
223 0.80857143 -0.18571428 1.80285714
224 0.81500000 -0.18500000 1.81500000
225 0.82142857 -0.18428571 1.82714286
226 0.82785714 -0.18357142 1.83928571
227 0.83428571 -0.18285714 1.85142857
228 0.84071429 -0.18214285 1.86357143
229 0.84714286 -0.18142857 1.87571429
230 0.85357143 -0.18071428 1.88785714
231 0.86000000 -0.18000000 1.90000000
232 0.86642857 -0.17928571 1.91214286
233 0.87285714 -0.17857142 1.92428571
234 0.87928571 -0.17785714 1.93642857
235 0.88571429 -0.17714285 1.94857143
236 0.89214286 -0.17642857 1.96071429
237 0.89857143 -0.17571428 1.97285714
238 0.90500000 -0.17500000 1.98500000
239 0.91142857 -0.17428571 1.99714286
240 0.91785714 -0.17357142 2.00928571
241 0.92428571 -0.17285714 2.02142857
242 0.93071429 -0.17214285 2.03357143
243 0.93714286 -0.17142857 2.04571429
244 0.94357143 -0.17071428 2.05785714
245 0.95000000 -0.17000000 2.07000000
246 0.95500000 -0.16696969 2.07696970
247 0.96000000 -0.16393939 2.08393939
248 0.96500000 -0.16090909 2.09090909
249 0.97000000 -0.15787878 2.09787879
250 0.97500000 -0.15484848 2.10484848
251 0.98000000 -0.15181818 2.11181818
252 0.98500000 -0.14878787 2.11878788
253 0.99000000 -0.14575757 2.12575758
254 0.99500000 -0.14272727 2.13272727
255 1.00000000 -0.13969696 2.13969697
256 1.00500000 -0.13666666 2.14666667
257 1.01000000 -0.13363636 2.15363636
258 1.01500000 -0.13060606 2.16060606
259 1.02000000 -0.12757575 2.16757576
260 1.02500000 -0.12454545 2.17454545
261 1.03000000 -0.12151515 2.18151515
262 1.03500000 -0.11848484 2.18848485
263 1.04000000 -0.11545454 2.19545455
264 1.04500000 -0.11242424 2.20242424
265 1.05000000 -0.10939393 2.20939394
266 1.05500000 -0.10636363 2.21636364
267 1.06000000 -0.10333333 2.22333333
268 1.06500000 -0.10030303 2.23030303
269 1.07000000 -0.09727272 2.23727273
270 1.07500000 -0.09424242 2.24424242
271 1.08000000 -0.09121212 2.25121212
272 1.08500000 -0.08818181 2.25818182
273 1.09000000 -0.08515151 2.26515152
274 1.09500000 -0.08212121 2.27212121
275 1.10000000 -0.07909090 2.27909091
276 1.10500000 -0.07606060 2.28606061
277 1.11000000 -0.07303030 2.29303030
278 1.11500000 -0.07000000 2.30000000
279 1.11803333 -0.07310000 2.30916667
280 1.12106667 -0.07620000 2.31833333
281 1.12410000 -0.07930000 2.32750000
282 1.12713333 -0.08240000 2.33666667
283 1.13016667 -0.08550000 2.34583333
284 1.13320000 -0.08860000 2.35500000
285 1.13623333 -0.09170000 2.36416667
286 1.13926667 -0.09480000 2.37333333
287 1.14230000 -0.09790000 2.38250000
288 1.14533333 -0.10100000 2.39166667
289 1.14836667 -0.10410000 2.40083333
290 1.15140000 -0.10720000 2.41000000
291 1.15443333 -0.11030000 2.41916667
292 1.15746667 -0.11340000 2.42833333
293 1.16050000 -0.11650000 2.43750000
294 1.16353333 -0.11960000 2.44666667
295 1.16656667 -0.12270000 2.45583333
296 1.16960000 -0.12580000 2.46500000
297 1.17263333 -0.12890000 2.47416667
298 1.17566667 -0.13200000 2.48333333
299 1.17870000 -0.13510000 2.49250000
300 1.18173333 -0.13820000 2.50166667
301 1.18476667 -0.14130000 2.51083333
302 1.18780000 -0.14440000 2.52000000
303 1.19083333 -0.14750000 2.52916667
304 1.19386667 -0.15060000 2.53833333
305 1.19690000 -0.15370000 2.54750000
306 1.19993333 -0.15680000 2.55666667
307 1.20296667 -0.15990000 2.56583333
308 1.20600000 -0.16300000 2.57500000
309 1.20242857 -0.17164285 2.57650000
310 1.19885714 -0.18028571 2.57800000
311 1.19528571 -0.18892857 2.57950000
312 1.19171429 -0.19757142 2.58100000
313 1.18814286 -0.20621428 2.58250000
314 1.18457143 -0.21485714 2.58400000
315 1.18100000 -0.22350000 2.58550000
316 1.17742857 -0.23214285 2.58700000
317 1.17385714 -0.24078571 2.58850000
318 1.17028571 -0.24942857 2.59000000
319 1.16671429 -0.25807142 2.59150000
320 1.16314286 -0.26671428 2.59300000
321 1.15957143 -0.27535714 2.59450000
322 1.15600000 -0.28400000 2.59600000
323 1.15242857 -0.29264285 2.59750000
324 1.14885714 -0.30128571 2.59900000
325 1.14528571 -0.30992857 2.60050000
326 1.14171429 -0.31857142 2.60200000
327 1.13814286 -0.32721428 2.60350000
328 1.13457143 -0.33585714 2.60500000
329 1.13100000 -0.34450000 2.60650000
330 1.12742857 -0.35314285 2.60800000
331 1.12385714 -0.36178571 2.60950000
332 1.12028571 -0.37042857 2.61100000
333 1.11671429 -0.37907142 2.61250000
334 1.11314286 -0.38771428 2.61400000
335 1.10957143 -0.39635714 2.61550000
336 1.10600000 -0.40500000 2.61700000
337 1.09960606 -0.41696969 2.61618182
338 1.09321212 -0.42893939 2.61536364
339 1.08681818 -0.44090909 2.61454545
340 1.08042424 -0.45287878 2.61372727
341 1.07403030 -0.46484848 2.61290909
342 1.06763636 -0.47681818 2.61209091
343 1.06124242 -0.48878787 2.61127273
344 1.05484848 -0.50075757 2.61045455
345 1.04845455 -0.51272727 2.60963636
346 1.04206061 -0.52469696 2.60881818
347 1.03566667 -0.53666666 2.60800000
348 1.02927273 -0.54863636 2.60718182
349 1.02287879 -0.56060606 2.60636364
350 1.01648485 -0.57257575 2.60554545
351 1.01009091 -0.58454545 2.60472727
352 1.00369697 -0.59651515 2.60390909
353 0.99730303 -0.60848484 2.60309091
354 0.99090909 -0.62045454 2.60227273
355 0.98451515 -0.63242424 2.60145455
356 0.97812121 -0.64439393 2.60063636
357 0.97172727 -0.65636363 2.59981818
358 0.96533333 -0.66833333 2.59900000
359 0.95893939 -0.68030303 2.59818182
360 0.95254545 -0.69227272 2.59736364
361 0.94615152 -0.70424242 2.59654545
362 0.93975758 -0.71621212 2.59572727
363 0.93336364 -0.72818181 2.59490909
364 0.92696970 -0.74015151 2.59409091
365 0.92057576 -0.75212121 2.59327273
366 0.91418182 -0.76409090 2.59245455
367 0.90778788 -0.77606060 2.59163636
368 0.90139394 -0.78803030 2.59081818
369 0.89500000 -0.80000000 2.59000000
370 0.87935326 -0.81392391 2.57263043
371 0.86370652 -0.82784782 2.55526087
372 0.84805978 -0.84177173 2.53789130
373 0.83241304 -0.85569565 2.52052174
374 0.81676630 -0.86961956 2.50315217
375 0.80111957 -0.88354347 2.48578261
376 0.78547283 -0.89746739 2.46841304
377 0.76982609 -0.91139130 2.45104348
378 0.75417935 -0.92531521 2.43367391
379 0.73853261 -0.93923913 2.41630435
380 0.72288587 -0.95316304 2.39893478
381 0.70723913 -0.96708695 2.38156522
382 0.69159239 -0.98101086 2.36419565
383 0.67594565 -0.99493478 2.34682609
384 0.66029891 -1.00885869 2.32945652
385 0.64465217 -1.02278260 2.31208696
386 0.62900543 -1.03670652 2.29471739
387 0.61335870 -1.05063043 2.27734783
388 0.59771196 -1.06455434 2.25997826
389 0.58206522 -1.07847826 2.24260870
390 0.56641848 -1.09240217 2.22523913
391 0.55077174 -1.10632608 2.20786957
392 0.53512500 -1.12025000 2.19050000
393 0.51947826 -1.13417391 2.17313043
394 0.50383152 -1.14809782 2.15576087
395 0.48818478 -1.16202173 2.13839130
396 0.47253804 -1.17594565 2.12102174
397 0.45689130 -1.18986956 2.10365217
398 0.44124457 -1.20379347 2.08628261
399 0.42559783 -1.21771739 2.06891304
400 0.40995109 -1.23164130 2.05154348
401 0.39430435 -1.24556521 2.03417391
402 0.37865761 -1.25948913 2.01680435
403 0.36301087 -1.27341304 1.99943478
404 0.34736413 -1.28733695 1.98206522
405 0.33171739 -1.30126086 1.96469565
406 0.31607065 -1.31518478 1.94732609
407 0.30042391 -1.32910869 1.92995652
408 0.28477717 -1.34303260 1.91258696
409 0.26913043 -1.35695652 1.89521739
410 0.25348370 -1.37088043 1.87784783
411 0.23783696 -1.38480434 1.86047826
412 0.22219022 -1.39872826 1.84310870
413 0.20654348 -1.41265217 1.82573913
414 0.19089674 -1.42657608 1.80836957
415 0.17525000 -1.44050000 1.79100000
416 0.15960326 -1.45442391 1.77363043
417 0.14395652 -1.46834782 1.75626087
418 0.12830978 -1.48227173 1.73889130
419 0.11266304 -1.49619565 1.72152174
420 0.09701630 -1.51011956 1.70415217
421 0.08136957 -1.52404347 1.68678261
422 0.06572283 -1.53796739 1.66941304
423 0.05007609 -1.55189130 1.65204348
424 0.03442935 -1.56581521 1.63467391
425 0.01878261 -1.57973913 1.61730435
426 0.00313587 -1.59366304 1.59993478
427 -0.01251086 -1.60758695 1.58256522
428 -0.02815760 -1.62151086 1.56519565
429 -0.04380434 -1.63543478 1.54782609
430 -0.05945108 -1.64935869 1.53045652
431 -0.07509782 -1.66328260 1.51308696
432 -0.09074456 -1.67720652 1.49571739
433 -0.10639130 -1.69113043 1.47834783
434 -0.12203804 -1.70505434 1.46097826
435 -0.13768478 -1.71897826 1.44360870
436 -0.15333152 -1.73290217 1.42623913
437 -0.16897826 -1.74682608 1.40886957
438 -0.18462500 -1.76075000 1.39150000
439 -0.20027173 -1.77467391 1.37413043
440 -0.21591847 -1.78859782 1.35676087
441 -0.23156521 -1.80252173 1.33939130
442 -0.24721195 -1.81644565 1.32202174
443 -0.26285869 -1.83036956 1.30465217
444 -0.27850543 -1.84429347 1.28728261
445 -0.29415217 -1.85821739 1.26991304
446 -0.30979891 -1.87214130 1.25254348
447 -0.32544565 -1.88606521 1.23517391
448 -0.34109239 -1.89998913 1.21780435
449 -0.35673913 -1.91391304 1.20043478
450 -0.37238586 -1.92783695 1.18306522
451 -0.38803260 -1.94176086 1.16569565
452 -0.40367934 -1.95568478 1.14832609
453 -0.41932608 -1.96960869 1.13095652
454 -0.43497282 -1.98353260 1.11358696
455 -0.45061956 -1.99745652 1.09621739
456 -0.46626630 -2.01138043 1.07884783
457 -0.48191304 -2.02530434 1.06147826
458 -0.49755978 -2.03922826 1.04410870
459 -0.51320652 -2.05315217 1.02673913
460 -0.52885326 -2.06707608 1.00936957
461 -0.54450000 -2.08100000 0.99200000
462 -0.56064673 -2.09990217 0.97860870
463 -0.57679347 -2.11880434 0.96521739
464 -0.59294021 -2.13770652 0.95182609
465 -0.60908695 -2.15660869 0.93843478
466 -0.62523369 -2.17551086 0.92504348
467 -0.64138043 -2.19441304 0.91165217
468 -0.65752717 -2.21331521 0.89826087
469 -0.67367391 -2.23221739 0.88486957
470 -0.68982065 -2.25111956 0.87147826
471 -0.70596739 -2.27002173 0.85808696
472 -0.72211413 -2.28892391 0.84469565
473 -0.73826086 -2.30782608 0.83130435
474 -0.75440760 -2.32672826 0.81791304
475 -0.77055434 -2.34563043 0.80452174
476 -0.78670108 -2.36453260 0.79113043
477 -0.80284782 -2.38343478 0.77773913
478 -0.81899456 -2.40233695 0.76434783
479 -0.83514130 -2.42123913 0.75095652
480 -0.85128804 -2.44014130 0.73756522
481 -0.86743478 -2.45904347 0.72417391
482 -0.88358152 -2.47794565 0.71078261
483 -0.89972826 -2.49684782 0.69739130
484 -0.91587500 -2.51575000 0.68400000
485 -0.93202173 -2.53465217 0.67060870
486 -0.94816847 -2.55355434 0.65721739
487 -0.96431521 -2.57245652 0.64382609
488 -0.98046195 -2.59135869 0.63043478
489 -0.99660869 -2.61026086 0.61704348
490 -1.01275543 -2.62916304 0.60365217
491 -1.02890217 -2.64806521 0.59026087
492 -1.04504891 -2.66696739 0.57686957
493 -1.06119565 -2.68586956 0.56347826
494 -1.07734239 -2.70477173 0.55008696
495 -1.09348913 -2.72367391 0.53669565
496 -1.10963586 -2.74257608 0.52330435
497 -1.12578260 -2.76147826 0.50991304
498 -1.14192934 -2.78038043 0.49652174
499 -1.15807608 -2.79928260 0.48313043
500 -1.17422282 -2.81818478 0.46973913
501 -1.19036956 -2.83708695 0.45634783
502 -1.20651630 -2.85598913 0.44295652
503 -1.22266304 -2.87489130 0.42956522
504 -1.23880978 -2.89379347 0.41617391
505 -1.25495652 -2.91269565 0.40278261
506 -1.27110326 -2.93159782 0.38939130
507 -1.28725000 -2.95050000 0.37600000
508 -1.30339673 -2.96940217 0.36260870
509 -1.31954347 -2.98830434 0.34921739
510 -1.33569021 -3.00720652 0.33582609
511 -1.35183695 -3.02610869 0.32243478
512 -1.36798369 -3.04501086 0.30904348
513 -1.38413043 -3.06391304 0.29565217
514 -1.40027717 -3.08281521 0.28226087
515 -1.41642391 -3.10171739 0.26886957
516 -1.43257065 -3.12061956 0.25547826
517 -1.44871739 -3.13952173 0.24208696
518 -1.46486413 -3.15842391 0.22869565
519 -1.48101086 -3.17732608 0.21530435
520 -1.49715760 -3.19622826 0.20191304
521 -1.51330434 -3.21513043 0.18852174
522 -1.52945108 -3.23403260 0.17513043
523 -1.54559782 -3.25293478 0.16173913
524 -1.56174456 -3.27183695 0.14834783
525 -1.57789130 -3.29073913 0.13495652
526 -1.59403804 -3.30964130 0.12156522
527 -1.61018478 -3.32854347 0.10817391
528 -1.62633152 -3.34744565 0.09478261
529 -1.64247826 -3.36634782 0.08139130
530 -1.65862500 -3.38525000 0.06800000
531 -1.67477173 -3.40415217 0.05460870
532 -1.69091847 -3.42305434 0.04121739
533 -1.70706521 -3.44195652 0.02782609
534 -1.72321195 -3.46085869 0.01443478
535 -1.73935869 -3.47976086 0.00104348
536 -1.75550543 -3.49866304 -0.01234782
537 -1.77165217 -3.51756521 -0.02573913
538 -1.78779891 -3.53646739 -0.03913043
539 -1.80394565 -3.55536956 -0.05252173
540 -1.82009239 -3.57427173 -0.06591304
541 -1.83623913 -3.59317391 -0.07930434
542 -1.85238586 -3.61207608 -0.09269565
543 -1.86853260 -3.63097826 -0.10608695
544 -1.88467934 -3.64988043 -0.11947826
545 -1.90082608 -3.66878260 -0.13286956
546 -1.91697282 -3.68768478 -0.14626086
547 -1.93311956 -3.70658695 -0.15965217
548 -1.94926630 -3.72548913 -0.17304347
549 -1.96541304 -3.74439130 -0.18643478
550 -1.98155978 -3.76329347 -0.19982608
551 -1.99770652 -3.78219565 -0.21321739
552 -2.01385326 -3.80109782 -0.22660869
553 -2.03000000 -3.82000000 -0.24000000
554 -2.06985164 -3.85754945 -0.28215384
555 -2.10970329 -3.89509890 -0.32430769
556 -2.14955494 -3.93264835 -0.36646153
557 -2.18940659 -3.97019780 -0.40861538
558 -2.22925824 -4.00774725 -0.45076923
559 -2.26910989 -4.04529670 -0.49292307
560 -2.30896153 -4.08284615 -0.53507692
561 -2.34881318 -4.12039560 -0.57723076
562 -2.38866483 -4.15794505 -0.61938461
563 -2.42851648 -4.19549450 -0.66153846
564 -2.46836813 -4.23304395 -0.70369230
565 -2.50821978 -4.27059340 -0.74584615
566 -2.54807142 -4.30814285 -0.78800000
567 -2.58792307 -4.34569230 -0.83015384
568 -2.62777472 -4.38324175 -0.87230769
569 -2.66762637 -4.42079120 -0.91446153
570 -2.70747802 -4.45834065 -0.95661538
571 -2.74732967 -4.49589010 -0.99876923
572 -2.78718131 -4.53343956 -1.04092307
573 -2.82703296 -4.57098901 -1.08307692
574 -2.86688461 -4.60853846 -1.12523076
575 -2.90673626 -4.64608791 -1.16738461
576 -2.94658791 -4.68363736 -1.20953846
577 -2.98643956 -4.72118681 -1.25169230
578 -3.02629120 -4.75873626 -1.29384615
579 -3.06614285 -4.79628571 -1.33600000
580 -3.10599450 -4.83383516 -1.37815384
581 -3.14584615 -4.87138461 -1.42030769
582 -3.18569780 -4.90893406 -1.46246153
583 -3.22554945 -4.94648351 -1.50461538
584 -3.26540109 -4.98403296 -1.54676923
585 -3.30525274 -5.02158241 -1.58892307
586 -3.34510439 -5.05913186 -1.63107692
587 -3.38495604 -5.09668131 -1.67323076
588 -3.42480769 -5.13423076 -1.71538461
589 -3.46465934 -5.17178021 -1.75753846
590 -3.50451098 -5.20932967 -1.79969230
591 -3.54436263 -5.24687912 -1.84184615
592 -3.58421428 -5.28442857 -1.88400000
593 -3.62406593 -5.32197802 -1.92615384
594 -3.66391758 -5.35952747 -1.96830769
595 -3.70376923 -5.39707692 -2.01046153
596 -3.74362087 -5.43462637 -2.05261538
597 -3.78347252 -5.47217582 -2.09476923
598 -3.82332417 -5.50972527 -2.13692307
599 -3.86317582 -5.54727472 -2.17907692
600 -3.90302747 -5.58482417 -2.22123076
601 -3.94287912 -5.62237362 -2.26338461
602 -3.98273076 -5.65992307 -2.30553846
603 -4.02258241 -5.69747252 -2.34769230
604 -4.06243406 -5.73502197 -2.38984615
605 -4.10228571 -5.77257142 -2.43200000
606 -4.14213736 -5.81012087 -2.47415384
607 -4.18198901 -5.84767032 -2.51630769
608 -4.22184065 -5.88521978 -2.55846153
609 -4.26169230 -5.92276923 -2.60061538
610 -4.30154395 -5.96031868 -2.64276923
611 -4.34139560 -5.99786813 -2.68492307
612 -4.38124725 -6.03541758 -2.72707692
613 -4.42109890 -6.07296703 -2.76923076
614 -4.46095054 -6.11051648 -2.81138461
615 -4.50080219 -6.14806593 -2.85353846
616 -4.54065384 -6.18561538 -2.89569230
617 -4.58050549 -6.22316483 -2.93784615
618 -4.62035714 -6.26071428 -2.98000000
619 -4.66020879 -6.29826373 -3.02215384
620 -4.70006043 -6.33581318 -3.06430769
621 -4.73991208 -6.37336263 -3.10646153
622 -4.77976373 -6.41091208 -3.14861538
623 -4.81961538 -6.44846153 -3.19076923
624 -4.85946703 -6.48601098 -3.23292307
625 -4.89931868 -6.52356043 -3.27507692
626 -4.93917032 -6.56110989 -3.31723076
627 -4.97902197 -6.59865934 -3.35938461
628 -5.01887362 -6.63620879 -3.40153846
629 -5.05872527 -6.67375824 -3.44369230
630 -5.09857692 -6.71130769 -3.48584615
631 -5.13842857 -6.74885714 -3.52800000
632 -5.17828021 -6.78640659 -3.57015384
633 -5.21813186 -6.82395604 -3.61230769
634 -5.25798351 -6.86150549 -3.65446153
635 -5.29783516 -6.89905494 -3.69661538
636 -5.33768681 -6.93660439 -3.73876923
637 -5.37753846 -6.97415384 -3.78092307
638 -5.41739010 -7.01170329 -3.82307692
639 -5.45724175 -7.04925274 -3.86523076
640 -5.49709340 -7.08680219 -3.90738461
641 -5.53694505 -7.12435164 -3.94953846
642 -5.57679670 -7.16190109 -3.99169230
643 -5.61664835 -7.19945054 -4.03384615
644 -5.65650000 -7.23700000 -4.07600000
645 -5.69510989 -7.28175824 -4.10846153
646 -5.73371978 -7.32651648 -4.14092307
647 -5.77232967 -7.37127472 -4.17338461
648 -5.81093956 -7.41603296 -4.20584615
649 -5.84954945 -7.46079120 -4.23830769
650 -5.88815934 -7.50554945 -4.27076923
651 -5.92676923 -7.55030769 -4.30323076
652 -5.96537912 -7.59506593 -4.33569230
653 -6.00398901 -7.63982417 -4.36815384
654 -6.04259890 -7.68458241 -4.40061538
655 -6.08120879 -7.72934065 -4.43307692
656 -6.11981868 -7.77409890 -4.46553846
657 -6.15842857 -7.81885714 -4.49800000
658 -6.19703846 -7.86361538 -4.53046153
659 -6.23564835 -7.90837362 -4.56292307
660 -6.27425824 -7.95313186 -4.59538461
661 -6.31286813 -7.99789010 -4.62784615
662 -6.35147802 -8.04264835 -4.66030769
663 -6.39008791 -8.08740659 -4.69276923
664 -6.42869780 -8.13216483 -4.72523076
665 -6.46730769 -8.17692307 -4.75769230
666 -6.50591758 -8.22168131 -4.79015384
667 -6.54452747 -8.26643956 -4.82261538
668 -6.58313736 -8.31119780 -4.85507692
669 -6.62174725 -8.35595604 -4.88753846
670 -6.66035714 -8.40071428 -4.92000000
671 -6.69896703 -8.44547252 -4.95246153
672 -6.73757692 -8.49023076 -4.98492307
673 -6.77618681 -8.53498901 -5.01738461
674 -6.81479670 -8.57974725 -5.04984615
675 -6.85340659 -8.62450549 -5.08230769
676 -6.89201648 -8.66926373 -5.11476923
677 -6.93062637 -8.71402197 -5.14723076
678 -6.96923626 -8.75878021 -5.17969230
679 -7.00784615 -8.80353846 -5.21215384
680 -7.04645604 -8.84829670 -5.24461538
681 -7.08506593 -8.89305494 -5.27707692
682 -7.12367582 -8.93781318 -5.30953846
683 -7.16228571 -8.98257142 -5.34200000
684 -7.20089560 -9.02732967 -5.37446153
685 -7.23950549 -9.07208791 -5.40692307
686 -7.27811538 -9.11684615 -5.43938461
687 -7.31672527 -9.16160439 -5.47184615
688 -7.35533516 -9.20636263 -5.50430769
689 -7.39394505 -9.25112087 -5.53676923
690 -7.43255494 -9.29587912 -5.56923076
691 -7.47116483 -9.34063736 -5.60169230
692 -7.50977472 -9.38539560 -5.63415384
693 -7.54838461 -9.43015384 -5.66661538
694 -7.58699450 -9.47491208 -5.69907692
695 -7.62560439 -9.51967032 -5.73153846
696 -7.66421428 -9.56442857 -5.76400000
697 -7.70282417 -9.60918681 -5.79646153
698 -7.74143406 -9.65394505 -5.82892307
699 -7.78004395 -9.69870329 -5.86138461
700 -7.81865384 -9.74346153 -5.89384615
701 -7.85726373 -9.78821978 -5.92630769
702 -7.89587362 -9.83297802 -5.95876923
703 -7.93448351 -9.87773626 -5.99123076
704 -7.97309340 -9.92249450 -6.02369230
705 -8.01170329 -9.96725274 -6.05615384
706 -8.05031318 -10.01201098 -6.08861538
707 -8.08892307 -10.05676923 -6.12107692
708 -8.12753296 -10.10152747 -6.15353846
709 -8.16614285 -10.14628571 -6.18600000
710 -8.20475274 -10.19104395 -6.21846153
711 -8.24336263 -10.23580219 -6.25092307
712 -8.28197252 -10.28056043 -6.28338461
713 -8.32058241 -10.32531868 -6.31584615
714 -8.35919230 -10.37007692 -6.34830769
715 -8.39780219 -10.41483516 -6.38076923
716 -8.43641208 -10.45959340 -6.41323076
717 -8.47502197 -10.50435164 -6.44569230
718 -8.51363186 -10.54910989 -6.47815384
719 -8.55224175 -10.59386813 -6.51061538
720 -8.59085164 -10.63862637 -6.54307692
721 -8.62946153 -10.68338461 -6.57553846
722 -8.66807142 -10.72814285 -6.60800000
723 -8.70668131 -10.77290109 -6.64046153
724 -8.74529120 -10.81765934 -6.67292307
725 -8.78390109 -10.86241758 -6.70538461
726 -8.82251098 -10.90717582 -6.73784615
727 -8.86112087 -10.95193406 -6.77030769
728 -8.89973076 -10.99669230 -6.80276923
729 -8.93834065 -11.04145054 -6.83523076
730 -8.97695054 -11.08620879 -6.86769230
731 -9.01556043 -11.13096703 -6.90015384
732 -9.05417032 -11.17572527 -6.93261538
733 -9.09278021 -11.22048351 -6.96507692
734 -9.13139010 -11.26524175 -6.99753846
735 -9.17000000 -11.31000000 -7.03000000
736 -9.24269230 -11.38945054 -7.09593406
737 -9.31538461 -11.46890109 -7.16186813
738 -9.38807692 -11.54835164 -7.22780219
739 -9.46076923 -11.62780219 -7.29373626
740 -9.53346153 -11.70725274 -7.35967032
741 -9.60615384 -11.78670329 -7.42560439
742 -9.67884615 -11.86615384 -7.49153846
743 -9.75153846 -11.94560439 -7.55747252
744 -9.82423076 -12.02505494 -7.62340659
745 -9.89692307 -12.10450549 -7.68934065
746 -9.96961538 -12.18395604 -7.75527472
747 -10.04230769 -12.26340659 -7.82120879
748 -10.11500000 -12.34285714 -7.88714285
749 -10.18769230 -12.42230769 -7.95307692
750 -10.26038461 -12.50175824 -8.01901098
751 -10.33307692 -12.58120879 -8.08494505
752 -10.40576923 -12.66065934 -8.15087912
753 -10.47846153 -12.74010989 -8.21681318
754 -10.55115384 -12.81956043 -8.28274725
755 -10.62384615 -12.89901098 -8.34868131
756 -10.69653846 -12.97846153 -8.41461538
757 -10.76923076 -13.05791208 -8.48054945
758 -10.84192307 -13.13736263 -8.54648351
759 -10.91461538 -13.21681318 -8.61241758
760 -10.98730769 -13.29626373 -8.67835164
761 -11.06000000 -13.37571428 -8.74428571
762 -11.13269230 -13.45516483 -8.81021978
763 -11.20538461 -13.53461538 -8.87615384
764 -11.27807692 -13.61406593 -8.94208791
765 -11.35076923 -13.69351648 -9.00802197
766 -11.42346153 -13.77296703 -9.07395604
767 -11.49615384 -13.85241758 -9.13989010
768 -11.56884615 -13.93186813 -9.20582417
769 -11.64153846 -14.01131868 -9.27175824
770 -11.71423076 -14.09076923 -9.33769230
771 -11.78692307 -14.17021978 -9.40362637
772 -11.85961538 -14.24967032 -9.46956043
773 -11.93230769 -14.32912087 -9.53549450
774 -12.00500000 -14.40857142 -9.60142857
775 -12.07769230 -14.48802197 -9.66736263
776 -12.15038461 -14.56747252 -9.73329670
777 -12.22307692 -14.64692307 -9.79923076
778 -12.29576923 -14.72637362 -9.86516483
779 -12.36846153 -14.80582417 -9.93109890
780 -12.44115384 -14.88527472 -9.99703296
781 -12.51384615 -14.96472527 -10.06296703
782 -12.58653846 -15.04417582 -10.12890109
783 -12.65923076 -15.12362637 -10.19483516
784 -12.73192307 -15.20307692 -10.26076923
785 -12.80461538 -15.28252747 -10.32670329
786 -12.87730769 -15.36197802 -10.39263736
787 -12.95000000 -15.44142857 -10.45857142
788 -13.02269230 -15.52087912 -10.52450549
789 -13.09538461 -15.60032967 -10.59043956
790 -13.16807692 -15.67978021 -10.65637362
791 -13.24076923 -15.75923076 -10.72230769
792 -13.31346153 -15.83868131 -10.78824175
793 -13.38615384 -15.91813186 -10.85417582
794 -13.45884615 -15.99758241 -10.92010989
795 -13.53153846 -16.07703296 -10.98604395
796 -13.60423076 -16.15648351 -11.05197802
797 -13.67692307 -16.23593406 -11.11791208
798 -13.74961538 -16.31538461 -11.18384615
799 -13.82230769 -16.39483516 -11.24978021
800 -13.89500000 -16.47428571 -11.31571428
801 -13.96769230 -16.55373626 -11.38164835
802 -14.04038461 -16.63318681 -11.44758241
803 -14.11307692 -16.71263736 -11.51351648
804 -14.18576923 -16.79208791 -11.57945054
805 -14.25846153 -16.87153846 -11.64538461
806 -14.33115384 -16.95098901 -11.71131868
807 -14.40384615 -17.03043956 -11.77725274
808 -14.47653846 -17.10989010 -11.84318681
809 -14.54923076 -17.18934065 -11.90912087
810 -14.62192307 -17.26879120 -11.97505494
811 -14.69461538 -17.34824175 -12.04098901
812 -14.76730769 -17.42769230 -12.10692307
813 -14.84000000 -17.50714285 -12.17285714
814 -14.91269230 -17.58659340 -12.23879120
815 -14.98538461 -17.66604395 -12.30472527
816 -15.05807692 -17.74549450 -12.37065934
817 -15.13076923 -17.82494505 -12.43659340
818 -15.20346153 -17.90439560 -12.50252747
819 -15.27615384 -17.98384615 -12.56846153
820 -15.34884615 -18.06329670 -12.63439560
821 -15.42153846 -18.14274725 -12.70032967
822 -15.49423076 -18.22219780 -12.76626373
823 -15.56692307 -18.30164835 -12.83219780
824 -15.63961538 -18.38109890 -12.89813186
825 -15.71230769 -18.46054945 -12.96406593
826 -15.78500000 -18.54000000 -13.03000000
827 -15.85769230 -18.61945054 -13.09593406
828 -15.93038461 -18.69890109 -13.16186813
829 -16.00307692 -18.77835164 -13.22780219
830 -16.07576923 -18.85780219 -13.29373626
831 -16.14846153 -18.93725274 -13.35967032
832 -16.22115384 -19.01670329 -13.42560439
833 -16.29384615 -19.09615384 -13.49153846
834 -16.36653846 -19.17560439 -13.55747252
835 -16.43923076 -19.25505494 -13.62340659
836 -16.51192307 -19.33450549 -13.68934065
837 -16.58461538 -19.41395604 -13.75527472
838 -16.65730769 -19.49340659 -13.82120879
839 -16.73000000 -19.57285714 -13.88714285
840 -16.80269230 -19.65230769 -13.95307692
841 -16.87538461 -19.73175824 -14.01901098
842 -16.94807692 -19.81120879 -14.08494505
843 -17.02076923 -19.89065934 -14.15087912
844 -17.09346153 -19.97010989 -14.21681318
845 -17.16615384 -20.04956043 -14.28274725
846 -17.23884615 -20.12901098 -14.34868131
847 -17.31153846 -20.20846153 -14.41461538
848 -17.38423076 -20.28791208 -14.48054945
849 -17.45692307 -20.36736263 -14.54648351
850 -17.52961538 -20.44681318 -14.61241758
851 -17.60230769 -20.52626373 -14.67835164
852 -17.67500000 -20.60571428 -14.74428571
853 -17.74769230 -20.68516483 -14.81021978
854 -17.82038461 -20.76461538 -14.87615384
855 -17.89307692 -20.84406593 -14.94208791
856 -17.96576923 -20.92351648 -15.00802197
857 -18.03846153 -21.00296703 -15.07395604
858 -18.11115384 -21.08241758 -15.13989010
859 -18.18384615 -21.16186813 -15.20582417
860 -18.25653846 -21.24131868 -15.27175824
861 -18.32923076 -21.32076923 -15.33769230
862 -18.40192307 -21.40021978 -15.40362637
863 -18.47461538 -21.47967032 -15.46956043
864 -18.54730769 -21.55912087 -15.53549450
865 -18.62000000 -21.63857142 -15.60142857
866 -18.69269230 -21.71802197 -15.66736263
867 -18.76538461 -21.79747252 -15.73329670
868 -18.83807692 -21.87692307 -15.79923076
869 -18.91076923 -21.95637362 -15.86516483
870 -18.98346153 -22.03582417 -15.93109890
871 -19.05615384 -22.11527472 -15.99703296
872 -19.12884615 -22.19472527 -16.06296703
873 -19.20153846 -22.27417582 -16.12890109
874 -19.27423076 -22.35362637 -16.19483516
875 -19.34692307 -22.43307692 -16.26076923
876 -19.41961538 -22.51252747 -16.32670329
877 -19.49230769 -22.59197802 -16.39263736
878 -19.56500000 -22.67142857 -16.45857142
879 -19.63769230 -22.75087912 -16.52450549
880 -19.71038461 -22.83032967 -16.59043956
881 -19.78307692 -22.90978021 -16.65637362
882 -19.85576923 -22.98923076 -16.72230769
883 -19.92846153 -23.06868131 -16.78824175
884 -20.00115384 -23.14813186 -16.85417582
885 -20.07384615 -23.22758241 -16.92010989
886 -20.14653846 -23.30703296 -16.98604395
887 -20.21923076 -23.38648351 -17.05197802
888 -20.29192307 -23.46593406 -17.11791208
889 -20.36461538 -23.54538461 -17.18384615
890 -20.43730769 -23.62483516 -17.24978021
891 -20.51000000 -23.70428571 -17.31571428
892 -20.58269230 -23.78373626 -17.38164835
893 -20.65538461 -23.86318681 -17.44758241
894 -20.72807692 -23.94263736 -17.51351648
895 -20.80076923 -24.02208791 -17.57945054
896 -20.87346153 -24.10153846 -17.64538461
897 -20.94615384 -24.18098901 -17.71131868
898 -21.01884615 -24.26043956 -17.77725274
899 -21.09153846 -24.33989010 -17.84318681
900 -21.16423076 -24.41934065 -17.90912087
901 -21.23692307 -24.49879120 -17.97505494
902 -21.30961538 -24.57824175 -18.04098901
903 -21.38230769 -24.65769230 -18.10692307
904 -21.45500000 -24.73714285 -18.17285714
905 -21.52769230 -24.81659340 -18.23879120
906 -21.60038461 -24.89604395 -18.30472527
907 -21.67307692 -24.97549450 -18.37065934
908 -21.74576923 -25.05494505 -18.43659340
909 -21.81846153 -25.13439560 -18.50252747
910 -21.89115384 -25.21384615 -18.56846153
911 -21.96384615 -25.29329670 -18.63439560
912 -22.03653846 -25.37274725 -18.70032967
913 -22.10923076 -25.45219780 -18.76626373
914 -22.18192307 -25.53164835 -18.83219780
915 -22.25461538 -25.61109890 -18.89813186
916 -22.32730769 -25.69054945 -18.96406593
917 -22.40000000 -25.77000000 -19.03000000
918 -22.47269230 -25.84945054 -19.09593406
919 -22.54538461 -25.92890109 -19.16186813
920 -22.61807692 -26.00835164 -19.22780219
921 -22.69076923 -26.08780219 -19.29373626
922 -22.76346153 -26.16725274 -19.35967032
923 -22.83615384 -26.24670329 -19.42560439
924 -22.90884615 -26.32615384 -19.49153846
925 -22.98153846 -26.40560439 -19.55747252
926 -23.05423076 -26.48505494 -19.62340659
927 -23.12692307 -26.56450549 -19.68934065
928 -23.19961538 -26.64395604 -19.75527472
929 -23.27230769 -26.72340659 -19.82120879
930 -23.34500000 -26.80285714 -19.88714285
931 -23.41769230 -26.88230769 -19.95307692
932 -23.49038461 -26.96175824 -20.01901098
933 -23.56307692 -27.04120879 -20.08494505
934 -23.63576923 -27.12065934 -20.15087912
935 -23.70846153 -27.20010989 -20.21681318
936 -23.78115384 -27.27956043 -20.28274725
937 -23.85384615 -27.35901098 -20.34868131
938 -23.92653846 -27.43846153 -20.41461538
939 -23.99923076 -27.51791208 -20.48054945
940 -24.07192307 -27.59736263 -20.54648351
941 -24.14461538 -27.67681318 -20.61241758
942 -24.21730769 -27.75626373 -20.67835164
943 -24.29000000 -27.83571428 -20.74428571
944 -24.36269230 -27.91516483 -20.81021978
945 -24.43538461 -27.99461538 -20.87615384
946 -24.50807692 -28.07406593 -20.94208791
947 -24.58076923 -28.15351648 -21.00802197
948 -24.65346153 -28.23296703 -21.07395604
949 -24.72615384 -28.31241758 -21.13989010
950 -24.79884615 -28.39186813 -21.20582417
951 -24.87153846 -28.47131868 -21.27175824
952 -24.94423076 -28.55076923 -21.33769230
953 -25.01692307 -28.63021978 -21.40362637
954 -25.08961538 -28.70967032 -21.46956043
955 -25.16230769 -28.78912087 -21.53549450
956 -25.23500000 -28.86857142 -21.60142857
957 -25.30769230 -28.94802197 -21.66736263
958 -25.38038461 -29.02747252 -21.73329670
959 -25.45307692 -29.10692307 -21.79923076
960 -25.52576923 -29.18637362 -21.86516483
961 -25.59846153 -29.26582417 -21.93109890
962 -25.67115384 -29.34527472 -21.99703296
963 -25.74384615 -29.42472527 -22.06296703
964 -25.81653846 -29.50417582 -22.12890109
965 -25.88923076 -29.58362637 -22.19483516
966 -25.96192307 -29.66307692 -22.26076923
967 -26.03461538 -29.74252747 -22.32670329
968 -26.10730769 -29.82197802 -22.39263736
969 -26.18000000 -29.90142857 -22.45857142
970 -26.25269230 -29.98087912 -22.52450549
971 -26.32538461 -30.06032967 -22.59043956
972 -26.39807692 -30.13978021 -22.65637362
973 -26.47076923 -30.21923076 -22.72230769
974 -26.54346153 -30.29868131 -22.78824175
975 -26.61615384 -30.37813186 -22.85417582
976 -26.68884615 -30.45758241 -22.92010989
977 -26.76153846 -30.53703296 -22.98604395
978 -26.83423076 -30.61648351 -23.05197802
979 -26.90692307 -30.69593406 -23.11791208
980 -26.97961538 -30.77538461 -23.18384615
981 -27.05230769 -30.85483516 -23.24978021
982 -27.12500000 -30.93428571 -23.31571428
983 -27.19769230 -31.01373626 -23.38164835
984 -27.27038461 -31.09318681 -23.44758241
985 -27.34307692 -31.17263736 -23.51351648
986 -27.41576923 -31.25208791 -23.57945054
987 -27.48846153 -31.33153846 -23.64538461
988 -27.56115384 -31.41098901 -23.71131868
989 -27.63384615 -31.49043956 -23.77725274
990 -27.70653846 -31.56989010 -23.84318681
991 -27.77923076 -31.64934065 -23.90912087
992 -27.85192307 -31.72879120 -23.97505494
993 -27.92461538 -31.80824175 -24.04098901
994 -27.99730769 -31.88769230 -24.10692307
995 -28.07000000 -31.96714285 -24.17285714
996 -28.14269230 -32.04659340 -24.23879120
997 -28.21538461 -32.12604395 -24.30472527
998 -28.28807692 -32.20549450 -24.37065934
999 -28.36076923 -32.28494505 -24.43659340
1000 -28.43346153 -32.36439560 -24.50252747
1001 -28.50615384 -32.44384615 -24.56846153
1002 -28.57884615 -32.52329670 -24.63439560
1003 -28.65153846 -32.60274725 -24.70032967
1004 -28.72423076 -32.68219780 -24.76626373
1005 -28.79692307 -32.76164835 -24.83219780
1006 -28.86961538 -32.84109890 -24.89813186
1007 -28.94230769 -32.92054945 -24.96406593
1008 -29.01500000 -33.00000000 -25.03000000
1009 -29.08769230 -33.07945054 -25.09593406
1010 -29.16038461 -33.15890109 -25.16186813
1011 -29.23307692 -33.23835164 -25.22780219
1012 -29.30576923 -33.31780219 -25.29373626
1013 -29.37846153 -33.39725274 -25.35967032
1014 -29.45115384 -33.47670329 -25.42560439
1015 -29.52384615 -33.55615384 -25.49153846
1016 -29.59653846 -33.63560439 -25.55747252
1017 -29.66923076 -33.71505494 -25.62340659
1018 -29.74192307 -33.79450549 -25.68934065
1019 -29.81461538 -33.87395604 -25.75527472
1020 -29.88730769 -33.95340659 -25.82120879
1021 -29.96000000 -34.03285714 -25.88714285
1022 -30.03269230 -34.11230769 -25.95307692
1023 -30.10538461 -34.19175824 -26.01901098
1024 -30.17807692 -34.27120879 -26.08494505
1025 -30.25076923 -34.35065934 -26.15087912
1026 -30.32346153 -34.43010989 -26.21681318
1027 -30.39615384 -34.50956043 -26.28274725
1028 -30.46884615 -34.58901098 -26.34868131
1029 -30.54153846 -34.66846153 -26.41461538
1030 -30.61423076 -34.74791208 -26.48054945
1031 -30.68692307 -34.82736263 -26.54648351
1032 -30.75961538 -34.90681318 -26.61241758
1033 -30.83230769 -34.98626373 -26.67835164
1034 -30.90500000 -35.06571428 -26.74428571
1035 -30.97769230 -35.14516483 -26.81021978
1036 -31.05038461 -35.22461538 -26.87615384
1037 -31.12307692 -35.30406593 -26.94208791
1038 -31.19576923 -35.38351648 -27.00802197
1039 -31.26846153 -35.46296703 -27.07395604
1040 -31.34115384 -35.54241758 -27.13989010
1041 -31.41384615 -35.62186813 -27.20582417
1042 -31.48653846 -35.70131868 -27.27175824
1043 -31.55923076 -35.78076923 -27.33769230
1044 -31.63192307 -35.86021978 -27.40362637
1045 -31.70461538 -35.93967032 -27.46956043
1046 -31.77730769 -36.01912087 -27.53549450
1047 -31.85000000 -36.09857142 -27.60142857
1048 -31.92269230 -36.17802197 -27.66736263
1049 -31.99538461 -36.25747252 -27.73329670
1050 -32.06807692 -36.33692307 -27.79923076
1051 -32.14076923 -36.41637362 -27.86516483
1052 -32.21346153 -36.49582417 -27.93109890
1053 -32.28615384 -36.57527472 -27.99703296
1054 -32.35884615 -36.65472527 -28.06296703
1055 -32.43153846 -36.73417582 -28.12890109
1056 -32.50423076 -36.81362637 -28.19483516
1057 -32.57692307 -36.89307692 -28.26076923
1058 -32.64961538 -36.97252747 -28.32670329
1059 -32.72230769 -37.05197802 -28.39263736
1060 -32.79500000 -37.13142857 -28.45857142
1061 -32.86769230 -37.21087912 -28.52450549
1062 -32.94038461 -37.29032967 -28.59043956
1063 -33.01307692 -37.36978021 -28.65637362
1064 -33.08576923 -37.44923076 -28.72230769
1065 -33.15846153 -37.52868131 -28.78824175
1066 -33.23115384 -37.60813186 -28.85417582
1067 -33.30384615 -37.68758241 -28.92010989
1068 -33.37653846 -37.76703296 -28.98604395
1069 -33.44923076 -37.84648351 -29.05197802
1070 -33.52192307 -37.92593406 -29.11791208
1071 -33.59461538 -38.00538461 -29.18384615
1072 -33.66730769 -38.08483516 -29.24978021
1073 -33.74000000 -38.16428571 -29.31571428
1074 -33.81269230 -38.24373626 -29.38164835
1075 -33.88538461 -38.32318681 -29.44758241
1076 -33.95807692 -38.40263736 -29.51351648
1077 -34.03076923 -38.48208791 -29.57945054
1078 -34.10346153 -38.56153846 -29.64538461
1079 -34.17615384 -38.64098901 -29.71131868
1080 -34.24884615 -38.72043956 -29.77725274
1081 -34.32153846 -38.79989010 -29.84318681
1082 -34.39423076 -38.87934065 -29.90912087
1083 -34.46692307 -38.95879120 -29.97505494
1084 -34.53961538 -39.03824175 -30.04098901
1085 -34.61230769 -39.11769230 -30.10692307
1086 -34.68500000 -39.19714285 -30.17285714
1087 -34.75769230 -39.27659340 -30.23879120
1088 -34.83038461 -39.35604395 -30.30472527
1089 -34.90307692 -39.43549450 -30.37065934
1090 -34.97576923 -39.51494505 -30.43659340
1091 -35.04846153 -39.59439560 -30.50252747
1092 -35.12115384 -39.67384615 -30.56846153
1093 -35.19384615 -39.75329670 -30.63439560
1094 -35.26653846 -39.83274725 -30.70032967
1095 -35.33923076 -39.91219780 -30.76626373
1096 -35.41192307 -39.99164835 -30.83219780
1097 -35.48461538 -40.07109890 -30.89813186
1098 -35.55730769 -40.15054945 -30.96406593
1099 -35.63000000 -40.23000000 -31.03000000
1100 -35.72538461 -40.33266483 -31.11810439
1101 -35.82076923 -40.43532967 -31.20620879
1102 -35.91615384 -40.53799450 -31.29431318
1103 -36.01153846 -40.64065934 -31.38241758
1104 -36.10692307 -40.74332417 -31.47052197
1105 -36.20230769 -40.84598901 -31.55862637
1106 -36.29769230 -40.94865384 -31.64673076
1107 -36.39307692 -41.05131868 -31.73483516
1108 -36.48846153 -41.15398351 -31.82293956
1109 -36.58384615 -41.25664835 -31.91104395
1110 -36.67923076 -41.35931318 -31.99914835
1111 -36.77461538 -41.46197802 -32.08725274
1112 -36.87000000 -41.56464285 -32.17535714
1113 -36.96538461 -41.66730769 -32.26346153
1114 -37.06076923 -41.76997252 -32.35156593
1115 -37.15615384 -41.87263736 -32.43967032
1116 -37.25153846 -41.97530219 -32.52777472
1117 -37.34692307 -42.07796703 -32.61587912
1118 -37.44230769 -42.18063186 -32.70398351
1119 -37.53769230 -42.28329670 -32.79208791
1120 -37.63307692 -42.38596153 -32.88019230
1121 -37.72846153 -42.48862637 -32.96829670
1122 -37.82384615 -42.59129120 -33.05640109
1123 -37.91923076 -42.69395604 -33.14450549
1124 -38.01461538 -42.79662087 -33.23260989
1125 -38.11000000 -42.89928571 -33.32071428
1126 -38.20538461 -43.00195054 -33.40881868
1127 -38.30076923 -43.10461538 -33.49692307
1128 -38.39615384 -43.20728021 -33.58502747
1129 -38.49153846 -43.30994505 -33.67313186
1130 -38.58692307 -43.41260989 -33.76123626
1131 -38.68230769 -43.51527472 -33.84934065
1132 -38.77769230 -43.61793956 -33.93744505
1133 -38.87307692 -43.72060439 -34.02554945
1134 -38.96846153 -43.82326923 -34.11365384
1135 -39.06384615 -43.92593406 -34.20175824
1136 -39.15923076 -44.02859890 -34.28986263
1137 -39.25461538 -44.13126373 -34.37796703
1138 -39.35000000 -44.23392857 -34.46607142
1139 -39.44538461 -44.33659340 -34.55417582
1140 -39.54076923 -44.43925824 -34.64228021
1141 -39.63615384 -44.54192307 -34.73038461
1142 -39.73153846 -44.64458791 -34.81848901
1143 -39.82692307 -44.74725274 -34.90659340
1144 -39.92230769 -44.84991758 -34.99469780
1145 -40.01769230 -44.95258241 -35.08280219
1146 -40.11307692 -45.05524725 -35.17090659
1147 -40.20846153 -45.15791208 -35.25901098
1148 -40.30384615 -45.26057692 -35.34711538
1149 -40.39923076 -45.36324175 -35.43521978
1150 -40.49461538 -45.46590659 -35.52332417
1151 -40.59000000 -45.56857142 -35.61142857
1152 -40.68538461 -45.67123626 -35.69953296
1153 -40.78076923 -45.77390109 -35.78763736
1154 -40.87615384 -45.87656593 -35.87574175
1155 -40.97153846 -45.97923076 -35.96384615
1156 -41.06692307 -46.08189560 -36.05195054
1157 -41.16230769 -46.18456043 -36.14005494
1158 -41.25769230 -46.28722527 -36.22815934
1159 -41.35307692 -46.38989010 -36.31626373
1160 -41.44846153 -46.49255494 -36.40436813
1161 -41.54384615 -46.59521978 -36.49247252
1162 -41.63923076 -46.69788461 -36.58057692
1163 -41.73461538 -46.80054945 -36.66868131
1164 -41.83000000 -46.90321428 -36.75678571
1165 -41.92538461 -47.00587912 -36.84489010
1166 -42.02076923 -47.10854395 -36.93299450
1167 -42.11615384 -47.21120879 -37.02109890
1168 -42.21153846 -47.31387362 -37.10920329
1169 -42.30692307 -47.41653846 -37.19730769
1170 -42.40230769 -47.51920329 -37.28541208
1171 -42.49769230 -47.62186813 -37.37351648
1172 -42.59307692 -47.72453296 -37.46162087
1173 -42.68846153 -47.82719780 -37.54972527
1174 -42.78384615 -47.92986263 -37.63782967
1175 -42.87923076 -48.03252747 -37.72593406
1176 -42.97461538 -48.13519230 -37.81403846
1177 -43.07000000 -48.23785714 -37.90214285
1178 -43.16538461 -48.34052197 -37.99024725
1179 -43.26076923 -48.44318681 -38.07835164
1180 -43.35615384 -48.54585164 -38.16645604
1181 -43.45153846 -48.64851648 -38.25456043
1182 -43.54692307 -48.75118131 -38.34266483
1183 -43.64230769 -48.85384615 -38.43076923
1184 -43.73769230 -48.95651098 -38.51887362
1185 -43.83307692 -49.05917582 -38.60697802
1186 -43.92846153 -49.16184065 -38.69508241
1187 -44.02384615 -49.26450549 -38.78318681
1188 -44.11923076 -49.36717032 -38.87129120
1189 -44.21461538 -49.46983516 -38.95939560
1190 -44.31000000 -49.57250000 -39.04750000
1191 -44.40538461 -49.67516483 -39.13560439
1192 -44.50076923 -49.77782967 -39.22370879
1193 -44.59615384 -49.88049450 -39.31181318
1194 -44.69153846 -49.98315934 -39.39991758
1195 -44.78692307 -50.08582417 -39.48802197
1196 -44.88230769 -50.18848901 -39.57612637
1197 -44.97769230 -50.29115384 -39.66423076
1198 -45.07307692 -50.39381868 -39.75233516
1199 -45.16846153 -50.49648351 -39.84043956
1200 -45.26384615 -50.59914835 -39.92854395
1201 -45.35923076 -50.70181318 -40.01664835
1202 -45.45461538 -50.80447802 -40.10475274
1203 -45.55000000 -50.90714285 -40.19285714
1204 -45.64538461 -51.00980769 -40.28096153
1205 -45.74076923 -51.11247252 -40.36906593
1206 -45.83615384 -51.21513736 -40.45717032
1207 -45.93153846 -51.31780219 -40.54527472
1208 -46.02692307 -51.42046703 -40.63337912
1209 -46.12230769 -51.52313186 -40.72148351
1210 -46.21769230 -51.62579670 -40.80958791
1211 -46.31307692 -51.72846153 -40.89769230
1212 -46.40846153 -51.83112637 -40.98579670
1213 -46.50384615 -51.93379120 -41.07390109
1214 -46.59923076 -52.03645604 -41.16200549
1215 -46.69461538 -52.13912087 -41.25010989
1216 -46.79000000 -52.24178571 -41.33821428
1217 -46.88538461 -52.34445054 -41.42631868
1218 -46.98076923 -52.44711538 -41.51442307
1219 -47.07615384 -52.54978021 -41.60252747
1220 -47.17153846 -52.65244505 -41.69063186
1221 -47.26692307 -52.75510989 -41.77873626
1222 -47.36230769 -52.85777472 -41.86684065
1223 -47.45769230 -52.96043956 -41.95494505
1224 -47.55307692 -53.06310439 -42.04304945
1225 -47.64846153 -53.16576923 -42.13115384
1226 -47.74384615 -53.26843406 -42.21925824
1227 -47.83923076 -53.37109890 -42.30736263
1228 -47.93461538 -53.47376373 -42.39546703
1229 -48.03000000 -53.57642857 -42.48357142
1230 -48.12538461 -53.67909340 -42.57167582
1231 -48.22076923 -53.78175824 -42.65978021
1232 -48.31615384 -53.88442307 -42.74788461
1233 -48.41153846 -53.98708791 -42.83598901
1234 -48.50692307 -54.08975274 -42.92409340
1235 -48.60230769 -54.19241758 -43.01219780
1236 -48.69769230 -54.29508241 -43.10030219
1237 -48.79307692 -54.39774725 -43.18840659
1238 -48.88846153 -54.50041208 -43.27651098
1239 -48.98384615 -54.60307692 -43.36461538
1240 -49.07923076 -54.70574175 -43.45271978
1241 -49.17461538 -54.80840659 -43.54082417
1242 -49.27000000 -54.91107142 -43.62892857
1243 -49.36538461 -55.01373626 -43.71703296
1244 -49.46076923 -55.11640109 -43.80513736
1245 -49.55615384 -55.21906593 -43.89324175
1246 -49.65153846 -55.32173076 -43.98134615
1247 -49.74692307 -55.42439560 -44.06945054
1248 -49.84230769 -55.52706043 -44.15755494
1249 -49.93769230 -55.62972527 -44.24565934
1250 -50.03307692 -55.73239010 -44.33376373
1251 -50.12846153 -55.83505494 -44.42186813
1252 -50.22384615 -55.93771978 -44.50997252
1253 -50.31923076 -56.04038461 -44.59807692
1254 -50.41461538 -56.14304945 -44.68618131
1255 -50.51000000 -56.24571428 -44.77428571
1256 -50.60538461 -56.34837912 -44.86239010
1257 -50.70076923 -56.45104395 -44.95049450
1258 -50.79615384 -56.55370879 -45.03859890
1259 -50.89153846 -56.65637362 -45.12670329
1260 -50.98692307 -56.75903846 -45.21480769
1261 -51.08230769 -56.86170329 -45.30291208
1262 -51.17769230 -56.96436813 -45.39101648
1263 -51.27307692 -57.06703296 -45.47912087
1264 -51.36846153 -57.16969780 -45.56722527
1265 -51.46384615 -57.27236263 -45.65532967
1266 -51.55923076 -57.37502747 -45.74343406
1267 -51.65461538 -57.47769230 -45.83153846
1268 -51.75000000 -57.58035714 -45.91964285
1269 -51.84538461 -57.68302197 -46.00774725
1270 -51.94076923 -57.78568681 -46.09585164
1271 -52.03615384 -57.88835164 -46.18395604
1272 -52.13153846 -57.99101648 -46.27206043
1273 -52.22692307 -58.09368131 -46.36016483
1274 -52.32230769 -58.19634615 -46.44826923
1275 -52.41769230 -58.29901098 -46.53637362
1276 -52.51307692 -58.40167582 -46.62447802
1277 -52.60846153 -58.50434065 -46.71258241
1278 -52.70384615 -58.60700549 -46.80068681
1279 -52.79923076 -58.70967032 -46.88879120
1280 -52.89461538 -58.81233516 -46.97689560
1281 -52.99000000 -58.91500000 -47.06500000
1282 -53.08538461 -59.01766483 -47.15310439
1283 -53.18076923 -59.12032967 -47.24120879
1284 -53.27615384 -59.22299450 -47.32931318
1285 -53.37153846 -59.32565934 -47.41741758
1286 -53.46692307 -59.42832417 -47.50552197
1287 -53.56230769 -59.53098901 -47.59362637
1288 -53.65769230 -59.63365384 -47.68173076
1289 -53.75307692 -59.73631868 -47.76983516
1290 -53.84846153 -59.83898351 -47.85793956
1291 -53.94384615 -59.94164835 -47.94604395
1292 -54.03923076 -60.04431318 -48.03414835
1293 -54.13461538 -60.14697802 -48.12225274
1294 -54.23000000 -60.24964285 -48.21035714
1295 -54.32538461 -60.35230769 -48.29846153
1296 -54.42076923 -60.45497252 -48.38656593
1297 -54.51615384 -60.55763736 -48.47467032
1298 -54.61153846 -60.66030219 -48.56277472
1299 -54.70692307 -60.76296703 -48.65087912
1300 -54.80230769 -60.86563186 -48.73898351
1301 -54.89769230 -60.96829670 -48.82708791
1302 -54.99307692 -61.07096153 -48.91519230
1303 -55.08846153 -61.17362637 -49.00329670
1304 -55.18384615 -61.27629120 -49.09140109
1305 -55.27923076 -61.37895604 -49.17950549
1306 -55.37461538 -61.48162087 -49.26760989
1307 -55.47000000 -61.58428571 -49.35571428
1308 -55.56538461 -61.68695054 -49.44381868
1309 -55.66076923 -61.78961538 -49.53192307
1310 -55.75615384 -61.89228021 -49.62002747
1311 -55.85153846 -61.99494505 -49.70813186
1312 -55.94692307 -62.09760989 -49.79623626
1313 -56.04230769 -62.20027472 -49.88434065
1314 -56.13769230 -62.30293956 -49.97244505
1315 -56.23307692 -62.40560439 -50.06054945
1316 -56.32846153 -62.50826923 -50.14865384
1317 -56.42384615 -62.61093406 -50.23675824
1318 -56.51923076 -62.71359890 -50.32486263
1319 -56.61461538 -62.81626373 -50.41296703
1320 -56.71000000 -62.91892857 -50.50107142
1321 -56.80538461 -63.02159340 -50.58917582
1322 -56.90076923 -63.12425824 -50.67728021
1323 -56.99615384 -63.22692307 -50.76538461
1324 -57.09153846 -63.32958791 -50.85348901
1325 -57.18692307 -63.43225274 -50.94159340
1326 -57.28230769 -63.53491758 -51.02969780
1327 -57.37769230 -63.63758241 -51.11780219
1328 -57.47307692 -63.74024725 -51.20590659
1329 -57.56846153 -63.84291208 -51.29401098
1330 -57.66384615 -63.94557692 -51.38211538
1331 -57.75923076 -64.04824175 -51.47021978
1332 -57.85461538 -64.15090659 -51.55832417
1333 -57.95000000 -64.25357142 -51.64642857
1334 -58.04538461 -64.35623626 -51.73453296
1335 -58.14076923 -64.45890109 -51.82263736
1336 -58.23615384 -64.56156593 -51.91074175
1337 -58.33153846 -64.66423076 -51.99884615
1338 -58.42692307 -64.76689560 -52.08695054
1339 -58.52230769 -64.86956043 -52.17505494
1340 -58.61769230 -64.97222527 -52.26315934
1341 -58.71307692 -65.07489010 -52.35126373
1342 -58.80846153 -65.17755494 -52.43936813
1343 -58.90384615 -65.28021978 -52.52747252
1344 -58.99923076 -65.38288461 -52.61557692
1345 -59.09461538 -65.48554945 -52.70368131
1346 -59.19000000 -65.58821428 -52.79178571
1347 -59.28538461 -65.69087912 -52.87989010
1348 -59.38076923 -65.79354395 -52.96799450
1349 -59.47615384 -65.89620879 -53.05609890
1350 -59.57153846 -65.99887362 -53.14420329
1351 -59.66692307 -66.10153846 -53.23230769
1352 -59.76230769 -66.20420329 -53.32041208
1353 -59.85769230 -66.30686813 -53.40851648
1354 -59.95307692 -66.40953296 -53.49662087
1355 -60.04846153 -66.51219780 -53.58472527
1356 -60.14384615 -66.61486263 -53.67282967
1357 -60.23923076 -66.71752747 -53.76093406
1358 -60.33461538 -66.82019230 -53.84903846
1359 -60.43000000 -66.92285714 -53.93714285
1360 -60.52538461 -67.02552197 -54.02524725
1361 -60.62076923 -67.12818681 -54.11335164
1362 -60.71615384 -67.23085164 -54.20145604
1363 -60.81153846 -67.33351648 -54.28956043
1364 -60.90692307 -67.43618131 -54.37766483
1365 -61.00230769 -67.53884615 -54.46576923
1366 -61.09769230 -67.64151098 -54.55387362
1367 -61.19307692 -67.74417582 -54.64197802
1368 -61.28846153 -67.84684065 -54.73008241
1369 -61.38384615 -67.94950549 -54.81818681
1370 -61.47923076 -68.05217032 -54.90629120
1371 -61.57461538 -68.15483516 -54.99439560
1372 -61.67000000 -68.25750000 -55.08250000
1373 -61.76538461 -68.36016483 -55.17060439
1374 -61.86076923 -68.46282967 -55.25870879
1375 -61.95615384 -68.56549450 -55.34681318
1376 -62.05153846 -68.66815934 -55.43491758
1377 -62.14692307 -68.77082417 -55.52302197
1378 -62.24230769 -68.87348901 -55.61112637
1379 -62.33769230 -68.97615384 -55.69923076
1380 -62.43307692 -69.07881868 -55.78733516
1381 -62.52846153 -69.18148351 -55.87543956
1382 -62.62384615 -69.28414835 -55.96354395
1383 -62.71923076 -69.38681318 -56.05164835
1384 -62.81461538 -69.48947802 -56.13975274
1385 -62.91000000 -69.59214285 -56.22785714
1386 -63.00538461 -69.69480769 -56.31596153
1387 -63.10076923 -69.79747252 -56.40406593
1388 -63.19615384 -69.90013736 -56.49217032
1389 -63.29153846 -70.00280219 -56.58027472
1390 -63.38692307 -70.10546703 -56.66837912
1391 -63.48230769 -70.20813186 -56.75648351
1392 -63.57769230 -70.31079670 -56.84458791
1393 -63.67307692 -70.41346153 -56.93269230
1394 -63.76846153 -70.51612637 -57.02079670
1395 -63.86384615 -70.61879120 -57.10890109
1396 -63.95923076 -70.72145604 -57.19700549
1397 -64.05461538 -70.82412087 -57.28510989
1398 -64.15000000 -70.92678571 -57.37321428
1399 -64.24538461 -71.02945054 -57.46131868
1400 -64.34076923 -71.13211538 -57.54942307
1401 -64.43615384 -71.23478021 -57.63752747
1402 -64.53153846 -71.33744505 -57.72563186
1403 -64.62692307 -71.44010989 -57.81373626
1404 -64.72230769 -71.54277472 -57.90184065
1405 -64.81769230 -71.64543956 -57.98994505
1406 -64.91307692 -71.74810439 -58.07804945
1407 -65.00846153 -71.85076923 -58.16615384
1408 -65.10384615 -71.95343406 -58.25425824
1409 -65.19923076 -72.05609890 -58.34236263
1410 -65.29461538 -72.15876373 -58.43046703
1411 -65.39000000 -72.26142857 -58.51857142
1412 -65.48538461 -72.36409340 -58.60667582
1413 -65.58076923 -72.46675824 -58.69478021
1414 -65.67615384 -72.56942307 -58.78288461
1415 -65.77153846 -72.67208791 -58.87098901
1416 -65.86692307 -72.77475274 -58.95909340
1417 -65.96230769 -72.87741758 -59.04719780
1418 -66.05769230 -72.98008241 -59.13530219
1419 -66.15307692 -73.08274725 -59.22340659
1420 -66.24846153 -73.18541208 -59.31151098
1421 -66.34384615 -73.28807692 -59.39961538
1422 -66.43923076 -73.39074175 -59.48771978
1423 -66.53461538 -73.49340659 -59.57582417
1424 -66.63000000 -73.59607142 -59.66392857
1425 -66.72538461 -73.69873626 -59.75203296
1426 -66.82076923 -73.80140109 -59.84013736
1427 -66.91615384 -73.90406593 -59.92824175
1428 -67.01153846 -74.00673076 -60.01634615
1429 -67.10692307 -74.10939560 -60.10445054
1430 -67.20230769 -74.21206043 -60.19255494
1431 -67.29769230 -74.31472527 -60.28065934
1432 -67.39307692 -74.41739010 -60.36876373
1433 -67.48846153 -74.52005494 -60.45686813
1434 -67.58384615 -74.62271978 -60.54497252
1435 -67.67923076 -74.72538461 -60.63307692
1436 -67.77461538 -74.82804945 -60.72118131
1437 -67.87000000 -74.93071428 -60.80928571
1438 -67.96538461 -75.03337912 -60.89739010
1439 -68.06076923 -75.13604395 -60.98549450
1440 -68.15615384 -75.23870879 -61.07359890
1441 -68.25153846 -75.34137362 -61.16170329
1442 -68.34692307 -75.44403846 -61.24980769
1443 -68.44230769 -75.54670329 -61.33791208
1444 -68.53769230 -75.64936813 -61.42601648
1445 -68.63307692 -75.75203296 -61.51412087
1446 -68.72846153 -75.85469780 -61.60222527
1447 -68.82384615 -75.95736263 -61.69032967
1448 -68.91923076 -76.06002747 -61.77843406
1449 -69.01461538 -76.16269230 -61.86653846
1450 -69.11000000 -76.26535714 -61.95464285
1451 -69.20538461 -76.36802197 -62.04274725
1452 -69.30076923 -76.47068681 -62.13085164
1453 -69.39615384 -76.57335164 -62.21895604
1454 -69.49153846 -76.67601648 -62.30706043
1455 -69.58692307 -76.77868131 -62.39516483
1456 -69.68230769 -76.88134615 -62.48326923
1457 -69.77769230 -76.98401098 -62.57137362
1458 -69.87307692 -77.08667582 -62.65947802
1459 -69.96846153 -77.18934065 -62.74758241
1460 -70.06384615 -77.29200549 -62.83568681
1461 -70.15923076 -77.39467032 -62.92379120
1462 -70.25461538 -77.49733516 -63.01189560
1463 -70.35000000 -77.60000000 -63.10000000
1464 -70.46696185 -77.72675749 -63.20716621
1465 -70.58392370 -77.85351498 -63.31433242
1466 -70.70088555 -77.98027247 -63.42149863
1467 -70.81784741 -78.10702997 -63.52866485
1468 -70.93480926 -78.23378746 -63.63583106
1469 -71.05177111 -78.36054495 -63.74299727
1470 -71.16873297 -78.48730245 -63.85016348
1471 -71.28569482 -78.61405994 -63.95732970
1472 -71.40265667 -78.74081743 -64.06449591
1473 -71.51961852 -78.86757493 -64.17166212
1474 -71.63658038 -78.99433242 -64.27882833
1475 -71.75354223 -79.12108991 -64.38599455
1476 -71.87050408 -79.24784741 -64.49316076
1477 -71.98746594 -79.37460490 -64.60032697
1478 -72.10442779 -79.50136239 -64.70749318
1479 -72.22138964 -79.62811989 -64.81465940
1480 -72.33835149 -79.75487738 -64.92182561
1481 -72.45531335 -79.88163487 -65.02899182
1482 -72.57227520 -80.00839237 -65.13615803
1483 -72.68923705 -80.13514986 -65.24332425
1484 -72.80619891 -80.26190735 -65.35049046
1485 -72.92316076 -80.38866485 -65.45765667
1486 -73.04012261 -80.51542234 -65.56482288
1487 -73.15708446 -80.64217983 -65.67198910
1488 -73.27404632 -80.76893732 -65.77915531
1489 -73.39100817 -80.89569482 -65.88632152
1490 -73.50797002 -81.02245231 -65.99348773
1491 -73.62493188 -81.14920980 -66.10065395
1492 -73.74189373 -81.27596730 -66.20782016
1493 -73.85885558 -81.40272479 -66.31498637
1494 -73.97581743 -81.52948228 -66.42215258
1495 -74.09277929 -81.65623978 -66.52931880
1496 -74.20974114 -81.78299727 -66.63648501
1497 -74.32670299 -81.90975476 -66.74365122
1498 -74.44366485 -82.03651226 -66.85081743
1499 -74.56062670 -82.16326975 -66.95798365
1500 -74.67758855 -82.29002724 -67.06514986
1501 -74.79455040 -82.41678474 -67.17231607
1502 -74.91151226 -82.54354223 -67.27948228
1503 -75.02847411 -82.67029972 -67.38664850
1504 -75.14543596 -82.79705722 -67.49381471
1505 -75.26239782 -82.92381471 -67.60098092
1506 -75.37935967 -83.05057220 -67.70814713
1507 -75.49632152 -83.17732970 -67.81531335
1508 -75.61328337 -83.30408719 -67.92247956
1509 -75.73024523 -83.43084468 -68.02964577
1510 -75.84720708 -83.55760217 -68.13681198
1511 -75.96416893 -83.68435967 -68.24397820
1512 -76.08113079 -83.81111716 -68.35114441
1513 -76.19809264 -83.93787465 -68.45831062
1514 -76.31505449 -84.06463215 -68.56547683
1515 -76.43201634 -84.19138964 -68.67264305
1516 -76.54897820 -84.31814713 -68.77980926
1517 -76.66594005 -84.44490463 -68.88697547
1518 -76.78290190 -84.57166212 -68.99414168
1519 -76.89986376 -84.69841961 -69.10130790
1520 -77.01682561 -84.82517711 -69.20847411
1521 -77.13378746 -84.95193460 -69.31564032
1522 -77.25074931 -85.07869209 -69.42280653
1523 -77.36771117 -85.20544959 -69.52997275
1524 -77.48467302 -85.33220708 -69.63713896
1525 -77.60163487 -85.45896457 -69.74430517
1526 -77.71859673 -85.58572207 -69.85147138
1527 -77.83555858 -85.71247956 -69.95863760
1528 -77.95252043 -85.83923705 -70.06580381
1529 -78.06948228 -85.96599455 -70.17297002
1530 -78.18644414 -86.09275204 -70.28013623
1531 -78.30340599 -86.21950953 -70.38730245
1532 -78.42036784 -86.34626703 -70.49446866
1533 -78.53732970 -86.47302452 -70.60163487
1534 -78.65429155 -86.59978201 -70.70880108
1535 -78.77125340 -86.72653950 -70.81596730
1536 -78.88821525 -86.85329700 -70.92313351
1537 -79.00517711 -86.98005449 -71.03029972
1538 -79.12213896 -87.10681198 -71.13746594
1539 -79.23910081 -87.23356948 -71.24463215
1540 -79.35606267 -87.36032697 -71.35179836
1541 -79.47302452 -87.48708446 -71.45896457
1542 -79.58998637 -87.61384196 -71.56613079
1543 -79.70694822 -87.74059945 -71.67329700
1544 -79.82391008 -87.86735694 -71.78046321
1545 -79.94087193 -87.99411444 -71.88762942
1546 -80.05783378 -88.12087193 -71.99479564
1547 -80.17479564 -88.24762942 -72.10196185
1548 -80.29175749 -88.37438692 -72.20912806
1549 -80.40871934 -88.50114441 -72.31629427
1550 -80.52568119 -88.62790190 -72.42346049
1551 -80.64264305 -88.75465940 -72.53062670
1552 -80.75960490 -88.88141689 -72.63779291
1553 -80.87656675 -89.00817438 -72.74495912
1554 -80.99352861 -89.13493188 -72.85212534
1555 -81.11049046 -89.26168937 -72.95929155
1556 -81.22745231 -89.38844686 -73.06645776
1557 -81.34441416 -89.51520435 -73.17362397
1558 -81.46137602 -89.64196185 -73.28079019
1559 -81.57833787 -89.76871934 -73.38795640
1560 -81.69529972 -89.89547683 -73.49512261
1561 -81.81226158 -90.02223433 -73.60228882
1562 -81.92922343 -90.14899182 -73.70945504
1563 -82.04618528 -90.27574931 -73.81662125
1564 -82.16314713 -90.40250681 -73.92378746
1565 -82.28010899 -90.52926430 -74.03095367
1566 -82.39707084 -90.65602179 -74.13811989
1567 -82.51403269 -90.78277929 -74.24528610
1568 -82.63099455 -90.90953678 -74.35245231
1569 -82.74795640 -91.03629427 -74.45961852
1570 -82.86491825 -91.16305177 -74.56678474
1571 -82.98188010 -91.28980926 -74.67395095
1572 -83.09884196 -91.41656675 -74.78111716
1573 -83.21580381 -91.54332425 -74.88828337
1574 -83.33276566 -91.67008174 -74.99544959
1575 -83.44972752 -91.79683923 -75.10261580
1576 -83.56668937 -91.92359673 -75.20978201
1577 -83.68365122 -92.05035422 -75.31694822
1578 -83.80061307 -92.17711171 -75.42411444
1579 -83.91757493 -92.30386920 -75.53128065
1580 -84.03453678 -92.43062670 -75.63844686
1581 -84.15149863 -92.55738419 -75.74561307
1582 -84.26846049 -92.68414168 -75.85277929
1583 -84.38542234 -92.81089918 -75.95994550
1584 -84.50238419 -92.93765667 -76.06711171
1585 -84.61934604 -93.06441416 -76.17427792
1586 -84.73630790 -93.19117166 -76.28144414
1587 -84.85326975 -93.31792915 -76.38861035
1588 -84.97023160 -93.44468664 -76.49577656
1589 -85.08719346 -93.57144414 -76.60294277
1590 -85.20415531 -93.69820163 -76.71010899
1591 -85.32111716 -93.82495912 -76.81727520
1592 -85.43807901 -93.95171662 -76.92444141
1593 -85.55504087 -94.07847411 -77.03160762
1594 -85.67200272 -94.20523160 -77.13877384
1595 -85.78896457 -94.33198910 -77.24594005
1596 -85.90592643 -94.45874659 -77.35310626
1597 -86.02288828 -94.58550408 -77.46027247
1598 -86.13985013 -94.71226158 -77.56743869
1599 -86.25681198 -94.83901907 -77.67460490
1600 -86.37377384 -94.96577656 -77.78177111
1601 -86.49073569 -95.09253405 -77.88893732
1602 -86.60769754 -95.21929155 -77.99610354
1603 -86.72465940 -95.34604904 -78.10326975
1604 -86.84162125 -95.47280653 -78.21043596
1605 -86.95858310 -95.59956403 -78.31760217
1606 -87.07554495 -95.72632152 -78.42476839
1607 -87.19250681 -95.85307901 -78.53193460
1608 -87.30946866 -95.97983651 -78.63910081
1609 -87.42643051 -96.10659400 -78.74626703
1610 -87.54339237 -96.23335149 -78.85343324
1611 -87.66035422 -96.36010899 -78.96059945
1612 -87.77731607 -96.48686648 -79.06776566
1613 -87.89427792 -96.61362397 -79.17493188
1614 -88.01123978 -96.74038147 -79.28209809
1615 -88.12820163 -96.86713896 -79.38926430
1616 -88.24516348 -96.99389645 -79.49643051
1617 -88.36212534 -97.12065395 -79.60359673
1618 -88.47908719 -97.24741144 -79.71076294
1619 -88.59604904 -97.37416893 -79.81792915
1620 -88.71301089 -97.50092643 -79.92509536
1621 -88.82997275 -97.62768392 -80.03226158
1622 -88.94693460 -97.75444141 -80.13942779
1623 -89.06389645 -97.88119891 -80.24659400
1624 -89.18085831 -98.00795640 -80.35376021
1625 -89.29782016 -98.13471389 -80.46092643
1626 -89.41478201 -98.26147138 -80.56809264
1627 -89.53174386 -98.38822888 -80.67525885
1628 -89.64870572 -98.51498637 -80.78242506
1629 -89.76566757 -98.64174386 -80.88959128
1630 -89.88262942 -98.76850136 -80.99675749
1631 -89.99959128 -98.89525885 -81.10392370
1632 -90.11655313 -99.02201634 -81.21108991
1633 -90.23351498 -99.14877384 -81.31825613
1634 -90.35047683 -99.27553133 -81.42542234
1635 -90.46743869 -99.40228882 -81.53258855
1636 -90.58440054 -99.52904632 -81.63975476
1637 -90.70136239 -99.65580381 -81.74692098
1638 -90.81832425 -99.78256130 -81.85408719
1639 -90.93528610 -99.90931880 -81.96125340
1640 -91.05224795 -100.03607629 -82.06841961
1641 -91.16920980 -100.16283378 -82.17558583
1642 -91.28617166 -100.28959128 -82.28275204
1643 -91.40313351 -100.41634877 -82.38991825
1644 -91.52009536 -100.54310626 -82.49708446
1645 -91.63705722 -100.66986376 -82.60425068
1646 -91.75401907 -100.79662125 -82.71141689
1647 -91.87098092 -100.92337874 -82.81858310
1648 -91.98794277 -101.05013623 -82.92574931
1649 -92.10490463 -101.17689373 -83.03291553
1650 -92.22186648 -101.30365122 -83.14008174
1651 -92.33882833 -101.43040871 -83.24724795
1652 -92.45579019 -101.55716621 -83.35441416
1653 -92.57275204 -101.68392370 -83.46158038
1654 -92.68971389 -101.81068119 -83.56874659
1655 -92.80667574 -101.93743869 -83.67591280
1656 -92.92363760 -102.06419618 -83.78307901
1657 -93.04059945 -102.19095367 -83.89024523
1658 -93.15756130 -102.31771117 -83.99741144
1659 -93.27452316 -102.44446866 -84.10457765
1660 -93.39148501 -102.57122615 -84.21174386
1661 -93.50844686 -102.69798365 -84.31891008
1662 -93.62540871 -102.82474114 -84.42607629
1663 -93.74237057 -102.95149863 -84.53324250
1664 -93.85933242 -103.07825613 -84.64040871
1665 -93.97629427 -103.20501362 -84.74757493
1666 -94.09325613 -103.33177111 -84.85474114
1667 -94.21021798 -103.45852861 -84.96190735
1668 -94.32717983 -103.58528610 -85.06907356
1669 -94.44414168 -103.71204359 -85.17623978
1670 -94.56110354 -103.83880108 -85.28340599
1671 -94.67806539 -103.96555858 -85.39057220
1672 -94.79502724 -104.09231607 -85.49773841
1673 -94.91198910 -104.21907356 -85.60490463
1674 -95.02895095 -104.34583106 -85.71207084
1675 -95.14591280 -104.47258855 -85.81923705
1676 -95.26287465 -104.59934604 -85.92640326
1677 -95.37983651 -104.72610354 -86.03356948
1678 -95.49679836 -104.85286103 -86.14073569
1679 -95.61376021 -104.97961852 -86.24790190
1680 -95.73072207 -105.10637602 -86.35506811
1681 -95.84768392 -105.23313351 -86.46223433
1682 -95.96464577 -105.35989100 -86.56940054
1683 -96.08160762 -105.48664850 -86.67656675
1684 -96.19856948 -105.61340599 -86.78373297
1685 -96.31553133 -105.74016348 -86.89089918
1686 -96.43249318 -105.86692098 -86.99806539
1687 -96.54945504 -105.99367847 -87.10523160
1688 -96.66641689 -106.12043596 -87.21239782
1689 -96.78337874 -106.24719346 -87.31956403
1690 -96.90034059 -106.37395095 -87.42673024
1691 -97.01730245 -106.50070844 -87.53389645
1692 -97.13426430 -106.62746594 -87.64106267
1693 -97.25122615 -106.75422343 -87.74822888
1694 -97.36818801 -106.88098092 -87.85539509
1695 -97.48514986 -107.00773841 -87.96256130
1696 -97.60211171 -107.13449591 -88.06972752
1697 -97.71907356 -107.26125340 -88.17689373
1698 -97.83603542 -107.38801089 -88.28405994
1699 -97.95299727 -107.51476839 -88.39122615
1700 -98.06995912 -107.64152588 -88.49839237
1701 -98.18692098 -107.76828337 -88.60555858
1702 -98.30388283 -107.89504087 -88.71272479
1703 -98.42084468 -108.02179836 -88.81989100
1704 -98.53780653 -108.14855585 -88.92705722
1705 -98.65476839 -108.27531335 -89.03422343
1706 -98.77173024 -108.40207084 -89.14138964
1707 -98.88869209 -108.52882833 -89.24855585
1708 -99.00565395 -108.65558583 -89.35572207
1709 -99.12261580 -108.78234332 -89.46288828
1710 -99.23957765 -108.90910081 -89.57005449
1711 -99.35653950 -109.03585831 -89.67722070
1712 -99.47350136 -109.16261580 -89.78438692
1713 -99.59046321 -109.28937329 -89.89155313
1714 -99.70742506 -109.41613079 -89.99871934
1715 -99.82438692 -109.54288828 -90.10588555
1716 -99.94134877 -109.66964577 -90.21305177
1717 -100.05831062 -109.79640326 -90.32021798
1718 -100.17527247 -109.92316076 -90.42738419
1719 -100.29223433 -110.04991825 -90.53455040
1720 -100.40919618 -110.17667574 -90.64171662
1721 -100.52615803 -110.30343324 -90.74888283
1722 -100.64311989 -110.43019073 -90.85604904
1723 -100.76008174 -110.55694822 -90.96321525
1724 -100.87704359 -110.68370572 -91.07038147
1725 -100.99400544 -110.81046321 -91.17754768
1726 -101.11096730 -110.93722070 -91.28471389
1727 -101.22792915 -111.06397820 -91.39188010
1728 -101.34489100 -111.19073569 -91.49904632
1729 -101.46185286 -111.31749318 -91.60621253
1730 -101.57881471 -111.44425068 -91.71337874
1731 -101.69577656 -111.57100817 -91.82054495
1732 -101.81273841 -111.69776566 -91.92771117
1733 -101.92970027 -111.82452316 -92.03487738
1734 -102.04666212 -111.95128065 -92.14204359
1735 -102.16362397 -112.07803814 -92.24920980
1736 -102.28058583 -112.20479564 -92.35637602
1737 -102.39754768 -112.33155313 -92.46354223
1738 -102.51450953 -112.45831062 -92.57070844
1739 -102.63147138 -112.58506811 -92.67787465
1740 -102.74843324 -112.71182561 -92.78504087
1741 -102.86539509 -112.83858310 -92.89220708
1742 -102.98235694 -112.96534059 -92.99937329
1743 -103.09931880 -113.09209809 -93.10653950
1744 -103.21628065 -113.21885558 -93.21370572
1745 -103.33324250 -113.34561307 -93.32087193
1746 -103.45020435 -113.47237057 -93.42803814
1747 -103.56716621 -113.59912806 -93.53520435
1748 -103.68412806 -113.72588555 -93.64237057
1749 -103.80108991 -113.85264305 -93.74953678
1750 -103.91805177 -113.97940054 -93.85670299
1751 -104.03501362 -114.10615803 -93.96386920
1752 -104.15197547 -114.23291553 -94.07103542
1753 -104.26893732 -114.35967302 -94.17820163
1754 -104.38589918 -114.48643051 -94.28536784
1755 -104.50286103 -114.61318801 -94.39253405
1756 -104.61982288 -114.73994550 -94.49970027
1757 -104.73678474 -114.86670299 -94.60686648
1758 -104.85374659 -114.99346049 -94.71403269
1759 -104.97070844 -115.12021798 -94.82119891
1760 -105.08767029 -115.24697547 -94.92836512
1761 -105.20463215 -115.37373297 -95.03553133
1762 -105.32159400 -115.50049046 -95.14269754
1763 -105.43855585 -115.62724795 -95.24986376
1764 -105.55551771 -115.75400544 -95.35702997
1765 -105.67247956 -115.88076294 -95.46419618
1766 -105.78944141 -116.00752043 -95.57136239
1767 -105.90640326 -116.13427792 -95.67852861
1768 -106.02336512 -116.26103542 -95.78569482
1769 -106.14032697 -116.38779291 -95.89286103
1770 -106.25728882 -116.51455040 -96.00002724
1771 -106.37425068 -116.64130790 -96.10719346
1772 -106.49121253 -116.76806539 -96.21435967
1773 -106.60817438 -116.89482288 -96.32152588
1774 -106.72513623 -117.02158038 -96.42869209
1775 -106.84209809 -117.14833787 -96.53585831
1776 -106.95905994 -117.27509536 -96.64302452
1777 -107.07602179 -117.40185286 -96.75019073
1778 -107.19298365 -117.52861035 -96.85735694
1779 -107.30994550 -117.65536784 -96.96452316
1780 -107.42690735 -117.78212534 -97.07168937
1781 -107.54386920 -117.90888283 -97.17885558
1782 -107.66083106 -118.03564032 -97.28602179
1783 -107.77779291 -118.16239782 -97.39318801
1784 -107.89475476 -118.28915531 -97.50035422
1785 -108.01171662 -118.41591280 -97.60752043
1786 -108.12867847 -118.54267029 -97.71468664
1787 -108.24564032 -118.66942779 -97.82185286
1788 -108.36260217 -118.79618528 -97.92901907
1789 -108.47956403 -118.92294277 -98.03618528
1790 -108.59652588 -119.04970027 -98.14335149
1791 -108.71348773 -119.17645776 -98.25051771
1792 -108.83044959 -119.30321525 -98.35768392
1793 -108.94741144 -119.42997275 -98.46485013
1794 -109.06437329 -119.55673024 -98.57201634
1795 -109.18133514 -119.68348773 -98.67918256
1796 -109.29829700 -119.81024523 -98.78634877
1797 -109.41525885 -119.93700272 -98.89351498
1798 -109.53222070 -120.06376021 -99.00068119
1799 -109.64918256 -120.19051771 -99.10784741
1800 -109.76614441 -120.31727520 -99.21501362
1801 -109.88310626 -120.44403269 -99.32217983
1802 -110.00006811 -120.57079019 -99.42934604
1803 -110.11702997 -120.69754768 -99.53651226
1804 -110.23399182 -120.82430517 -99.64367847
1805 -110.35095367 -120.95106267 -99.75084468
1806 -110.46791553 -121.07782016 -99.85801089
1807 -110.58487738 -121.20457765 -99.96517711
1808 -110.70183923 -121.33133514 -100.07234332
1809 -110.81880108 -121.45809264 -100.17950953
1810 -110.93576294 -121.58485013 -100.28667574
1811 -111.05272479 -121.71160762 -100.39384196
1812 -111.16968664 -121.83836512 -100.50100817
1813 -111.28664850 -121.96512261 -100.60817438
1814 -111.40361035 -122.09188010 -100.71534059
1815 -111.52057220 -122.21863760 -100.82250681
1816 -111.63753405 -122.34539509 -100.92967302
1817 -111.75449591 -122.47215258 -101.03683923
1818 -111.87145776 -122.59891008 -101.14400544
1819 -111.98841961 -122.72566757 -101.25117166
1820 -112.10538147 -122.85242506 -101.35833787
1821 -112.22234332 -122.97918256 -101.46550408
1822 -112.33930517 -123.10594005 -101.57267029
1823 -112.45626703 -123.23269754 -101.67983651
1824 -112.57322888 -123.35945504 -101.78700272
1825 -112.69019073 -123.48621253 -101.89416893
1826 -112.80715258 -123.61297002 -102.00133514
1827 -112.92411444 -123.73972752 -102.10850136
1828 -113.04107629 -123.86648501 -102.21566757
1829 -113.15803814 -123.99324250 -102.32283378
1830 -113.27500000 -124.12000000 -102.43000000
