1 -1.21033333 -1.24666667 -1.17400000
2 -1.21033333 -1.24666667 -1.17400000
3 -1.21033333 -1.24666667 -1.17400000
4 0.00000000 0.00000000 0.00000000
5 -1.17600000 -1.20700000 -1.14500000
6 -2.06900000 -2.10400000 -2.03400000
7 -2.96200000 -3.00100000 -2.92300000
8 -3.85500000 -3.89800000 -3.81200000
9 -4.74800000 -4.79500000 -4.70100000
10 -5.64100000 -5.69200000 -5.59000000
11 -6.53400000 -6.58900000 -6.47900000
12 -7.40257142 -7.48685714 -7.31828571
13 -8.27114285 -8.38471428 -8.15757142
14 -9.13971428 -9.28257142 -8.99685714
15 -10.00828571 -10.18042857 -9.83614285
16 -10.87685714 -11.07828571 -10.67542857
17 -11.74542857 -11.97614285 -11.51471428
18 -12.61400000 -12.87400000 -12.35400000
19 -13.48121428 -13.74171428 -13.22071428
20 -14.34842857 -14.60942857 -14.08742857
21 -15.21564285 -15.47714285 -14.95414285
22 -16.08285714 -16.34485714 -15.82085714
23 -16.95007142 -17.21257142 -16.68757142
24 -17.81728571 -18.08028571 -17.55428571
25 -18.68450000 -18.94800000 -18.42100000
26 -19.56080000 -19.80750000 -19.31410000
27 -20.43710000 -20.66700000 -20.20720000
28 -21.31340000 -21.52650000 -21.10030000
29 -22.18970000 -22.38600000 -21.99340000
30 -23.06600000 -23.24550000 -22.88650000
31 -23.94230000 -24.10500000 -23.77960000
32 -24.81860000 -24.96450000 -24.67270000
33 -25.69490000 -25.82400000 -25.56580000
34 -26.57120000 -26.68350000 -26.45890000
35 -27.44750000 -27.54300000 -27.35200000
36 -28.32812903 -28.42832258 -28.22793548
37 -29.20875806 -29.31364516 -29.10387096
38 -30.08938709 -30.19896774 -29.97980645
39 -30.97001612 -31.08429032 -30.85574193
40 -31.85064516 -31.96961290 -31.73167741
41 -32.73127419 -32.85493548 -32.60761290
42 -33.61190322 -33.74025806 -33.48354838
43 -34.49253225 -34.62558064 -34.35948387
44 -35.37316129 -35.51090322 -35.23541935
45 -36.25379032 -36.39622580 -36.11135483
46 -37.13441935 -37.28154838 -36.98729032
47 -38.01504838 -38.16687096 -37.86322580
48 -38.89567741 -39.05219354 -38.73916129
49 -39.77630645 -39.93751612 -39.61509677
50 -40.65693548 -40.82283870 -40.49103225
51 -41.53756451 -41.70816129 -41.36696774
52 -42.41819354 -42.59348387 -42.24290322
53 -43.29882258 -43.47880645 -43.11883870
54 -44.17945161 -44.36412903 -43.99477419
55 -45.06008064 -45.24945161 -44.87070967
56 -45.94070967 -46.13477419 -45.74664516
57 -46.82133870 -47.02009677 -46.62258064
58 -47.70196774 -47.90541935 -47.49851612
59 -48.58259677 -48.79074193 -48.37445161
60 -49.46322580 -49.67606451 -49.25038709
61 -50.34385483 -50.56138709 -50.12632258
62 -51.22448387 -51.44670967 -51.00225806
63 -52.10511290 -52.33203225 -51.87819354
64 -52.98574193 -53.21735483 -52.75412903
65 -53.86637096 -54.10267741 -53.63006451
66 -54.74700000 -54.98800000 -54.50600000
67 -55.63343333 -55.87440000 -55.39246666
68 -56.51986666 -56.76080000 -56.27893333
69 -57.40630000 -57.64720000 -57.16540000
70 -58.29273333 -58.53360000 -58.05186666
71 -59.17916666 -59.42000000 -58.93833333
72 -60.06560000 -60.30640000 -59.82480000
73 -60.95203333 -61.19280000 -60.71126666
74 -61.83846666 -62.07920000 -61.59773333
75 -62.72490000 -62.96560000 -62.48420000
76 -63.61133333 -63.85200000 -63.37066666
77 -64.49776666 -64.73840000 -64.25713333
78 -65.38420000 -65.62480000 -65.14360000
79 -66.27063333 -66.51120000 -66.03006666
80 -67.15706666 -67.39760000 -66.91653333
81 -68.04350000 -68.28400000 -67.80300000
82 -68.92993333 -69.17040000 -68.68946666
83 -69.81636666 -70.05680000 -69.57593333
84 -70.70280000 -70.94320000 -70.46240000
85 -71.58923333 -71.82960000 -71.34886666
86 -72.47566666 -72.71600000 -72.23533333
87 -73.36210000 -73.60240000 -73.12180000
88 -74.24853333 -74.48880000 -74.00826666
89 -75.13496666 -75.37520000 -74.89473333
90 -76.02140000 -76.26160000 -75.78120000
91 -76.90783333 -77.14800000 -76.66766666
92 -77.79426666 -78.03440000 -77.55413333
93 -78.68070000 -78.92080000 -78.44060000
94 -79.56713333 -79.80720000 -79.32706666
95 -80.45356666 -80.69360000 -80.21353333
96 -81.34000000 -81.58000000 -81.10000000
97 -82.23508333 -82.48080000 -81.98936666
98 -83.13016666 -83.38160000 -82.87873333
99 -84.02525000 -84.28240000 -83.76810000
100 -84.92033333 -85.18320000 -84.65746666
101 -85.81541666 -86.08400000 -85.54683333
102 -86.71050000 -86.98480000 -86.43620000
103 -87.60558333 -87.88560000 -87.32556666
104 -88.50066666 -88.78640000 -88.21493333
105 -89.39575000 -89.68720000 -89.10430000
106 -90.29083333 -90.58800000 -89.99366666
107 -91.18591666 -91.48880000 -90.88303333
108 -92.08100000 -92.38960000 -91.77240000
109 -92.97608333 -93.29040000 -92.66176666
110 -93.87116666 -94.19120000 -93.55113333
111 -94.76625000 -95.09200000 -94.44050000
112 -95.66133333 -95.99280000 -95.32986666
113 -96.55641666 -96.89360000 -96.21923333
114 -97.45150000 -97.79440000 -97.10860000
115 -98.34658333 -98.69520000 -97.99796666
116 -99.24166666 -99.59600000 -98.88733333
117 -100.13675000 -100.49680000 -99.77670000
118 -101.03183333 -101.39760000 -100.66606666
119 -101.92691666 -102.29840000 -101.55543333
120 -102.82200000 -103.19920000 -102.44480000
121 -103.71708333 -104.10000000 -103.33416666
122 -104.61216666 -105.00080000 -104.22353333
123 -105.50725000 -105.90160000 -105.11290000
124 -106.40233333 -106.80240000 -106.00226666
125 -107.29741666 -107.70320000 -106.89163333
126 -108.19250000 -108.60400000 -107.78100000
127 -109.09033870 -109.49893548 -108.68174193
128 -109.98817741 -110.39387096 -109.58248387
129 -110.88601612 -111.28880645 -110.48322580
130 -111.78385483 -112.18374193 -111.38396774
131 -112.68169354 -113.07867741 -112.28470967
132 -113.57953225 -113.97361290 -113.18545161
133 -114.47737096 -114.86854838 -114.08619354
134 -115.37520967 -115.76348387 -114.98693548
135 -116.27304838 -116.65841935 -115.88767741
136 -117.17088709 -117.55335483 -116.78841935
137 -118.06872580 -118.44829032 -117.68916129
138 -118.96656451 -119.34322580 -118.58990322
139 -119.86440322 -120.23816129 -119.49064516
140 -120.76224193 -121.13309677 -120.39138709
141 -121.66008064 -122.02803225 -121.29212903
142 -122.55791935 -122.92296774 -122.19287096
143 -123.45575806 -123.81790322 -123.09361290
144 -124.35359677 -124.71283870 -123.99435483
145 -125.25143548 -125.60777419 -124.89509677
146 -126.14927419 -126.50270967 -125.79583870
147 -127.04711290 -127.39764516 -126.69658064
148 -127.94495161 -128.29258064 -127.59732258
149 -128.84279032 -129.18751612 -128.49806451
150 -129.74062903 -130.08245161 -129.39880645
151 -130.63846774 -130.97738709 -130.29954838
152 -131.53630645 -131.87232258 -131.20029032
153 -132.43414516 -132.76725806 -132.10103225
154 -133.33198387 -133.66219354 -133.00177419
155 -134.22982258 -134.55712903 -133.90251612
156 -135.12766129 -135.45206451 -134.80325806
157 -136.02550000 -136.34700000 -135.70400000
158 -136.92320967 -137.25496774 -136.59145161
159 -137.82091935 -138.16293548 -137.47890322
160 -138.71862903 -139.07090322 -138.36635483
161 -139.61633870 -139.97887096 -139.25380645
162 -140.51404838 -140.88683870 -140.14125806
163 -141.41175806 -141.79480645 -141.02870967
164 -142.30946774 -142.70277419 -141.91616129
165 -143.20717741 -143.61074193 -142.80361290
166 -144.10488709 -144.51870967 -143.69106451
167 -145.00259677 -145.42667741 -144.57851612
168 -145.90030645 -146.33464516 -145.46596774
169 -146.79801612 -147.24261290 -146.35341935
170 -147.69572580 -148.15058064 -147.24087096
171 -148.59343548 -149.05854838 -148.12832258
172 -149.49114516 -149.96651612 -149.01577419
173 -150.38885483 -150.87448387 -149.90322580
174 -151.28656451 -151.78245161 -150.79067741
175 -152.18427419 -152.69041935 -151.67812903
176 -153.08198387 -153.59838709 -152.56558064
177 -153.97969354 -154.50635483 -153.45303225
178 -154.87740322 -155.41432258 -154.34048387
179 -155.77511290 -156.32229032 -155.22793548
180 -156.67282258 -157.23025806 -156.11538709
181 -157.57053225 -158.13822580 -157.00283870
182 -158.46824193 -159.04619354 -157.89029032
183 -159.36595161 -159.95416129 -158.77774193
184 -160.26366129 -160.86212903 -159.66519354
185 -161.16137096 -161.77009677 -160.55264516
186 -162.05908064 -162.67806451 -161.44009677
187 -162.95679032 -163.58603225 -162.32754838
188 -163.85450000 -164.49400000 -163.21500000
189 -164.79820689 -165.42965517 -164.16675862
190 -165.74191379 -166.36531034 -165.11851724
191 -166.68562068 -167.30096551 -166.07027586
192 -167.62932758 -168.23662068 -167.02203448
193 -168.57303448 -169.17227586 -167.97379310
194 -169.51674137 -170.10793103 -168.92555172
195 -170.46044827 -171.04358620 -169.87731034
196 -171.40415517 -171.97924137 -170.82906896
197 -172.34786206 -172.91489655 -171.78082758
198 -173.29156896 -173.85055172 -172.73258620
199 -174.23527586 -174.78620689 -173.68434482
200 -175.17898275 -175.72186206 -174.63610344
201 -176.12268965 -176.65751724 -175.58786206
202 -177.06639655 -177.59317241 -176.53962068
203 -178.01010344 -178.52882758 -177.49137931
204 -178.95381034 -179.46448275 -178.44313793
205 -179.89751724 -180.40013793 -179.39489655
206 -180.84122413 -181.33579310 -180.34665517
207 -181.78493103 -182.27144827 -181.29841379
208 -182.72863793 -183.20710344 -182.25017241
209 -183.67234482 -184.14275862 -183.20193103
210 -184.61605172 -185.07841379 -184.15368965
211 -185.55975862 -186.01406896 -185.10544827
212 -186.50346551 -186.94972413 -186.05720689
213 -187.44717241 -187.88537931 -187.00896551
214 -188.39087931 -188.82103448 -187.96072413
215 -189.33458620 -189.75668965 -188.91248275
216 -190.27829310 -190.69234482 -189.86424137
217 -191.22200000 -191.62800000 -190.81600000
218 -192.12273214 -192.53050000 -191.71496428
219 -193.02346428 -193.43300000 -192.61392857
220 -193.92419642 -194.33550000 -193.51289285
221 -194.82492857 -195.23800000 -194.41185714
222 -195.72566071 -196.14050000 -195.31082142
223 -196.62639285 -197.04300000 -196.20978571
224 -197.52712500 -197.94550000 -197.10875000
225 -198.42785714 -198.84800000 -198.00771428
226 -199.32858928 -199.75050000 -198.90667857
227 -200.22932142 -200.65300000 -199.80564285
228 -201.13005357 -201.55550000 -200.70460714
229 -202.03078571 -202.45800000 -201.60357142
230 -202.93151785 -203.36050000 -202.50253571
231 -203.83225000 -204.26300000 -203.40150000
232 -204.73298214 -205.16550000 -204.30046428
233 -205.63371428 -206.06800000 -205.19942857
234 -206.53444642 -206.97050000 -206.09839285
235 -207.43517857 -207.87300000 -206.99735714
236 -208.33591071 -208.77550000 -207.89632142
237 -209.23664285 -209.67800000 -208.79528571
238 -210.13737500 -210.58050000 -209.69425000
239 -211.03810714 -211.48300000 -210.59321428
240 -211.93883928 -212.38550000 -211.49217857
241 -212.83957142 -213.28800000 -212.39114285
242 -213.74030357 -214.19050000 -213.29010714
243 -214.64103571 -215.09300000 -214.18907142
244 -215.54176785 -215.99550000 -215.08803571
245 -216.44250000 -216.89800000 -215.98700000
246 -217.33792424 -217.80348484 -216.87236363
247 -218.23334848 -218.70896969 -217.75772727
248 -219.12877272 -219.61445454 -218.64309090
249 -220.02419696 -220.51993939 -219.52845454
250 -220.91962121 -221.42542424 -220.41381818
251 -221.81504545 -222.33090909 -221.29918181
252 -222.71046969 -223.23639393 -222.18454545
253 -223.60589393 -224.14187878 -223.06990909
254 -224.50131818 -225.04736363 -223.95527272
255 -225.39674242 -225.95284848 -224.84063636
256 -226.29216666 -226.85833333 -225.72600000
257 -227.18759090 -227.76381818 -226.61136363
258 -228.08301515 -228.66930303 -227.49672727
259 -228.97843939 -229.57478787 -228.38209090
260 -229.87386363 -230.48027272 -229.26745454
261 -230.76928787 -231.38575757 -230.15281818
262 -231.66471212 -232.29124242 -231.03818181
263 -232.56013636 -233.19672727 -231.92354545
264 -233.45556060 -234.10221212 -232.80890909
265 -234.35098484 -235.00769696 -233.69427272
266 -235.24640909 -235.91318181 -234.57963636
267 -236.14183333 -236.81866666 -235.46500000
268 -237.03725757 -237.72415151 -236.35036363
269 -237.93268181 -238.62963636 -237.23572727
270 -238.82810606 -239.53512121 -238.12109090
271 -239.72353030 -240.44060606 -239.00645454
272 -240.61895454 -241.34609090 -239.89181818
273 -241.51437878 -242.25157575 -240.77718181
274 -242.40980303 -243.15706060 -241.66254545
275 -243.30522727 -244.06254545 -242.54790909
276 -244.20065151 -244.96803030 -243.43327272
277 -245.09607575 -245.87351515 -244.31863636
278 -245.99150000 -246.77900000 -245.20400000
279 -246.88295000 -247.66630000 -246.09960000
280 -247.77440000 -248.55360000 -246.99520000
281 -248.66585000 -249.44090000 -247.89080000
282 -249.55730000 -250.32820000 -248.78640000
283 -250.44875000 -251.21550000 -249.68200000
284 -251.34020000 -252.10280000 -250.57760000
285 -252.23165000 -252.99010000 -251.47320000
286 -253.12310000 -253.87740000 -252.36880000
287 -254.01455000 -254.76470000 -253.26440000
288 -254.90600000 -255.65200000 -254.16000000
289 -255.79745000 -256.53930000 -255.05560000
290 -256.68890000 -257.42660000 -255.95120000
291 -257.58035000 -258.31390000 -256.84680000
292 -258.47180000 -259.20120000 -257.74240000
293 -259.36325000 -260.08850000 -258.63800000
294 -260.25470000 -260.97580000 -259.53360000
295 -261.14615000 -261.86310000 -260.42920000
296 -262.03760000 -262.75040000 -261.32480000
297 -262.92905000 -263.63770000 -262.22040000
298 -263.82050000 -264.52500000 -263.11600000
299 -264.71195000 -265.41230000 -264.01160000
300 -265.60340000 -266.29960000 -264.90720000
301 -266.49485000 -267.18690000 -265.80280000
302 -267.38630000 -268.07420000 -266.69840000
303 -268.27775000 -268.96150000 -267.59400000
304 -269.16920000 -269.84880000 -268.48960000
305 -270.06065000 -270.73610000 -269.38520000
306 -270.95210000 -271.62340000 -270.28080000
307 -271.84355000 -272.51070000 -271.17640000
308 -272.73500000 -273.39800000 -272.07200000
309 -273.62475000 -274.28667857 -272.96282142
310 -274.51450000 -275.17535714 -273.85364285
311 -275.40425000 -276.06403571 -274.74446428
312 -276.29400000 -276.95271428 -275.63528571
313 -277.18375000 -277.84139285 -276.52610714
314 -278.07350000 -278.73007142 -277.41692857
315 -278.96325000 -279.61875000 -278.30775000
316 -279.85300000 -280.50742857 -279.19857142
317 -280.74275000 -281.39610714 -280.08939285
318 -281.63250000 -282.28478571 -280.98021428
319 -282.52225000 -283.17346428 -281.87103571
320 -283.41200000 -284.06214285 -282.76185714
321 -284.30175000 -284.95082142 -283.65267857
322 -285.19150000 -285.83950000 -284.54350000
323 -286.08125000 -286.72817857 -285.43432142
324 -286.97100000 -287.61685714 -286.32514285
325 -287.86075000 -288.50553571 -287.21596428
326 -288.75050000 -289.39421428 -288.10678571
327 -289.64025000 -290.28289285 -288.99760714
328 -290.53000000 -291.17157142 -289.88842857
329 -291.41975000 -292.06025000 -290.77925000
330 -292.30950000 -292.94892857 -291.67007142
331 -293.19925000 -293.83760714 -292.56089285
332 -294.08900000 -294.72628571 -293.45171428
333 -294.97875000 -295.61496428 -294.34253571
334 -295.86850000 -296.50364285 -295.23335714
335 -296.75825000 -297.39232142 -296.12417857
336 -297.64800000 -298.28100000 -297.01500000
337 -298.52201515 -299.20990909 -297.83412121
338 -299.39603030 -300.13881818 -298.65324242
339 -300.27004545 -301.06772727 -299.47236363
340 -301.14406060 -301.99663636 -300.29148484
341 -302.01807575 -302.92554545 -301.11060606
342 -302.89209090 -303.85445454 -301.92972727
343 -303.76610606 -304.78336363 -302.74884848
344 -304.64012121 -305.71227272 -303.56796969
345 -305.51413636 -306.64118181 -304.38709090
346 -306.38815151 -307.57009090 -305.20621212
347 -307.26216666 -308.49900000 -306.02533333
348 -308.13618181 -309.42790909 -306.84445454
349 -309.01019696 -310.35681818 -307.66357575
350 -309.88421212 -311.28572727 -308.48269696
351 -310.75822727 -312.21463636 -309.30181818
352 -311.63224242 -313.14354545 -310.12093939
353 -312.50625757 -314.07245454 -310.94006060
354 -313.38027272 -315.00136363 -311.75918181
355 -314.25428787 -315.93027272 -312.57830303
356 -315.12830303 -316.85918181 -313.39742424
357 -316.00231818 -317.78809090 -314.21654545
358 -316.87633333 -318.71700000 -315.03566666
359 -317.75034848 -319.64590909 -315.85478787
360 -318.62436363 -320.57481818 -316.67390909
361 -319.49837878 -321.50372727 -317.49303030
362 -320.37239393 -322.43263636 -318.31215151
363 -321.24640909 -323.36154545 -319.13127272
364 -322.12042424 -324.29045454 -319.95039393
365 -322.99443939 -325.21936363 -320.76951515
366 -323.86845454 -326.14827272 -321.58863636
367 -324.74246969 -327.07718181 -322.40775757
368 -325.61648484 -328.00609090 -323.22687878
369 -326.49050000 -328.93500000 -324.04600000
370 -327.34890217 -329.78166304 -324.91614130
371 -328.20730434 -330.62832608 -325.78628260
372 -329.06570652 -331.47498913 -326.65642391
373 -329.92410869 -332.32165217 -327.52656521
374 -330.78251086 -333.16831521 -328.39670652
375 -331.64091304 -334.01497826 -329.26684782
376 -332.49931521 -334.86164130 -330.13698913
377 -333.35771739 -335.70830434 -331.00713043
378 -334.21611956 -336.55496739 -331.87727173
379 -335.07452173 -337.40163043 -332.74741304
380 -335.93292391 -338.24829347 -333.61755434
381 -336.79132608 -339.09495652 -334.48769565
382 -337.64972826 -339.94161956 -335.35783695
383 -338.50813043 -340.78828260 -336.22797826
384 -339.36653260 -341.63494565 -337.09811956
385 -340.22493478 -342.48160869 -337.96826086
386 -341.08333695 -343.32827173 -338.83840217
387 -341.94173913 -344.17493478 -339.70854347
388 -342.80014130 -345.02159782 -340.57868478
389 -343.65854347 -345.86826086 -341.44882608
390 -344.51694565 -346.71492391 -342.31896739
391 -345.37534782 -347.56158695 -343.18910869
392 -346.23375000 -348.40825000 -344.05925000
393 -347.09215217 -349.25491304 -344.92939130
394 -347.95055434 -350.10157608 -345.79953260
395 -348.80895652 -350.94823913 -346.66967391
396 -349.66735869 -351.79490217 -347.53981521
397 -350.52576086 -352.64156521 -348.40995652
398 -351.38416304 -353.48822826 -349.28009782
399 -352.24256521 -354.33489130 -350.15023913
400 -353.10096739 -355.18155434 -351.02038043
401 -353.95936956 -356.02821739 -351.89052173
402 -354.81777173 -356.87488043 -352.76066304
403 -355.67617391 -357.72154347 -353.63080434
404 -356.53457608 -358.56820652 -354.50094565
405 -357.39297826 -359.41486956 -355.37108695
406 -358.25138043 -360.26153260 -356.24122826
407 -359.10978260 -361.10819565 -357.11136956
408 -359.96818478 -361.95485869 -357.98151086
409 -360.82658695 -362.80152173 -358.85165217
410 -361.68498913 -363.64818478 -359.72179347
411 -362.54339130 -364.49484782 -360.59193478
412 -363.40179347 -365.34151086 -361.46207608
413 -364.26019565 -366.18817391 -362.33221739
414 -365.11859782 -367.03483695 -363.20235869
415 -365.97700000 -367.88150000 -364.07250000
416 -366.83540217 -368.72816304 -364.94264130
417 -367.69380434 -369.57482608 -365.81278260
418 -368.55220652 -370.42148913 -366.68292391
419 -369.41060869 -371.26815217 -367.55306521
420 -370.26901086 -372.11481521 -368.42320652
421 -371.12741304 -372.96147826 -369.29334782
422 -371.98581521 -373.80814130 -370.16348913
423 -372.84421739 -374.65480434 -371.03363043
424 -373.70261956 -375.50146739 -371.90377173
425 -374.56102173 -376.34813043 -372.77391304
426 -375.41942391 -377.19479347 -373.64405434
427 -376.27782608 -378.04145652 -374.51419565
428 -377.13622826 -378.88811956 -375.38433695
429 -377.99463043 -379.73478260 -376.25447826
430 -378.85303260 -380.58144565 -377.12461956
431 -379.71143478 -381.42810869 -377.99476086
432 -380.56983695 -382.27477173 -378.86490217
433 -381.42823913 -383.12143478 -379.73504347
434 -382.28664130 -383.96809782 -380.60518478
435 -383.14504347 -384.81476086 -381.47532608
436 -384.00344565 -385.66142391 -382.34546739
437 -384.86184782 -386.50808695 -383.21560869
438 -385.72025000 -387.35475000 -384.08575000
439 -386.57865217 -388.20141304 -384.95589130
440 -387.43705434 -389.04807608 -385.82603260
441 -388.29545652 -389.89473913 -386.69617391
442 -389.15385869 -390.74140217 -387.56631521
443 -390.01226086 -391.58806521 -388.43645652
444 -390.87066304 -392.43472826 -389.30659782
445 -391.72906521 -393.28139130 -390.17673913
446 -392.58746739 -394.12805434 -391.04688043
447 -393.44586956 -394.97471739 -391.91702173
448 -394.30427173 -395.82138043 -392.78716304
449 -395.16267391 -396.66804347 -393.65730434
450 -396.02107608 -397.51470652 -394.52744565
451 -396.87947826 -398.36136956 -395.39758695
452 -397.73788043 -399.20803260 -396.26772826
453 -398.59628260 -400.05469565 -397.13786956
454 -399.45468478 -400.90135869 -398.00801086
455 -400.31308695 -401.74802173 -398.87815217
456 -401.17148913 -402.59468478 -399.74829347
457 -402.02989130 -403.44134782 -400.61843478
458 -402.88829347 -404.28801086 -401.48857608
459 -403.74669565 -405.13467391 -402.35871739
460 -404.60509782 -405.98133695 -403.22885869
461 -405.46350000 -406.82800000 -404.09900000
462 -406.29086956 -407.67450000 -404.90723913
463 -407.11823913 -408.52100000 -405.71547826
464 -407.94560869 -409.36750000 -406.52371739
465 -408.77297826 -410.21400000 -407.33195652
466 -409.60034782 -411.06050000 -408.14019565
467 -410.42771739 -411.90700000 -408.94843478
468 -411.25508695 -412.75350000 -409.75667391
469 -412.08245652 -413.60000000 -410.56491304
470 -412.90982608 -414.44650000 -411.37315217
471 -413.73719565 -415.29300000 -412.18139130
472 -414.56456521 -416.13950000 -412.98963043
473 -415.39193478 -416.98600000 -413.79786956
474 -416.21930434 -417.83250000 -414.60610869
475 -417.04667391 -418.67900000 -415.41434782
476 -417.87404347 -419.52550000 -416.22258695
477 -418.70141304 -420.37200000 -417.03082608
478 -419.52878260 -421.21850000 -417.83906521
479 -420.35615217 -422.06500000 -418.64730434
480 -421.18352173 -422.91150000 -419.45554347
481 -422.01089130 -423.75800000 -420.26378260
482 -422.83826086 -424.60450000 -421.07202173
483 -423.66563043 -425.45100000 -421.88026086
484 -424.49300000 -426.29750000 -422.68850000
485 -425.32036956 -427.14400000 -423.49673913
486 -426.14773913 -427.99050000 -424.30497826
487 -426.97510869 -428.83700000 -425.11321739
488 -427.80247826 -429.68350000 -425.92145652
489 -428.62984782 -430.53000000 -426.72969565
490 -429.45721739 -431.37650000 -427.53793478
491 -430.28458695 -432.22300000 -428.34617391
492 -431.11195652 -433.06950000 -429.15441304
493 -431.93932608 -433.91600000 -429.96265217
494 -432.76669565 -434.76250000 -430.77089130
495 -433.59406521 -435.60900000 -431.57913043
496 -434.42143478 -436.45550000 -432.38736956
497 -435.24880434 -437.30200000 -433.19560869
498 -436.07617391 -438.14850000 -434.00384782
499 -436.90354347 -438.99500000 -434.81208695
500 -437.73091304 -439.84150000 -435.62032608
501 -438.55828260 -440.68800000 -436.42856521
502 -439.38565217 -441.53450000 -437.23680434
503 -440.21302173 -442.38100000 -438.04504347
504 -441.04039130 -443.22750000 -438.85328260
505 -441.86776086 -444.07400000 -439.66152173
506 -442.69513043 -444.92050000 -440.46976086
507 -443.52250000 -445.76700000 -441.27800000
508 -444.34986956 -446.61350000 -442.08623913
509 -445.17723913 -447.46000000 -442.89447826
510 -446.00460869 -448.30650000 -443.70271739
511 -446.83197826 -449.15300000 -444.51095652
512 -447.65934782 -449.99950000 -445.31919565
513 -448.48671739 -450.84600000 -446.12743478
514 -449.31408695 -451.69250000 -446.93567391
515 -450.14145652 -452.53900000 -447.74391304
516 -450.96882608 -453.38550000 -448.55215217
517 -451.79619565 -454.23200000 -449.36039130
518 -452.62356521 -455.07850000 -450.16863043
519 -453.45093478 -455.92500000 -450.97686956
520 -454.27830434 -456.77150000 -451.78510869
521 -455.10567391 -457.61800000 -452.59334782
522 -455.93304347 -458.46450000 -453.40158695
523 -456.76041304 -459.31100000 -454.20982608
524 -457.58778260 -460.15750000 -455.01806521
525 -458.41515217 -461.00400000 -455.82630434
526 -459.24252173 -461.85050000 -456.63454347
527 -460.06989130 -462.69700000 -457.44278260
528 -460.89726086 -463.54350000 -458.25102173
529 -461.72463043 -464.39000000 -459.05926086
530 -462.55200000 -465.23650000 -459.86750000
531 -463.37936956 -466.08300000 -460.67573913
532 -464.20673913 -466.92950000 -461.48397826
533 -465.03410869 -467.77600000 -462.29221739
534 -465.86147826 -468.62250000 -463.10045652
535 -466.68884782 -469.46900000 -463.90869565
536 -467.51621739 -470.31550000 -464.71693478
537 -468.34358695 -471.16200000 -465.52517391
538 -469.17095652 -472.00850000 -466.33341304
539 -469.99832608 -472.85500000 -467.14165217
540 -470.82569565 -473.70150000 -467.94989130
541 -471.65306521 -474.54800000 -468.75813043
542 -472.48043478 -475.39450000 -469.56636956
543 -473.30780434 -476.24100000 -470.37460869
544 -474.13517391 -477.08750000 -471.18284782
545 -474.96254347 -477.93400000 -471.99108695
546 -475.78991304 -478.78050000 -472.79932608
547 -476.61728260 -479.62700000 -473.60756521
548 -477.44465217 -480.47350000 -474.41580434
549 -478.27202173 -481.32000000 -475.22404347
550 -479.09939130 -482.16650000 -476.03228260
551 -479.92676086 -483.01300000 -476.84052173
552 -480.75413043 -483.85950000 -477.64876086
553 -481.58150000 -484.70600000 -478.45700000
554 -482.39740659 -485.51298901 -479.28182417
555 -483.21331318 -486.31997802 -480.10664835
556 -484.02921978 -487.12696703 -480.93147252
557 -484.84512637 -487.93395604 -481.75629670
558 -485.66103296 -488.74094505 -482.58112087
559 -486.47693956 -489.54793406 -483.40594505
560 -487.29284615 -490.35492307 -484.23076923
561 -488.10875274 -491.16191208 -485.05559340
562 -488.92465934 -491.96890109 -485.88041758
563 -489.74056593 -492.77589010 -486.70524175
564 -490.55647252 -493.58287912 -487.53006593
565 -491.37237912 -494.38986813 -488.35489010
566 -492.18828571 -495.19685714 -489.17971428
567 -493.00419230 -496.00384615 -490.00453846
568 -493.82009890 -496.81083516 -490.82936263
569 -494.63600549 -497.61782417 -491.65418681
570 -495.45191208 -498.42481318 -492.47901098
571 -496.26781868 -499.23180219 -493.30383516
572 -497.08372527 -500.03879120 -494.12865934
573 -497.89963186 -500.84578021 -494.95348351
574 -498.71553846 -501.65276923 -495.77830769
575 -499.53144505 -502.45975824 -496.60313186
576 -500.34735164 -503.26674725 -497.42795604
577 -501.16325824 -504.07373626 -498.25278021
578 -501.97916483 -504.88072527 -499.07760439
579 -502.79507142 -505.68771428 -499.90242857
580 -503.61097802 -506.49470329 -500.72725274
581 -504.42688461 -507.30169230 -501.55207692
582 -505.24279120 -508.10868131 -502.37690109
583 -506.05869780 -508.91567032 -503.20172527
584 -506.87460439 -509.72265934 -504.02654945
585 -507.69051098 -510.52964835 -504.85137362
586 -508.50641758 -511.33663736 -505.67619780
587 -509.32232417 -512.14362637 -506.50102197
588 -510.13823076 -512.95061538 -507.32584615
589 -510.95413736 -513.75760439 -508.15067032
590 -511.77004395 -514.56459340 -508.97549450
591 -512.58595054 -515.37158241 -509.80031868
592 -513.40185714 -516.17857142 -510.62514285
593 -514.21776373 -516.98556043 -511.44996703
594 -515.03367032 -517.79254945 -512.27479120
595 -515.84957692 -518.59953846 -513.09961538
596 -516.66548351 -519.40652747 -513.92443956
597 -517.48139010 -520.21351648 -514.74926373
598 -518.29729670 -521.02050549 -515.57408791
599 -519.11320329 -521.82749450 -516.39891208
600 -519.92910989 -522.63448351 -517.22373626
601 -520.74501648 -523.44147252 -518.04856043
602 -521.56092307 -524.24846153 -518.87338461
603 -522.37682967 -525.05545054 -519.69820879
604 -523.19273626 -525.86243956 -520.52303296
605 -524.00864285 -526.66942857 -521.34785714
606 -524.82454945 -527.47641758 -522.17268131
607 -525.64045604 -528.28340659 -522.99750549
608 -526.45636263 -529.09039560 -523.82232967
609 -527.27226923 -529.89738461 -524.64715384
610 -528.08817582 -530.70437362 -525.47197802
611 -528.90408241 -531.51136263 -526.29680219
612 -529.71998901 -532.31835164 -527.12162637
613 -530.53589560 -533.12534065 -527.94645054
614 -531.35180219 -533.93232967 -528.77127472
615 -532.16770879 -534.73931868 -529.59609890
616 -532.98361538 -535.54630769 -530.42092307
617 -533.79952197 -536.35329670 -531.24574725
618 -534.61542857 -537.16028571 -532.07057142
619 -535.43133516 -537.96727472 -532.89539560
620 -536.24724175 -538.77426373 -533.72021978
621 -537.06314835 -539.58125274 -534.54504395
622 -537.87905494 -540.38824175 -535.36986813
623 -538.69496153 -541.19523076 -536.19469230
624 -539.51086813 -542.00221978 -537.01951648
625 -540.32677472 -542.80920879 -537.84434065
626 -541.14268131 -543.61619780 -538.66916483
627 -541.95858791 -544.42318681 -539.49398901
628 -542.77449450 -545.23017582 -540.31881318
629 -543.59040109 -546.03716483 -541.14363736
630 -544.40630769 -546.84415384 -541.96846153
631 -545.22221428 -547.65114285 -542.79328571
632 -546.03812087 -548.45813186 -543.61810989
633 -546.85402747 -549.26512087 -544.44293406
634 -547.66993406 -550.07210989 -545.26775824
635 -548.48584065 -550.87909890 -546.09258241
636 -549.30174725 -551.68608791 -546.91740659
637 -550.11765384 -552.49307692 -547.74223076
638 -550.93356043 -553.30006593 -548.56705494
639 -551.74946703 -554.10705494 -549.39187912
640 -552.56537362 -554.91404395 -550.21670329
641 -553.38128021 -555.72103296 -551.04152747
642 -554.19718681 -556.52802197 -551.86635164
643 -555.01309340 -557.33501098 -552.69117582
644 -555.82900000 -558.14200000 -553.51600000
645 -556.60300549 -558.95340659 -554.25260439
646 -557.37701098 -559.76481318 -554.98920879
647 -558.15101648 -560.57621978 -555.72581318
648 -558.92502197 -561.38762637 -556.46241758
649 -559.69902747 -562.19903296 -557.19902197
650 -560.47303296 -563.01043956 -557.93562637
651 -561.24703846 -563.82184615 -558.67223076
652 -562.02104395 -564.63325274 -559.40883516
653 -562.79504945 -565.44465934 -560.14543956
654 -563.56905494 -566.25606593 -560.88204395
655 -564.34306043 -567.06747252 -561.61864835
656 -565.11706593 -567.87887912 -562.35525274
657 -565.89107142 -568.69028571 -563.09185714
658 -566.66507692 -569.50169230 -563.82846153
659 -567.43908241 -570.31309890 -564.56506593
660 -568.21308791 -571.12450549 -565.30167032
661 -568.98709340 -571.93591208 -566.03827472
662 -569.76109890 -572.74731868 -566.77487912
663 -570.53510439 -573.55872527 -567.51148351
664 -571.30910989 -574.37013186 -568.24808791
665 -572.08311538 -575.18153846 -568.98469230
666 -572.85712087 -575.99294505 -569.72129670
667 -573.63112637 -576.80435164 -570.45790109
668 -574.40513186 -577.61575824 -571.19450549
669 -575.17913736 -578.42716483 -571.93110989
670 -575.95314285 -579.23857142 -572.66771428
671 -576.72714835 -580.04997802 -573.40431868
672 -577.50115384 -580.86138461 -574.14092307
673 -578.27515934 -581.67279120 -574.87752747
674 -579.04916483 -582.48419780 -575.61413186
675 -579.82317032 -583.29560439 -576.35073626
676 -580.59717582 -584.10701098 -577.08734065
677 -581.37118131 -584.91841758 -577.82394505
678 -582.14518681 -585.72982417 -578.56054945
679 -582.91919230 -586.54123076 -579.29715384
680 -583.69319780 -587.35263736 -580.03375824
681 -584.46720329 -588.16404395 -580.77036263
682 -585.24120879 -588.97545054 -581.50696703
683 -586.01521428 -589.78685714 -582.24357142
684 -586.78921978 -590.59826373 -582.98017582
685 -587.56322527 -591.40967032 -583.71678021
686 -588.33723076 -592.22107692 -584.45338461
687 -589.11123626 -593.03248351 -585.18998901
688 -589.88524175 -593.84389010 -585.92659340
689 -590.65924725 -594.65529670 -586.66319780
690 -591.43325274 -595.46670329 -587.39980219
691 -592.20725824 -596.27810989 -588.13640659
692 -592.98126373 -597.08951648 -588.87301098
693 -593.75526923 -597.90092307 -589.60961538
694 -594.52927472 -598.71232967 -590.34621978
695 -595.30328021 -599.52373626 -591.08282417
696 -596.07728571 -600.33514285 -591.81942857
697 -596.85129120 -601.14654945 -592.55603296
698 -597.62529670 -601.95795604 -593.29263736
699 -598.39930219 -602.76936263 -594.02924175
700 -599.17330769 -603.58076923 -594.76584615
701 -599.94731318 -604.39217582 -595.50245054
702 -600.72131868 -605.20358241 -596.23905494
703 -601.49532417 -606.01498901 -596.97565934
704 -602.26932967 -606.82639560 -597.71226373
705 -603.04333516 -607.63780219 -598.44886813
706 -603.81734065 -608.44920879 -599.18547252
707 -604.59134615 -609.26061538 -599.92207692
708 -605.36535164 -610.07202197 -600.65868131
709 -606.13935714 -610.88342857 -601.39528571
710 -606.91336263 -611.69483516 -602.13189010
711 -607.68736813 -612.50624175 -602.86849450
712 -608.46137362 -613.31764835 -603.60509890
713 -609.23537912 -614.12905494 -604.34170329
714 -610.00938461 -614.94046153 -605.07830769
715 -610.78339010 -615.75186813 -605.81491208
716 -611.55739560 -616.56327472 -606.55151648
717 -612.33140109 -617.37468131 -607.28812087
718 -613.10540659 -618.18608791 -608.02472527
719 -613.87941208 -618.99749450 -608.76132967
720 -614.65341758 -619.80890109 -609.49793406
721 -615.42742307 -620.62030769 -610.23453846
722 -616.20142857 -621.43171428 -610.97114285
723 -616.97543406 -622.24312087 -611.70774725
724 -617.74943956 -623.05452747 -612.44435164
725 -618.52344505 -623.86593406 -613.18095604
726 -619.29745054 -624.67734065 -613.91756043
727 -620.07145604 -625.48874725 -614.65416483
728 -620.84546153 -626.30015384 -615.39076923
729 -621.61946703 -627.11156043 -616.12737362
730 -622.39347252 -627.92296703 -616.86397802
731 -623.16747802 -628.73437362 -617.60058241
732 -623.94148351 -629.54578021 -618.33718681
733 -624.71548901 -630.35718681 -619.07379120
734 -625.48949450 -631.16859340 -619.81039560
735 -626.26350000 -631.98000000 -620.54700000
736 -626.99139285 -632.71667032 -621.26611538
737 -627.71928571 -633.45334065 -621.98523076
738 -628.44717857 -634.19001098 -622.70434615
739 -629.17507142 -634.92668131 -623.42346153
740 -629.90296428 -635.66335164 -624.14257692
741 -630.63085714 -636.40002197 -624.86169230
742 -631.35875000 -637.13669230 -625.58080769
743 -632.08664285 -637.87336263 -626.29992307
744 -632.81453571 -638.61003296 -627.01903846
745 -633.54242857 -639.34670329 -627.73815384
746 -634.27032142 -640.08337362 -628.45726923
747 -634.99821428 -640.82004395 -629.17638461
748 -635.72610714 -641.55671428 -629.89550000
749 -636.45400000 -642.29338461 -630.61461538
750 -637.18189285 -643.03005494 -631.33373076
751 -637.90978571 -643.76672527 -632.05284615
752 -638.63767857 -644.50339560 -632.77196153
753 -639.36557142 -645.24006593 -633.49107692
754 -640.09346428 -645.97673626 -634.21019230
755 -640.82135714 -646.71340659 -634.92930769
756 -641.54925000 -647.45007692 -635.64842307
757 -642.27714285 -648.18674725 -636.36753846
758 -643.00503571 -648.92341758 -637.08665384
759 -643.73292857 -649.66008791 -637.80576923
760 -644.46082142 -650.39675824 -638.52488461
761 -645.18871428 -651.13342857 -639.24400000
762 -645.91660714 -651.87009890 -639.96311538
763 -646.64450000 -652.60676923 -640.68223076
764 -647.37239285 -653.34343956 -641.40134615
765 -648.10028571 -654.08010989 -642.12046153
766 -648.82817857 -654.81678021 -642.83957692
767 -649.55607142 -655.55345054 -643.55869230
768 -650.28396428 -656.29012087 -644.27780769
769 -651.01185714 -657.02679120 -644.99692307
770 -651.73975000 -657.76346153 -645.71603846
771 -652.46764285 -658.50013186 -646.43515384
772 -653.19553571 -659.23680219 -647.15426923
773 -653.92342857 -659.97347252 -647.87338461
774 -654.65132142 -660.71014285 -648.59250000
775 -655.37921428 -661.44681318 -649.31161538
776 -656.10710714 -662.18348351 -650.03073076
777 -656.83500000 -662.92015384 -650.74984615
778 -657.56289285 -663.65682417 -651.46896153
779 -658.29078571 -664.39349450 -652.18807692
780 -659.01867857 -665.13016483 -652.90719230
781 -659.74657142 -665.86683516 -653.62630769
782 -660.47446428 -666.60350549 -654.34542307
783 -661.20235714 -667.34017582 -655.06453846
784 -661.93025000 -668.07684615 -655.78365384
785 -662.65814285 -668.81351648 -656.50276923
786 -663.38603571 -669.55018681 -657.22188461
787 -664.11392857 -670.28685714 -657.94100000
788 -664.84182142 -671.02352747 -658.66011538
789 -665.56971428 -671.76019780 -659.37923076
790 -666.29760714 -672.49686813 -660.09834615
791 -667.02550000 -673.23353846 -660.81746153
792 -667.75339285 -673.97020879 -661.53657692
793 -668.48128571 -674.70687912 -662.25569230
794 -669.20917857 -675.44354945 -662.97480769
795 -669.93707142 -676.18021978 -663.69392307
796 -670.66496428 -676.91689010 -664.41303846
797 -671.39285714 -677.65356043 -665.13215384
798 -672.12075000 -678.39023076 -665.85126923
799 -672.84864285 -679.12690109 -666.57038461
800 -673.57653571 -679.86357142 -667.28950000
801 -674.30442857 -680.60024175 -668.00861538
802 -675.03232142 -681.33691208 -668.72773076
803 -675.76021428 -682.07358241 -669.44684615
804 -676.48810714 -682.81025274 -670.16596153
805 -677.21600000 -683.54692307 -670.88507692
806 -677.94389285 -684.28359340 -671.60419230
807 -678.67178571 -685.02026373 -672.32330769
808 -679.39967857 -685.75693406 -673.04242307
809 -680.12757142 -686.49360439 -673.76153846
810 -680.85546428 -687.23027472 -674.48065384
811 -681.58335714 -687.96694505 -675.19976923
812 -682.31125000 -688.70361538 -675.91888461
813 -683.03914285 -689.44028571 -676.63800000
814 -683.76703571 -690.17695604 -677.35711538
815 -684.49492857 -690.91362637 -678.07623076
816 -685.22282142 -691.65029670 -678.79534615
817 -685.95071428 -692.38696703 -679.51446153
818 -686.67860714 -693.12363736 -680.23357692
819 -687.40650000 -693.86030769 -680.95269230
820 -688.13439285 -694.59697802 -681.67180769
821 -688.86228571 -695.33364835 -682.39092307
822 -689.59017857 -696.07031868 -683.11003846
823 -690.31807142 -696.80698901 -683.82915384
824 -691.04596428 -697.54365934 -684.54826923
825 -691.77385714 -698.28032967 -685.26738461
826 -692.50175000 -699.01700000 -685.98650000
827 -693.22964285 -699.75367032 -686.70561538
828 -693.95753571 -700.49034065 -687.42473076
829 -694.68542857 -701.22701098 -688.14384615
830 -695.41332142 -701.96368131 -688.86296153
831 -696.14121428 -702.70035164 -689.58207692
832 -696.86910714 -703.43702197 -690.30119230
833 -697.59700000 -704.17369230 -691.02030769
834 -698.32489285 -704.91036263 -691.73942307
835 -699.05278571 -705.64703296 -692.45853846
836 -699.78067857 -706.38370329 -693.17765384
837 -700.50857142 -707.12037362 -693.89676923
838 -701.23646428 -707.85704395 -694.61588461
839 -701.96435714 -708.59371428 -695.33500000
840 -702.69225000 -709.33038461 -696.05411538
841 -703.42014285 -710.06705494 -696.77323076
842 -704.14803571 -710.80372527 -697.49234615
843 -704.87592857 -711.54039560 -698.21146153
844 -705.60382142 -712.27706593 -698.93057692
845 -706.33171428 -713.01373626 -699.64969230
846 -707.05960714 -713.75040659 -700.36880769
847 -707.78750000 -714.48707692 -701.08792307
848 -708.51539285 -715.22374725 -701.80703846
849 -709.24328571 -715.96041758 -702.52615384
850 -709.97117857 -716.69708791 -703.24526923
851 -710.69907142 -717.43375824 -703.96438461
852 -711.42696428 -718.17042857 -704.68350000
853 -712.15485714 -718.90709890 -705.40261538
854 -712.88275000 -719.64376923 -706.12173076
855 -713.61064285 -720.38043956 -706.84084615
856 -714.33853571 -721.11710989 -707.55996153
857 -715.06642857 -721.85378021 -708.27907692
858 -715.79432142 -722.59045054 -708.99819230
859 -716.52221428 -723.32712087 -709.71730769
860 -717.25010714 -724.06379120 -710.43642307
861 -717.97800000 -724.80046153 -711.15553846
862 -718.70589285 -725.53713186 -711.87465384
863 -719.43378571 -726.27380219 -712.59376923
864 -720.16167857 -727.01047252 -713.31288461
865 -720.88957142 -727.74714285 -714.03200000
866 -721.61746428 -728.48381318 -714.75111538
867 -722.34535714 -729.22048351 -715.47023076
868 -723.07325000 -729.95715384 -716.18934615
869 -723.80114285 -730.69382417 -716.90846153
870 -724.52903571 -731.43049450 -717.62757692
871 -725.25692857 -732.16716483 -718.34669230
872 -725.98482142 -732.90383516 -719.06580769
873 -726.71271428 -733.64050549 -719.78492307
874 -727.44060714 -734.37717582 -720.50403846
875 -728.16850000 -735.11384615 -721.22315384
876 -728.89639285 -735.85051648 -721.94226923
877 -729.62428571 -736.58718681 -722.66138461
878 -730.35217857 -737.32385714 -723.38050000
879 -731.08007142 -738.06052747 -724.09961538
880 -731.80796428 -738.79719780 -724.81873076
881 -732.53585714 -739.53386813 -725.53784615
882 -733.26375000 -740.27053846 -726.25696153
883 -733.99164285 -741.00720879 -726.97607692
884 -734.71953571 -741.74387912 -727.69519230
885 -735.44742857 -742.48054945 -728.41430769
886 -736.17532142 -743.21721978 -729.13342307
887 -736.90321428 -743.95389010 -729.85253846
888 -737.63110714 -744.69056043 -730.57165384
889 -738.35900000 -745.42723076 -731.29076923
890 -739.08689285 -746.16390109 -732.00988461
891 -739.81478571 -746.90057142 -732.72900000
892 -740.54267857 -747.63724175 -733.44811538
893 -741.27057142 -748.37391208 -734.16723076
894 -741.99846428 -749.11058241 -734.88634615
895 -742.72635714 -749.84725274 -735.60546153
896 -743.45425000 -750.58392307 -736.32457692
897 -744.18214285 -751.32059340 -737.04369230
898 -744.91003571 -752.05726373 -737.76280769
899 -745.63792857 -752.79393406 -738.48192307
900 -746.36582142 -753.53060439 -739.20103846
901 -747.09371428 -754.26727472 -739.92015384
902 -747.82160714 -755.00394505 -740.63926923
903 -748.54950000 -755.74061538 -741.35838461
904 -749.27739285 -756.47728571 -742.07750000
905 -750.00528571 -757.21395604 -742.79661538
906 -750.73317857 -757.95062637 -743.51573076
907 -751.46107142 -758.68729670 -744.23484615
908 -752.18896428 -759.42396703 -744.95396153
909 -752.91685714 -760.16063736 -745.67307692
910 -753.64475000 -760.89730769 -746.39219230
911 -754.37264285 -761.63397802 -747.11130769
912 -755.10053571 -762.37064835 -747.83042307
913 -755.82842857 -763.10731868 -748.54953846
914 -756.55632142 -763.84398901 -749.26865384
915 -757.28421428 -764.58065934 -749.98776923
916 -758.01210714 -765.31732967 -750.70688461
917 -758.74000000 -766.05400000 -751.42600000
918 -759.46789285 -766.79067032 -752.14511538
919 -760.19578571 -767.52734065 -752.86423076
920 -760.92367857 -768.26401098 -753.58334615
921 -761.65157142 -769.00068131 -754.30246153
922 -762.37946428 -769.73735164 -755.02157692
923 -763.10735714 -770.47402197 -755.74069230
924 -763.83525000 -771.21069230 -756.45980769
925 -764.56314285 -771.94736263 -757.17892307
926 -765.29103571 -772.68403296 -757.89803846
927 -766.01892857 -773.42070329 -758.61715384
928 -766.74682142 -774.15737362 -759.33626923
929 -767.47471428 -774.89404395 -760.05538461
930 -768.20260714 -775.63071428 -760.77450000
931 -768.93050000 -776.36738461 -761.49361538
932 -769.65839285 -777.10405494 -762.21273076
933 -770.38628571 -777.84072527 -762.93184615
934 -771.11417857 -778.57739560 -763.65096153
935 -771.84207142 -779.31406593 -764.37007692
936 -772.56996428 -780.05073626 -765.08919230
937 -773.29785714 -780.78740659 -765.80830769
938 -774.02575000 -781.52407692 -766.52742307
939 -774.75364285 -782.26074725 -767.24653846
940 -775.48153571 -782.99741758 -767.96565384
941 -776.20942857 -783.73408791 -768.68476923
942 -776.93732142 -784.47075824 -769.40388461
943 -777.66521428 -785.20742857 -770.12300000
944 -778.39310714 -785.94409890 -770.84211538
945 -779.12100000 -786.68076923 -771.56123076
946 -779.84889285 -787.41743956 -772.28034615
947 -780.57678571 -788.15410989 -772.99946153
948 -781.30467857 -788.89078021 -773.71857692
949 -782.03257142 -789.62745054 -774.43769230
950 -782.76046428 -790.36412087 -775.15680769
951 -783.48835714 -791.10079120 -775.87592307
952 -784.21625000 -791.83746153 -776.59503846
953 -784.94414285 -792.57413186 -777.31415384
954 -785.67203571 -793.31080219 -778.03326923
955 -786.39992857 -794.04747252 -778.75238461
956 -787.12782142 -794.78414285 -779.47150000
957 -787.85571428 -795.52081318 -780.19061538
958 -788.58360714 -796.25748351 -780.90973076
959 -789.31150000 -796.99415384 -781.62884615
960 -790.03939285 -797.73082417 -782.34796153
961 -790.76728571 -798.46749450 -783.06707692
962 -791.49517857 -799.20416483 -783.78619230
963 -792.22307142 -799.94083516 -784.50530769
964 -792.95096428 -800.67750549 -785.22442307
965 -793.67885714 -801.41417582 -785.94353846
966 -794.40675000 -802.15084615 -786.66265384
967 -795.13464285 -802.88751648 -787.38176923
968 -795.86253571 -803.62418681 -788.10088461
969 -796.59042857 -804.36085714 -788.82000000
970 -797.31832142 -805.09752747 -789.53911538
971 -798.04621428 -805.83419780 -790.25823076
972 -798.77410714 -806.57086813 -790.97734615
973 -799.50200000 -807.30753846 -791.69646153
974 -800.22989285 -808.04420879 -792.41557692
975 -800.95778571 -808.78087912 -793.13469230
976 -801.68567857 -809.51754945 -793.85380769
977 -802.41357142 -810.25421978 -794.57292307
978 -803.14146428 -810.99089010 -795.29203846
979 -803.86935714 -811.72756043 -796.01115384
980 -804.59725000 -812.46423076 -796.73026923
981 -805.32514285 -813.20090109 -797.44938461
982 -806.05303571 -813.93757142 -798.16850000
983 -806.78092857 -814.67424175 -798.88761538
984 -807.50882142 -815.41091208 -799.60673076
985 -808.23671428 -816.14758241 -800.32584615
986 -808.96460714 -816.88425274 -801.04496153
987 -809.69250000 -817.62092307 -801.76407692
988 -810.42039285 -818.35759340 -802.48319230
989 -811.14828571 -819.09426373 -803.20230769
990 -811.87617857 -819.83093406 -803.92142307
991 -812.60407142 -820.56760439 -804.64053846
992 -813.33196428 -821.30427472 -805.35965384
993 -814.05985714 -822.04094505 -806.07876923
994 -814.78775000 -822.77761538 -806.79788461
995 -815.51564285 -823.51428571 -807.51700000
996 -816.24353571 -824.25095604 -808.23611538
997 -816.97142857 -824.98762637 -808.95523076
998 -817.69932142 -825.72429670 -809.67434615
999 -818.42721428 -826.46096703 -810.39346153
1000 -819.15510714 -827.19763736 -811.11257692
1001 -819.88300000 -827.93430769 -811.83169230
1002 -820.61089285 -828.67097802 -812.55080769
1003 -821.33878571 -829.40764835 -813.26992307
1004 -822.06667857 -830.14431868 -813.98903846
1005 -822.79457142 -830.88098901 -814.70815384
1006 -823.52246428 -831.61765934 -815.42726923
1007 -824.25035714 -832.35432967 -816.14638461
1008 -824.97825000 -833.09100000 -816.86550000
1009 -825.70614285 -833.82767032 -817.58461538
1010 -826.43403571 -834.56434065 -818.30373076
1011 -827.16192857 -835.30101098 -819.02284615
1012 -827.88982142 -836.03768131 -819.74196153
1013 -828.61771428 -836.77435164 -820.46107692
1014 -829.34560714 -837.51102197 -821.18019230
1015 -830.07350000 -838.24769230 -821.89930769
1016 -830.80139285 -838.98436263 -822.61842307
1017 -831.52928571 -839.72103296 -823.33753846
1018 -832.25717857 -840.45770329 -824.05665384
1019 -832.98507142 -841.19437362 -824.77576923
1020 -833.71296428 -841.93104395 -825.49488461
1021 -834.44085714 -842.66771428 -826.21400000
1022 -835.16875000 -843.40438461 -826.93311538
1023 -835.89664285 -844.14105494 -827.65223076
1024 -836.62453571 -844.87772527 -828.37134615
1025 -837.35242857 -845.61439560 -829.09046153
1026 -838.08032142 -846.35106593 -829.80957692
1027 -838.80821428 -847.08773626 -830.52869230
1028 -839.53610714 -847.82440659 -831.24780769
1029 -840.26400000 -848.56107692 -831.96692307
1030 -840.99189285 -849.29774725 -832.68603846
1031 -841.71978571 -850.03441758 -833.40515384
1032 -842.44767857 -850.77108791 -834.12426923
1033 -843.17557142 -851.50775824 -834.84338461
1034 -843.90346428 -852.24442857 -835.56250000
1035 -844.63135714 -852.98109890 -836.28161538
1036 -845.35925000 -853.71776923 -837.00073076
1037 -846.08714285 -854.45443956 -837.71984615
1038 -846.81503571 -855.19110989 -838.43896153
1039 -847.54292857 -855.92778021 -839.15807692
1040 -848.27082142 -856.66445054 -839.87719230
1041 -848.99871428 -857.40112087 -840.59630769
1042 -849.72660714 -858.13779120 -841.31542307
1043 -850.45450000 -858.87446153 -842.03453846
1044 -851.18239285 -859.61113186 -842.75365384
1045 -851.91028571 -860.34780219 -843.47276923
1046 -852.63817857 -861.08447252 -844.19188461
1047 -853.36607142 -861.82114285 -844.91100000
1048 -854.09396428 -862.55781318 -845.63011538
1049 -854.82185714 -863.29448351 -846.34923076
1050 -855.54975000 -864.03115384 -847.06834615
1051 -856.27764285 -864.76782417 -847.78746153
1052 -857.00553571 -865.50449450 -848.50657692
1053 -857.73342857 -866.24116483 -849.22569230
1054 -858.46132142 -866.97783516 -849.94480769
1055 -859.18921428 -867.71450549 -850.66392307
1056 -859.91710714 -868.45117582 -851.38303846
1057 -860.64500000 -869.18784615 -852.10215384
1058 -861.37289285 -869.92451648 -852.82126923
1059 -862.10078571 -870.66118681 -853.54038461
1060 -862.82867857 -871.39785714 -854.25950000
1061 -863.55657142 -872.13452747 -854.97861538
1062 -864.28446428 -872.87119780 -855.69773076
1063 -865.01235714 -873.60786813 -856.41684615
1064 -865.74025000 -874.34453846 -857.13596153
1065 -866.46814285 -875.08120879 -857.85507692
1066 -867.19603571 -875.81787912 -858.57419230
1067 -867.92392857 -876.55454945 -859.29330769
1068 -868.65182142 -877.29121978 -860.01242307
1069 -869.37971428 -878.02789010 -860.73153846
1070 -870.10760714 -878.76456043 -861.45065384
1071 -870.83550000 -879.50123076 -862.16976923
1072 -871.56339285 -880.23790109 -862.88888461
1073 -872.29128571 -880.97457142 -863.60800000
1074 -873.01917857 -881.71124175 -864.32711538
1075 -873.74707142 -882.44791208 -865.04623076
1076 -874.47496428 -883.18458241 -865.76534615
1077 -875.20285714 -883.92125274 -866.48446153
1078 -875.93075000 -884.65792307 -867.20357692
1079 -876.65864285 -885.39459340 -867.92269230
1080 -877.38653571 -886.13126373 -868.64180769
1081 -878.11442857 -886.86793406 -869.36092307
1082 -878.84232142 -887.60460439 -870.08003846
1083 -879.57021428 -888.34127472 -870.79915384
1084 -880.29810714 -889.07794505 -871.51826923
1085 -881.02600000 -889.81461538 -872.23738461
1086 -881.75389285 -890.55128571 -872.95650000
1087 -882.48178571 -891.28795604 -873.67561538
1088 -883.20967857 -892.02462637 -874.39473076
1089 -883.93757142 -892.76129670 -875.11384615
1090 -884.66546428 -893.49796703 -875.83296153
1091 -885.39335714 -894.23463736 -876.55207692
1092 -886.12125000 -894.97130769 -877.27119230
1093 -886.84914285 -895.70797802 -877.99030769
1094 -887.57703571 -896.44464835 -878.70942307
1095 -888.30492857 -897.18131868 -879.42853846
1096 -889.03282142 -897.91798901 -880.14765384
1097 -889.76071428 -898.65465934 -880.86676923
1098 -890.48860714 -899.39132967 -881.58588461
1099 -891.21650000 -900.12800000 -882.30500000
1100 -891.89730494 -900.81121428 -882.98339560
1101 -892.57810989 -901.49442857 -883.66179120
1102 -893.25891483 -902.17764285 -884.34018681
1103 -893.93971978 -902.86085714 -885.01858241
1104 -894.62052472 -903.54407142 -885.69697802
1105 -895.30132967 -904.22728571 -886.37537362
1106 -895.98213461 -904.91050000 -887.05376923
1107 -896.66293956 -905.59371428 -887.73216483
1108 -897.34374450 -906.27692857 -888.41056043
1109 -898.02454945 -906.96014285 -889.08895604
1110 -898.70535439 -907.64335714 -889.76735164
1111 -899.38615934 -908.32657142 -890.44574725
1112 -900.06696428 -909.00978571 -891.12414285
1113 -900.74776923 -909.69300000 -891.80253846
1114 -901.42857417 -910.37621428 -892.48093406
1115 -902.10937912 -911.05942857 -893.15932967
1116 -902.79018406 -911.74264285 -893.83772527
1117 -903.47098901 -912.42585714 -894.51612087
1118 -904.15179395 -913.10907142 -895.19451648
1119 -904.83259890 -913.79228571 -895.87291208
1120 -905.51340384 -914.47550000 -896.55130769
1121 -906.19420879 -915.15871428 -897.22970329
1122 -906.87501373 -915.84192857 -897.90809890
1123 -907.55581868 -916.52514285 -898.58649450
1124 -908.23662362 -917.20835714 -899.26489010
1125 -908.91742857 -917.89157142 -899.94328571
1126 -909.59823351 -918.57478571 -900.62168131
1127 -910.27903846 -919.25800000 -901.30007692
1128 -910.95984340 -919.94121428 -901.97847252
1129 -911.64064835 -920.62442857 -902.65686813
1130 -912.32145329 -921.30764285 -903.33526373
1131 -913.00225824 -921.99085714 -904.01365934
1132 -913.68306318 -922.67407142 -904.69205494
1133 -914.36386813 -923.35728571 -905.37045054
1134 -915.04467307 -924.04050000 -906.04884615
1135 -915.72547802 -924.72371428 -906.72724175
1136 -916.40628296 -925.40692857 -907.40563736
1137 -917.08708791 -926.09014285 -908.08403296
1138 -917.76789285 -926.77335714 -908.76242857
1139 -918.44869780 -927.45657142 -909.44082417
1140 -919.12950274 -928.13978571 -910.11921978
1141 -919.81030769 -928.82300000 -910.79761538
1142 -920.49111263 -929.50621428 -911.47601098
1143 -921.17191758 -930.18942857 -912.15440659
1144 -921.85272252 -930.87264285 -912.83280219
1145 -922.53352747 -931.55585714 -913.51119780
1146 -923.21433241 -932.23907142 -914.18959340
1147 -923.89513736 -932.92228571 -914.86798901
1148 -924.57594230 -933.60550000 -915.54638461
1149 -925.25674725 -934.28871428 -916.22478021
1150 -925.93755219 -934.97192857 -916.90317582
1151 -926.61835714 -935.65514285 -917.58157142
1152 -927.29916208 -936.33835714 -918.25996703
1153 -927.97996703 -937.02157142 -918.93836263
1154 -928.66077197 -937.70478571 -919.61675824
1155 -929.34157692 -938.38800000 -920.29515384
1156 -930.02238186 -939.07121428 -920.97354945
1157 -930.70318681 -939.75442857 -921.65194505
1158 -931.38399175 -940.43764285 -922.33034065
1159 -932.06479670 -941.12085714 -923.00873626
1160 -932.74560164 -941.80407142 -923.68713186
1161 -933.42640659 -942.48728571 -924.36552747
1162 -934.10721153 -943.17050000 -925.04392307
1163 -934.78801648 -943.85371428 -925.72231868
1164 -935.46882142 -944.53692857 -926.40071428
1165 -936.14962637 -945.22014285 -927.07910989
1166 -936.83043131 -945.90335714 -927.75750549
1167 -937.51123626 -946.58657142 -928.43590109
1168 -938.19204120 -947.26978571 -929.11429670
1169 -938.87284615 -947.95300000 -929.79269230
1170 -939.55365109 -948.63621428 -930.47108791
1171 -940.23445604 -949.31942857 -931.14948351
1172 -940.91526098 -950.00264285 -931.82787912
1173 -941.59606593 -950.68585714 -932.50627472
1174 -942.27687087 -951.36907142 -933.18467032
1175 -942.95767582 -952.05228571 -933.86306593
1176 -943.63848076 -952.73550000 -934.54146153
1177 -944.31928571 -953.41871428 -935.21985714
1178 -945.00009065 -954.10192857 -935.89825274
1179 -945.68089560 -954.78514285 -936.57664835
1180 -946.36170054 -955.46835714 -937.25504395
1181 -947.04250549 -956.15157142 -937.93343956
1182 -947.72331043 -956.83478571 -938.61183516
1183 -948.40411538 -957.51800000 -939.29023076
1184 -949.08492032 -958.20121428 -939.96862637
1185 -949.76572527 -958.88442857 -940.64702197
1186 -950.44653021 -959.56764285 -941.32541758
1187 -951.12733516 -960.25085714 -942.00381318
1188 -951.80814010 -960.93407142 -942.68220879
1189 -952.48894505 -961.61728571 -943.36060439
1190 -953.16975000 -962.30050000 -944.03900000
1191 -953.85055494 -962.98371428 -944.71739560
1192 -954.53135989 -963.66692857 -945.39579120
1193 -955.21216483 -964.35014285 -946.07418681
1194 -955.89296978 -965.03335714 -946.75258241
1195 -956.57377472 -965.71657142 -947.43097802
1196 -957.25457967 -966.39978571 -948.10937362
1197 -957.93538461 -967.08300000 -948.78776923
1198 -958.61618956 -967.76621428 -949.46616483
1199 -959.29699450 -968.44942857 -950.14456043
1200 -959.97779945 -969.13264285 -950.82295604
1201 -960.65860439 -969.81585714 -951.50135164
1202 -961.33940934 -970.49907142 -952.17974725
1203 -962.02021428 -971.18228571 -952.85814285
1204 -962.70101923 -971.86550000 -953.53653846
1205 -963.38182417 -972.54871428 -954.21493406
1206 -964.06262912 -973.23192857 -954.89332967
1207 -964.74343406 -973.91514285 -955.57172527
1208 -965.42423901 -974.59835714 -956.25012087
1209 -966.10504395 -975.28157142 -956.92851648
1210 -966.78584890 -975.96478571 -957.60691208
1211 -967.46665384 -976.64800000 -958.28530769
1212 -968.14745879 -977.33121428 -958.96370329
1213 -968.82826373 -978.01442857 -959.64209890
1214 -969.50906868 -978.69764285 -960.32049450
1215 -970.18987362 -979.38085714 -960.99889010
1216 -970.87067857 -980.06407142 -961.67728571
1217 -971.55148351 -980.74728571 -962.35568131
1218 -972.23228846 -981.43050000 -963.03407692
1219 -972.91309340 -982.11371428 -963.71247252
1220 -973.59389835 -982.79692857 -964.39086813
1221 -974.27470329 -983.48014285 -965.06926373
1222 -974.95550824 -984.16335714 -965.74765934
1223 -975.63631318 -984.84657142 -966.42605494
1224 -976.31711813 -985.52978571 -967.10445054
1225 -976.99792307 -986.21300000 -967.78284615
1226 -977.67872802 -986.89621428 -968.46124175
1227 -978.35953296 -987.57942857 -969.13963736
1228 -979.04033791 -988.26264285 -969.81803296
1229 -979.72114285 -988.94585714 -970.49642857
1230 -980.40194780 -989.62907142 -971.17482417
1231 -981.08275274 -990.31228571 -971.85321978
1232 -981.76355769 -990.99550000 -972.53161538
1233 -982.44436263 -991.67871428 -973.21001098
1234 -983.12516758 -992.36192857 -973.88840659
1235 -983.80597252 -993.04514285 -974.56680219
1236 -984.48677747 -993.72835714 -975.24519780
1237 -985.16758241 -994.41157142 -975.92359340
1238 -985.84838736 -995.09478571 -976.60198901
1239 -986.52919230 -995.77800000 -977.28038461
1240 -987.20999725 -996.46121428 -977.95878021
1241 -987.89080219 -997.14442857 -978.63717582
1242 -988.57160714 -997.82764285 -979.31557142
1243 -989.25241208 -998.51085714 -979.99396703
1244 -989.93321703 -999.19407142 -980.67236263
1245 -990.61402197 -999.87728571 -981.35075824
1246 -991.29482692 -1000.56050000 -982.02915384
1247 -991.97563186 -1001.24371428 -982.70754945
1248 -992.65643681 -1001.92692857 -983.38594505
1249 -993.33724175 -1002.61014285 -984.06434065
1250 -994.01804670 -1003.29335714 -984.74273626
1251 -994.69885164 -1003.97657142 -985.42113186
1252 -995.37965659 -1004.65978571 -986.09952747
1253 -996.06046153 -1005.34300000 -986.77792307
1254 -996.74126648 -1006.02621428 -987.45631868
1255 -997.42207142 -1006.70942857 -988.13471428
1256 -998.10287637 -1007.39264285 -988.81310989
1257 -998.78368131 -1008.07585714 -989.49150549
1258 -999.46448626 -1008.75907142 -990.16990109
1259 -1000.14529120 -1009.44228571 -990.84829670
1260 -1000.82609615 -1010.12550000 -991.52669230
1261 -1001.50690109 -1010.80871428 -992.20508791
1262 -1002.18770604 -1011.49192857 -992.88348351
1263 -1002.86851098 -1012.17514285 -993.56187912
1264 -1003.54931593 -1012.85835714 -994.24027472
1265 -1004.23012087 -1013.54157142 -994.91867032
1266 -1004.91092582 -1014.22478571 -995.59706593
1267 -1005.59173076 -1014.90800000 -996.27546153
1268 -1006.27253571 -1015.59121428 -996.95385714
1269 -1006.95334065 -1016.27442857 -997.63225274
1270 -1007.63414560 -1016.95764285 -998.31064835
1271 -1008.31495054 -1017.64085714 -998.98904395
1272 -1008.99575549 -1018.32407142 -999.66743956
1273 -1009.67656043 -1019.00728571 -1000.34583516
1274 -1010.35736538 -1019.69050000 -1001.02423076
1275 -1011.03817032 -1020.37371428 -1001.70262637
1276 -1011.71897527 -1021.05692857 -1002.38102197
1277 -1012.39978021 -1021.74014285 -1003.05941758
1278 -1013.08058516 -1022.42335714 -1003.73781318
1279 -1013.76139010 -1023.10657142 -1004.41620879
1280 -1014.44219505 -1023.78978571 -1005.09460439
1281 -1015.12300000 -1024.47300000 -1005.77300000
1282 -1015.80380494 -1025.15621428 -1006.45139560
1283 -1016.48460989 -1025.83942857 -1007.12979120
1284 -1017.16541483 -1026.52264285 -1007.80818681
1285 -1017.84621978 -1027.20585714 -1008.48658241
1286 -1018.52702472 -1027.88907142 -1009.16497802
1287 -1019.20782967 -1028.57228571 -1009.84337362
1288 -1019.88863461 -1029.25550000 -1010.52176923
1289 -1020.56943956 -1029.93871428 -1011.20016483
1290 -1021.25024450 -1030.62192857 -1011.87856043
1291 -1021.93104945 -1031.30514285 -1012.55695604
1292 -1022.61185439 -1031.98835714 -1013.23535164
1293 -1023.29265934 -1032.67157142 -1013.91374725
1294 -1023.97346428 -1033.35478571 -1014.59214285
1295 -1024.65426923 -1034.03800000 -1015.27053846
1296 -1025.33507417 -1034.72121428 -1015.94893406
1297 -1026.01587912 -1035.40442857 -1016.62732967
1298 -1026.69668406 -1036.08764285 -1017.30572527
1299 -1027.37748901 -1036.77085714 -1017.98412087
1300 -1028.05829395 -1037.45407142 -1018.66251648
1301 -1028.73909890 -1038.13728571 -1019.34091208
1302 -1029.41990384 -1038.82050000 -1020.01930769
1303 -1030.10070879 -1039.50371428 -1020.69770329
1304 -1030.78151373 -1040.18692857 -1021.37609890
1305 -1031.46231868 -1040.87014285 -1022.05449450
1306 -1032.14312362 -1041.55335714 -1022.73289010
1307 -1032.82392857 -1042.23657142 -1023.41128571
1308 -1033.50473351 -1042.91978571 -1024.08968131
1309 -1034.18553846 -1043.60300000 -1024.76807692
1310 -1034.86634340 -1044.28621428 -1025.44647252
1311 -1035.54714835 -1044.96942857 -1026.12486813
1312 -1036.22795329 -1045.65264285 -1026.80326373
1313 -1036.90875824 -1046.33585714 -1027.48165934
1314 -1037.58956318 -1047.01907142 -1028.16005494
1315 -1038.27036813 -1047.70228571 -1028.83845054
1316 -1038.95117307 -1048.38550000 -1029.51684615
1317 -1039.63197802 -1049.06871428 -1030.19524175
1318 -1040.31278296 -1049.75192857 -1030.87363736
1319 -1040.99358791 -1050.43514285 -1031.55203296
1320 -1041.67439285 -1051.11835714 -1032.23042857
1321 -1042.35519780 -1051.80157142 -1032.90882417
1322 -1043.03600274 -1052.48478571 -1033.58721978
1323 -1043.71680769 -1053.16800000 -1034.26561538
1324 -1044.39761263 -1053.85121428 -1034.94401098
1325 -1045.07841758 -1054.53442857 -1035.62240659
1326 -1045.75922252 -1055.21764285 -1036.30080219
1327 -1046.44002747 -1055.90085714 -1036.97919780
1328 -1047.12083241 -1056.58407142 -1037.65759340
1329 -1047.80163736 -1057.26728571 -1038.33598901
1330 -1048.48244230 -1057.95050000 -1039.01438461
1331 -1049.16324725 -1058.63371428 -1039.69278021
1332 -1049.84405219 -1059.31692857 -1040.37117582
1333 -1050.52485714 -1060.00014285 -1041.04957142
1334 -1051.20566208 -1060.68335714 -1041.72796703
1335 -1051.88646703 -1061.36657142 -1042.40636263
1336 -1052.56727197 -1062.04978571 -1043.08475824
1337 -1053.24807692 -1062.73300000 -1043.76315384
1338 -1053.92888186 -1063.41621428 -1044.44154945
1339 -1054.60968681 -1064.09942857 -1045.11994505
1340 -1055.29049175 -1064.78264285 -1045.79834065
1341 -1055.97129670 -1065.46585714 -1046.47673626
1342 -1056.65210164 -1066.14907142 -1047.15513186
1343 -1057.33290659 -1066.83228571 -1047.83352747
1344 -1058.01371153 -1067.51550000 -1048.51192307
1345 -1058.69451648 -1068.19871428 -1049.19031868
1346 -1059.37532142 -1068.88192857 -1049.86871428
1347 -1060.05612637 -1069.56514285 -1050.54710989
1348 -1060.73693131 -1070.24835714 -1051.22550549
1349 -1061.41773626 -1070.93157142 -1051.90390109
1350 -1062.09854120 -1071.61478571 -1052.58229670
1351 -1062.77934615 -1072.29800000 -1053.26069230
1352 -1063.46015109 -1072.98121428 -1053.93908791
1353 -1064.14095604 -1073.66442857 -1054.61748351
1354 -1064.82176098 -1074.34764285 -1055.29587912
1355 -1065.50256593 -1075.03085714 -1055.97427472
1356 -1066.18337087 -1075.71407142 -1056.65267032
1357 -1066.86417582 -1076.39728571 -1057.33106593
1358 -1067.54498076 -1077.08050000 -1058.00946153
1359 -1068.22578571 -1077.76371428 -1058.68785714
1360 -1068.90659065 -1078.44692857 -1059.36625274
1361 -1069.58739560 -1079.13014285 -1060.04464835
1362 -1070.26820054 -1079.81335714 -1060.72304395
1363 -1070.94900549 -1080.49657142 -1061.40143956
1364 -1071.62981043 -1081.17978571 -1062.07983516
1365 -1072.31061538 -1081.86300000 -1062.75823076
1366 -1072.99142032 -1082.54621428 -1063.43662637
1367 -1073.67222527 -1083.22942857 -1064.11502197
1368 -1074.35303021 -1083.91264285 -1064.79341758
1369 -1075.03383516 -1084.59585714 -1065.47181318
1370 -1075.71464010 -1085.27907142 -1066.15020879
1371 -1076.39544505 -1085.96228571 -1066.82860439
1372 -1077.07625000 -1086.64550000 -1067.50700000
1373 -1077.75705494 -1087.32871428 -1068.18539560
1374 -1078.43785989 -1088.01192857 -1068.86379120
1375 -1079.11866483 -1088.69514285 -1069.54218681
1376 -1079.79946978 -1089.37835714 -1070.22058241
1377 -1080.48027472 -1090.06157142 -1070.89897802
1378 -1081.16107967 -1090.74478571 -1071.57737362
1379 -1081.84188461 -1091.42800000 -1072.25576923
1380 -1082.52268956 -1092.11121428 -1072.93416483
1381 -1083.20349450 -1092.79442857 -1073.61256043
1382 -1083.88429945 -1093.47764285 -1074.29095604
1383 -1084.56510439 -1094.16085714 -1074.96935164
1384 -1085.24590934 -1094.84407142 -1075.64774725
1385 -1085.92671428 -1095.52728571 -1076.32614285
1386 -1086.60751923 -1096.21050000 -1077.00453846
1387 -1087.28832417 -1096.89371428 -1077.68293406
1388 -1087.96912912 -1097.57692857 -1078.36132967
1389 -1088.64993406 -1098.26014285 -1079.03972527
1390 -1089.33073901 -1098.94335714 -1079.71812087
1391 -1090.01154395 -1099.62657142 -1080.39651648
1392 -1090.69234890 -1100.30978571 -1081.07491208
1393 -1091.37315384 -1100.99300000 -1081.75330769
1394 -1092.05395879 -1101.67621428 -1082.43170329
1395 -1092.73476373 -1102.35942857 -1083.11009890
1396 -1093.41556868 -1103.04264285 -1083.78849450
1397 -1094.09637362 -1103.72585714 -1084.46689010
1398 -1094.77717857 -1104.40907142 -1085.14528571
1399 -1095.45798351 -1105.09228571 -1085.82368131
1400 -1096.13878846 -1105.77550000 -1086.50207692
1401 -1096.81959340 -1106.45871428 -1087.18047252
1402 -1097.50039835 -1107.14192857 -1087.85886813
1403 -1098.18120329 -1107.82514285 -1088.53726373
1404 -1098.86200824 -1108.50835714 -1089.21565934
1405 -1099.54281318 -1109.19157142 -1089.89405494
1406 -1100.22361813 -1109.87478571 -1090.57245054
1407 -1100.90442307 -1110.55800000 -1091.25084615
1408 -1101.58522802 -1111.24121428 -1091.92924175
1409 -1102.26603296 -1111.92442857 -1092.60763736
1410 -1102.94683791 -1112.60764285 -1093.28603296
1411 -1103.62764285 -1113.29085714 -1093.96442857
1412 -1104.30844780 -1113.97407142 -1094.64282417
1413 -1104.98925274 -1114.65728571 -1095.32121978
1414 -1105.67005769 -1115.34050000 -1095.99961538
1415 -1106.35086263 -1116.02371428 -1096.67801098
1416 -1107.03166758 -1116.70692857 -1097.35640659
1417 -1107.71247252 -1117.39014285 -1098.03480219
1418 -1108.39327747 -1118.07335714 -1098.71319780
1419 -1109.07408241 -1118.75657142 -1099.39159340
1420 -1109.75488736 -1119.43978571 -1100.06998901
1421 -1110.43569230 -1120.12300000 -1100.74838461
1422 -1111.11649725 -1120.80621428 -1101.42678021
1423 -1111.79730219 -1121.48942857 -1102.10517582
1424 -1112.47810714 -1122.17264285 -1102.78357142
1425 -1113.15891208 -1122.85585714 -1103.46196703
1426 -1113.83971703 -1123.53907142 -1104.14036263
1427 -1114.52052197 -1124.22228571 -1104.81875824
1428 -1115.20132692 -1124.90550000 -1105.49715384
1429 -1115.88213186 -1125.58871428 -1106.17554945
1430 -1116.56293681 -1126.27192857 -1106.85394505
1431 -1117.24374175 -1126.95514285 -1107.53234065
1432 -1117.92454670 -1127.63835714 -1108.21073626
1433 -1118.60535164 -1128.32157142 -1108.88913186
1434 -1119.28615659 -1129.00478571 -1109.56752747
1435 -1119.96696153 -1129.68800000 -1110.24592307
1436 -1120.64776648 -1130.37121428 -1110.92431868
1437 -1121.32857142 -1131.05442857 -1111.60271428
1438 -1122.00937637 -1131.73764285 -1112.28110989
1439 -1122.69018131 -1132.42085714 -1112.95950549
1440 -1123.37098626 -1133.10407142 -1113.63790109
1441 -1124.05179120 -1133.78728571 -1114.31629670
1442 -1124.73259615 -1134.47050000 -1114.99469230
1443 -1125.41340109 -1135.15371428 -1115.67308791
1444 -1126.09420604 -1135.83692857 -1116.35148351
1445 -1126.77501098 -1136.52014285 -1117.02987912
1446 -1127.45581593 -1137.20335714 -1117.70827472
1447 -1128.13662087 -1137.88657142 -1118.38667032
1448 -1128.81742582 -1138.56978571 -1119.06506593
1449 -1129.49823076 -1139.25300000 -1119.74346153
1450 -1130.17903571 -1139.93621428 -1120.42185714
1451 -1130.85984065 -1140.61942857 -1121.10025274
1452 -1131.54064560 -1141.30264285 -1121.77864835
1453 -1132.22145054 -1141.98585714 -1122.45704395
1454 -1132.90225549 -1142.66907142 -1123.13543956
1455 -1133.58306043 -1143.35228571 -1123.81383516
1456 -1134.26386538 -1144.03550000 -1124.49223076
1457 -1134.94467032 -1144.71871428 -1125.17062637
1458 -1135.62547527 -1145.40192857 -1125.84902197
1459 -1136.30628021 -1146.08514285 -1126.52741758
1460 -1136.98708516 -1146.76835714 -1127.20581318
1461 -1137.66789010 -1147.45157142 -1127.88420879
1462 -1138.34869505 -1148.13478571 -1128.56260439
1463 -1139.02950000 -1148.81800000 -1129.24100000
1464 -1139.67686784 -1149.47632970 -1129.87740599
1465 -1140.32423569 -1150.13465940 -1130.51381198
1466 -1140.97160354 -1150.79298910 -1131.15021798
1467 -1141.61897138 -1151.45131880 -1131.78662397
1468 -1142.26633923 -1152.10964850 -1132.42302997
1469 -1142.91370708 -1152.76797820 -1133.05943596
1470 -1143.56107493 -1153.42630790 -1133.69584196
1471 -1144.20844277 -1154.08463760 -1134.33224795
1472 -1144.85581062 -1154.74296730 -1134.96865395
1473 -1145.50317847 -1155.40129700 -1135.60505994
1474 -1146.15054632 -1156.05962670 -1136.24146594
1475 -1146.79791416 -1156.71795640 -1136.87787193
1476 -1147.44528201 -1157.37628610 -1137.51427792
1477 -1148.09264986 -1158.03461580 -1138.15068392
1478 -1148.74001771 -1158.69294550 -1138.78708991
1479 -1149.38738555 -1159.35127520 -1139.42349591
1480 -1150.03475340 -1160.00960490 -1140.05990190
1481 -1150.68212125 -1160.66793460 -1140.69630790
1482 -1151.32948910 -1161.32626430 -1141.33271389
1483 -1151.97685694 -1161.98459400 -1141.96911989
1484 -1152.62422479 -1162.64292370 -1142.60552588
1485 -1153.27159264 -1163.30125340 -1143.24193188
1486 -1153.91896049 -1163.95958310 -1143.87833787
1487 -1154.56632833 -1164.61791280 -1144.51474386
1488 -1155.21369618 -1165.27624250 -1145.15114986
1489 -1155.86106403 -1165.93457220 -1145.78755585
1490 -1156.50843188 -1166.59290190 -1146.42396185
1491 -1157.15579972 -1167.25123160 -1147.06036784
1492 -1157.80316757 -1167.90956130 -1147.69677384
1493 -1158.45053542 -1168.56789100 -1148.33317983
1494 -1159.09790326 -1169.22622070 -1148.96958583
1495 -1159.74527111 -1169.88455040 -1149.60599182
1496 -1160.39263896 -1170.54288010 -1150.24239782
1497 -1161.04000681 -1171.20120980 -1150.87880381
1498 -1161.68737465 -1171.85953950 -1151.51520980
1499 -1162.33474250 -1172.51786920 -1152.15161580
1500 -1162.98211035 -1173.17619891 -1152.78802179
1501 -1163.62947820 -1173.83452861 -1153.42442779
1502 -1164.27684604 -1174.49285831 -1154.06083378
1503 -1164.92421389 -1175.15118801 -1154.69723978
1504 -1165.57158174 -1175.80951771 -1155.33364577
1505 -1166.21894959 -1176.46784741 -1155.97005177
1506 -1166.86631743 -1177.12617711 -1156.60645776
1507 -1167.51368528 -1177.78450681 -1157.24286376
1508 -1168.16105313 -1178.44283651 -1157.87926975
1509 -1168.80842098 -1179.10116621 -1158.51567574
1510 -1169.45578882 -1179.75949591 -1159.15208174
1511 -1170.10315667 -1180.41782561 -1159.78848773
1512 -1170.75052452 -1181.07615531 -1160.42489373
1513 -1171.39789237 -1181.73448501 -1161.06129972
1514 -1172.04526021 -1182.39281471 -1161.69770572
1515 -1172.69262806 -1183.05114441 -1162.33411171
1516 -1173.33999591 -1183.70947411 -1162.97051771
1517 -1173.98736376 -1184.36780381 -1163.60692370
1518 -1174.63473160 -1185.02613351 -1164.24332970
1519 -1175.28209945 -1185.68446321 -1164.87973569
1520 -1175.92946730 -1186.34279291 -1165.51614168
1521 -1176.57683514 -1187.00112261 -1166.15254768
1522 -1177.22420299 -1187.65945231 -1166.78895367
1523 -1177.87157084 -1188.31778201 -1167.42535967
1524 -1178.51893869 -1188.97611171 -1168.06176566
1525 -1179.16630653 -1189.63444141 -1168.69817166
1526 -1179.81367438 -1190.29277111 -1169.33457765
1527 -1180.46104223 -1190.95110081 -1169.97098365
1528 -1181.10841008 -1191.60943051 -1170.60738964
1529 -1181.75577792 -1192.26776021 -1171.24379564
1530 -1182.40314577 -1192.92608991 -1171.88020163
1531 -1183.05051362 -1193.58441961 -1172.51660762
1532 -1183.69788147 -1194.24274931 -1173.15301362
1533 -1184.34524931 -1194.90107901 -1173.78941961
1534 -1184.99261716 -1195.55940871 -1174.42582561
1535 -1185.63998501 -1196.21773841 -1175.06223160
1536 -1186.28735286 -1196.87606811 -1175.69863760
1537 -1186.93472070 -1197.53439782 -1176.33504359
1538 -1187.58208855 -1198.19272752 -1176.97144959
1539 -1188.22945640 -1198.85105722 -1177.60785558
1540 -1188.87682425 -1199.50938692 -1178.24426158
1541 -1189.52419209 -1200.16771662 -1178.88066757
1542 -1190.17155994 -1200.82604632 -1179.51707356
1543 -1190.81892779 -1201.48437602 -1180.15347956
1544 -1191.46629564 -1202.14270572 -1180.78988555
1545 -1192.11366348 -1202.80103542 -1181.42629155
1546 -1192.76103133 -1203.45936512 -1182.06269754
1547 -1193.40839918 -1204.11769482 -1182.69910354
1548 -1194.05576703 -1204.77602452 -1183.33550953
1549 -1194.70313487 -1205.43435422 -1183.97191553
1550 -1195.35050272 -1206.09268392 -1184.60832152
1551 -1195.99787057 -1206.75101362 -1185.24472752
1552 -1196.64523841 -1207.40934332 -1185.88113351
1553 -1197.29260626 -1208.06767302 -1186.51753950
1554 -1197.93997411 -1208.72600272 -1187.15394550
1555 -1198.58734196 -1209.38433242 -1187.79035149
1556 -1199.23470980 -1210.04266212 -1188.42675749
1557 -1199.88207765 -1210.70099182 -1189.06316348
1558 -1200.52944550 -1211.35932152 -1189.69956948
1559 -1201.17681335 -1212.01765122 -1190.33597547
1560 -1201.82418119 -1212.67598092 -1190.97238147
1561 -1202.47154904 -1213.33431062 -1191.60878746
1562 -1203.11891689 -1213.99264032 -1192.24519346
1563 -1203.76628474 -1214.65097002 -1192.88159945
1564 -1204.41365258 -1215.30929972 -1193.51800544
1565 -1205.06102043 -1215.96762942 -1194.15441144
1566 -1205.70838828 -1216.62595912 -1194.79081743
1567 -1206.35575613 -1217.28428882 -1195.42722343
1568 -1207.00312397 -1217.94261852 -1196.06362942
1569 -1207.65049182 -1218.60094822 -1196.70003542
1570 -1208.29785967 -1219.25927792 -1197.33644141
1571 -1208.94522752 -1219.91760762 -1197.97284741
1572 -1209.59259536 -1220.57593732 -1198.60925340
1573 -1210.23996321 -1221.23426703 -1199.24565940
1574 -1210.88733106 -1221.89259673 -1199.88206539
1575 -1211.53469891 -1222.55092643 -1200.51847138
1576 -1212.18206675 -1223.20925613 -1201.15487738
1577 -1212.82943460 -1223.86758583 -1201.79128337
1578 -1213.47680245 -1224.52591553 -1202.42768937
1579 -1214.12417029 -1225.18424523 -1203.06409536
1580 -1214.77153814 -1225.84257493 -1203.70050136
1581 -1215.41890599 -1226.50090463 -1204.33690735
1582 -1216.06627384 -1227.15923433 -1204.97331335
1583 -1216.71364168 -1227.81756403 -1205.60971934
1584 -1217.36100953 -1228.47589373 -1206.24612534
1585 -1218.00837738 -1229.13422343 -1206.88253133
1586 -1218.65574523 -1229.79255313 -1207.51893732
1587 -1219.30311307 -1230.45088283 -1208.15534332
1588 -1219.95048092 -1231.10921253 -1208.79174931
1589 -1220.59784877 -1231.76754223 -1209.42815531
1590 -1221.24521662 -1232.42587193 -1210.06456130
1591 -1221.89258446 -1233.08420163 -1210.70096730
1592 -1222.53995231 -1233.74253133 -1211.33737329
1593 -1223.18732016 -1234.40086103 -1211.97377929
1594 -1223.83468801 -1235.05919073 -1212.61018528
1595 -1224.48205585 -1235.71752043 -1213.24659128
1596 -1225.12942370 -1236.37585013 -1213.88299727
1597 -1225.77679155 -1237.03417983 -1214.51940326
1598 -1226.42415940 -1237.69250953 -1215.15580926
1599 -1227.07152724 -1238.35083923 -1215.79221525
1600 -1227.71889509 -1239.00916893 -1216.42862125
1601 -1228.36626294 -1239.66749863 -1217.06502724
1602 -1229.01363079 -1240.32582833 -1217.70143324
1603 -1229.66099863 -1240.98415803 -1218.33783923
1604 -1230.30836648 -1241.64248773 -1218.97424523
1605 -1230.95573433 -1242.30081743 -1219.61065122
1606 -1231.60310217 -1242.95914713 -1220.24705722
1607 -1232.25047002 -1243.61747683 -1220.88346321
1608 -1232.89783787 -1244.27580653 -1221.51986920
1609 -1233.54520572 -1244.93413623 -1222.15627520
1610 -1234.19257356 -1245.59246594 -1222.79268119
1611 -1234.83994141 -1246.25079564 -1223.42908719
1612 -1235.48730926 -1246.90912534 -1224.06549318
1613 -1236.13467711 -1247.56745504 -1224.70189918
1614 -1236.78204495 -1248.22578474 -1225.33830517
1615 -1237.42941280 -1248.88411444 -1225.97471117
1616 -1238.07678065 -1249.54244414 -1226.61111716
1617 -1238.72414850 -1250.20077384 -1227.24752316
1618 -1239.37151634 -1250.85910354 -1227.88392915
1619 -1240.01888419 -1251.51743324 -1228.52033514
1620 -1240.66625204 -1252.17576294 -1229.15674114
1621 -1241.31361989 -1252.83409264 -1229.79314713
1622 -1241.96098773 -1253.49242234 -1230.42955313
1623 -1242.60835558 -1254.15075204 -1231.06595912
1624 -1243.25572343 -1254.80908174 -1231.70236512
1625 -1243.90309128 -1255.46741144 -1232.33877111
1626 -1244.55045912 -1256.12574114 -1232.97517711
1627 -1245.19782697 -1256.78407084 -1233.61158310
1628 -1245.84519482 -1257.44240054 -1234.24798910
1629 -1246.49256267 -1258.10073024 -1234.88439509
1630 -1247.13993051 -1258.75905994 -1235.52080108
1631 -1247.78729836 -1259.41738964 -1236.15720708
1632 -1248.43466621 -1260.07571934 -1236.79361307
1633 -1249.08203405 -1260.73404904 -1237.43001907
1634 -1249.72940190 -1261.39237874 -1238.06642506
1635 -1250.37676975 -1262.05070844 -1238.70283106
1636 -1251.02413760 -1262.70903814 -1239.33923705
1637 -1251.67150544 -1263.36736784 -1239.97564305
1638 -1252.31887329 -1264.02569754 -1240.61204904
1639 -1252.96624114 -1264.68402724 -1241.24845504
1640 -1253.61360899 -1265.34235694 -1241.88486103
1641 -1254.26097683 -1266.00068664 -1242.52126703
1642 -1254.90834468 -1266.65901634 -1243.15767302
1643 -1255.55571253 -1267.31734604 -1243.79407901
1644 -1256.20308038 -1267.97567574 -1244.43048501
1645 -1256.85044822 -1268.63400544 -1245.06689100
1646 -1257.49781607 -1269.29233514 -1245.70329700
1647 -1258.14518392 -1269.95066485 -1246.33970299
1648 -1258.79255177 -1270.60899455 -1246.97610899
1649 -1259.43991961 -1271.26732425 -1247.61251498
1650 -1260.08728746 -1271.92565395 -1248.24892098
1651 -1260.73465531 -1272.58398365 -1248.88532697
1652 -1261.38202316 -1273.24231335 -1249.52173297
1653 -1262.02939100 -1273.90064305 -1250.15813896
1654 -1262.67675885 -1274.55897275 -1250.79454495
1655 -1263.32412670 -1275.21730245 -1251.43095095
1656 -1263.97149455 -1275.87563215 -1252.06735694
1657 -1264.61886239 -1276.53396185 -1252.70376294
1658 -1265.26623024 -1277.19229155 -1253.34016893
1659 -1265.91359809 -1277.85062125 -1253.97657493
1660 -1266.56096594 -1278.50895095 -1254.61298092
1661 -1267.20833378 -1279.16728065 -1255.24938692
1662 -1267.85570163 -1279.82561035 -1255.88579291
1663 -1268.50306948 -1280.48394005 -1256.52219891
1664 -1269.15043732 -1281.14226975 -1257.15860490
1665 -1269.79780517 -1281.80059945 -1257.79501089
1666 -1270.44517302 -1282.45892915 -1258.43141689
1667 -1271.09254087 -1283.11725885 -1259.06782288
1668 -1271.73990871 -1283.77558855 -1259.70422888
1669 -1272.38727656 -1284.43391825 -1260.34063487
1670 -1273.03464441 -1285.09224795 -1260.97704087
1671 -1273.68201226 -1285.75057765 -1261.61344686
1672 -1274.32938010 -1286.40890735 -1262.24985286
1673 -1274.97674795 -1287.06723705 -1262.88625885
1674 -1275.62411580 -1287.72556675 -1263.52266485
1675 -1276.27148365 -1288.38389645 -1264.15907084
1676 -1276.91885149 -1289.04222615 -1264.79547683
1677 -1277.56621934 -1289.70055585 -1265.43188283
1678 -1278.21358719 -1290.35888555 -1266.06828882
1679 -1278.86095504 -1291.01721525 -1266.70469482
1680 -1279.50832288 -1291.67554495 -1267.34110081
1681 -1280.15569073 -1292.33387465 -1267.97750681
1682 -1280.80305858 -1292.99220435 -1268.61391280
1683 -1281.45042643 -1293.65053405 -1269.25031880
1684 -1282.09779427 -1294.30886376 -1269.88672479
1685 -1282.74516212 -1294.96719346 -1270.52313079
1686 -1283.39252997 -1295.62552316 -1271.15953678
1687 -1284.03989782 -1296.28385286 -1271.79594277
1688 -1284.68726566 -1296.94218256 -1272.43234877
1689 -1285.33463351 -1297.60051226 -1273.06875476
1690 -1285.98200136 -1298.25884196 -1273.70516076
1691 -1286.62936920 -1298.91717166 -1274.34156675
1692 -1287.27673705 -1299.57550136 -1274.97797275
1693 -1287.92410490 -1300.23383106 -1275.61437874
1694 -1288.57147275 -1300.89216076 -1276.25078474
1695 -1289.21884059 -1301.55049046 -1276.88719073
1696 -1289.86620844 -1302.20882016 -1277.52359673
1697 -1290.51357629 -1302.86714986 -1278.16000272
1698 -1291.16094414 -1303.52547956 -1278.79640871
1699 -1291.80831198 -1304.18380926 -1279.43281471
1700 -1292.45567983 -1304.84213896 -1280.06922070
1701 -1293.10304768 -1305.50046866 -1280.70562670
1702 -1293.75041553 -1306.15879836 -1281.34203269
1703 -1294.39778337 -1306.81712806 -1281.97843869
1704 -1295.04515122 -1307.47545776 -1282.61484468
1705 -1295.69251907 -1308.13378746 -1283.25125068
1706 -1296.33988692 -1308.79211716 -1283.88765667
1707 -1296.98725476 -1309.45044686 -1284.52406267
1708 -1297.63462261 -1310.10877656 -1285.16046866
1709 -1298.28199046 -1310.76710626 -1285.79687465
1710 -1298.92935831 -1311.42543596 -1286.43328065
1711 -1299.57672615 -1312.08376566 -1287.06968664
1712 -1300.22409400 -1312.74209536 -1287.70609264
1713 -1300.87146185 -1313.40042506 -1288.34249863
1714 -1301.51882970 -1314.05875476 -1288.97890463
1715 -1302.16619754 -1314.71708446 -1289.61531062
1716 -1302.81356539 -1315.37541416 -1290.25171662
1717 -1303.46093324 -1316.03374386 -1290.88812261
1718 -1304.10830108 -1316.69207356 -1291.52452861
1719 -1304.75566893 -1317.35040326 -1292.16093460
1720 -1305.40303678 -1318.00873297 -1292.79734059
1721 -1306.05040463 -1318.66706267 -1293.43374659
1722 -1306.69777247 -1319.32539237 -1294.07015258
1723 -1307.34514032 -1319.98372207 -1294.70655858
1724 -1307.99250817 -1320.64205177 -1295.34296457
1725 -1308.63987602 -1321.30038147 -1295.97937057
1726 -1309.28724386 -1321.95871117 -1296.61577656
1727 -1309.93461171 -1322.61704087 -1297.25218256
1728 -1310.58197956 -1323.27537057 -1297.88858855
1729 -1311.22934741 -1323.93370027 -1298.52499455
1730 -1311.87671525 -1324.59202997 -1299.16140054
1731 -1312.52408310 -1325.25035967 -1299.79780653
1732 -1313.17145095 -1325.90868937 -1300.43421253
1733 -1313.81881880 -1326.56701907 -1301.07061852
1734 -1314.46618664 -1327.22534877 -1301.70702452
1735 -1315.11355449 -1327.88367847 -1302.34343051
1736 -1315.76092234 -1328.54200817 -1302.97983651
1737 -1316.40829019 -1329.20033787 -1303.61624250
1738 -1317.05565803 -1329.85866757 -1304.25264850
1739 -1317.70302588 -1330.51699727 -1304.88905449
1740 -1318.35039373 -1331.17532697 -1305.52546049
1741 -1318.99776158 -1331.83365667 -1306.16186648
1742 -1319.64512942 -1332.49198637 -1306.79827247
1743 -1320.29249727 -1333.15031607 -1307.43467847
1744 -1320.93986512 -1333.80864577 -1308.07108446
1745 -1321.58723297 -1334.46697547 -1308.70749046
1746 -1322.23460081 -1335.12530517 -1309.34389645
1747 -1322.88196866 -1335.78363487 -1309.98030245
1748 -1323.52933651 -1336.44196457 -1310.61670844
1749 -1324.17670435 -1337.10029427 -1311.25311444
1750 -1324.82407220 -1337.75862397 -1311.88952043
1751 -1325.47144005 -1338.41695367 -1312.52592643
1752 -1326.11880790 -1339.07528337 -1313.16233242
1753 -1326.76617574 -1339.73361307 -1313.79873841
1754 -1327.41354359 -1340.39194277 -1314.43514441
1755 -1328.06091144 -1341.05027247 -1315.07155040
1756 -1328.70827929 -1341.70860217 -1315.70795640
1757 -1329.35564713 -1342.36693188 -1316.34436239
1758 -1330.00301498 -1343.02526158 -1316.98076839
1759 -1330.65038283 -1343.68359128 -1317.61717438
1760 -1331.29775068 -1344.34192098 -1318.25358038
1761 -1331.94511852 -1345.00025068 -1318.88998637
1762 -1332.59248637 -1345.65858038 -1319.52639237
1763 -1333.23985422 -1346.31691008 -1320.16279836
1764 -1333.88722207 -1346.97523978 -1320.79920435
1765 -1334.53458991 -1347.63356948 -1321.43561035
1766 -1335.18195776 -1348.29189918 -1322.07201634
1767 -1335.82932561 -1348.95022888 -1322.70842234
1768 -1336.47669346 -1349.60855858 -1323.34482833
1769 -1337.12406130 -1350.26688828 -1323.98123433
1770 -1337.77142915 -1350.92521798 -1324.61764032
1771 -1338.41879700 -1351.58354768 -1325.25404632
1772 -1339.06616485 -1352.24187738 -1325.89045231
1773 -1339.71353269 -1352.90020708 -1326.52685831
1774 -1340.36090054 -1353.55853678 -1327.16326430
1775 -1341.00826839 -1354.21686648 -1327.79967029
1776 -1341.65563623 -1354.87519618 -1328.43607629
1777 -1342.30300408 -1355.53352588 -1329.07248228
1778 -1342.95037193 -1356.19185558 -1329.70888828
1779 -1343.59773978 -1356.85018528 -1330.34529427
1780 -1344.24510762 -1357.50851498 -1330.98170027
1781 -1344.89247547 -1358.16684468 -1331.61810626
1782 -1345.53984332 -1358.82517438 -1332.25451226
1783 -1346.18721117 -1359.48350408 -1332.89091825
1784 -1346.83457901 -1360.14183378 -1333.52732425
1785 -1347.48194686 -1360.80016348 -1334.16373024
1786 -1348.12931471 -1361.45849318 -1334.80013623
1787 -1348.77668256 -1362.11682288 -1335.43654223
1788 -1349.42405040 -1362.77515258 -1336.07294822
1789 -1350.07141825 -1363.43348228 -1336.70935422
1790 -1350.71878610 -1364.09181198 -1337.34576021
1791 -1351.36615395 -1364.75014168 -1337.98216621
1792 -1352.01352179 -1365.40847138 -1338.61857220
1793 -1352.66088964 -1366.06680108 -1339.25497820
1794 -1353.30825749 -1366.72513079 -1339.89138419
1795 -1353.95562534 -1367.38346049 -1340.52779019
1796 -1354.60299318 -1368.04179019 -1341.16419618
1797 -1355.25036103 -1368.70011989 -1341.80060217
1798 -1355.89772888 -1369.35844959 -1342.43700817
1799 -1356.54509673 -1370.01677929 -1343.07341416
1800 -1357.19246457 -1370.67510899 -1343.70982016
1801 -1357.83983242 -1371.33343869 -1344.34622615
1802 -1358.48720027 -1371.99176839 -1344.98263215
1803 -1359.13456811 -1372.65009809 -1345.61903814
1804 -1359.78193596 -1373.30842779 -1346.25544414
1805 -1360.42930381 -1373.96675749 -1346.89185013
1806 -1361.07667166 -1374.62508719 -1347.52825613
1807 -1361.72403950 -1375.28341689 -1348.16466212
1808 -1362.37140735 -1375.94174659 -1348.80106811
1809 -1363.01877520 -1376.60007629 -1349.43747411
1810 -1363.66614305 -1377.25840599 -1350.07388010
1811 -1364.31351089 -1377.91673569 -1350.71028610
1812 -1364.96087874 -1378.57506539 -1351.34669209
1813 -1365.60824659 -1379.23339509 -1351.98309809
1814 -1366.25561444 -1379.89172479 -1352.61950408
1815 -1366.90298228 -1380.55005449 -1353.25591008
1816 -1367.55035013 -1381.20838419 -1353.89231607
1817 -1368.19771798 -1381.86671389 -1354.52872207
1818 -1368.84508583 -1382.52504359 -1355.16512806
1819 -1369.49245367 -1383.18337329 -1355.80153405
1820 -1370.13982152 -1383.84170299 -1356.43794005
1821 -1370.78718937 -1384.50003269 -1357.07434604
1822 -1371.43455722 -1385.15836239 -1357.71075204
1823 -1372.08192506 -1385.81669209 -1358.34715803
1824 -1372.72929291 -1386.47502179 -1358.98356403
1825 -1373.37666076 -1387.13335149 -1359.61997002
1826 -1374.02402861 -1387.79168119 -1360.25637602
1827 -1374.67139645 -1388.45001089 -1360.89278201
1828 -1375.31876430 -1389.10834059 -1361.52918801
1829 -1375.96613215 -1389.76667029 -1362.16559400
1830 -1376.61350000 -1390.42500000 -1362.80200000
