1 -0.16583333 -0.20100000 -0.13066667
2 -0.16583333 -0.20100000 -0.13066667
3 -0.16583333 -0.20100000 -0.13066667
4 0.00000000 0.00000000 0.00000000
5 -0.13800000 -0.16200000 -0.11400000
6 -0.27166666 -0.29833333 -0.24500000
7 -0.40533333 -0.43466666 -0.37600000
8 -0.53900000 -0.57100000 -0.50700000
9 -0.67266666 -0.70733333 -0.63800000
10 -0.80633333 -0.84366666 -0.76900000
11 -0.94000000 -0.98000000 -0.90000000
12 -1.07428571 -1.11571428 -1.03285714
13 -1.20857142 -1.25142857 -1.16571428
14 -1.34285714 -1.38714285 -1.29857142
15 -1.47714285 -1.52285714 -1.43142857
16 -1.61142857 -1.65857142 -1.56428571
17 -1.74571428 -1.79428571 -1.69714285
18 -1.88000000 -1.93000000 -1.83000000
19 -2.02285714 -2.07428571 -1.97142857
20 -2.16571428 -2.21857142 -2.11285714
21 -2.30857142 -2.36285714 -2.25428571
22 -2.45142857 -2.50714285 -2.39571428
23 -2.59428571 -2.65142857 -2.53714285
24 -2.73714285 -2.79571428 -2.67857142
25 -2.88000000 -2.94000000 -2.82000000
26 -3.01650000 -3.07800000 -2.95500000
27 -3.15300000 -3.21600000 -3.09000000
28 -3.28950000 -3.35400000 -3.22500000
29 -3.42600000 -3.49200000 -3.36000000
30 -3.56250000 -3.63000000 -3.49500000
31 -3.69900000 -3.76800000 -3.63000000
32 -3.83550000 -3.90600000 -3.76500000
33 -3.97200000 -4.04400000 -3.90000000
34 -4.10850000 -4.18200000 -4.03500000
35 -4.24500000 -4.32000000 -4.17000000
36 -4.37435483 -4.45129032 -4.29741935
37 -4.50370967 -4.58258064 -4.42483870
38 -4.63306451 -4.71387096 -4.55225806
39 -4.76241935 -4.84516129 -4.67967741
40 -4.89177419 -4.97645161 -4.80709677
41 -5.02112903 -5.10774193 -4.93451612
42 -5.15048387 -5.23903225 -5.06193548
43 -5.27983870 -5.37032258 -5.18935483
44 -5.40919354 -5.50161290 -5.31677419
45 -5.53854838 -5.63290322 -5.44419354
46 -5.66790322 -5.76419354 -5.57161290
47 -5.79725806 -5.89548387 -5.69903225
48 -5.92661290 -6.02677419 -5.82645161
49 -6.05596774 -6.15806451 -5.95387096
50 -6.18532258 -6.28935483 -6.08129032
51 -6.31467741 -6.42064516 -6.20870967
52 -6.44403225 -6.55193548 -6.33612903
53 -6.57338709 -6.68322580 -6.46354838
54 -6.70274193 -6.81451612 -6.59096774
55 -6.83209677 -6.94580645 -6.71838709
56 -6.96145161 -7.07709677 -6.84580645
57 -7.09080645 -7.20838709 -6.97322580
58 -7.22016129 -7.33967741 -7.10064516
59 -7.34951612 -7.47096774 -7.22806451
60 -7.47887096 -7.60225806 -7.35548387
61 -7.60822580 -7.73354838 -7.48290322
62 -7.73758064 -7.86483870 -7.61032258
63 -7.86693548 -7.99612903 -7.73774193
64 -7.99629032 -8.12741935 -7.86516129
65 -8.12564516 -8.25870967 -7.99258064
66 -8.25500000 -8.39000000 -8.12000000
67 -8.37800000 -8.51433333 -8.24166666
68 -8.50100000 -8.63866666 -8.36333333
69 -8.62400000 -8.76300000 -8.48500000
70 -8.74700000 -8.88733333 -8.60666666
71 -8.87000000 -9.01166666 -8.72833333
72 -8.99300000 -9.13600000 -8.85000000
73 -9.11600000 -9.26033333 -8.97166666
74 -9.23900000 -9.38466666 -9.09333333
75 -9.36200000 -9.50900000 -9.21500000
76 -9.48500000 -9.63333333 -9.33666666
77 -9.60800000 -9.75766666 -9.45833333
78 -9.73100000 -9.88200000 -9.58000000
79 -9.85400000 -10.00633333 -9.70166666
80 -9.97700000 -10.13066666 -9.82333333
81 -10.10000000 -10.25500000 -9.94500000
82 -10.22300000 -10.37933333 -10.06666666
83 -10.34600000 -10.50366666 -10.18833333
84 -10.46900000 -10.62800000 -10.31000000
85 -10.59200000 -10.75233333 -10.43166666
86 -10.71500000 -10.87666666 -10.55333333
87 -10.83800000 -11.00100000 -10.67500000
88 -10.96100000 -11.12533333 -10.79666666
89 -11.08400000 -11.24966666 -10.91833333
90 -11.20700000 -11.37400000 -11.04000000
91 -11.33000000 -11.49833333 -11.16166666
92 -11.45300000 -11.62266666 -11.28333333
93 -11.57600000 -11.74700000 -11.40500000
94 -11.69900000 -11.87133333 -11.52666666
95 -11.82200000 -11.99566666 -11.64833333
96 -11.94500000 -12.12000000 -11.77000000
97 -12.05783333 -12.23533333 -11.88033333
98 -12.17066666 -12.35066666 -11.99066666
99 -12.28350000 -12.46600000 -12.10100000
100 -12.39633333 -12.58133333 -12.21133333
101 -12.50916666 -12.69666666 -12.32166666
102 -12.62200000 -12.81200000 -12.43200000
103 -12.73483333 -12.92733333 -12.54233333
104 -12.84766666 -13.04266666 -12.65266666
105 -12.96050000 -13.15800000 -12.76300000
106 -13.07333333 -13.27333333 -12.87333333
107 -13.18616666 -13.38866666 -12.98366666
108 -13.29900000 -13.50400000 -13.09400000
109 -13.41183333 -13.61933333 -13.20433333
110 -13.52466666 -13.73466666 -13.31466666
111 -13.63750000 -13.85000000 -13.42500000
112 -13.75033333 -13.96533333 -13.53533333
113 -13.86316666 -14.08066666 -13.64566666
114 -13.97600000 -14.19600000 -13.75600000
115 -14.08883333 -14.31133333 -13.86633333
116 -14.20166666 -14.42666666 -13.97666666
117 -14.31450000 -14.54200000 -14.08700000
118 -14.42733333 -14.65733333 -14.19733333
119 -14.54016666 -14.77266666 -14.30766666
120 -14.65300000 -14.88800000 -14.41800000
121 -14.76583333 -15.00333333 -14.52833333
122 -14.87866666 -15.11866666 -14.63866666
123 -14.99150000 -15.23400000 -14.74900000
124 -15.10433333 -15.34933333 -14.85933333
125 -15.21716666 -15.46466666 -14.96966666
126 -15.33000000 -15.58000000 -15.08000000
127 -15.44096774 -15.69354838 -15.18838709
128 -15.55193548 -15.80709677 -15.29677419
129 -15.66290322 -15.92064516 -15.40516129
130 -15.77387096 -16.03419354 -15.51354838
131 -15.88483870 -16.14774193 -15.62193548
132 -15.99580645 -16.26129032 -15.73032258
133 -16.10677419 -16.37483870 -15.83870967
134 -16.21774193 -16.48838709 -15.94709677
135 -16.32870967 -16.60193548 -16.05548387
136 -16.43967741 -16.71548387 -16.16387096
137 -16.55064516 -16.82903225 -16.27225806
138 -16.66161290 -16.94258064 -16.38064516
139 -16.77258064 -17.05612903 -16.48903225
140 -16.88354838 -17.16967741 -16.59741935
141 -16.99451612 -17.28322580 -16.70580645
142 -17.10548387 -17.39677419 -16.81419354
143 -17.21645161 -17.51032258 -16.92258064
144 -17.32741935 -17.62387096 -17.03096774
145 -17.43838709 -17.73741935 -17.13935483
146 -17.54935483 -17.85096774 -17.24774193
147 -17.66032258 -17.96451612 -17.35612903
148 -17.77129032 -18.07806451 -17.46451612
149 -17.88225806 -18.19161290 -17.57290322
150 -17.99322580 -18.30516129 -17.68129032
151 -18.10419354 -18.41870967 -17.78967741
152 -18.21516129 -18.53225806 -17.89806451
153 -18.32612903 -18.64580645 -18.00645161
154 -18.43709677 -18.75935483 -18.11483870
155 -18.54806451 -18.87290322 -18.22322580
156 -18.65903225 -18.98645161 -18.33161290
157 -18.77000000 -19.10000000 -18.44000000
158 -18.87129032 -19.20580645 -18.53677419
159 -18.97258064 -19.31161290 -18.63354838
160 -19.07387096 -19.41741935 -18.73032258
161 -19.17516129 -19.52322580 -18.82709677
162 -19.27645161 -19.62903225 -18.92387096
163 -19.37774193 -19.73483870 -19.02064516
164 -19.47903225 -19.84064516 -19.11741935
165 -19.58032258 -19.94645161 -19.21419354
166 -19.68161290 -20.05225806 -19.31096774
167 -19.78290322 -20.15806451 -19.40774193
168 -19.88419354 -20.26387096 -19.50451612
169 -19.98548387 -20.36967741 -19.60129032
170 -20.08677419 -20.47548387 -19.69806451
171 -20.18806451 -20.58129032 -19.79483870
172 -20.28935483 -20.68709677 -19.89161290
173 -20.39064516 -20.79290322 -19.98838709
174 -20.49193548 -20.89870967 -20.08516129
175 -20.59322580 -21.00451612 -20.18193548
176 -20.69451612 -21.11032258 -20.27870967
177 -20.79580645 -21.21612903 -20.37548387
178 -20.89709677 -21.32193548 -20.47225806
179 -20.99838709 -21.42774193 -20.56903225
180 -21.09967741 -21.53354838 -20.66580645
181 -21.20096774 -21.63935483 -20.76258064
182 -21.30225806 -21.74516129 -20.85935483
183 -21.40354838 -21.85096774 -20.95612903
184 -21.50483870 -21.95677419 -21.05290322
185 -21.60612903 -22.06258064 -21.14967741
186 -21.70741935 -22.16838709 -21.24645161
187 -21.80870967 -22.27419354 -21.34322580
188 -21.91000000 -22.38000000 -21.44000000
189 -21.99844827 -22.47172413 -21.52517241
190 -22.08689655 -22.56344827 -21.61034482
191 -22.17534482 -22.65517241 -21.69551724
192 -22.26379310 -22.74689655 -21.78068965
193 -22.35224137 -22.83862068 -21.86586206
194 -22.44068965 -22.93034482 -21.95103448
195 -22.52913793 -23.02206896 -22.03620689
196 -22.61758620 -23.11379310 -22.12137931
197 -22.70603448 -23.20551724 -22.20655172
198 -22.79448275 -23.29724137 -22.29172413
199 -22.88293103 -23.38896551 -22.37689655
200 -22.97137931 -23.48068965 -22.46206896
201 -23.05982758 -23.57241379 -22.54724137
202 -23.14827586 -23.66413793 -22.63241379
203 -23.23672413 -23.75586206 -22.71758620
204 -23.32517241 -23.84758620 -22.80275862
205 -23.41362068 -23.93931034 -22.88793103
206 -23.50206896 -24.03103448 -22.97310344
207 -23.59051724 -24.12275862 -23.05827586
208 -23.67896551 -24.21448275 -23.14344827
209 -23.76741379 -24.30620689 -23.22862068
210 -23.85586206 -24.39793103 -23.31379310
211 -23.94431034 -24.48965517 -23.39896551
212 -24.03275862 -24.58137931 -23.48413793
213 -24.12120689 -24.67310344 -23.56931034
214 -24.20965517 -24.76482758 -23.65448275
215 -24.29810344 -24.85655172 -23.73965517
216 -24.38655172 -24.94827586 -23.82482758
217 -24.47500000 -25.04000000 -23.91000000
218 -24.56964285 -25.13928571 -24.00000000
219 -24.66428571 -25.23857142 -24.09000000
220 -24.75892857 -25.33785714 -24.18000000
221 -24.85357142 -25.43714285 -24.27000000
222 -24.94821428 -25.53642857 -24.36000000
223 -25.04285714 -25.63571428 -24.45000000
224 -25.13750000 -25.73500000 -24.54000000
225 -25.23214285 -25.83428571 -24.63000000
226 -25.32678571 -25.93357142 -24.72000000
227 -25.42142857 -26.03285714 -24.81000000
228 -25.51607142 -26.13214285 -24.90000000
229 -25.61071428 -26.23142857 -24.99000000
230 -25.70535714 -26.33071428 -25.08000000
231 -25.80000000 -26.43000000 -25.17000000
232 -25.89464285 -26.52928571 -25.26000000
233 -25.98928571 -26.62857142 -25.35000000
234 -26.08392857 -26.72785714 -25.44000000
235 -26.17857142 -26.82714285 -25.53000000
236 -26.27321428 -26.92642857 -25.62000000
237 -26.36785714 -27.02571428 -25.71000000
238 -26.46250000 -27.12500000 -25.80000000
239 -26.55714285 -27.22428571 -25.89000000
240 -26.65178571 -27.32357142 -25.98000000
241 -26.74642857 -27.42285714 -26.07000000
242 -26.84107142 -27.52214285 -26.16000000
243 -26.93571428 -27.62142857 -26.25000000
244 -27.03035714 -27.72071428 -26.34000000
245 -27.12500000 -27.82000000 -26.43000000
246 -27.22075757 -27.92303030 -26.51848484
247 -27.31651515 -28.02606060 -26.60696969
248 -27.41227272 -28.12909090 -26.69545454
249 -27.50803030 -28.23212121 -26.78393939
250 -27.60378787 -28.33515151 -26.87242424
251 -27.69954545 -28.43818181 -26.96090909
252 -27.79530303 -28.54121212 -27.04939393
253 -27.89106060 -28.64424242 -27.13787878
254 -27.98681818 -28.74727272 -27.22636363
255 -28.08257575 -28.85030303 -27.31484848
256 -28.17833333 -28.95333333 -27.40333333
257 -28.27409090 -29.05636363 -27.49181818
258 -28.36984848 -29.15939393 -27.58030303
259 -28.46560606 -29.26242424 -27.66878787
260 -28.56136363 -29.36545454 -27.75727272
261 -28.65712121 -29.46848484 -27.84575757
262 -28.75287878 -29.57151515 -27.93424242
263 -28.84863636 -29.67454545 -28.02272727
264 -28.94439393 -29.77757575 -28.11121212
265 -29.04015151 -29.88060606 -28.19969696
266 -29.13590909 -29.98363636 -28.28818181
267 -29.23166666 -30.08666666 -28.37666666
268 -29.32742424 -30.18969696 -28.46515151
269 -29.42318181 -30.29272727 -28.55363636
270 -29.51893939 -30.39575757 -28.64212121
271 -29.61469696 -30.49878787 -28.73060606
272 -29.71045454 -30.60181818 -28.81909090
273 -29.80621212 -30.70484848 -28.90757575
274 -29.90196969 -30.80787878 -28.99606060
275 -29.99772727 -30.91090909 -29.08454545
276 -30.09348484 -31.01393939 -29.17303030
277 -30.18924242 -31.11696969 -29.26151515
278 -30.28500000 -31.22000000 -29.35000000
279 -30.37016666 -31.30933333 -29.43100000
280 -30.45533333 -31.39866666 -29.51200000
281 -30.54050000 -31.48800000 -29.59300000
282 -30.62566666 -31.57733333 -29.67400000
283 -30.71083333 -31.66666666 -29.75500000
284 -30.79600000 -31.75600000 -29.83600000
285 -30.88116666 -31.84533333 -29.91700000
286 -30.96633333 -31.93466666 -29.99800000
287 -31.05150000 -32.02400000 -30.07900000
288 -31.13666666 -32.11333333 -30.16000000
289 -31.22183333 -32.20266666 -30.24100000
290 -31.30700000 -32.29200000 -30.32200000
291 -31.39216666 -32.38133333 -30.40300000
292 -31.47733333 -32.47066666 -30.48400000
293 -31.56250000 -32.56000000 -30.56500000
294 -31.64766666 -32.64933333 -30.64600000
295 -31.73283333 -32.73866666 -30.72700000
296 -31.81800000 -32.82800000 -30.80800000
297 -31.90316666 -32.91733333 -30.88900000
298 -31.98833333 -33.00666666 -30.97000000
299 -32.07350000 -33.09600000 -31.05100000
300 -32.15866666 -33.18533333 -31.13200000
301 -32.24383333 -33.27466666 -31.21300000
302 -32.32900000 -33.36400000 -31.29400000
303 -32.41416666 -33.45333333 -31.37500000
304 -32.49933333 -33.54266666 -31.45600000
305 -32.58450000 -33.63200000 -31.53700000
306 -32.66966666 -33.72133333 -31.61800000
307 -32.75483333 -33.81066666 -31.69900000
308 -32.84000000 -33.90000000 -31.78000000
309 -32.92732142 -33.99214285 -31.86250000
310 -33.01464285 -34.08428571 -31.94500000
311 -33.10196428 -34.17642857 -32.02750000
312 -33.18928571 -34.26857142 -32.11000000
313 -33.27660714 -34.36071428 -32.19250000
314 -33.36392857 -34.45285714 -32.27500000
315 -33.45125000 -34.54500000 -32.35750000
316 -33.53857142 -34.63714285 -32.44000000
317 -33.62589285 -34.72928571 -32.52250000
318 -33.71321428 -34.82142857 -32.60500000
319 -33.80053571 -34.91357142 -32.68750000
320 -33.88785714 -35.00571428 -32.77000000
321 -33.97517857 -35.09785714 -32.85250000
322 -34.06250000 -35.19000000 -32.93500000
323 -34.14982142 -35.28214285 -33.01750000
324 -34.23714285 -35.37428571 -33.10000000
325 -34.32446428 -35.46642857 -33.18250000
326 -34.41178571 -35.55857142 -33.26500000
327 -34.49910714 -35.65071428 -33.34750000
328 -34.58642857 -35.74285714 -33.43000000
329 -34.67375000 -35.83500000 -33.51250000
330 -34.76107142 -35.92714285 -33.59500000
331 -34.84839285 -36.01928571 -33.67750000
332 -34.93571428 -36.11142857 -33.76000000
333 -35.02303571 -36.20357142 -33.84250000
334 -35.11035714 -36.29571428 -33.92500000
335 -35.19767857 -36.38785714 -34.00750000
336 -35.28500000 -36.48000000 -34.09000000
337 -35.37484848 -36.57969696 -34.17000000
338 -35.46469696 -36.67939393 -34.25000000
339 -35.55454545 -36.77909090 -34.33000000
340 -35.64439393 -36.87878787 -34.41000000
341 -35.73424242 -36.97848484 -34.49000000
342 -35.82409090 -37.07818181 -34.57000000
343 -35.91393939 -37.17787878 -34.65000000
344 -36.00378787 -37.27757575 -34.73000000
345 -36.09363636 -37.37727272 -34.81000000
346 -36.18348484 -37.47696969 -34.89000000
347 -36.27333333 -37.57666666 -34.97000000
348 -36.36318181 -37.67636363 -35.05000000
349 -36.45303030 -37.77606060 -35.13000000
350 -36.54287878 -37.87575757 -35.21000000
351 -36.63272727 -37.97545454 -35.29000000
352 -36.72257575 -38.07515151 -35.37000000
353 -36.81242424 -38.17484848 -35.45000000
354 -36.90227272 -38.27454545 -35.53000000
355 -36.99212121 -38.37424242 -35.61000000
356 -37.08196969 -38.47393939 -35.69000000
357 -37.17181818 -38.57363636 -35.77000000
358 -37.26166666 -38.67333333 -35.85000000
359 -37.35151515 -38.77303030 -35.93000000
360 -37.44136363 -38.87272727 -36.01000000
361 -37.53121212 -38.97242424 -36.09000000
362 -37.62106060 -39.07212121 -36.17000000
363 -37.71090909 -39.17181818 -36.25000000
364 -37.80075757 -39.27151515 -36.33000000
365 -37.89060606 -39.37121212 -36.41000000
366 -37.98045454 -39.47090909 -36.49000000
367 -38.07030303 -39.57060606 -36.57000000
368 -38.16015151 -39.67030303 -36.65000000
369 -38.25000000 -39.77000000 -36.73000000
370 -38.33092391 -39.85967391 -36.80217391
371 -38.41184782 -39.94934782 -36.87434782
372 -38.49277173 -40.03902173 -36.94652173
373 -38.57369565 -40.12869565 -37.01869565
374 -38.65461956 -40.21836956 -37.09086956
375 -38.73554347 -40.30804347 -37.16304347
376 -38.81646739 -40.39771739 -37.23521739
377 -38.89739130 -40.48739130 -37.30739130
378 -38.97831521 -40.57706521 -37.37956521
379 -39.05923913 -40.66673913 -37.45173913
380 -39.14016304 -40.75641304 -37.52391304
381 -39.22108695 -40.84608695 -37.59608695
382 -39.30201086 -40.93576086 -37.66826086
383 -39.38293478 -41.02543478 -37.74043478
384 -39.46385869 -41.11510869 -37.81260869
385 -39.54478260 -41.20478260 -37.88478260
386 -39.62570652 -41.29445652 -37.95695652
387 -39.70663043 -41.38413043 -38.02913043
388 -39.78755434 -41.47380434 -38.10130434
389 -39.86847826 -41.56347826 -38.17347826
390 -39.94940217 -41.65315217 -38.24565217
391 -40.03032608 -41.74282608 -38.31782608
392 -40.11125000 -41.83250000 -38.39000000
393 -40.19217391 -41.92217391 -38.46217391
394 -40.27309782 -42.01184782 -38.53434782
395 -40.35402173 -42.10152173 -38.60652173
396 -40.43494565 -42.19119565 -38.67869565
397 -40.51586956 -42.28086956 -38.75086956
398 -40.59679347 -42.37054347 -38.82304347
399 -40.67771739 -42.46021739 -38.89521739
400 -40.75864130 -42.54989130 -38.96739130
401 -40.83956521 -42.63956521 -39.03956521
402 -40.92048913 -42.72923913 -39.11173913
403 -41.00141304 -42.81891304 -39.18391304
404 -41.08233695 -42.90858695 -39.25608695
405 -41.16326086 -42.99826086 -39.32826086
406 -41.24418478 -43.08793478 -39.40043478
407 -41.32510869 -43.17760869 -39.47260869
408 -41.40603260 -43.26728260 -39.54478260
409 -41.48695652 -43.35695652 -39.61695652
410 -41.56788043 -43.44663043 -39.68913043
411 -41.64880434 -43.53630434 -39.76130434
412 -41.72972826 -43.62597826 -39.83347826
413 -41.81065217 -43.71565217 -39.90565217
414 -41.89157608 -43.80532608 -39.97782608
415 -41.97250000 -43.89500000 -40.05000000
416 -42.05342391 -43.98467391 -40.12217391
417 -42.13434782 -44.07434782 -40.19434782
418 -42.21527173 -44.16402173 -40.26652173
419 -42.29619565 -44.25369565 -40.33869565
420 -42.37711956 -44.34336956 -40.41086956
421 -42.45804347 -44.43304347 -40.48304347
422 -42.53896739 -44.52271739 -40.55521739
423 -42.61989130 -44.61239130 -40.62739130
424 -42.70081521 -44.70206521 -40.69956521
425 -42.78173913 -44.79173913 -40.77173913
426 -42.86266304 -44.88141304 -40.84391304
427 -42.94358695 -44.97108695 -40.91608695
428 -43.02451086 -45.06076086 -40.98826086
429 -43.10543478 -45.15043478 -41.06043478
430 -43.18635869 -45.24010869 -41.13260869
431 -43.26728260 -45.32978260 -41.20478260
432 -43.34820652 -45.41945652 -41.27695652
433 -43.42913043 -45.50913043 -41.34913043
434 -43.51005434 -45.59880434 -41.42130434
435 -43.59097826 -45.68847826 -41.49347826
436 -43.67190217 -45.77815217 -41.56565217
437 -43.75282608 -45.86782608 -41.63782608
438 -43.83375000 -45.95750000 -41.71000000
439 -43.91467391 -46.04717391 -41.78217391
440 -43.99559782 -46.13684782 -41.85434782
441 -44.07652173 -46.22652173 -41.92652173
442 -44.15744565 -46.31619565 -41.99869565
443 -44.23836956 -46.40586956 -42.07086956
444 -44.31929347 -46.49554347 -42.14304347
445 -44.40021739 -46.58521739 -42.21521739
446 -44.48114130 -46.67489130 -42.28739130
447 -44.56206521 -46.76456521 -42.35956521
448 -44.64298913 -46.85423913 -42.43173913
449 -44.72391304 -46.94391304 -42.50391304
450 -44.80483695 -47.03358695 -42.57608695
451 -44.88576086 -47.12326086 -42.64826086
452 -44.96668478 -47.21293478 -42.72043478
453 -45.04760869 -47.30260869 -42.79260869
454 -45.12853260 -47.39228260 -42.86478260
455 -45.20945652 -47.48195652 -42.93695652
456 -45.29038043 -47.57163043 -43.00913043
457 -45.37130434 -47.66130434 -43.08130434
458 -45.45222826 -47.75097826 -43.15347826
459 -45.53315217 -47.84065217 -43.22565217
460 -45.61407608 -47.93032608 -43.29782608
461 -45.69500000 -48.02000000 -43.37000000
462 -45.77396739 -48.10902173 -43.43891304
463 -45.85293478 -48.19804347 -43.50782608
464 -45.93190217 -48.28706521 -43.57673913
465 -46.01086956 -48.37608695 -43.64565217
466 -46.08983695 -48.46510869 -43.71456521
467 -46.16880434 -48.55413043 -43.78347826
468 -46.24777173 -48.64315217 -43.85239130
469 -46.32673913 -48.73217391 -43.92130434
470 -46.40570652 -48.82119565 -43.99021739
471 -46.48467391 -48.91021739 -44.05913043
472 -46.56364130 -48.99923913 -44.12804347
473 -46.64260869 -49.08826086 -44.19695652
474 -46.72157608 -49.17728260 -44.26586956
475 -46.80054347 -49.26630434 -44.33478260
476 -46.87951086 -49.35532608 -44.40369565
477 -46.95847826 -49.44434782 -44.47260869
478 -47.03744565 -49.53336956 -44.54152173
479 -47.11641304 -49.62239130 -44.61043478
480 -47.19538043 -49.71141304 -44.67934782
481 -47.27434782 -49.80043478 -44.74826086
482 -47.35331521 -49.88945652 -44.81717391
483 -47.43228260 -49.97847826 -44.88608695
484 -47.51125000 -50.06750000 -44.95500000
485 -47.59021739 -50.15652173 -45.02391304
486 -47.66918478 -50.24554347 -45.09282608
487 -47.74815217 -50.33456521 -45.16173913
488 -47.82711956 -50.42358695 -45.23065217
489 -47.90608695 -50.51260869 -45.29956521
490 -47.98505434 -50.60163043 -45.36847826
491 -48.06402173 -50.69065217 -45.43739130
492 -48.14298913 -50.77967391 -45.50630434
493 -48.22195652 -50.86869565 -45.57521739
494 -48.30092391 -50.95771739 -45.64413043
495 -48.37989130 -51.04673913 -45.71304347
496 -48.45885869 -51.13576086 -45.78195652
497 -48.53782608 -51.22478260 -45.85086956
498 -48.61679347 -51.31380434 -45.91978260
499 -48.69576086 -51.40282608 -45.98869565
500 -48.77472826 -51.49184782 -46.05760869
501 -48.85369565 -51.58086956 -46.12652173
502 -48.93266304 -51.66989130 -46.19543478
503 -49.01163043 -51.75891304 -46.26434782
504 -49.09059782 -51.84793478 -46.33326086
505 -49.16956521 -51.93695652 -46.40217391
506 -49.24853260 -52.02597826 -46.47108695
507 -49.32750000 -52.11500000 -46.54000000
508 -49.40646739 -52.20402173 -46.60891304
509 -49.48543478 -52.29304347 -46.67782608
510 -49.56440217 -52.38206521 -46.74673913
511 -49.64336956 -52.47108695 -46.81565217
512 -49.72233695 -52.56010869 -46.88456521
513 -49.80130434 -52.64913043 -46.95347826
514 -49.88027173 -52.73815217 -47.02239130
515 -49.95923913 -52.82717391 -47.09130434
516 -50.03820652 -52.91619565 -47.16021739
517 -50.11717391 -53.00521739 -47.22913043
518 -50.19614130 -53.09423913 -47.29804347
519 -50.27510869 -53.18326086 -47.36695652
520 -50.35407608 -53.27228260 -47.43586956
521 -50.43304347 -53.36130434 -47.50478260
522 -50.51201086 -53.45032608 -47.57369565
523 -50.59097826 -53.53934782 -47.64260869
524 -50.66994565 -53.62836956 -47.71152173
525 -50.74891304 -53.71739130 -47.78043478
526 -50.82788043 -53.80641304 -47.84934782
527 -50.90684782 -53.89543478 -47.91826086
528 -50.98581521 -53.98445652 -47.98717391
529 -51.06478260 -54.07347826 -48.05608695
530 -51.14375000 -54.16250000 -48.12500000
531 -51.22271739 -54.25152173 -48.19391304
532 -51.30168478 -54.34054347 -48.26282608
533 -51.38065217 -54.42956521 -48.33173913
534 -51.45961956 -54.51858695 -48.40065217
535 -51.53858695 -54.60760869 -48.46956521
536 -51.61755434 -54.69663043 -48.53847826
537 -51.69652173 -54.78565217 -48.60739130
538 -51.77548913 -54.87467391 -48.67630434
539 -51.85445652 -54.96369565 -48.74521739
540 -51.93342391 -55.05271739 -48.81413043
541 -52.01239130 -55.14173913 -48.88304347
542 -52.09135869 -55.23076086 -48.95195652
543 -52.17032608 -55.31978260 -49.02086956
544 -52.24929347 -55.40880434 -49.08978260
545 -52.32826086 -55.49782608 -49.15869565
546 -52.40722826 -55.58684782 -49.22760869
547 -52.48619565 -55.67586956 -49.29652173
548 -52.56516304 -55.76489130 -49.36543478
549 -52.64413043 -55.85391304 -49.43434782
550 -52.72309782 -55.94293478 -49.50326086
551 -52.80206521 -56.03195652 -49.57217391
552 -52.88103260 -56.12097826 -49.64108695
553 -52.96000000 -56.21000000 -49.71000000
554 -53.04615384 -56.30406593 -49.78824175
555 -53.13230769 -56.39813186 -49.86648351
556 -53.21846153 -56.49219780 -49.94472527
557 -53.30461538 -56.58626373 -50.02296703
558 -53.39076923 -56.68032967 -50.10120879
559 -53.47692307 -56.77439560 -50.17945054
560 -53.56307692 -56.86846153 -50.25769230
561 -53.64923076 -56.96252747 -50.33593406
562 -53.73538461 -57.05659340 -50.41417582
563 -53.82153846 -57.15065934 -50.49241758
564 -53.90769230 -57.24472527 -50.57065934
565 -53.99384615 -57.33879120 -50.64890109
566 -54.08000000 -57.43285714 -50.72714285
567 -54.16615384 -57.52692307 -50.80538461
568 -54.25230769 -57.62098901 -50.88362637
569 -54.33846153 -57.71505494 -50.96186813
570 -54.42461538 -57.80912087 -51.04010989
571 -54.51076923 -57.90318681 -51.11835164
572 -54.59692307 -57.99725274 -51.19659340
573 -54.68307692 -58.09131868 -51.27483516
574 -54.76923076 -58.18538461 -51.35307692
575 -54.85538461 -58.27945054 -51.43131868
576 -54.94153846 -58.37351648 -51.50956043
577 -55.02769230 -58.46758241 -51.58780219
578 -55.11384615 -58.56164835 -51.66604395
579 -55.20000000 -58.65571428 -51.74428571
580 -55.28615384 -58.74978021 -51.82252747
581 -55.37230769 -58.84384615 -51.90076923
582 -55.45846153 -58.93791208 -51.97901098
583 -55.54461538 -59.03197802 -52.05725274
584 -55.63076923 -59.12604395 -52.13549450
585 -55.71692307 -59.22010989 -52.21373626
586 -55.80307692 -59.31417582 -52.29197802
587 -55.88923076 -59.40824175 -52.37021978
588 -55.97538461 -59.50230769 -52.44846153
589 -56.06153846 -59.59637362 -52.52670329
590 -56.14769230 -59.69043956 -52.60494505
591 -56.23384615 -59.78450549 -52.68318681
592 -56.32000000 -59.87857142 -52.76142857
593 -56.40615384 -59.97263736 -52.83967032
594 -56.49230769 -60.06670329 -52.91791208
595 -56.57846153 -60.16076923 -52.99615384
596 -56.66461538 -60.25483516 -53.07439560
597 -56.75076923 -60.34890109 -53.15263736
598 -56.83692307 -60.44296703 -53.23087912
599 -56.92307692 -60.53703296 -53.30912087
600 -57.00923076 -60.63109890 -53.38736263
601 -57.09538461 -60.72516483 -53.46560439
602 -57.18153846 -60.81923076 -53.54384615
603 -57.26769230 -60.91329670 -53.62208791
604 -57.35384615 -61.00736263 -53.70032967
605 -57.44000000 -61.10142857 -53.77857142
606 -57.52615384 -61.19549450 -53.85681318
607 -57.61230769 -61.28956043 -53.93505494
608 -57.69846153 -61.38362637 -54.01329670
609 -57.78461538 -61.47769230 -54.09153846
610 -57.87076923 -61.57175824 -54.16978021
611 -57.95692307 -61.66582417 -54.24802197
612 -58.04307692 -61.75989010 -54.32626373
613 -58.12923076 -61.85395604 -54.40450549
614 -58.21538461 -61.94802197 -54.48274725
615 -58.30153846 -62.04208791 -54.56098901
616 -58.38769230 -62.13615384 -54.63923076
617 -58.47384615 -62.23021978 -54.71747252
618 -58.56000000 -62.32428571 -54.79571428
619 -58.64615384 -62.41835164 -54.87395604
620 -58.73230769 -62.51241758 -54.95219780
621 -58.81846153 -62.60648351 -55.03043956
622 -58.90461538 -62.70054945 -55.10868131
623 -58.99076923 -62.79461538 -55.18692307
624 -59.07692307 -62.88868131 -55.26516483
625 -59.16307692 -62.98274725 -55.34340659
626 -59.24923076 -63.07681318 -55.42164835
627 -59.33538461 -63.17087912 -55.49989010
628 -59.42153846 -63.26494505 -55.57813186
629 -59.50769230 -63.35901098 -55.65637362
630 -59.59384615 -63.45307692 -55.73461538
631 -59.68000000 -63.54714285 -55.81285714
632 -59.76615384 -63.64120879 -55.89109890
633 -59.85230769 -63.73527472 -55.96934065
634 -59.93846153 -63.82934065 -56.04758241
635 -60.02461538 -63.92340659 -56.12582417
636 -60.11076923 -64.01747252 -56.20406593
637 -60.19692307 -64.11153846 -56.28230769
638 -60.28307692 -64.20560439 -56.36054945
639 -60.36923076 -64.29967032 -56.43879120
640 -60.45538461 -64.39373626 -56.51703296
641 -60.54153846 -64.48780219 -56.59527472
642 -60.62769230 -64.58186813 -56.67351648
643 -60.71384615 -64.67593406 -56.75175824
644 -60.80000000 -64.77000000 -56.83000000
645 -60.88670329 -64.86670329 -56.90670329
646 -60.97340659 -64.96340659 -56.98340659
647 -61.06010989 -65.06010989 -57.06010989
648 -61.14681318 -65.15681318 -57.13681318
649 -61.23351648 -65.25351648 -57.21351648
650 -61.32021978 -65.35021978 -57.29021978
651 -61.40692307 -65.44692307 -57.36692307
652 -61.49362637 -65.54362637 -57.44362637
653 -61.58032967 -65.64032967 -57.52032967
654 -61.66703296 -65.73703296 -57.59703296
655 -61.75373626 -65.83373626 -57.67373626
656 -61.84043956 -65.93043956 -57.75043956
657 -61.92714285 -66.02714285 -57.82714285
658 -62.01384615 -66.12384615 -57.90384615
659 -62.10054945 -66.22054945 -57.98054945
660 -62.18725274 -66.31725274 -58.05725274
661 -62.27395604 -66.41395604 -58.13395604
662 -62.36065934 -66.51065934 -58.21065934
663 -62.44736263 -66.60736263 -58.28736263
664 -62.53406593 -66.70406593 -58.36406593
665 -62.62076923 -66.80076923 -58.44076923
666 -62.70747252 -66.89747252 -58.51747252
667 -62.79417582 -66.99417582 -58.59417582
668 -62.88087912 -67.09087912 -58.67087912
669 -62.96758241 -67.18758241 -58.74758241
670 -63.05428571 -67.28428571 -58.82428571
671 -63.14098901 -67.38098901 -58.90098901
672 -63.22769230 -67.47769230 -58.97769230
673 -63.31439560 -67.57439560 -59.05439560
674 -63.40109890 -67.67109890 -59.13109890
675 -63.48780219 -67.76780219 -59.20780219
676 -63.57450549 -67.86450549 -59.28450549
677 -63.66120879 -67.96120879 -59.36120879
678 -63.74791208 -68.05791208 -59.43791208
679 -63.83461538 -68.15461538 -59.51461538
680 -63.92131868 -68.25131868 -59.59131868
681 -64.00802197 -68.34802197 -59.66802197
682 -64.09472527 -68.44472527 -59.74472527
683 -64.18142857 -68.54142857 -59.82142857
684 -64.26813186 -68.63813186 -59.89813186
685 -64.35483516 -68.73483516 -59.97483516
686 -64.44153846 -68.83153846 -60.05153846
687 -64.52824175 -68.92824175 -60.12824175
688 -64.61494505 -69.02494505 -60.20494505
689 -64.70164835 -69.12164835 -60.28164835
690 -64.78835164 -69.21835164 -60.35835164
691 -64.87505494 -69.31505494 -60.43505494
692 -64.96175824 -69.41175824 -60.51175824
693 -65.04846153 -69.50846153 -60.58846153
694 -65.13516483 -69.60516483 -60.66516483
695 -65.22186813 -69.70186813 -60.74186813
696 -65.30857142 -69.79857142 -60.81857142
697 -65.39527472 -69.89527472 -60.89527472
698 -65.48197802 -69.99197802 -60.97197802
699 -65.56868131 -70.08868131 -61.04868131
700 -65.65538461 -70.18538461 -61.12538461
701 -65.74208791 -70.28208791 -61.20208791
702 -65.82879120 -70.37879120 -61.27879120
703 -65.91549450 -70.47549450 -61.35549450
704 -66.00219780 -70.57219780 -61.43219780
705 -66.08890109 -70.66890109 -61.50890109
706 -66.17560439 -70.76560439 -61.58560439
707 -66.26230769 -70.86230769 -61.66230769
708 -66.34901098 -70.95901098 -61.73901098
709 -66.43571428 -71.05571428 -61.81571428
710 -66.52241758 -71.15241758 -61.89241758
711 -66.60912087 -71.24912087 -61.96912087
712 -66.69582417 -71.34582417 -62.04582417
713 -66.78252747 -71.44252747 -62.12252747
714 -66.86923076 -71.53923076 -62.19923076
715 -66.95593406 -71.63593406 -62.27593406
716 -67.04263736 -71.73263736 -62.35263736
717 -67.12934065 -71.82934065 -62.42934065
718 -67.21604395 -71.92604395 -62.50604395
719 -67.30274725 -72.02274725 -62.58274725
720 -67.38945054 -72.11945054 -62.65945054
721 -67.47615384 -72.21615384 -62.73615384
722 -67.56285714 -72.31285714 -62.81285714
723 -67.64956043 -72.40956043 -62.88956043
724 -67.73626373 -72.50626373 -62.96626373
725 -67.82296703 -72.60296703 -63.04296703
726 -67.90967032 -72.69967032 -63.11967032
727 -67.99637362 -72.79637362 -63.19637362
728 -68.08307692 -72.89307692 -63.27307692
729 -68.16978021 -72.98978021 -63.34978021
730 -68.25648351 -73.08648351 -63.42648351
731 -68.34318681 -73.18318681 -63.50318681
732 -68.42989010 -73.27989010 -63.57989010
733 -68.51659340 -73.37659340 -63.65659340
734 -68.60329670 -73.47329670 -63.73329670
735 -68.69000000 -73.57000000 -63.81000000
736 -68.78851648 -73.68214285 -63.89489010
737 -68.88703296 -73.79428571 -63.97978021
738 -68.98554945 -73.90642857 -64.06467032
739 -69.08406593 -74.01857142 -64.14956043
740 -69.18258241 -74.13071428 -64.23445054
741 -69.28109890 -74.24285714 -64.31934065
742 -69.37961538 -74.35500000 -64.40423076
743 -69.47813186 -74.46714285 -64.48912087
744 -69.57664835 -74.57928571 -64.57401098
745 -69.67516483 -74.69142857 -64.65890109
746 -69.77368131 -74.80357142 -64.74379120
747 -69.87219780 -74.91571428 -64.82868131
748 -69.97071428 -75.02785714 -64.91357142
749 -70.06923076 -75.14000000 -64.99846153
750 -70.16774725 -75.25214285 -65.08335164
751 -70.26626373 -75.36428571 -65.16824175
752 -70.36478021 -75.47642857 -65.25313186
753 -70.46329670 -75.58857142 -65.33802197
754 -70.56181318 -75.70071428 -65.42291208
755 -70.66032967 -75.81285714 -65.50780219
756 -70.75884615 -75.92500000 -65.59269230
757 -70.85736263 -76.03714285 -65.67758241
758 -70.95587912 -76.14928571 -65.76247252
759 -71.05439560 -76.26142857 -65.84736263
760 -71.15291208 -76.37357142 -65.93225274
761 -71.25142857 -76.48571428 -66.01714285
762 -71.34994505 -76.59785714 -66.10203296
763 -71.44846153 -76.71000000 -66.18692307
764 -71.54697802 -76.82214285 -66.27181318
765 -71.64549450 -76.93428571 -66.35670329
766 -71.74401098 -77.04642857 -66.44159340
767 -71.84252747 -77.15857142 -66.52648351
768 -71.94104395 -77.27071428 -66.61137362
769 -72.03956043 -77.38285714 -66.69626373
770 -72.13807692 -77.49500000 -66.78115384
771 -72.23659340 -77.60714285 -66.86604395
772 -72.33510989 -77.71928571 -66.95093406
773 -72.43362637 -77.83142857 -67.03582417
774 -72.53214285 -77.94357142 -67.12071428
775 -72.63065934 -78.05571428 -67.20560439
776 -72.72917582 -78.16785714 -67.29049450
777 -72.82769230 -78.28000000 -67.37538461
778 -72.92620879 -78.39214285 -67.46027472
779 -73.02472527 -78.50428571 -67.54516483
780 -73.12324175 -78.61642857 -67.63005494
781 -73.22175824 -78.72857142 -67.71494505
782 -73.32027472 -78.84071428 -67.79983516
783 -73.41879120 -78.95285714 -67.88472527
784 -73.51730769 -79.06500000 -67.96961538
785 -73.61582417 -79.17714285 -68.05450549
786 -73.71434065 -79.28928571 -68.13939560
787 -73.81285714 -79.40142857 -68.22428571
788 -73.91137362 -79.51357142 -68.30917582
789 -74.00989010 -79.62571428 -68.39406593
790 -74.10840659 -79.73785714 -68.47895604
791 -74.20692307 -79.85000000 -68.56384615
792 -74.30543956 -79.96214285 -68.64873626
793 -74.40395604 -80.07428571 -68.73362637
794 -74.50247252 -80.18642857 -68.81851648
795 -74.60098901 -80.29857142 -68.90340659
796 -74.69950549 -80.41071428 -68.98829670
797 -74.79802197 -80.52285714 -69.07318681
798 -74.89653846 -80.63500000 -69.15807692
799 -74.99505494 -80.74714285 -69.24296703
800 -75.09357142 -80.85928571 -69.32785714
801 -75.19208791 -80.97142857 -69.41274725
802 -75.29060439 -81.08357142 -69.49763736
803 -75.38912087 -81.19571428 -69.58252747
804 -75.48763736 -81.30785714 -69.66741758
805 -75.58615384 -81.42000000 -69.75230769
806 -75.68467032 -81.53214285 -69.83719780
807 -75.78318681 -81.64428571 -69.92208791
808 -75.88170329 -81.75642857 -70.00697802
809 -75.98021978 -81.86857142 -70.09186813
810 -76.07873626 -81.98071428 -70.17675824
811 -76.17725274 -82.09285714 -70.26164835
812 -76.27576923 -82.20500000 -70.34653846
813 -76.37428571 -82.31714285 -70.43142857
814 -76.47280219 -82.42928571 -70.51631868
815 -76.57131868 -82.54142857 -70.60120879
816 -76.66983516 -82.65357142 -70.68609890
817 -76.76835164 -82.76571428 -70.77098901
818 -76.86686813 -82.87785714 -70.85587912
819 -76.96538461 -82.99000000 -70.94076923
820 -77.06390109 -83.10214285 -71.02565934
821 -77.16241758 -83.21428571 -71.11054945
822 -77.26093406 -83.32642857 -71.19543956
823 -77.35945054 -83.43857142 -71.28032967
824 -77.45796703 -83.55071428 -71.36521978
825 -77.55648351 -83.66285714 -71.45010989
826 -77.65500000 -83.77500000 -71.53500000
827 -77.75351648 -83.88714285 -71.61989010
828 -77.85203296 -83.99928571 -71.70478021
829 -77.95054945 -84.11142857 -71.78967032
830 -78.04906593 -84.22357142 -71.87456043
831 -78.14758241 -84.33571428 -71.95945054
832 -78.24609890 -84.44785714 -72.04434065
833 -78.34461538 -84.56000000 -72.12923076
834 -78.44313186 -84.67214285 -72.21412087
835 -78.54164835 -84.78428571 -72.29901098
836 -78.64016483 -84.89642857 -72.38390109
837 -78.73868131 -85.00857142 -72.46879120
838 -78.83719780 -85.12071428 -72.55368131
839 -78.93571428 -85.23285714 -72.63857142
840 -79.03423076 -85.34500000 -72.72346153
841 -79.13274725 -85.45714285 -72.80835164
842 -79.23126373 -85.56928571 -72.89324175
843 -79.32978021 -85.68142857 -72.97813186
844 -79.42829670 -85.79357142 -73.06302197
845 -79.52681318 -85.90571428 -73.14791208
846 -79.62532967 -86.01785714 -73.23280219
847 -79.72384615 -86.13000000 -73.31769230
848 -79.82236263 -86.24214285 -73.40258241
849 -79.92087912 -86.35428571 -73.48747252
850 -80.01939560 -86.46642857 -73.57236263
851 -80.11791208 -86.57857142 -73.65725274
852 -80.21642857 -86.69071428 -73.74214285
853 -80.31494505 -86.80285714 -73.82703296
854 -80.41346153 -86.91500000 -73.91192307
855 -80.51197802 -87.02714285 -73.99681318
856 -80.61049450 -87.13928571 -74.08170329
857 -80.70901098 -87.25142857 -74.16659340
858 -80.80752747 -87.36357142 -74.25148351
859 -80.90604395 -87.47571428 -74.33637362
860 -81.00456043 -87.58785714 -74.42126373
861 -81.10307692 -87.70000000 -74.50615384
862 -81.20159340 -87.81214285 -74.59104395
863 -81.30010989 -87.92428571 -74.67593406
864 -81.39862637 -88.03642857 -74.76082417
865 -81.49714285 -88.14857142 -74.84571428
866 -81.59565934 -88.26071428 -74.93060439
867 -81.69417582 -88.37285714 -75.01549450
868 -81.79269230 -88.48500000 -75.10038461
869 -81.89120879 -88.59714285 -75.18527472
870 -81.98972527 -88.70928571 -75.27016483
871 -82.08824175 -88.82142857 -75.35505494
872 -82.18675824 -88.93357142 -75.43994505
873 -82.28527472 -89.04571428 -75.52483516
874 -82.38379120 -89.15785714 -75.60972527
875 -82.48230769 -89.27000000 -75.69461538
876 -82.58082417 -89.38214285 -75.77950549
877 -82.67934065 -89.49428571 -75.86439560
878 -82.77785714 -89.60642857 -75.94928571
879 -82.87637362 -89.71857142 -76.03417582
880 -82.97489010 -89.83071428 -76.11906593
881 -83.07340659 -89.94285714 -76.20395604
882 -83.17192307 -90.05500000 -76.28884615
883 -83.27043956 -90.16714285 -76.37373626
884 -83.36895604 -90.27928571 -76.45862637
885 -83.46747252 -90.39142857 -76.54351648
886 -83.56598901 -90.50357142 -76.62840659
887 -83.66450549 -90.61571428 -76.71329670
888 -83.76302197 -90.72785714 -76.79818681
889 -83.86153846 -90.84000000 -76.88307692
890 -83.96005494 -90.95214285 -76.96796703
891 -84.05857142 -91.06428571 -77.05285714
892 -84.15708791 -91.17642857 -77.13774725
893 -84.25560439 -91.28857142 -77.22263736
894 -84.35412087 -91.40071428 -77.30752747
895 -84.45263736 -91.51285714 -77.39241758
896 -84.55115384 -91.62500000 -77.47730769
897 -84.64967032 -91.73714285 -77.56219780
898 -84.74818681 -91.84928571 -77.64708791
899 -84.84670329 -91.96142857 -77.73197802
900 -84.94521978 -92.07357142 -77.81686813
901 -85.04373626 -92.18571428 -77.90175824
902 -85.14225274 -92.29785714 -77.98664835
903 -85.24076923 -92.41000000 -78.07153846
904 -85.33928571 -92.52214285 -78.15642857
905 -85.43780219 -92.63428571 -78.24131868
906 -85.53631868 -92.74642857 -78.32620879
907 -85.63483516 -92.85857142 -78.41109890
908 -85.73335164 -92.97071428 -78.49598901
909 -85.83186813 -93.08285714 -78.58087912
910 -85.93038461 -93.19500000 -78.66576923
911 -86.02890109 -93.30714285 -78.75065934
912 -86.12741758 -93.41928571 -78.83554945
913 -86.22593406 -93.53142857 -78.92043956
914 -86.32445054 -93.64357142 -79.00532967
915 -86.42296703 -93.75571428 -79.09021978
916 -86.52148351 -93.86785714 -79.17510989
917 -86.62000000 -93.98000000 -79.26000000
918 -86.71851648 -94.09214285 -79.34489010
919 -86.81703296 -94.20428571 -79.42978021
920 -86.91554945 -94.31642857 -79.51467032
921 -87.01406593 -94.42857142 -79.59956043
922 -87.11258241 -94.54071428 -79.68445054
923 -87.21109890 -94.65285714 -79.76934065
924 -87.30961538 -94.76500000 -79.85423076
925 -87.40813186 -94.87714285 -79.93912087
926 -87.50664835 -94.98928571 -80.02401098
927 -87.60516483 -95.10142857 -80.10890109
928 -87.70368131 -95.21357142 -80.19379120
929 -87.80219780 -95.32571428 -80.27868131
930 -87.90071428 -95.43785714 -80.36357142
931 -87.99923076 -95.55000000 -80.44846153
932 -88.09774725 -95.66214285 -80.53335164
933 -88.19626373 -95.77428571 -80.61824175
934 -88.29478021 -95.88642857 -80.70313186
935 -88.39329670 -95.99857142 -80.78802197
936 -88.49181318 -96.11071428 -80.87291208
937 -88.59032967 -96.22285714 -80.95780219
938 -88.68884615 -96.33500000 -81.04269230
939 -88.78736263 -96.44714285 -81.12758241
940 -88.88587912 -96.55928571 -81.21247252
941 -88.98439560 -96.67142857 -81.29736263
942 -89.08291208 -96.78357142 -81.38225274
943 -89.18142857 -96.89571428 -81.46714285
944 -89.27994505 -97.00785714 -81.55203296
945 -89.37846153 -97.12000000 -81.63692307
946 -89.47697802 -97.23214285 -81.72181318
947 -89.57549450 -97.34428571 -81.80670329
948 -89.67401098 -97.45642857 -81.89159340
949 -89.77252747 -97.56857142 -81.97648351
950 -89.87104395 -97.68071428 -82.06137362
951 -89.96956043 -97.79285714 -82.14626373
952 -90.06807692 -97.90500000 -82.23115384
953 -90.16659340 -98.01714285 -82.31604395
954 -90.26510989 -98.12928571 -82.40093406
955 -90.36362637 -98.24142857 -82.48582417
956 -90.46214285 -98.35357142 -82.57071428
957 -90.56065934 -98.46571428 -82.65560439
958 -90.65917582 -98.57785714 -82.74049450
959 -90.75769230 -98.69000000 -82.82538461
960 -90.85620879 -98.80214285 -82.91027472
961 -90.95472527 -98.91428571 -82.99516483
962 -91.05324175 -99.02642857 -83.08005494
963 -91.15175824 -99.13857142 -83.16494505
964 -91.25027472 -99.25071428 -83.24983516
965 -91.34879120 -99.36285714 -83.33472527
966 -91.44730769 -99.47500000 -83.41961538
967 -91.54582417 -99.58714285 -83.50450549
968 -91.64434065 -99.69928571 -83.58939560
969 -91.74285714 -99.81142857 -83.67428571
970 -91.84137362 -99.92357142 -83.75917582
971 -91.93989010 -100.03571428 -83.84406593
972 -92.03840659 -100.14785714 -83.92895604
973 -92.13692307 -100.26000000 -84.01384615
974 -92.23543956 -100.37214285 -84.09873626
975 -92.33395604 -100.48428571 -84.18362637
976 -92.43247252 -100.59642857 -84.26851648
977 -92.53098901 -100.70857142 -84.35340659
978 -92.62950549 -100.82071428 -84.43829670
979 -92.72802197 -100.93285714 -84.52318681
980 -92.82653846 -101.04500000 -84.60807692
981 -92.92505494 -101.15714285 -84.69296703
982 -93.02357142 -101.26928571 -84.77785714
983 -93.12208791 -101.38142857 -84.86274725
984 -93.22060439 -101.49357142 -84.94763736
985 -93.31912087 -101.60571428 -85.03252747
986 -93.41763736 -101.71785714 -85.11741758
987 -93.51615384 -101.83000000 -85.20230769
988 -93.61467032 -101.94214285 -85.28719780
989 -93.71318681 -102.05428571 -85.37208791
990 -93.81170329 -102.16642857 -85.45697802
991 -93.91021978 -102.27857142 -85.54186813
992 -94.00873626 -102.39071428 -85.62675824
993 -94.10725274 -102.50285714 -85.71164835
994 -94.20576923 -102.61500000 -85.79653846
995 -94.30428571 -102.72714285 -85.88142857
996 -94.40280219 -102.83928571 -85.96631868
997 -94.50131868 -102.95142857 -86.05120879
998 -94.59983516 -103.06357142 -86.13609890
999 -94.69835164 -103.17571428 -86.22098901
1000 -94.79686813 -103.28785714 -86.30587912
1001 -94.89538461 -103.40000000 -86.39076923
1002 -94.99390109 -103.51214285 -86.47565934
1003 -95.09241758 -103.62428571 -86.56054945
1004 -95.19093406 -103.73642857 -86.64543956
1005 -95.28945054 -103.84857142 -86.73032967
1006 -95.38796703 -103.96071428 -86.81521978
1007 -95.48648351 -104.07285714 -86.90010989
1008 -95.58500000 -104.18500000 -86.98500000
1009 -95.68351648 -104.29714285 -87.06989010
1010 -95.78203296 -104.40928571 -87.15478021
1011 -95.88054945 -104.52142857 -87.23967032
1012 -95.97906593 -104.63357142 -87.32456043
1013 -96.07758241 -104.74571428 -87.40945054
1014 -96.17609890 -104.85785714 -87.49434065
1015 -96.27461538 -104.97000000 -87.57923076
1016 -96.37313186 -105.08214285 -87.66412087
1017 -96.47164835 -105.19428571 -87.74901098
1018 -96.57016483 -105.30642857 -87.83390109
1019 -96.66868131 -105.41857142 -87.91879120
1020 -96.76719780 -105.53071428 -88.00368131
1021 -96.86571428 -105.64285714 -88.08857142
1022 -96.96423076 -105.75500000 -88.17346153
1023 -97.06274725 -105.86714285 -88.25835164
1024 -97.16126373 -105.97928571 -88.34324175
1025 -97.25978021 -106.09142857 -88.42813186
1026 -97.35829670 -106.20357142 -88.51302197
1027 -97.45681318 -106.31571428 -88.59791208
1028 -97.55532967 -106.42785714 -88.68280219
1029 -97.65384615 -106.54000000 -88.76769230
1030 -97.75236263 -106.65214285 -88.85258241
1031 -97.85087912 -106.76428571 -88.93747252
1032 -97.94939560 -106.87642857 -89.02236263
1033 -98.04791208 -106.98857142 -89.10725274
1034 -98.14642857 -107.10071428 -89.19214285
1035 -98.24494505 -107.21285714 -89.27703296
1036 -98.34346153 -107.32500000 -89.36192307
1037 -98.44197802 -107.43714285 -89.44681318
1038 -98.54049450 -107.54928571 -89.53170329
1039 -98.63901098 -107.66142857 -89.61659340
1040 -98.73752747 -107.77357142 -89.70148351
1041 -98.83604395 -107.88571428 -89.78637362
1042 -98.93456043 -107.99785714 -89.87126373
1043 -99.03307692 -108.11000000 -89.95615384
1044 -99.13159340 -108.22214285 -90.04104395
1045 -99.23010989 -108.33428571 -90.12593406
1046 -99.32862637 -108.44642857 -90.21082417
1047 -99.42714285 -108.55857142 -90.29571428
1048 -99.52565934 -108.67071428 -90.38060439
1049 -99.62417582 -108.78285714 -90.46549450
1050 -99.72269230 -108.89500000 -90.55038461
1051 -99.82120879 -109.00714285 -90.63527472
1052 -99.91972527 -109.11928571 -90.72016483
1053 -100.01824175 -109.23142857 -90.80505494
1054 -100.11675824 -109.34357142 -90.88994505
1055 -100.21527472 -109.45571428 -90.97483516
1056 -100.31379120 -109.56785714 -91.05972527
1057 -100.41230769 -109.68000000 -91.14461538
1058 -100.51082417 -109.79214285 -91.22950549
1059 -100.60934065 -109.90428571 -91.31439560
1060 -100.70785714 -110.01642857 -91.39928571
1061 -100.80637362 -110.12857142 -91.48417582
1062 -100.90489010 -110.24071428 -91.56906593
1063 -101.00340659 -110.35285714 -91.65395604
1064 -101.10192307 -110.46500000 -91.73884615
1065 -101.20043956 -110.57714285 -91.82373626
1066 -101.29895604 -110.68928571 -91.90862637
1067 -101.39747252 -110.80142857 -91.99351648
1068 -101.49598901 -110.91357142 -92.07840659
1069 -101.59450549 -111.02571428 -92.16329670
1070 -101.69302197 -111.13785714 -92.24818681
1071 -101.79153846 -111.25000000 -92.33307692
1072 -101.89005494 -111.36214285 -92.41796703
1073 -101.98857142 -111.47428571 -92.50285714
1074 -102.08708791 -111.58642857 -92.58774725
1075 -102.18560439 -111.69857142 -92.67263736
1076 -102.28412087 -111.81071428 -92.75752747
1077 -102.38263736 -111.92285714 -92.84241758
1078 -102.48115384 -112.03500000 -92.92730769
1079 -102.57967032 -112.14714285 -93.01219780
1080 -102.67818681 -112.25928571 -93.09708791
1081 -102.77670329 -112.37142857 -93.18197802
1082 -102.87521978 -112.48357142 -93.26686813
1083 -102.97373626 -112.59571428 -93.35175824
1084 -103.07225274 -112.70785714 -93.43664835
1085 -103.17076923 -112.82000000 -93.52153846
1086 -103.26928571 -112.93214285 -93.60642857
1087 -103.36780219 -113.04428571 -93.69131868
1088 -103.46631868 -113.15642857 -93.77620879
1089 -103.56483516 -113.26857142 -93.86109890
1090 -103.66335164 -113.38071428 -93.94598901
1091 -103.76186813 -113.49285714 -94.03087912
1092 -103.86038461 -113.60500000 -94.11576923
1093 -103.95890109 -113.71714285 -94.20065934
1094 -104.05741758 -113.82928571 -94.28554945
1095 -104.15593406 -113.94142857 -94.37043956
1096 -104.25445054 -114.05357142 -94.45532967
1097 -104.35296703 -114.16571428 -94.54021978
1098 -104.45148351 -114.27785714 -94.62510989
1099 -104.55000000 -114.39000000 -94.71000000
1100 -104.66351648 -114.51093406 -94.81609890
1101 -104.77703296 -114.63186813 -94.92219780
1102 -104.89054945 -114.75280219 -95.02829670
1103 -105.00406593 -114.87373626 -95.13439560
1104 -105.11758241 -114.99467032 -95.24049450
1105 -105.23109890 -115.11560439 -95.34659340
1106 -105.34461538 -115.23653846 -95.45269230
1107 -105.45813186 -115.35747252 -95.55879120
1108 -105.57164835 -115.47840659 -95.66489010
1109 -105.68516483 -115.59934065 -95.77098901
1110 -105.79868131 -115.72027472 -95.87708791
1111 -105.91219780 -115.84120879 -95.98318681
1112 -106.02571428 -115.96214285 -96.08928571
1113 -106.13923076 -116.08307692 -96.19538461
1114 -106.25274725 -116.20401098 -96.30148351
1115 -106.36626373 -116.32494505 -96.40758241
1116 -106.47978021 -116.44587912 -96.51368131
1117 -106.59329670 -116.56681318 -96.61978021
1118 -106.70681318 -116.68774725 -96.72587912
1119 -106.82032967 -116.80868131 -96.83197802
1120 -106.93384615 -116.92961538 -96.93807692
1121 -107.04736263 -117.05054945 -97.04417582
1122 -107.16087912 -117.17148351 -97.15027472
1123 -107.27439560 -117.29241758 -97.25637362
1124 -107.38791208 -117.41335164 -97.36247252
1125 -107.50142857 -117.53428571 -97.46857142
1126 -107.61494505 -117.65521978 -97.57467032
1127 -107.72846153 -117.77615384 -97.68076923
1128 -107.84197802 -117.89708791 -97.78686813
1129 -107.95549450 -118.01802197 -97.89296703
1130 -108.06901098 -118.13895604 -97.99906593
1131 -108.18252747 -118.25989010 -98.10516483
1132 -108.29604395 -118.38082417 -98.21126373
1133 -108.40956043 -118.50175824 -98.31736263
1134 -108.52307692 -118.62269230 -98.42346153
1135 -108.63659340 -118.74362637 -98.52956043
1136 -108.75010989 -118.86456043 -98.63565934
1137 -108.86362637 -118.98549450 -98.74175824
1138 -108.97714285 -119.10642857 -98.84785714
1139 -109.09065934 -119.22736263 -98.95395604
1140 -109.20417582 -119.34829670 -99.06005494
1141 -109.31769230 -119.46923076 -99.16615384
1142 -109.43120879 -119.59016483 -99.27225274
1143 -109.54472527 -119.71109890 -99.37835164
1144 -109.65824175 -119.83203296 -99.48445054
1145 -109.77175824 -119.95296703 -99.59054945
1146 -109.88527472 -120.07390109 -99.69664835
1147 -109.99879120 -120.19483516 -99.80274725
1148 -110.11230769 -120.31576923 -99.90884615
1149 -110.22582417 -120.43670329 -100.01494505
1150 -110.33934065 -120.55763736 -100.12104395
1151 -110.45285714 -120.67857142 -100.22714285
1152 -110.56637362 -120.79950549 -100.33324175
1153 -110.67989010 -120.92043956 -100.43934065
1154 -110.79340659 -121.04137362 -100.54543956
1155 -110.90692307 -121.16230769 -100.65153846
1156 -111.02043956 -121.28324175 -100.75763736
1157 -111.13395604 -121.40417582 -100.86373626
1158 -111.24747252 -121.52510989 -100.96983516
1159 -111.36098901 -121.64604395 -101.07593406
1160 -111.47450549 -121.76697802 -101.18203296
1161 -111.58802197 -121.88791208 -101.28813186
1162 -111.70153846 -122.00884615 -101.39423076
1163 -111.81505494 -122.12978021 -101.50032967
1164 -111.92857142 -122.25071428 -101.60642857
1165 -112.04208791 -122.37164835 -101.71252747
1166 -112.15560439 -122.49258241 -101.81862637
1167 -112.26912087 -122.61351648 -101.92472527
1168 -112.38263736 -122.73445054 -102.03082417
1169 -112.49615384 -122.85538461 -102.13692307
1170 -112.60967032 -122.97631868 -102.24302197
1171 -112.72318681 -123.09725274 -102.34912087
1172 -112.83670329 -123.21818681 -102.45521978
1173 -112.95021978 -123.33912087 -102.56131868
1174 -113.06373626 -123.46005494 -102.66741758
1175 -113.17725274 -123.58098901 -102.77351648
1176 -113.29076923 -123.70192307 -102.87961538
1177 -113.40428571 -123.82285714 -102.98571428
1178 -113.51780219 -123.94379120 -103.09181318
1179 -113.63131868 -124.06472527 -103.19791208
1180 -113.74483516 -124.18565934 -103.30401098
1181 -113.85835164 -124.30659340 -103.41010989
1182 -113.97186813 -124.42752747 -103.51620879
1183 -114.08538461 -124.54846153 -103.62230769
1184 -114.19890109 -124.66939560 -103.72840659
1185 -114.31241758 -124.79032967 -103.83450549
1186 -114.42593406 -124.91126373 -103.94060439
1187 -114.53945054 -125.03219780 -104.04670329
1188 -114.65296703 -125.15313186 -104.15280219
1189 -114.76648351 -125.27406593 -104.25890109
1190 -114.88000000 -125.39500000 -104.36500000
1191 -114.99351648 -125.51593406 -104.47109890
1192 -115.10703296 -125.63686813 -104.57719780
1193 -115.22054945 -125.75780219 -104.68329670
1194 -115.33406593 -125.87873626 -104.78939560
1195 -115.44758241 -125.99967032 -104.89549450
1196 -115.56109890 -126.12060439 -105.00159340
1197 -115.67461538 -126.24153846 -105.10769230
1198 -115.78813186 -126.36247252 -105.21379120
1199 -115.90164835 -126.48340659 -105.31989010
1200 -116.01516483 -126.60434065 -105.42598901
1201 -116.12868131 -126.72527472 -105.53208791
1202 -116.24219780 -126.84620879 -105.63818681
1203 -116.35571428 -126.96714285 -105.74428571
1204 -116.46923076 -127.08807692 -105.85038461
1205 -116.58274725 -127.20901098 -105.95648351
1206 -116.69626373 -127.32994505 -106.06258241
1207 -116.80978021 -127.45087912 -106.16868131
1208 -116.92329670 -127.57181318 -106.27478021
1209 -117.03681318 -127.69274725 -106.38087912
1210 -117.15032967 -127.81368131 -106.48697802
1211 -117.26384615 -127.93461538 -106.59307692
1212 -117.37736263 -128.05554945 -106.69917582
1213 -117.49087912 -128.17648351 -106.80527472
1214 -117.60439560 -128.29741758 -106.91137362
1215 -117.71791208 -128.41835164 -107.01747252
1216 -117.83142857 -128.53928571 -107.12357142
1217 -117.94494505 -128.66021978 -107.22967032
1218 -118.05846153 -128.78115384 -107.33576923
1219 -118.17197802 -128.90208791 -107.44186813
1220 -118.28549450 -129.02302197 -107.54796703
1221 -118.39901098 -129.14395604 -107.65406593
1222 -118.51252747 -129.26489010 -107.76016483
1223 -118.62604395 -129.38582417 -107.86626373
1224 -118.73956043 -129.50675824 -107.97236263
1225 -118.85307692 -129.62769230 -108.07846153
1226 -118.96659340 -129.74862637 -108.18456043
1227 -119.08010989 -129.86956043 -108.29065934
1228 -119.19362637 -129.99049450 -108.39675824
1229 -119.30714285 -130.11142857 -108.50285714
1230 -119.42065934 -130.23236263 -108.60895604
1231 -119.53417582 -130.35329670 -108.71505494
1232 -119.64769230 -130.47423076 -108.82115384
1233 -119.76120879 -130.59516483 -108.92725274
1234 -119.87472527 -130.71609890 -109.03335164
1235 -119.98824175 -130.83703296 -109.13945054
1236 -120.10175824 -130.95796703 -109.24554945
1237 -120.21527472 -131.07890109 -109.35164835
1238 -120.32879120 -131.19983516 -109.45774725
1239 -120.44230769 -131.32076923 -109.56384615
1240 -120.55582417 -131.44170329 -109.66994505
1241 -120.66934065 -131.56263736 -109.77604395
1242 -120.78285714 -131.68357142 -109.88214285
1243 -120.89637362 -131.80450549 -109.98824175
1244 -121.00989010 -131.92543956 -110.09434065
1245 -121.12340659 -132.04637362 -110.20043956
1246 -121.23692307 -132.16730769 -110.30653846
1247 -121.35043956 -132.28824175 -110.41263736
1248 -121.46395604 -132.40917582 -110.51873626
1249 -121.57747252 -132.53010989 -110.62483516
1250 -121.69098901 -132.65104395 -110.73093406
1251 -121.80450549 -132.77197802 -110.83703296
1252 -121.91802197 -132.89291208 -110.94313186
1253 -122.03153846 -133.01384615 -111.04923076
1254 -122.14505494 -133.13478021 -111.15532967
1255 -122.25857142 -133.25571428 -111.26142857
1256 -122.37208791 -133.37664835 -111.36752747
1257 -122.48560439 -133.49758241 -111.47362637
1258 -122.59912087 -133.61851648 -111.57972527
1259 -122.71263736 -133.73945054 -111.68582417
1260 -122.82615384 -133.86038461 -111.79192307
1261 -122.93967032 -133.98131868 -111.89802197
1262 -123.05318681 -134.10225274 -112.00412087
1263 -123.16670329 -134.22318681 -112.11021978
1264 -123.28021978 -134.34412087 -112.21631868
1265 -123.39373626 -134.46505494 -112.32241758
1266 -123.50725274 -134.58598901 -112.42851648
1267 -123.62076923 -134.70692307 -112.53461538
1268 -123.73428571 -134.82785714 -112.64071428
1269 -123.84780219 -134.94879120 -112.74681318
1270 -123.96131868 -135.06972527 -112.85291208
1271 -124.07483516 -135.19065934 -112.95901098
1272 -124.18835164 -135.31159340 -113.06510989
1273 -124.30186813 -135.43252747 -113.17120879
1274 -124.41538461 -135.55346153 -113.27730769
1275 -124.52890109 -135.67439560 -113.38340659
1276 -124.64241758 -135.79532967 -113.48950549
1277 -124.75593406 -135.91626373 -113.59560439
1278 -124.86945054 -136.03719780 -113.70170329
1279 -124.98296703 -136.15813186 -113.80780219
1280 -125.09648351 -136.27906593 -113.91390109
1281 -125.21000000 -136.40000000 -114.02000000
1282 -125.32351648 -136.52093406 -114.12609890
1283 -125.43703296 -136.64186813 -114.23219780
1284 -125.55054945 -136.76280219 -114.33829670
1285 -125.66406593 -136.88373626 -114.44439560
1286 -125.77758241 -137.00467032 -114.55049450
1287 -125.89109890 -137.12560439 -114.65659340
1288 -126.00461538 -137.24653846 -114.76269230
1289 -126.11813186 -137.36747252 -114.86879120
1290 -126.23164835 -137.48840659 -114.97489010
1291 -126.34516483 -137.60934065 -115.08098901
1292 -126.45868131 -137.73027472 -115.18708791
1293 -126.57219780 -137.85120879 -115.29318681
1294 -126.68571428 -137.97214285 -115.39928571
1295 -126.79923076 -138.09307692 -115.50538461
1296 -126.91274725 -138.21401098 -115.61148351
1297 -127.02626373 -138.33494505 -115.71758241
1298 -127.13978021 -138.45587912 -115.82368131
1299 -127.25329670 -138.57681318 -115.92978021
1300 -127.36681318 -138.69774725 -116.03587912
1301 -127.48032967 -138.81868131 -116.14197802
1302 -127.59384615 -138.93961538 -116.24807692
1303 -127.70736263 -139.06054945 -116.35417582
1304 -127.82087912 -139.18148351 -116.46027472
1305 -127.93439560 -139.30241758 -116.56637362
1306 -128.04791208 -139.42335164 -116.67247252
1307 -128.16142857 -139.54428571 -116.77857142
1308 -128.27494505 -139.66521978 -116.88467032
1309 -128.38846153 -139.78615384 -116.99076923
1310 -128.50197802 -139.90708791 -117.09686813
1311 -128.61549450 -140.02802197 -117.20296703
1312 -128.72901098 -140.14895604 -117.30906593
1313 -128.84252747 -140.26989010 -117.41516483
1314 -128.95604395 -140.39082417 -117.52126373
1315 -129.06956043 -140.51175824 -117.62736263
1316 -129.18307692 -140.63269230 -117.73346153
1317 -129.29659340 -140.75362637 -117.83956043
1318 -129.41010989 -140.87456043 -117.94565934
1319 -129.52362637 -140.99549450 -118.05175824
1320 -129.63714285 -141.11642857 -118.15785714
1321 -129.75065934 -141.23736263 -118.26395604
1322 -129.86417582 -141.35829670 -118.37005494
1323 -129.97769230 -141.47923076 -118.47615384
1324 -130.09120879 -141.60016483 -118.58225274
1325 -130.20472527 -141.72109890 -118.68835164
1326 -130.31824175 -141.84203296 -118.79445054
1327 -130.43175824 -141.96296703 -118.90054945
1328 -130.54527472 -142.08390109 -119.00664835
1329 -130.65879120 -142.20483516 -119.11274725
1330 -130.77230769 -142.32576923 -119.21884615
1331 -130.88582417 -142.44670329 -119.32494505
1332 -130.99934065 -142.56763736 -119.43104395
1333 -131.11285714 -142.68857142 -119.53714285
1334 -131.22637362 -142.80950549 -119.64324175
1335 -131.33989010 -142.93043956 -119.74934065
1336 -131.45340659 -143.05137362 -119.85543956
1337 -131.56692307 -143.17230769 -119.96153846
1338 -131.68043956 -143.29324175 -120.06763736
1339 -131.79395604 -143.41417582 -120.17373626
1340 -131.90747252 -143.53510989 -120.27983516
1341 -132.02098901 -143.65604395 -120.38593406
1342 -132.13450549 -143.77697802 -120.49203296
1343 -132.24802197 -143.89791208 -120.59813186
1344 -132.36153846 -144.01884615 -120.70423076
1345 -132.47505494 -144.13978021 -120.81032967
1346 -132.58857142 -144.26071428 -120.91642857
1347 -132.70208791 -144.38164835 -121.02252747
1348 -132.81560439 -144.50258241 -121.12862637
1349 -132.92912087 -144.62351648 -121.23472527
1350 -133.04263736 -144.74445054 -121.34082417
1351 -133.15615384 -144.86538461 -121.44692307
1352 -133.26967032 -144.98631868 -121.55302197
1353 -133.38318681 -145.10725274 -121.65912087
1354 -133.49670329 -145.22818681 -121.76521978
1355 -133.61021978 -145.34912087 -121.87131868
1356 -133.72373626 -145.47005494 -121.97741758
1357 -133.83725274 -145.59098901 -122.08351648
1358 -133.95076923 -145.71192307 -122.18961538
1359 -134.06428571 -145.83285714 -122.29571428
1360 -134.17780219 -145.95379120 -122.40181318
1361 -134.29131868 -146.07472527 -122.50791208
1362 -134.40483516 -146.19565934 -122.61401098
1363 -134.51835164 -146.31659340 -122.72010989
1364 -134.63186813 -146.43752747 -122.82620879
1365 -134.74538461 -146.55846153 -122.93230769
1366 -134.85890109 -146.67939560 -123.03840659
1367 -134.97241758 -146.80032967 -123.14450549
1368 -135.08593406 -146.92126373 -123.25060439
1369 -135.19945054 -147.04219780 -123.35670329
1370 -135.31296703 -147.16313186 -123.46280219
1371 -135.42648351 -147.28406593 -123.56890109
1372 -135.54000000 -147.40500000 -123.67500000
1373 -135.65351648 -147.52593406 -123.78109890
1374 -135.76703296 -147.64686813 -123.88719780
1375 -135.88054945 -147.76780219 -123.99329670
1376 -135.99406593 -147.88873626 -124.09939560
1377 -136.10758241 -148.00967032 -124.20549450
1378 -136.22109890 -148.13060439 -124.31159340
1379 -136.33461538 -148.25153846 -124.41769230
1380 -136.44813186 -148.37247252 -124.52379120
1381 -136.56164835 -148.49340659 -124.62989010
1382 -136.67516483 -148.61434065 -124.73598901
1383 -136.78868131 -148.73527472 -124.84208791
1384 -136.90219780 -148.85620879 -124.94818681
1385 -137.01571428 -148.97714285 -125.05428571
1386 -137.12923076 -149.09807692 -125.16038461
1387 -137.24274725 -149.21901098 -125.26648351
1388 -137.35626373 -149.33994505 -125.37258241
1389 -137.46978021 -149.46087912 -125.47868131
1390 -137.58329670 -149.58181318 -125.58478021
1391 -137.69681318 -149.70274725 -125.69087912
1392 -137.81032967 -149.82368131 -125.79697802
1393 -137.92384615 -149.94461538 -125.90307692
1394 -138.03736263 -150.06554945 -126.00917582
1395 -138.15087912 -150.18648351 -126.11527472
1396 -138.26439560 -150.30741758 -126.22137362
1397 -138.37791208 -150.42835164 -126.32747252
1398 -138.49142857 -150.54928571 -126.43357142
1399 -138.60494505 -150.67021978 -126.53967032
1400 -138.71846153 -150.79115384 -126.64576923
1401 -138.83197802 -150.91208791 -126.75186813
1402 -138.94549450 -151.03302197 -126.85796703
1403 -139.05901098 -151.15395604 -126.96406593
1404 -139.17252747 -151.27489010 -127.07016483
1405 -139.28604395 -151.39582417 -127.17626373
1406 -139.39956043 -151.51675824 -127.28236263
1407 -139.51307692 -151.63769230 -127.38846153
1408 -139.62659340 -151.75862637 -127.49456043
1409 -139.74010989 -151.87956043 -127.60065934
1410 -139.85362637 -152.00049450 -127.70675824
1411 -139.96714285 -152.12142857 -127.81285714
1412 -140.08065934 -152.24236263 -127.91895604
1413 -140.19417582 -152.36329670 -128.02505494
1414 -140.30769230 -152.48423076 -128.13115384
1415 -140.42120879 -152.60516483 -128.23725274
1416 -140.53472527 -152.72609890 -128.34335164
1417 -140.64824175 -152.84703296 -128.44945054
1418 -140.76175824 -152.96796703 -128.55554945
1419 -140.87527472 -153.08890109 -128.66164835
1420 -140.98879120 -153.20983516 -128.76774725
1421 -141.10230769 -153.33076923 -128.87384615
1422 -141.21582417 -153.45170329 -128.97994505
1423 -141.32934065 -153.57263736 -129.08604395
1424 -141.44285714 -153.69357142 -129.19214285
1425 -141.55637362 -153.81450549 -129.29824175
1426 -141.66989010 -153.93543956 -129.40434065
1427 -141.78340659 -154.05637362 -129.51043956
1428 -141.89692307 -154.17730769 -129.61653846
1429 -142.01043956 -154.29824175 -129.72263736
1430 -142.12395604 -154.41917582 -129.82873626
1431 -142.23747252 -154.54010989 -129.93483516
1432 -142.35098901 -154.66104395 -130.04093406
1433 -142.46450549 -154.78197802 -130.14703296
1434 -142.57802197 -154.90291208 -130.25313186
1435 -142.69153846 -155.02384615 -130.35923076
1436 -142.80505494 -155.14478021 -130.46532967
1437 -142.91857142 -155.26571428 -130.57142857
1438 -143.03208791 -155.38664835 -130.67752747
1439 -143.14560439 -155.50758241 -130.78362637
1440 -143.25912087 -155.62851648 -130.88972527
1441 -143.37263736 -155.74945054 -130.99582417
1442 -143.48615384 -155.87038461 -131.10192307
1443 -143.59967032 -155.99131868 -131.20802197
1444 -143.71318681 -156.11225274 -131.31412087
1445 -143.82670329 -156.23318681 -131.42021978
1446 -143.94021978 -156.35412087 -131.52631868
1447 -144.05373626 -156.47505494 -131.63241758
1448 -144.16725274 -156.59598901 -131.73851648
1449 -144.28076923 -156.71692307 -131.84461538
1450 -144.39428571 -156.83785714 -131.95071428
1451 -144.50780219 -156.95879120 -132.05681318
1452 -144.62131868 -157.07972527 -132.16291208
1453 -144.73483516 -157.20065934 -132.26901098
1454 -144.84835164 -157.32159340 -132.37510989
1455 -144.96186813 -157.44252747 -132.48120879
1456 -145.07538461 -157.56346153 -132.58730769
1457 -145.18890109 -157.68439560 -132.69340659
1458 -145.30241758 -157.80532967 -132.79950549
1459 -145.41593406 -157.92626373 -132.90560439
1460 -145.52945054 -158.04719780 -133.01170329
1461 -145.64296703 -158.16813186 -133.11780219
1462 -145.75648351 -158.28906593 -133.22390109
1463 -145.87000000 -158.41000000 -133.33000000
1464 -146.00494550 -158.55547683 -133.45441416
1465 -146.13989100 -158.70095367 -133.57882833
1466 -146.27483651 -158.84643051 -133.70324250
1467 -146.40978201 -158.99190735 -133.82765667
1468 -146.54472752 -159.13738419 -133.95207084
1469 -146.67967302 -159.28286103 -134.07648501
1470 -146.81461852 -159.42833787 -134.20089918
1471 -146.94956403 -159.57381471 -134.32531335
1472 -147.08450953 -159.71929155 -134.44972752
1473 -147.21945504 -159.86476839 -134.57414168
1474 -147.35440054 -160.01024523 -134.69855585
1475 -147.48934604 -160.15572207 -134.82297002
1476 -147.62429155 -160.30119891 -134.94738419
1477 -147.75923705 -160.44667574 -135.07179836
1478 -147.89418256 -160.59215258 -135.19621253
1479 -148.02912806 -160.73762942 -135.32062670
1480 -148.16407356 -160.88310626 -135.44504087
1481 -148.29901907 -161.02858310 -135.56945504
1482 -148.43396457 -161.17405994 -135.69386920
1483 -148.56891008 -161.31953678 -135.81828337
1484 -148.70385558 -161.46501362 -135.94269754
1485 -148.83880108 -161.61049046 -136.06711171
1486 -148.97374659 -161.75596730 -136.19152588
1487 -149.10869209 -161.90144414 -136.31594005
1488 -149.24363760 -162.04692098 -136.44035422
1489 -149.37858310 -162.19239782 -136.56476839
1490 -149.51352861 -162.33787465 -136.68918256
1491 -149.64847411 -162.48335149 -136.81359673
1492 -149.78341961 -162.62882833 -136.93801089
1493 -149.91836512 -162.77430517 -137.06242506
1494 -150.05331062 -162.91978201 -137.18683923
1495 -150.18825613 -163.06525885 -137.31125340
1496 -150.32320163 -163.21073569 -137.43566757
1497 -150.45814713 -163.35621253 -137.56008174
1498 -150.59309264 -163.50168937 -137.68449591
1499 -150.72803814 -163.64716621 -137.80891008
1500 -150.86298365 -163.79264305 -137.93332425
1501 -150.99792915 -163.93811989 -138.05773841
1502 -151.13287465 -164.08359673 -138.18215258
1503 -151.26782016 -164.22907356 -138.30656675
1504 -151.40276566 -164.37455040 -138.43098092
1505 -151.53771117 -164.52002724 -138.55539509
1506 -151.67265667 -164.66550408 -138.67980926
1507 -151.80760217 -164.81098092 -138.80422343
1508 -151.94254768 -164.95645776 -138.92863760
1509 -152.07749318 -165.10193460 -139.05305177
1510 -152.21243869 -165.24741144 -139.17746594
1511 -152.34738419 -165.39288828 -139.30188010
1512 -152.48232970 -165.53836512 -139.42629427
1513 -152.61727520 -165.68384196 -139.55070844
1514 -152.75222070 -165.82931880 -139.67512261
1515 -152.88716621 -165.97479564 -139.79953678
1516 -153.02211171 -166.12027247 -139.92395095
1517 -153.15705722 -166.26574931 -140.04836512
1518 -153.29200272 -166.41122615 -140.17277929
1519 -153.42694822 -166.55670299 -140.29719346
1520 -153.56189373 -166.70217983 -140.42160762
1521 -153.69683923 -166.84765667 -140.54602179
1522 -153.83178474 -166.99313351 -140.67043596
1523 -153.96673024 -167.13861035 -140.79485013
1524 -154.10167574 -167.28408719 -140.91926430
1525 -154.23662125 -167.42956403 -141.04367847
1526 -154.37156675 -167.57504087 -141.16809264
1527 -154.50651226 -167.72051771 -141.29250681
1528 -154.64145776 -167.86599455 -141.41692098
1529 -154.77640326 -168.01147138 -141.54133514
1530 -154.91134877 -168.15694822 -141.66574931
1531 -155.04629427 -168.30242506 -141.79016348
1532 -155.18123978 -168.44790190 -141.91457765
1533 -155.31618528 -168.59337874 -142.03899182
1534 -155.45113079 -168.73885558 -142.16340599
1535 -155.58607629 -168.88433242 -142.28782016
1536 -155.72102179 -169.02980926 -142.41223433
1537 -155.85596730 -169.17528610 -142.53664850
1538 -155.99091280 -169.32076294 -142.66106267
1539 -156.12585831 -169.46623978 -142.78547683
1540 -156.26080381 -169.61171662 -142.90989100
1541 -156.39574931 -169.75719346 -143.03430517
1542 -156.53069482 -169.90267029 -143.15871934
1543 -156.66564032 -170.04814713 -143.28313351
1544 -156.80058583 -170.19362397 -143.40754768
1545 -156.93553133 -170.33910081 -143.53196185
1546 -157.07047683 -170.48457765 -143.65637602
1547 -157.20542234 -170.63005449 -143.78079019
1548 -157.34036784 -170.77553133 -143.90520435
1549 -157.47531335 -170.92100817 -144.02961852
1550 -157.61025885 -171.06648501 -144.15403269
1551 -157.74520435 -171.21196185 -144.27844686
1552 -157.88014986 -171.35743869 -144.40286103
1553 -158.01509536 -171.50291553 -144.52727520
1554 -158.15004087 -171.64839237 -144.65168937
1555 -158.28498637 -171.79386920 -144.77610354
1556 -158.41993188 -171.93934604 -144.90051771
1557 -158.55487738 -172.08482288 -145.02493188
1558 -158.68982288 -172.23029972 -145.14934604
1559 -158.82476839 -172.37577656 -145.27376021
1560 -158.95971389 -172.52125340 -145.39817438
1561 -159.09465940 -172.66673024 -145.52258855
1562 -159.22960490 -172.81220708 -145.64700272
1563 -159.36455040 -172.95768392 -145.77141689
1564 -159.49949591 -173.10316076 -145.89583106
1565 -159.63444141 -173.24863760 -146.02024523
1566 -159.76938692 -173.39411444 -146.14465940
1567 -159.90433242 -173.53959128 -146.26907356
1568 -160.03927792 -173.68506811 -146.39348773
1569 -160.17422343 -173.83054495 -146.51790190
1570 -160.30916893 -173.97602179 -146.64231607
1571 -160.44411444 -174.12149863 -146.76673024
1572 -160.57905994 -174.26697547 -146.89114441
1573 -160.71400544 -174.41245231 -147.01555858
1574 -160.84895095 -174.55792915 -147.13997275
1575 -160.98389645 -174.70340599 -147.26438692
1576 -161.11884196 -174.84888283 -147.38880108
1577 -161.25378746 -174.99435967 -147.51321525
1578 -161.38873297 -175.13983651 -147.63762942
1579 -161.52367847 -175.28531335 -147.76204359
1580 -161.65862397 -175.43079019 -147.88645776
1581 -161.79356948 -175.57626703 -148.01087193
1582 -161.92851498 -175.72174386 -148.13528610
1583 -162.06346049 -175.86722070 -148.25970027
1584 -162.19840599 -176.01269754 -148.38411444
1585 -162.33335149 -176.15817438 -148.50852861
1586 -162.46829700 -176.30365122 -148.63294277
1587 -162.60324250 -176.44912806 -148.75735694
1588 -162.73818801 -176.59460490 -148.88177111
1589 -162.87313351 -176.74008174 -149.00618528
1590 -163.00807901 -176.88555858 -149.13059945
1591 -163.14302452 -177.03103542 -149.25501362
1592 -163.27797002 -177.17651226 -149.37942779
1593 -163.41291553 -177.32198910 -149.50384196
1594 -163.54786103 -177.46746594 -149.62825613
1595 -163.68280653 -177.61294277 -149.75267029
1596 -163.81775204 -177.75841961 -149.87708446
1597 -163.95269754 -177.90389645 -150.00149863
1598 -164.08764305 -178.04937329 -150.12591280
1599 -164.22258855 -178.19485013 -150.25032697
1600 -164.35753405 -178.34032697 -150.37474114
1601 -164.49247956 -178.48580381 -150.49915531
1602 -164.62742506 -178.63128065 -150.62356948
1603 -164.76237057 -178.77675749 -150.74798365
1604 -164.89731607 -178.92223433 -150.87239782
1605 -165.03226158 -179.06771117 -150.99681198
1606 -165.16720708 -179.21318801 -151.12122615
1607 -165.30215258 -179.35866485 -151.24564032
1608 -165.43709809 -179.50414168 -151.37005449
1609 -165.57204359 -179.64961852 -151.49446866
1610 -165.70698910 -179.79509536 -151.61888283
1611 -165.84193460 -179.94057220 -151.74329700
1612 -165.97688010 -180.08604904 -151.86771117
1613 -166.11182561 -180.23152588 -151.99212534
1614 -166.24677111 -180.37700272 -152.11653950
1615 -166.38171662 -180.52247956 -152.24095367
1616 -166.51666212 -180.66795640 -152.36536784
1617 -166.65160762 -180.81343324 -152.48978201
1618 -166.78655313 -180.95891008 -152.61419618
1619 -166.92149863 -181.10438692 -152.73861035
1620 -167.05644414 -181.24986376 -152.86302452
1621 -167.19138964 -181.39534059 -152.98743869
1622 -167.32633514 -181.54081743 -153.11185286
1623 -167.46128065 -181.68629427 -153.23626703
1624 -167.59622615 -181.83177111 -153.36068119
1625 -167.73117166 -181.97724795 -153.48509536
1626 -167.86611716 -182.12272479 -153.60950953
1627 -168.00106267 -182.26820163 -153.73392370
1628 -168.13600817 -182.41367847 -153.85833787
1629 -168.27095367 -182.55915531 -153.98275204
1630 -168.40589918 -182.70463215 -154.10716621
1631 -168.54084468 -182.85010899 -154.23158038
1632 -168.67579019 -182.99558583 -154.35599455
1633 -168.81073569 -183.14106267 -154.48040871
1634 -168.94568119 -183.28653950 -154.60482288
1635 -169.08062670 -183.43201634 -154.72923705
1636 -169.21557220 -183.57749318 -154.85365122
1637 -169.35051771 -183.72297002 -154.97806539
1638 -169.48546321 -183.86844686 -155.10247956
1639 -169.62040871 -184.01392370 -155.22689373
1640 -169.75535422 -184.15940054 -155.35130790
1641 -169.89029972 -184.30487738 -155.47572207
1642 -170.02524523 -184.45035422 -155.60013623
1643 -170.16019073 -184.59583106 -155.72455040
1644 -170.29513623 -184.74130790 -155.84896457
1645 -170.43008174 -184.88678474 -155.97337874
1646 -170.56502724 -185.03226158 -156.09779291
1647 -170.69997275 -185.17773841 -156.22220708
1648 -170.83491825 -185.32321525 -156.34662125
1649 -170.96986376 -185.46869209 -156.47103542
1650 -171.10480926 -185.61416893 -156.59544959
1651 -171.23975476 -185.75964577 -156.71986376
1652 -171.37470027 -185.90512261 -156.84427792
1653 -171.50964577 -186.05059945 -156.96869209
1654 -171.64459128 -186.19607629 -157.09310626
1655 -171.77953678 -186.34155313 -157.21752043
1656 -171.91448228 -186.48702997 -157.34193460
1657 -172.04942779 -186.63250681 -157.46634877
1658 -172.18437329 -186.77798365 -157.59076294
1659 -172.31931880 -186.92346049 -157.71517711
1660 -172.45426430 -187.06893732 -157.83959128
1661 -172.58920980 -187.21441416 -157.96400544
1662 -172.72415531 -187.35989100 -158.08841961
1663 -172.85910081 -187.50536784 -158.21283378
1664 -172.99404632 -187.65084468 -158.33724795
1665 -173.12899182 -187.79632152 -158.46166212
1666 -173.26393732 -187.94179836 -158.58607629
1667 -173.39888283 -188.08727520 -158.71049046
1668 -173.53382833 -188.23275204 -158.83490463
1669 -173.66877384 -188.37822888 -158.95931880
1670 -173.80371934 -188.52370572 -159.08373297
1671 -173.93866485 -188.66918256 -159.20814713
1672 -174.07361035 -188.81465940 -159.33256130
1673 -174.20855585 -188.96013623 -159.45697547
1674 -174.34350136 -189.10561307 -159.58138964
1675 -174.47844686 -189.25108991 -159.70580381
1676 -174.61339237 -189.39656675 -159.83021798
1677 -174.74833787 -189.54204359 -159.95463215
1678 -174.88328337 -189.68752043 -160.07904632
1679 -175.01822888 -189.83299727 -160.20346049
1680 -175.15317438 -189.97847411 -160.32787465
1681 -175.28811989 -190.12395095 -160.45228882
1682 -175.42306539 -190.26942779 -160.57670299
1683 -175.55801089 -190.41490463 -160.70111716
1684 -175.69295640 -190.56038147 -160.82553133
1685 -175.82790190 -190.70585831 -160.94994550
1686 -175.96284741 -190.85133514 -161.07435967
1687 -176.09779291 -190.99681198 -161.19877384
1688 -176.23273841 -191.14228882 -161.32318801
1689 -176.36768392 -191.28776566 -161.44760217
1690 -176.50262942 -191.43324250 -161.57201634
1691 -176.63757493 -191.57871934 -161.69643051
1692 -176.77252043 -191.72419618 -161.82084468
1693 -176.90746594 -191.86967302 -161.94525885
1694 -177.04241144 -192.01514986 -162.06967302
1695 -177.17735694 -192.16062670 -162.19408719
1696 -177.31230245 -192.30610354 -162.31850136
1697 -177.44724795 -192.45158038 -162.44291553
1698 -177.58219346 -192.59705722 -162.56732970
1699 -177.71713896 -192.74253405 -162.69174386
1700 -177.85208446 -192.88801089 -162.81615803
1701 -177.98702997 -193.03348773 -162.94057220
1702 -178.12197547 -193.17896457 -163.06498637
1703 -178.25692098 -193.32444141 -163.18940054
1704 -178.39186648 -193.46991825 -163.31381471
1705 -178.52681198 -193.61539509 -163.43822888
1706 -178.66175749 -193.76087193 -163.56264305
1707 -178.79670299 -193.90634877 -163.68705722
1708 -178.93164850 -194.05182561 -163.81147138
1709 -179.06659400 -194.19730245 -163.93588555
1710 -179.20153950 -194.34277929 -164.06029972
1711 -179.33648501 -194.48825613 -164.18471389
1712 -179.47143051 -194.63373297 -164.30912806
1713 -179.60637602 -194.77920980 -164.43354223
1714 -179.74132152 -194.92468664 -164.55795640
1715 -179.87626703 -195.07016348 -164.68237057
1716 -180.01121253 -195.21564032 -164.80678474
1717 -180.14615803 -195.36111716 -164.93119891
1718 -180.28110354 -195.50659400 -165.05561307
1719 -180.41604904 -195.65207084 -165.18002724
1720 -180.55099455 -195.79754768 -165.30444141
1721 -180.68594005 -195.94302452 -165.42885558
1722 -180.82088555 -196.08850136 -165.55326975
1723 -180.95583106 -196.23397820 -165.67768392
1724 -181.09077656 -196.37945504 -165.80209809
1725 -181.22572207 -196.52493188 -165.92651226
1726 -181.36066757 -196.67040871 -166.05092643
1727 -181.49561307 -196.81588555 -166.17534059
1728 -181.63055858 -196.96136239 -166.29975476
1729 -181.76550408 -197.10683923 -166.42416893
1730 -181.90044959 -197.25231607 -166.54858310
1731 -182.03539509 -197.39779291 -166.67299727
1732 -182.17034059 -197.54326975 -166.79741144
1733 -182.30528610 -197.68874659 -166.92182561
1734 -182.44023160 -197.83422343 -167.04623978
1735 -182.57517711 -197.97970027 -167.17065395
1736 -182.71012261 -198.12517711 -167.29506811
1737 -182.84506811 -198.27065395 -167.41948228
1738 -182.98001362 -198.41613079 -167.54389645
1739 -183.11495912 -198.56160762 -167.66831062
1740 -183.24990463 -198.70708446 -167.79272479
1741 -183.38485013 -198.85256130 -167.91713896
1742 -183.51979564 -198.99803814 -168.04155313
1743 -183.65474114 -199.14351498 -168.16596730
1744 -183.78968664 -199.28899182 -168.29038147
1745 -183.92463215 -199.43446866 -168.41479564
1746 -184.05957765 -199.57994550 -168.53920980
1747 -184.19452316 -199.72542234 -168.66362397
1748 -184.32946866 -199.87089918 -168.78803814
1749 -184.46441416 -200.01637602 -168.91245231
1750 -184.59935967 -200.16185286 -169.03686648
1751 -184.73430517 -200.30732970 -169.16128065
1752 -184.86925068 -200.45280653 -169.28569482
1753 -185.00419618 -200.59828337 -169.41010899
1754 -185.13914168 -200.74376021 -169.53452316
1755 -185.27408719 -200.88923705 -169.65893732
1756 -185.40903269 -201.03471389 -169.78335149
1757 -185.54397820 -201.18019073 -169.90776566
1758 -185.67892370 -201.32566757 -170.03217983
1759 -185.81386920 -201.47114441 -170.15659400
1760 -185.94881471 -201.61662125 -170.28100817
1761 -186.08376021 -201.76209809 -170.40542234
1762 -186.21870572 -201.90757493 -170.52983651
1763 -186.35365122 -202.05305177 -170.65425068
1764 -186.48859673 -202.19852861 -170.77866485
1765 -186.62354223 -202.34400544 -170.90307901
1766 -186.75848773 -202.48948228 -171.02749318
1767 -186.89343324 -202.63495912 -171.15190735
1768 -187.02837874 -202.78043596 -171.27632152
1769 -187.16332425 -202.92591280 -171.40073569
1770 -187.29826975 -203.07138964 -171.52514986
1771 -187.43321525 -203.21686648 -171.64956403
1772 -187.56816076 -203.36234332 -171.77397820
1773 -187.70310626 -203.50782016 -171.89839237
1774 -187.83805177 -203.65329700 -172.02280653
1775 -187.97299727 -203.79877384 -172.14722070
1776 -188.10794277 -203.94425068 -172.27163487
1777 -188.24288828 -204.08972752 -172.39604904
1778 -188.37783378 -204.23520435 -172.52046321
1779 -188.51277929 -204.38068119 -172.64487738
1780 -188.64772479 -204.52615803 -172.76929155
1781 -188.78267029 -204.67163487 -172.89370572
1782 -188.91761580 -204.81711171 -173.01811989
1783 -189.05256130 -204.96258855 -173.14253405
1784 -189.18750681 -205.10806539 -173.26694822
1785 -189.32245231 -205.25354223 -173.39136239
1786 -189.45739782 -205.39901907 -173.51577656
1787 -189.59234332 -205.54449591 -173.64019073
1788 -189.72728882 -205.68997275 -173.76460490
1789 -189.86223433 -205.83544959 -173.88901907
1790 -189.99717983 -205.98092643 -174.01343324
1791 -190.13212534 -206.12640326 -174.13784741
1792 -190.26707084 -206.27188010 -174.26226158
1793 -190.40201634 -206.41735694 -174.38667574
1794 -190.53696185 -206.56283378 -174.51108991
1795 -190.67190735 -206.70831062 -174.63550408
1796 -190.80685286 -206.85378746 -174.75991825
1797 -190.94179836 -206.99926430 -174.88433242
1798 -191.07674386 -207.14474114 -175.00874659
1799 -191.21168937 -207.29021798 -175.13316076
1800 -191.34663487 -207.43569482 -175.25757493
1801 -191.48158038 -207.58117166 -175.38198910
1802 -191.61652588 -207.72664850 -175.50640326
1803 -191.75147138 -207.87212534 -175.63081743
1804 -191.88641689 -208.01760217 -175.75523160
1805 -192.02136239 -208.16307901 -175.87964577
1806 -192.15630790 -208.30855585 -176.00405994
1807 -192.29125340 -208.45403269 -176.12847411
1808 -192.42619891 -208.59950953 -176.25288828
1809 -192.56114441 -208.74498637 -176.37730245
1810 -192.69608991 -208.89046321 -176.50171662
1811 -192.83103542 -209.03594005 -176.62613079
1812 -192.96598092 -209.18141689 -176.75054495
1813 -193.10092643 -209.32689373 -176.87495912
1814 -193.23587193 -209.47237057 -176.99937329
1815 -193.37081743 -209.61784741 -177.12378746
1816 -193.50576294 -209.76332425 -177.24820163
1817 -193.64070844 -209.90880108 -177.37261580
1818 -193.77565395 -210.05427792 -177.49702997
1819 -193.91059945 -210.19975476 -177.62144414
1820 -194.04554495 -210.34523160 -177.74585831
1821 -194.18049046 -210.49070844 -177.87027247
1822 -194.31543596 -210.63618528 -177.99468664
1823 -194.45038147 -210.78166212 -178.11910081
1824 -194.58532697 -210.92713896 -178.24351498
1825 -194.72027247 -211.07261580 -178.36792915
1826 -194.85521798 -211.21809264 -178.49234332
1827 -194.99016348 -211.36356948 -178.61675749
1828 -195.12510899 -211.50904632 -178.74117166
1829 -195.26005449 -211.65452316 -178.86558583
1830 -195.39500000 -211.80000000 -178.99000000
