1 0.60550000 0.58733333 0.62366667
2 0.60550000 0.58733333 0.62366667
3 0.60550000 0.58733333 0.62366667
4 0.00000000 0.00000000 0.00000000
5 0.69000000 0.67800000 0.70200000
6 1.15583333 1.14166667 1.17000000
7 1.62166667 1.60533333 1.63800000
8 2.08750000 2.06900000 2.10600000
9 2.55333333 2.53266667 2.57400000
10 3.01916667 2.99633333 3.04200000
11 3.48500000 3.46000000 3.51000000
12 3.94428571 3.91714286 3.97142857
13 4.40357143 4.37428571 4.43285714
14 4.86285714 4.83142857 4.89428571
15 5.32214286 5.28857143 5.35571429
16 5.78142857 5.74571429 5.81714286
17 6.24071429 6.20285714 6.27857143
18 6.70000000 6.66000000 6.74000000
19 7.15785714 7.11714286 7.19857143
20 7.61571429 7.57428571 7.65714286
21 8.07357143 8.03142857 8.11571429
22 8.53142857 8.48857143 8.57428571
23 8.98928571 8.94571429 9.03285714
24 9.44714286 9.40285714 9.49142857
25 9.90500000 9.86000000 9.95000000
26 10.36550000 10.31700000 10.41400000
27 10.82600000 10.77400000 10.87800000
28 11.28650000 11.23100000 11.34200000
29 11.74700000 11.68800000 11.80600000
30 12.20750000 12.14500000 12.27000000
31 12.66800000 12.60200000 12.73400000
32 13.12850000 13.05900000 13.19800000
33 13.58900000 13.51600000 13.66200000
34 14.04950000 13.97300000 14.12600000
35 14.51000000 14.43000000 14.59000000
36 14.99532258 14.91354839 15.07709677
37 15.48064516 15.39709677 15.56419355
38 15.96596774 15.88064516 16.05129032
39 16.45129032 16.36419355 16.53838710
40 16.93661290 16.84774194 17.02548387
41 17.42193548 17.33129032 17.51258065
42 17.90725806 17.81483871 17.99967742
43 18.39258065 18.29838710 18.48677419
44 18.87790323 18.78193548 18.97387097
45 19.36322581 19.26548387 19.46096774
46 19.84854839 19.74903226 19.94806452
47 20.33387097 20.23258065 20.43516129
48 20.81919355 20.71612903 20.92225806
49 21.30451613 21.19967742 21.40935484
50 21.78983871 21.68322581 21.89645161
51 22.27516129 22.16677419 22.38354839
52 22.76048387 22.65032258 22.87064516
53 23.24580645 23.13387097 23.35774194
54 23.73112903 23.61741935 23.84483871
55 24.21645161 24.10096774 24.33193548
56 24.70177419 24.58451613 24.81903226
57 25.18709677 25.06806452 25.30612903
58 25.67241935 25.55161290 25.79322581
59 26.15774194 26.03516129 26.28032258
60 26.64306452 26.51870968 26.76741935
61 27.12838710 27.00225806 27.25451613
62 27.61370968 27.48580645 27.74161290
63 28.09903226 27.96935484 28.22870968
64 28.58435484 28.45290323 28.71580645
65 29.06967742 28.93645161 29.20290323
66 29.55500000 29.42000000 29.69000000
67 30.03216667 29.89400000 30.17033333
68 30.50933333 30.36800000 30.65066667
69 30.98650000 30.84200000 31.13100000
70 31.46366667 31.31600000 31.61133333
71 31.94083333 31.79000000 32.09166667
72 32.41800000 32.26400000 32.57200000
73 32.89516667 32.73800000 33.05233333
74 33.37233333 33.21200000 33.53266667
75 33.84950000 33.68600000 34.01300000
76 34.32666667 34.16000000 34.49333333
77 34.80383333 34.63400000 34.97366667
78 35.28100000 35.10800000 35.45400000
79 35.75816667 35.58200000 35.93433333
80 36.23533333 36.05600000 36.41466667
81 36.71250000 36.53000000 36.89500000
82 37.18966667 37.00400000 37.37533333
83 37.66683333 37.47800000 37.85566667
84 38.14400000 37.95200000 38.33600000
85 38.62116667 38.42600000 38.81633333
86 39.09833333 38.90000000 39.29666667
87 39.57550000 39.37400000 39.77700000
88 40.05266667 39.84800000 40.25733333
89 40.52983333 40.32200000 40.73766667
90 41.00700000 40.79600000 41.21800000
91 41.48416667 41.27000000 41.69833333
92 41.96133333 41.74400000 42.17866667
93 42.43850000 42.21800000 42.65900000
94 42.91566667 42.69200000 43.13933333
95 43.39283333 43.16600000 43.61966667
96 43.87000000 43.64000000 44.10000000
97 44.34516667 44.11066667 44.57966667
98 44.82033333 44.58133333 45.05933333
99 45.29550000 45.05200000 45.53900000
100 45.77066667 45.52266667 46.01866667
101 46.24583333 45.99333333 46.49833333
102 46.72100000 46.46400000 46.97800000
103 47.19616667 46.93466667 47.45766667
104 47.67133333 47.40533333 47.93733333
105 48.14650000 47.87600000 48.41700000
106 48.62166667 48.34666667 48.89666667
107 49.09683333 48.81733333 49.37633333
108 49.57200000 49.28800000 49.85600000
109 50.04716667 49.75866667 50.33566667
110 50.52233333 50.22933333 50.81533333
111 50.99750000 50.70000000 51.29500000
112 51.47266667 51.17066667 51.77466667
113 51.94783333 51.64133333 52.25433333
114 52.42300000 52.11200000 52.73400000
115 52.89816667 52.58266667 53.21366667
116 53.37333333 53.05333333 53.69333333
117 53.84850000 53.52400000 54.17300000
118 54.32366667 53.99466667 54.65266667
119 54.79883333 54.46533333 55.13233333
120 55.27400000 54.93600000 55.61200000
121 55.74916667 55.40666667 56.09166667
122 56.22433333 55.87733333 56.57133333
123 56.69950000 56.34800000 57.05100000
124 57.17466667 56.81866667 57.53066667
125 57.64983333 57.28933333 58.01033333
126 58.12500000 57.76000000 58.49000000
127 58.60758065 58.24129032 58.97387097
128 59.09016129 58.72258065 59.45774194
129 59.57274194 59.20387097 59.94161290
130 60.05532258 59.68516129 60.42548387
131 60.53790323 60.16645161 60.90935484
132 61.02048387 60.64774194 61.39322581
133 61.50306452 61.12903226 61.87709677
134 61.98564516 61.61032258 62.36096774
135 62.46822581 62.09161290 62.84483871
136 62.95080645 62.57290323 63.32870968
137 63.43338710 63.05419355 63.81258065
138 63.91596774 63.53548387 64.29645161
139 64.39854839 64.01677419 64.78032258
140 64.88112903 64.49806452 65.26419355
141 65.36370968 64.97935484 65.74806452
142 65.84629032 65.46064516 66.23193548
143 66.32887097 65.94193548 66.71580645
144 66.81145161 66.42322581 67.19967742
145 67.29403226 66.90451613 67.68354839
146 67.77661290 67.38580645 68.16741935
147 68.25919355 67.86709677 68.65129032
148 68.74177419 68.34838710 69.13516129
149 69.22435484 68.82967742 69.61903226
150 69.70693548 69.31096774 70.10290323
151 70.18951613 69.79225806 70.58677419
152 70.67209677 70.27354839 71.07064516
153 71.15467742 70.75483871 71.55451613
154 71.63725806 71.23612903 72.03838710
155 72.11983871 71.71741935 72.52225806
156 72.60241935 72.19870968 73.00612903
157 73.08500000 72.68000000 73.49000000
158 73.58290323 73.17387097 73.99193548
159 74.08080645 73.66774194 74.49387097
160 74.57870968 74.16161290 74.99580645
161 75.07661290 74.65548387 75.49774194
162 75.57451613 75.14935484 75.99967742
163 76.07241935 75.64322581 76.50161290
164 76.57032258 76.13709677 77.00354839
165 77.06822581 76.63096774 77.50548387
166 77.56612903 77.12483871 78.00741935
167 78.06403226 77.61870968 78.50935484
168 78.56193548 78.11258065 79.01129032
169 79.05983871 78.60645161 79.51322581
170 79.55774194 79.10032258 80.01516129
171 80.05564516 79.59419355 80.51709677
172 80.55354839 80.08806452 81.01903226
173 81.05145161 80.58193548 81.52096774
174 81.54935484 81.07580645 82.02290323
175 82.04725806 81.56967742 82.52483871
176 82.54516129 82.06354839 83.02677419
177 83.04306452 82.55741935 83.52870968
178 83.54096774 83.05129032 84.03064516
179 84.03887097 83.54516129 84.53258065
180 84.53677419 84.03903226 85.03451613
181 85.03467742 84.53290323 85.53645161
182 85.53258065 85.02677419 86.03838710
183 86.03048387 85.52064516 86.54032258
184 86.52838710 86.01451613 87.04225806
185 87.02629032 86.50838710 87.54419355
186 87.52419355 87.00225806 88.04612903
187 88.02209677 87.49612903 88.54806452
188 88.52000000 87.99000000 89.05000000
189 89.04482759 88.51172414 89.57793103
190 89.56965517 89.03344828 90.10586207
191 90.09448276 89.55517241 90.63379310
192 90.61931034 90.07689655 91.16172414
193 91.14413793 90.59862069 91.68965517
194 91.66896552 91.12034483 92.21758621
195 92.19379310 91.64206897 92.74551724
196 92.71862069 92.16379310 93.27344828
197 93.24344828 92.68551724 93.80137931
198 93.76827586 93.20724138 94.32931034
199 94.29310345 93.72896552 94.85724138
200 94.81793103 94.25068966 95.38517241
201 95.34275862 94.77241379 95.91310345
202 95.86758621 95.29413793 96.44103448
203 96.39241379 95.81586207 96.96896552
204 96.91724138 96.33758621 97.49689655
205 97.44206897 96.85931034 98.02482759
206 97.96689655 97.38103448 98.55275862
207 98.49172414 97.90275862 99.08068966
208 99.01655172 98.42448276 99.60862069
209 99.54137931 98.94620690 100.13655172
210 100.06620690 99.46793103 100.66448276
211 100.59103448 99.98965517 101.19241379
212 101.11586207 100.51137931 101.72034483
213 101.64068966 101.03310345 102.24827586
214 102.16551724 101.55482759 102.77620690
215 102.69034483 102.07655172 103.30413793
216 103.21517241 102.59827586 103.83206897
217 103.74000000 103.12000000 104.36000000
218 104.23928571 103.61500000 104.86357143
219 104.73857143 104.11000000 105.36714286
220 105.23785714 104.60500000 105.87071429
221 105.73714286 105.10000000 106.37428571
222 106.23642857 105.59500000 106.87785714
223 106.73571429 106.09000000 107.38142857
224 107.23500000 106.58500000 107.88500000
225 107.73428571 107.08000000 108.38857143
226 108.23357143 107.57500000 108.89214286
227 108.73285714 108.07000000 109.39571429
228 109.23214286 108.56500000 109.89928571
229 109.73142857 109.06000000 110.40285714
230 110.23071429 109.55500000 110.90642857
231 110.73000000 110.05000000 111.41000000
232 111.22928571 110.54500000 111.91357143
233 111.72857143 111.04000000 112.41714286
234 112.22785714 111.53500000 112.92071429
235 112.72714286 112.03000000 113.42428571
236 113.22642857 112.52500000 113.92785714
237 113.72571429 113.02000000 114.43142857
238 114.22500000 113.51500000 114.93500000
239 114.72428571 114.01000000 115.43857143
240 115.22357143 114.50500000 115.94214286
241 115.72285714 115.00000000 116.44571429
242 116.22214286 115.49500000 116.94928571
243 116.72142857 115.99000000 117.45285714
244 117.22071429 116.48500000 117.95642857
245 117.72000000 116.98000000 118.46000000
246 118.22015152 117.47696970 118.96333333
247 118.72030303 117.97393939 119.46666667
248 119.22045455 118.47090909 119.97000000
249 119.72060606 118.96787879 120.47333333
250 120.22075758 119.46484848 120.97666667
251 120.72090909 119.96181818 121.48000000
252 121.22106061 120.45878788 121.98333333
253 121.72121212 120.95575758 122.48666667
254 122.22136364 121.45272727 122.99000000
255 122.72151515 121.94969697 123.49333333
256 123.22166667 122.44666667 123.99666667
257 123.72181818 122.94363636 124.50000000
258 124.22196970 123.44060606 125.00333333
259 124.72212121 123.93757576 125.50666667
260 125.22227273 124.43454545 126.01000000
261 125.72242424 124.93151515 126.51333333
262 126.22257576 125.42848485 127.01666667
263 126.72272727 125.92545455 127.52000000
264 127.22287879 126.42242424 128.02333333
265 127.72303030 126.91939394 128.52666667
266 128.22318182 127.41636364 129.03000000
267 128.72333333 127.91333333 129.53333333
268 129.22348485 128.41030303 130.03666667
269 129.72363636 128.90727273 130.54000000
270 130.22378788 129.40424242 131.04333333
271 130.72393939 129.90121212 131.54666667
272 131.22409091 130.39818182 132.05000000
273 131.72424242 130.89515152 132.55333333
274 132.22439394 131.39212121 133.05666667
275 132.72454545 131.88909091 133.56000000
276 133.22469697 132.38606061 134.06333333
277 133.72484848 132.88303030 134.56666667
278 134.22500000 133.38000000 135.07000000
279 134.72750000 133.87666667 135.57833333
280 135.23000000 134.37333333 136.08666667
281 135.73250000 134.87000000 136.59500000
282 136.23500000 135.36666667 137.10333333
283 136.73750000 135.86333333 137.61166667
284 137.24000000 136.36000000 138.12000000
285 137.74250000 136.85666667 138.62833333
286 138.24500000 137.35333333 139.13666667
287 138.74750000 137.85000000 139.64500000
288 139.25000000 138.34666667 140.15333333
289 139.75250000 138.84333333 140.66166667
290 140.25500000 139.34000000 141.17000000
291 140.75750000 139.83666667 141.67833333
292 141.26000000 140.33333333 142.18666667
293 141.76250000 140.83000000 142.69500000
294 142.26500000 141.32666667 143.20333333
295 142.76750000 141.82333333 143.71166667
296 143.27000000 142.32000000 144.22000000
297 143.77250000 142.81666667 144.72833333
298 144.27500000 143.31333333 145.23666667
299 144.77750000 143.81000000 145.74500000
300 145.28000000 144.30666667 146.25333333
301 145.78250000 144.80333333 146.76166667
302 146.28500000 145.30000000 147.27000000
303 146.78750000 145.79666667 147.77833333
304 147.29000000 146.29333333 148.28666667
305 147.79250000 146.79000000 148.79500000
306 148.29500000 147.28666667 149.30333333
307 148.79750000 147.78333333 149.81166667
308 149.30000000 148.28000000 150.32000000
309 149.80160714 148.77785714 150.82535714
310 150.30321429 149.27571429 151.33071429
311 150.80482143 149.77357143 151.83607143
312 151.30642857 150.27142857 152.34142857
313 151.80803571 150.76928571 152.84678571
314 152.30964286 151.26714286 153.35214286
315 152.81125000 151.76500000 153.85750000
316 153.31285714 152.26285714 154.36285714
317 153.81446429 152.76071429 154.86821429
318 154.31607143 153.25857143 155.37357143
319 154.81767857 153.75642857 155.87892857
320 155.31928571 154.25428571 156.38428571
321 155.82089286 154.75214286 156.88964286
322 156.32250000 155.25000000 157.39500000
323 156.82410714 155.74785714 157.90035714
324 157.32571429 156.24571429 158.40571429
325 157.82732143 156.74357143 158.91107143
326 158.32892857 157.24142857 159.41642857
327 158.83053571 157.73928571 159.92178571
328 159.33214286 158.23714286 160.42714286
329 159.83375000 158.73500000 160.93250000
330 160.33535714 159.23285714 161.43785714
331 160.83696429 159.73071429 161.94321429
332 161.33857143 160.22857143 162.44857143
333 161.84017857 160.72642857 162.95392857
334 162.34178571 161.22428571 163.45928571
335 162.84339286 161.72214286 163.96464286
336 163.34500000 162.22000000 164.47000000
337 163.84530303 162.71757576 164.97303030
338 164.34560606 163.21515152 165.47606061
339 164.84590909 163.71272727 165.97909091
340 165.34621212 164.21030303 166.48212121
341 165.84651515 164.70787879 166.98515152
342 166.34681818 165.20545455 167.48818182
343 166.84712121 165.70303030 167.99121212
344 167.34742424 166.20060606 168.49424242
345 167.84772727 166.69818182 168.99727273
346 168.34803030 167.19575758 169.50030303
347 168.84833333 167.69333333 170.00333333
348 169.34863636 168.19090909 170.50636364
349 169.84893939 168.68848485 171.00939394
350 170.34924242 169.18606061 171.51242424
351 170.84954545 169.68363636 172.01545455
352 171.34984848 170.18121212 172.51848485
353 171.85015152 170.67878788 173.02151515
354 172.35045455 171.17636364 173.52454545
355 172.85075758 171.67393939 174.02757576
356 173.35106061 172.17151515 174.53060606
357 173.85136364 172.66909091 175.03363636
358 174.35166667 173.16666667 175.53666667
359 174.85196970 173.66424242 176.03969697
360 175.35227273 174.16181818 176.54272727
361 175.85257576 174.65939394 177.04575758
362 176.35287879 175.15696970 177.54878788
363 176.85318182 175.65454545 178.05181818
364 177.35348485 176.15212121 178.55484848
365 177.85378788 176.64969697 179.05787879
366 178.35409091 177.14727273 179.56090909
367 178.85439394 177.64484848 180.06393939
368 179.35469697 178.14242424 180.56696970
369 179.85500000 178.64000000 181.07000000
370 180.34353261 179.12271739 181.56434783
371 180.83206522 179.60543478 182.05869565
372 181.32059783 180.08815217 182.55304348
373 181.80913043 180.57086957 183.04739130
374 182.29766304 181.05358696 183.54173913
375 182.78619565 181.53630435 184.03608696
376 183.27472826 182.01902174 184.53043478
377 183.76326087 182.50173913 185.02478261
378 184.25179348 182.98445652 185.51913043
379 184.74032609 183.46717391 186.01347826
380 185.22885870 183.94989130 186.50782609
381 185.71739130 184.43260870 187.00217391
382 186.20592391 184.91532609 187.49652174
383 186.69445652 185.39804348 187.99086957
384 187.18298913 185.88076087 188.48521739
385 187.67152174 186.36347826 188.97956522
386 188.16005435 186.84619565 189.47391304
387 188.64858696 187.32891304 189.96826087
388 189.13711957 187.81163043 190.46260870
389 189.62565217 188.29434783 190.95695652
390 190.11418478 188.77706522 191.45130435
391 190.60271739 189.25978261 191.94565217
392 191.09125000 189.74250000 192.44000000
393 191.57978261 190.22521739 192.93434783
394 192.06831522 190.70793478 193.42869565
395 192.55684783 191.19065217 193.92304348
396 193.04538043 191.67336957 194.41739130
397 193.53391304 192.15608696 194.91173913
398 194.02244565 192.63880435 195.40608696
399 194.51097826 193.12152174 195.90043478
400 194.99951087 193.60423913 196.39478261
401 195.48804348 194.08695652 196.88913043
402 195.97657609 194.56967391 197.38347826
403 196.46510870 195.05239130 197.87782609
404 196.95364130 195.53510870 198.37217391
405 197.44217391 196.01782609 198.86652174
406 197.93070652 196.50054348 199.36086957
407 198.41923913 196.98326087 199.85521739
408 198.90777174 197.46597826 200.34956522
409 199.39630435 197.94869565 200.84391304
410 199.88483696 198.43141304 201.33826087
411 200.37336957 198.91413043 201.83260870
412 200.86190217 199.39684783 202.32695652
413 201.35043478 199.87956522 202.82130435
414 201.83896739 200.36228261 203.31565217
415 202.32750000 200.84500000 203.81000000
416 202.81603261 201.32771739 204.30434783
417 203.30456522 201.81043478 204.79869565
418 203.79309783 202.29315217 205.29304348
419 204.28163043 202.77586957 205.78739130
420 204.77016304 203.25858696 206.28173913
421 205.25869565 203.74130435 206.77608696
422 205.74722826 204.22402174 207.27043478
423 206.23576087 204.70673913 207.76478261
424 206.72429348 205.18945652 208.25913043
425 207.21282609 205.67217391 208.75347826
426 207.70135870 206.15489130 209.24782609
427 208.18989130 206.63760870 209.74217391
428 208.67842391 207.12032609 210.23652174
429 209.16695652 207.60304348 210.73086957
430 209.65548913 208.08576087 211.22521739
431 210.14402174 208.56847826 211.71956522
432 210.63255435 209.05119565 212.21391304
433 211.12108696 209.53391304 212.70826087
434 211.60961957 210.01663043 213.20260870
435 212.09815217 210.49934783 213.69695652
436 212.58668478 210.98206522 214.19130435
437 213.07521739 211.46478261 214.68565217
438 213.56375000 211.94750000 215.18000000
439 214.05228261 212.43021739 215.67434783
440 214.54081522 212.91293478 216.16869565
441 215.02934783 213.39565217 216.66304348
442 215.51788043 213.87836957 217.15739130
443 216.00641304 214.36108696 217.65173913
444 216.49494565 214.84380435 218.14608696
445 216.98347826 215.32652174 218.64043478
446 217.47201087 215.80923913 219.13478261
447 217.96054348 216.29195652 219.62913043
448 218.44907609 216.77467391 220.12347826
449 218.93760870 217.25739130 220.61782609
450 219.42614130 217.74010870 221.11217391
451 219.91467391 218.22282609 221.60652174
452 220.40320652 218.70554348 222.10086957
453 220.89173913 219.18826087 222.59521739
454 221.38027174 219.67097826 223.08956522
455 221.86880435 220.15369565 223.58391304
456 222.35733696 220.63641304 224.07826087
457 222.84586957 221.11913043 224.57260870
458 223.33440217 221.60184783 225.06695652
459 223.82293478 222.08456522 225.56130435
460 224.31146739 222.56728261 226.05565217
461 224.80000000 223.05000000 226.55000000
462 225.28576087 223.53271739 227.03880435
463 225.77152174 224.01543478 227.52760870
464 226.25728261 224.49815217 228.01641304
465 226.74304348 224.98086957 228.50521739
466 227.22880435 225.46358696 228.99402174
467 227.71456522 225.94630435 229.48282609
468 228.20032609 226.42902174 229.97163043
469 228.68608696 226.91173913 230.46043478
470 229.17184783 227.39445652 230.94923913
471 229.65760870 227.87717391 231.43804348
472 230.14336957 228.35989130 231.92684783
473 230.62913043 228.84260870 232.41565217
474 231.11489130 229.32532609 232.90445652
475 231.60065217 229.80804348 233.39326087
476 232.08641304 230.29076087 233.88206522
477 232.57217391 230.77347826 234.37086957
478 233.05793478 231.25619565 234.85967391
479 233.54369565 231.73891304 235.34847826
480 234.02945652 232.22163043 235.83728261
481 234.51521739 232.70434783 236.32608696
482 235.00097826 233.18706522 236.81489130
483 235.48673913 233.66978261 237.30369565
484 235.97250000 234.15250000 237.79250000
485 236.45826087 234.63521739 238.28130435
486 236.94402174 235.11793478 238.77010870
487 237.42978261 235.60065217 239.25891304
488 237.91554348 236.08336957 239.74771739
489 238.40130435 236.56608696 240.23652174
490 238.88706522 237.04880435 240.72532609
491 239.37282609 237.53152174 241.21413043
492 239.85858696 238.01423913 241.70293478
493 240.34434783 238.49695652 242.19173913
494 240.83010870 238.97967391 242.68054348
495 241.31586957 239.46239130 243.16934783
496 241.80163043 239.94510870 243.65815217
497 242.28739130 240.42782609 244.14695652
498 242.77315217 240.91054348 244.63576087
499 243.25891304 241.39326087 245.12456522
500 243.74467391 241.87597826 245.61336957
501 244.23043478 242.35869565 246.10217391
502 244.71619565 242.84141304 246.59097826
503 245.20195652 243.32413043 247.07978261
504 245.68771739 243.80684783 247.56858696
505 246.17347826 244.28956522 248.05739130
506 246.65923913 244.77228261 248.54619565
507 247.14500000 245.25500000 249.03500000
508 247.63076087 245.73771739 249.52380435
509 248.11652174 246.22043478 250.01260870
510 248.60228261 246.70315217 250.50141304
511 249.08804348 247.18586957 250.99021739
512 249.57380435 247.66858696 251.47902174
513 250.05956522 248.15130435 251.96782609
514 250.54532609 248.63402174 252.45663043
515 251.03108696 249.11673913 252.94543478
516 251.51684783 249.59945652 253.43423913
517 252.00260870 250.08217391 253.92304348
518 252.48836957 250.56489130 254.41184783
519 252.97413043 251.04760870 254.90065217
520 253.45989130 251.53032609 255.38945652
521 253.94565217 252.01304348 255.87826087
522 254.43141304 252.49576087 256.36706522
523 254.91717391 252.97847826 256.85586957
524 255.40293478 253.46119565 257.34467391
525 255.88869565 253.94391304 257.83347826
526 256.37445652 254.42663043 258.32228261
527 256.86021739 254.90934783 258.81108696
528 257.34597826 255.39206522 259.29989130
529 257.83173913 255.87478261 259.78869565
530 258.31750000 256.35750000 260.27750000
531 258.80326087 256.84021739 260.76630435
532 259.28902174 257.32293478 261.25510870
533 259.77478261 257.80565217 261.74391304
534 260.26054348 258.28836957 262.23271739
535 260.74630435 258.77108696 262.72152174
536 261.23206522 259.25380435 263.21032609
537 261.71782609 259.73652174 263.69913043
538 262.20358696 260.21923913 264.18793478
539 262.68934783 260.70195652 264.67673913
540 263.17510870 261.18467391 265.16554348
541 263.66086957 261.66739130 265.65434783
542 264.14663043 262.15010870 266.14315217
543 264.63239130 262.63282609 266.63195652
544 265.11815217 263.11554348 267.12076087
545 265.60391304 263.59826087 267.60956522
546 266.08967391 264.08097826 268.09836957
547 266.57543478 264.56369565 268.58717391
548 267.06119565 265.04641304 269.07597826
549 267.54695652 265.52913043 269.56478261
550 268.03271739 266.01184783 270.05358696
551 268.51847826 266.49456522 270.54239130
552 269.00423913 266.97728261 271.03119565
553 269.49000000 267.46000000 271.52000000
554 269.95934066 267.92978022 271.98890110
555 270.42868132 268.39956044 272.45780220
556 270.89802198 268.86934066 272.92670330
557 271.36736264 269.33912088 273.39560440
558 271.83670330 269.80890110 273.86450549
559 272.30604396 270.27868132 274.33340659
560 272.77538462 270.74846154 274.80230769
561 273.24472527 271.21824176 275.27120879
562 273.71406593 271.68802198 275.74010989
563 274.18340659 272.15780220 276.20901099
564 274.65274725 272.62758242 276.67791209
565 275.12208791 273.09736264 277.14681319
566 275.59142857 273.56714286 277.61571429
567 276.06076923 274.03692308 278.08461538
568 276.53010989 274.50670330 278.55351648
569 276.99945055 274.97648352 279.02241758
570 277.46879121 275.44626374 279.49131868
571 277.93813187 275.91604396 279.96021978
572 278.40747253 276.38582418 280.42912088
573 278.87681319 276.85560440 280.89802198
574 279.34615385 277.32538462 281.36692308
575 279.81549451 277.79516484 281.83582418
576 280.28483516 278.26494505 282.30472527
577 280.75417582 278.73472527 282.77362637
578 281.22351648 279.20450549 283.24252747
579 281.69285714 279.67428571 283.71142857
580 282.16219780 280.14406593 284.18032967
581 282.63153846 280.61384615 284.64923077
582 283.10087912 281.08362637 285.11813187
583 283.57021978 281.55340659 285.58703297
584 284.03956044 282.02318681 286.05593407
585 284.50890110 282.49296703 286.52483516
586 284.97824176 282.96274725 286.99373626
587 285.44758242 283.43252747 287.46263736
588 285.91692308 283.90230769 287.93153846
589 286.38626374 284.37208791 288.40043956
590 286.85560440 284.84186813 288.86934066
591 287.32494505 285.31164835 289.33824176
592 287.79428571 285.78142857 289.80714286
593 288.26362637 286.25120879 290.27604396
594 288.73296703 286.72098901 290.74494505
595 289.20230769 287.19076923 291.21384615
596 289.67164835 287.66054945 291.68274725
597 290.14098901 288.13032967 292.15164835
598 290.61032967 288.60010989 292.62054945
599 291.07967033 289.06989011 293.08945055
600 291.54901099 289.53967033 293.55835165
601 292.01835165 290.00945055 294.02725275
602 292.48769231 290.47923077 294.49615385
603 292.95703297 290.94901099 294.96505495
604 293.42637363 291.41879121 295.43395604
605 293.89571429 291.88857143 295.90285714
606 294.36505495 292.35835165 296.37175824
607 294.83439560 292.82813187 296.84065934
608 295.30373626 293.29791209 297.30956044
609 295.77307692 293.76769231 297.77846154
610 296.24241758 294.23747253 298.24736264
611 296.71175824 294.70725275 298.71626374
612 297.18109890 295.17703297 299.18516484
613 297.65043956 295.64681319 299.65406593
614 298.11978022 296.11659341 300.12296703
615 298.58912088 296.58637363 300.59186813
616 299.05846154 297.05615385 301.06076923
617 299.52780220 297.52593407 301.52967033
618 299.99714286 297.99571429 301.99857143
619 300.46648352 298.46549451 302.46747253
620 300.93582418 298.93527473 302.93637363
621 301.40516484 299.40505495 303.40527473
622 301.87450549 299.87483516 303.87417582
623 302.34384615 300.34461538 304.34307692
624 302.81318681 300.81439560 304.81197802
625 303.28252747 301.28417582 305.28087912
626 303.75186813 301.75395604 305.74978022
627 304.22120879 302.22373626 306.21868132
628 304.69054945 302.69351648 306.68758242
629 305.15989011 303.16329670 307.15648352
630 305.62923077 303.63307692 307.62538462
631 306.09857143 304.10285714 308.09428571
632 306.56791209 304.57263736 308.56318681
633 307.03725275 305.04241758 309.03208791
634 307.50659341 305.51219780 309.50098901
635 307.97593407 305.98197802 309.96989011
636 308.44527473 306.45175824 310.43879121
637 308.91461538 306.92153846 310.90769231
638 309.38395604 307.39131868 311.37659341
639 309.85329670 307.86109890 311.84549451
640 310.32263736 308.33087912 312.31439560
641 310.79197802 308.80065934 312.78329670
642 311.26131868 309.27043956 313.25219780
643 311.73065934 309.74021978 313.72109890
644 312.20000000 310.21000000 314.19000000
645 312.66598901 310.66494505 314.66703297
646 313.13197802 311.11989011 315.14406593
647 313.59796703 311.57483516 315.62109890
648 314.06395604 312.02978022 316.09813187
649 314.52994505 312.48472527 316.57516484
650 314.99593407 312.93967033 317.05219780
651 315.46192308 313.39461538 317.52923077
652 315.92791209 313.84956044 318.00626374
653 316.39390110 314.30450549 318.48329670
654 316.85989011 314.75945055 318.96032967
655 317.32587912 315.21439560 319.43736264
656 317.79186813 315.66934066 319.91439560
657 318.25785714 316.12428571 320.39142857
658 318.72384615 316.57923077 320.86846154
659 319.18983516 317.03417582 321.34549451
660 319.65582418 317.48912088 321.82252747
661 320.12181319 317.94406593 322.29956044
662 320.58780220 318.39901099 322.77659341
663 321.05379121 318.85395604 323.25362637
664 321.51978022 319.30890110 323.73065934
665 321.98576923 319.76384615 324.20769231
666 322.45175824 320.21879121 324.68472527
667 322.91774725 320.67373626 325.16175824
668 323.38373626 321.12868132 325.63879121
669 323.84972527 321.58362637 326.11582418
670 324.31571429 322.03857143 326.59285714
671 324.78170330 322.49351648 327.06989011
672 325.24769231 322.94846154 327.54692308
673 325.71368132 323.40340659 328.02395604
674 326.17967033 323.85835165 328.50098901
675 326.64565934 324.31329670 328.97802198
676 327.11164835 324.76824176 329.45505495
677 327.57763736 325.22318681 329.93208791
678 328.04362637 325.67813187 330.40912088
679 328.50961538 326.13307692 330.88615385
680 328.97560440 326.58802198 331.36318681
681 329.44159341 327.04296703 331.84021978
682 329.90758242 327.49791209 332.31725275
683 330.37357143 327.95285714 332.79428571
684 330.83956044 328.40780220 333.27131868
685 331.30554945 328.86274725 333.74835165
686 331.77153846 329.31769231 334.22538462
687 332.23752747 329.77263736 334.70241758
688 332.70351648 330.22758242 335.17945055
689 333.16950549 330.68252747 335.65648352
690 333.63549451 331.13747253 336.13351648
691 334.10148352 331.59241758 336.61054945
692 334.56747253 332.04736264 337.08758242
693 335.03346154 332.50230769 337.56461538
694 335.49945055 332.95725275 338.04164835
695 335.96543956 333.41219780 338.51868132
696 336.43142857 333.86714286 338.99571429
697 336.89741758 334.32208791 339.47274725
698 337.36340659 334.77703297 339.94978022
699 337.82939560 335.23197802 340.42681319
700 338.29538462 335.68692308 340.90384615
701 338.76137363 336.14186813 341.38087912
702 339.22736264 336.59681319 341.85791209
703 339.69335165 337.05175824 342.33494505
704 340.15934066 337.50670330 342.81197802
705 340.62532967 337.96164835 343.28901099
706 341.09131868 338.41659341 343.76604396
707 341.55730769 338.87153846 344.24307692
708 342.02329670 339.32648352 344.72010989
709 342.48928571 339.78142857 345.19714286
710 342.95527473 340.23637363 345.67417582
711 343.42126374 340.69131868 346.15120879
712 343.88725275 341.14626374 346.62824176
713 344.35324176 341.60120879 347.10527473
714 344.81923077 342.05615385 347.58230769
715 345.28521978 342.51109890 348.05934066
716 345.75120879 342.96604396 348.53637363
717 346.21719780 343.42098901 349.01340659
718 346.68318681 343.87593407 349.49043956
719 347.14917582 344.33087912 349.96747253
720 347.61516484 344.78582418 350.44450549
721 348.08115385 345.24076923 350.92153846
722 348.54714286 345.69571429 351.39857143
723 349.01313187 346.15065934 351.87560440
724 349.47912088 346.60560440 352.35263736
725 349.94510989 347.06054945 352.82967033
726 350.41109890 347.51549451 353.30670330
727 350.87708791 347.97043956 353.78373626
728 351.34307692 348.42538462 354.26076923
729 351.80906593 348.88032967 354.73780220
730 352.27505495 349.33527473 355.21483516
731 352.74104396 349.79021978 355.69186813
732 353.20703297 350.24516484 356.16890110
733 353.67302198 350.70010989 356.64593407
734 354.13901099 351.15505495 357.12296703
735 354.60500000 351.61000000 357.60000000
736 355.04023352 352.04263736 358.03782967
737 355.47546703 352.47527473 358.47565934
738 355.91070055 352.90791209 358.91348901
739 356.34593407 353.34054945 359.35131868
740 356.78116758 353.77318681 359.78914835
741 357.21640110 354.20582418 360.22697802
742 357.65163462 354.63846154 360.66480769
743 358.08686813 355.07109890 361.10263736
744 358.52210165 355.50373626 361.54046703
745 358.95733516 355.93637363 361.97829670
746 359.39256868 356.36901099 362.41612637
747 359.82780220 356.80164835 362.85395604
748 360.26303571 357.23428571 363.29178571
749 360.69826923 357.66692308 363.72961538
750 361.13350275 358.09956044 364.16744505
751 361.56873626 358.53219780 364.60527473
752 362.00396978 358.96483516 365.04310440
753 362.43920330 359.39747253 365.48093407
754 362.87443681 359.83010989 365.91876374
755 363.30967033 360.26274725 366.35659341
756 363.74490385 360.69538462 366.79442308
757 364.18013736 361.12802198 367.23225275
758 364.61537088 361.56065934 367.67008242
759 365.05060440 361.99329670 368.10791209
760 365.48583791 362.42593407 368.54574176
761 365.92107143 362.85857143 368.98357143
762 366.35630495 363.29120879 369.42140110
763 366.79153846 363.72384615 369.85923077
764 367.22677198 364.15648352 370.29706044
765 367.66200549 364.58912088 370.73489011
766 368.09723901 365.02175824 371.17271978
767 368.53247253 365.45439560 371.61054945
768 368.96770604 365.88703297 372.04837912
769 369.40293956 366.31967033 372.48620879
770 369.83817308 366.75230769 372.92403846
771 370.27340659 367.18494505 373.36186813
772 370.70864011 367.61758242 373.79969780
773 371.14387363 368.05021978 374.23752747
774 371.57910714 368.48285714 374.67535714
775 372.01434066 368.91549451 375.11318681
776 372.44957418 369.34813187 375.55101648
777 372.88480769 369.78076923 375.98884615
778 373.32004121 370.21340659 376.42667582
779 373.75527473 370.64604396 376.86450549
780 374.19050824 371.07868132 377.30233516
781 374.62574176 371.51131868 377.74016484
782 375.06097527 371.94395604 378.17799451
783 375.49620879 372.37659341 378.61582418
784 375.93144231 372.80923077 379.05365385
785 376.36667582 373.24186813 379.49148352
786 376.80190934 373.67450549 379.92931319
787 377.23714286 374.10714286 380.36714286
788 377.67237637 374.53978022 380.80497253
789 378.10760989 374.97241758 381.24280220
790 378.54284341 375.40505495 381.68063187
791 378.97807692 375.83769231 382.11846154
792 379.41331044 376.27032967 382.55629121
793 379.84854396 376.70296703 382.99412088
794 380.28377747 377.13560440 383.43195055
795 380.71901099 377.56824176 383.86978022
796 381.15424451 378.00087912 384.30760989
797 381.58947802 378.43351648 384.74543956
798 382.02471154 378.86615385 385.18326923
799 382.45994505 379.29879121 385.62109890
800 382.89517857 379.73142857 386.05892857
801 383.33041209 380.16406593 386.49675824
802 383.76564560 380.59670330 386.93458791
803 384.20087912 381.02934066 387.37241758
804 384.63611264 381.46197802 387.81024725
805 385.07134615 381.89461538 388.24807692
806 385.50657967 382.32725275 388.68590659
807 385.94181319 382.75989011 389.12373626
808 386.37704670 383.19252747 389.56156593
809 386.81228022 383.62516484 389.99939560
810 387.24751374 384.05780220 390.43722527
811 387.68274725 384.49043956 390.87505495
812 388.11798077 384.92307692 391.31288462
813 388.55321429 385.35571429 391.75071429
814 388.98844780 385.78835165 392.18854396
815 389.42368132 386.22098901 392.62637363
816 389.85891484 386.65362637 393.06420330
817 390.29414835 387.08626374 393.50203297
818 390.72938187 387.51890110 393.93986264
819 391.16461538 387.95153846 394.37769231
820 391.59984890 388.38417582 394.81552198
821 392.03508242 388.81681319 395.25335165
822 392.47031593 389.24945055 395.69118132
823 392.90554945 389.68208791 396.12901099
824 393.34078297 390.11472527 396.56684066
825 393.77601648 390.54736264 397.00467033
826 394.21125000 390.98000000 397.44250000
827 394.64648352 391.41263736 397.88032967
828 395.08171703 391.84527473 398.31815934
829 395.51695055 392.27791209 398.75598901
830 395.95218407 392.71054945 399.19381868
831 396.38741758 393.14318681 399.63164835
832 396.82265110 393.57582418 400.06947802
833 397.25788462 394.00846154 400.50730769
834 397.69311813 394.44109890 400.94513736
835 398.12835165 394.87373626 401.38296703
836 398.56358516 395.30637363 401.82079670
837 398.99881868 395.73901099 402.25862637
838 399.43405220 396.17164835 402.69645604
839 399.86928571 396.60428571 403.13428571
840 400.30451923 397.03692308 403.57211538
841 400.73975275 397.46956044 404.00994505
842 401.17498626 397.90219780 404.44777473
843 401.61021978 398.33483516 404.88560440
844 402.04545330 398.76747253 405.32343407
845 402.48068681 399.20010989 405.76126374
846 402.91592033 399.63274725 406.19909341
847 403.35115385 400.06538462 406.63692308
848 403.78638736 400.49802198 407.07475275
849 404.22162088 400.93065934 407.51258242
850 404.65685440 401.36329670 407.95041209
851 405.09208791 401.79593407 408.38824176
852 405.52732143 402.22857143 408.82607143
853 405.96255495 402.66120879 409.26390110
854 406.39778846 403.09384615 409.70173077
855 406.83302198 403.52648352 410.13956044
856 407.26825549 403.95912088 410.57739011
857 407.70348901 404.39175824 411.01521978
858 408.13872253 404.82439560 411.45304945
859 408.57395604 405.25703297 411.89087912
860 409.00918956 405.68967033 412.32870879
861 409.44442308 406.12230769 412.76653846
862 409.87965659 406.55494505 413.20436813
863 410.31489011 406.98758242 413.64219780
864 410.75012363 407.42021978 414.08002747
865 411.18535714 407.85285714 414.51785714
866 411.62059066 408.28549451 414.95568681
867 412.05582418 408.71813187 415.39351648
868 412.49105769 409.15076923 415.83134615
869 412.92629121 409.58340659 416.26917582
870 413.36152473 410.01604396 416.70700549
871 413.79675824 410.44868132 417.14483516
872 414.23199176 410.88131868 417.58266484
873 414.66722527 411.31395604 418.02049451
874 415.10245879 411.74659341 418.45832418
875 415.53769231 412.17923077 418.89615385
876 415.97292582 412.61186813 419.33398352
877 416.40815934 413.04450549 419.77181319
878 416.84339286 413.47714286 420.20964286
879 417.27862637 413.90978022 420.64747253
880 417.71385989 414.34241758 421.08530220
881 418.14909341 414.77505495 421.52313187
882 418.58432692 415.20769231 421.96096154
883 419.01956044 415.64032967 422.39879121
884 419.45479396 416.07296703 422.83662088
885 419.89002747 416.50560440 423.27445055
886 420.32526099 416.93824176 423.71228022
887 420.76049451 417.37087912 424.15010989
888 421.19572802 417.80351648 424.58793956
889 421.63096154 418.23615385 425.02576923
890 422.06619505 418.66879121 425.46359890
891 422.50142857 419.10142857 425.90142857
892 422.93666209 419.53406593 426.33925824
893 423.37189560 419.96670330 426.77708791
894 423.80712912 420.39934066 427.21491758
895 424.24236264 420.83197802 427.65274725
896 424.67759615 421.26461538 428.09057692
897 425.11282967 421.69725275 428.52840659
898 425.54806319 422.12989011 428.96623626
899 425.98329670 422.56252747 429.40406593
900 426.41853022 422.99516484 429.84189560
901 426.85376374 423.42780220 430.27972527
902 427.28899725 423.86043956 430.71755495
903 427.72423077 424.29307692 431.15538462
904 428.15946429 424.72571429 431.59321429
905 428.59469780 425.15835165 432.03104396
906 429.02993132 425.59098901 432.46887363
907 429.46516484 426.02362637 432.90670330
908 429.90039835 426.45626374 433.34453297
909 430.33563187 426.88890110 433.78236264
910 430.77086538 427.32153846 434.22019231
911 431.20609890 427.75417582 434.65802198
912 431.64133242 428.18681319 435.09585165
913 432.07656593 428.61945055 435.53368132
914 432.51179945 429.05208791 435.97151099
915 432.94703297 429.48472527 436.40934066
916 433.38226648 429.91736264 436.84717033
917 433.81750000 430.35000000 437.28500000
918 434.25273352 430.78263736 437.72282967
919 434.68796703 431.21527473 438.16065934
920 435.12320055 431.64791209 438.59848901
921 435.55843407 432.08054945 439.03631868
922 435.99366758 432.51318681 439.47414835
923 436.42890110 432.94582418 439.91197802
924 436.86413462 433.37846154 440.34980769
925 437.29936813 433.81109890 440.78763736
926 437.73460165 434.24373626 441.22546703
927 438.16983516 434.67637363 441.66329670
928 438.60506868 435.10901099 442.10112637
929 439.04030220 435.54164835 442.53895604
930 439.47553571 435.97428571 442.97678571
931 439.91076923 436.40692308 443.41461538
932 440.34600275 436.83956044 443.85244505
933 440.78123626 437.27219780 444.29027473
934 441.21646978 437.70483516 444.72810440
935 441.65170330 438.13747253 445.16593407
936 442.08693681 438.57010989 445.60376374
937 442.52217033 439.00274725 446.04159341
938 442.95740385 439.43538462 446.47942308
939 443.39263736 439.86802198 446.91725275
940 443.82787088 440.30065934 447.35508242
941 444.26310440 440.73329670 447.79291209
942 444.69833791 441.16593407 448.23074176
943 445.13357143 441.59857143 448.66857143
944 445.56880495 442.03120879 449.10640110
945 446.00403846 442.46384615 449.54423077
946 446.43927198 442.89648352 449.98206044
947 446.87450549 443.32912088 450.41989011
948 447.30973901 443.76175824 450.85771978
949 447.74497253 444.19439560 451.29554945
950 448.18020604 444.62703297 451.73337912
951 448.61543956 445.05967033 452.17120879
952 449.05067308 445.49230769 452.60903846
953 449.48590659 445.92494505 453.04686813
954 449.92114011 446.35758242 453.48469780
955 450.35637363 446.79021978 453.92252747
956 450.79160714 447.22285714 454.36035714
957 451.22684066 447.65549451 454.79818681
958 451.66207418 448.08813187 455.23601648
959 452.09730769 448.52076923 455.67384615
960 452.53254121 448.95340659 456.11167582
961 452.96777473 449.38604396 456.54950549
962 453.40300824 449.81868132 456.98733516
963 453.83824176 450.25131868 457.42516484
964 454.27347527 450.68395604 457.86299451
965 454.70870879 451.11659341 458.30082418
966 455.14394231 451.54923077 458.73865385
967 455.57917582 451.98186813 459.17648352
968 456.01440934 452.41450549 459.61431319
969 456.44964286 452.84714286 460.05214286
970 456.88487637 453.27978022 460.48997253
971 457.32010989 453.71241758 460.92780220
972 457.75534341 454.14505495 461.36563187
973 458.19057692 454.57769231 461.80346154
974 458.62581044 455.01032967 462.24129121
975 459.06104396 455.44296703 462.67912088
976 459.49627747 455.87560440 463.11695055
977 459.93151099 456.30824176 463.55478022
978 460.36674451 456.74087912 463.99260989
979 460.80197802 457.17351648 464.43043956
980 461.23721154 457.60615385 464.86826923
981 461.67244505 458.03879121 465.30609890
982 462.10767857 458.47142857 465.74392857
983 462.54291209 458.90406593 466.18175824
984 462.97814560 459.33670330 466.61958791
985 463.41337912 459.76934066 467.05741758
986 463.84861264 460.20197802 467.49524725
987 464.28384615 460.63461538 467.93307692
988 464.71907967 461.06725275 468.37090659
989 465.15431319 461.49989011 468.80873626
990 465.58954670 461.93252747 469.24656593
991 466.02478022 462.36516484 469.68439560
992 466.46001374 462.79780220 470.12222527
993 466.89524725 463.23043956 470.56005495
994 467.33048077 463.66307692 470.99788462
995 467.76571429 464.09571429 471.43571429
996 468.20094780 464.52835165 471.87354396
997 468.63618132 464.96098901 472.31137363
998 469.07141484 465.39362637 472.74920330
999 469.50664835 465.82626374 473.18703297
1000 469.94188187 466.25890110 473.62486264
1001 470.37711538 466.69153846 474.06269231
1002 470.81234890 467.12417582 474.50052198
1003 471.24758242 467.55681319 474.93835165
1004 471.68281593 467.98945055 475.37618132
1005 472.11804945 468.42208791 475.81401099
1006 472.55328297 468.85472527 476.25184066
1007 472.98851648 469.28736264 476.68967033
1008 473.42375000 469.72000000 477.12750000
1009 473.85898352 470.15263736 477.56532967
1010 474.29421703 470.58527473 478.00315934
1011 474.72945055 471.01791209 478.44098901
1012 475.16468407 471.45054945 478.87881868
1013 475.59991758 471.88318681 479.31664835
1014 476.03515110 472.31582418 479.75447802
1015 476.47038462 472.74846154 480.19230769
1016 476.90561813 473.18109890 480.63013736
1017 477.34085165 473.61373626 481.06796703
1018 477.77608516 474.04637363 481.50579670
1019 478.21131868 474.47901099 481.94362637
1020 478.64655220 474.91164835 482.38145604
1021 479.08178571 475.34428571 482.81928571
1022 479.51701923 475.77692308 483.25711538
1023 479.95225275 476.20956044 483.69494505
1024 480.38748626 476.64219780 484.13277473
1025 480.82271978 477.07483516 484.57060440
1026 481.25795330 477.50747253 485.00843407
1027 481.69318681 477.94010989 485.44626374
1028 482.12842033 478.37274725 485.88409341
1029 482.56365385 478.80538462 486.32192308
1030 482.99888736 479.23802198 486.75975275
1031 483.43412088 479.67065934 487.19758242
1032 483.86935440 480.10329670 487.63541209
1033 484.30458791 480.53593407 488.07324176
1034 484.73982143 480.96857143 488.51107143
1035 485.17505495 481.40120879 488.94890110
1036 485.61028846 481.83384615 489.38673077
1037 486.04552198 482.26648352 489.82456044
1038 486.48075549 482.69912088 490.26239011
1039 486.91598901 483.13175824 490.70021978
1040 487.35122253 483.56439560 491.13804945
1041 487.78645604 483.99703297 491.57587912
1042 488.22168956 484.42967033 492.01370879
1043 488.65692308 484.86230769 492.45153846
1044 489.09215659 485.29494505 492.88936813
1045 489.52739011 485.72758242 493.32719780
1046 489.96262363 486.16021978 493.76502747
1047 490.39785714 486.59285714 494.20285714
1048 490.83309066 487.02549451 494.64068681
1049 491.26832418 487.45813187 495.07851648
1050 491.70355769 487.89076923 495.51634615
1051 492.13879121 488.32340659 495.95417582
1052 492.57402473 488.75604396 496.39200549
1053 493.00925824 489.18868132 496.82983516
1054 493.44449176 489.62131868 497.26766484
1055 493.87972527 490.05395604 497.70549451
1056 494.31495879 490.48659341 498.14332418
1057 494.75019231 490.91923077 498.58115385
1058 495.18542582 491.35186813 499.01898352
1059 495.62065934 491.78450549 499.45681319
1060 496.05589286 492.21714286 499.89464286
1061 496.49112637 492.64978022 500.33247253
1062 496.92635989 493.08241758 500.77030220
1063 497.36159341 493.51505495 501.20813187
1064 497.79682692 493.94769231 501.64596154
1065 498.23206044 494.38032967 502.08379121
1066 498.66729396 494.81296703 502.52162088
1067 499.10252747 495.24560440 502.95945055
1068 499.53776099 495.67824176 503.39728022
1069 499.97299451 496.11087912 503.83510989
1070 500.40822802 496.54351648 504.27293956
1071 500.84346154 496.97615385 504.71076923
1072 501.27869505 497.40879121 505.14859890
1073 501.71392857 497.84142857 505.58642857
1074 502.14916209 498.27406593 506.02425824
1075 502.58439560 498.70670330 506.46208791
1076 503.01962912 499.13934066 506.89991758
1077 503.45486264 499.57197802 507.33774725
1078 503.89009615 500.00461538 507.77557692
1079 504.32532967 500.43725275 508.21340659
1080 504.76056319 500.86989011 508.65123626
1081 505.19579670 501.30252747 509.08906593
1082 505.63103022 501.73516484 509.52689560
1083 506.06626374 502.16780220 509.96472527
1084 506.50149725 502.60043956 510.40255495
1085 506.93673077 503.03307692 510.84038462
1086 507.37196429 503.46571429 511.27821429
1087 507.80719780 503.89835165 511.71604396
1088 508.24243132 504.33098901 512.15387363
1089 508.67766484 504.76362637 512.59170330
1090 509.11289835 505.19626374 513.02953297
1091 509.54813187 505.62890110 513.46736264
1092 509.98336538 506.06153846 513.90519231
1093 510.41859890 506.49417582 514.34302198
1094 510.85383242 506.92681319 514.78085165
1095 511.28906593 507.35945055 515.21868132
1096 511.72429945 507.79208791 515.65651099
1097 512.15953297 508.22472527 516.09434066
1098 512.59476648 508.65736264 516.53217033
1099 513.03000000 509.09000000 516.97000000
1100 513.44233516 509.49972527 517.38494505
1101 513.85467033 509.90945055 517.79989011
1102 514.26700549 510.31917582 518.21483516
1103 514.67934066 510.72890110 518.62978022
1104 515.09167582 511.13862637 519.04472527
1105 515.50401099 511.54835165 519.45967033
1106 515.91634615 511.95807692 519.87461538
1107 516.32868132 512.36780220 520.28956044
1108 516.74101648 512.77752747 520.70450549
1109 517.15335165 513.18725275 521.11945055
1110 517.56568681 513.59697802 521.53439560
1111 517.97802198 514.00670330 521.94934066
1112 518.39035714 514.41642857 522.36428571
1113 518.80269231 514.82615385 522.77923077
1114 519.21502747 515.23587912 523.19417582
1115 519.62736264 515.64560440 523.60912088
1116 520.03969780 516.05532967 524.02406593
1117 520.45203297 516.46505495 524.43901099
1118 520.86436813 516.87478022 524.85395604
1119 521.27670330 517.28450549 525.26890110
1120 521.68903846 517.69423077 525.68384615
1121 522.10137363 518.10395604 526.09879121
1122 522.51370879 518.51368132 526.51373626
1123 522.92604396 518.92340659 526.92868132
1124 523.33837912 519.33313187 527.34362637
1125 523.75071429 519.74285714 527.75857143
1126 524.16304945 520.15258242 528.17351648
1127 524.57538462 520.56230769 528.58846154
1128 524.98771978 520.97203297 529.00340659
1129 525.40005495 521.38175824 529.41835165
1130 525.81239011 521.79148352 529.83329670
1131 526.22472527 522.20120879 530.24824176
1132 526.63706044 522.61093407 530.66318681
1133 527.04939560 523.02065934 531.07813187
1134 527.46173077 523.43038462 531.49307692
1135 527.87406593 523.84010989 531.90802198
1136 528.28640110 524.24983516 532.32296703
1137 528.69873626 524.65956044 532.73791209
1138 529.11107143 525.06928571 533.15285714
1139 529.52340659 525.47901099 533.56780220
1140 529.93574176 525.88873626 533.98274725
1141 530.34807692 526.29846154 534.39769231
1142 530.76041209 526.70818681 534.81263736
1143 531.17274725 527.11791209 535.22758242
1144 531.58508242 527.52763736 535.64252747
1145 531.99741758 527.93736264 536.05747253
1146 532.40975275 528.34708791 536.47241758
1147 532.82208791 528.75681319 536.88736264
1148 533.23442308 529.16653846 537.30230769
1149 533.64675824 529.57626374 537.71725275
1150 534.05909341 529.98598901 538.13219780
1151 534.47142857 530.39571429 538.54714286
1152 534.88376374 530.80543956 538.96208791
1153 535.29609890 531.21516484 539.37703297
1154 535.70843407 531.62489011 539.79197802
1155 536.12076923 532.03461538 540.20692308
1156 536.53310440 532.44434066 540.62186813
1157 536.94543956 532.85406593 541.03681319
1158 537.35777473 533.26379121 541.45175824
1159 537.77010989 533.67351648 541.86670330
1160 538.18244505 534.08324176 542.28164835
1161 538.59478022 534.49296703 542.69659341
1162 539.00711538 534.90269231 543.11153846
1163 539.41945055 535.31241758 543.52648352
1164 539.83178571 535.72214286 543.94142857
1165 540.24412088 536.13186813 544.35637363
1166 540.65645604 536.54159341 544.77131868
1167 541.06879121 536.95131868 545.18626374
1168 541.48112637 537.36104396 545.60120879
1169 541.89346154 537.77076923 546.01615385
1170 542.30579670 538.18049451 546.43109890
1171 542.71813187 538.59021978 546.84604396
1172 543.13046703 538.99994505 547.26098901
1173 543.54280220 539.40967033 547.67593407
1174 543.95513736 539.81939560 548.09087912
1175 544.36747253 540.22912088 548.50582418
1176 544.77980769 540.63884615 548.92076923
1177 545.19214286 541.04857143 549.33571429
1178 545.60447802 541.45829670 549.75065934
1179 546.01681319 541.86802198 550.16560440
1180 546.42914835 542.27774725 550.58054945
1181 546.84148352 542.68747253 550.99549451
1182 547.25381868 543.09719780 551.41043956
1183 547.66615385 543.50692308 551.82538462
1184 548.07848901 543.91664835 552.24032967
1185 548.49082418 544.32637363 552.65527473
1186 548.90315934 544.73609890 553.07021978
1187 549.31549451 545.14582418 553.48516484
1188 549.72782967 545.55554945 553.90010989
1189 550.14016484 545.96527473 554.31505495
1190 550.55250000 546.37500000 554.73000000
1191 550.96483516 546.78472527 555.14494505
1192 551.37717033 547.19445055 555.55989011
1193 551.78950549 547.60417582 555.97483516
1194 552.20184066 548.01390110 556.38978022
1195 552.61417582 548.42362637 556.80472527
1196 553.02651099 548.83335165 557.21967033
1197 553.43884615 549.24307692 557.63461538
1198 553.85118132 549.65280220 558.04956044
1199 554.26351648 550.06252747 558.46450549
1200 554.67585165 550.47225275 558.87945055
1201 555.08818681 550.88197802 559.29439560
1202 555.50052198 551.29170330 559.70934066
1203 555.91285714 551.70142857 560.12428571
1204 556.32519231 552.11115385 560.53923077
1205 556.73752747 552.52087912 560.95417582
1206 557.14986264 552.93060440 561.36912088
1207 557.56219780 553.34032967 561.78406593
1208 557.97453297 553.75005495 562.19901099
1209 558.38686813 554.15978022 562.61395604
1210 558.79920330 554.56950549 563.02890110
1211 559.21153846 554.97923077 563.44384615
1212 559.62387363 555.38895604 563.85879121
1213 560.03620879 555.79868132 564.27373626
1214 560.44854396 556.20840659 564.68868132
1215 560.86087912 556.61813187 565.10362637
1216 561.27321429 557.02785714 565.51857143
1217 561.68554945 557.43758242 565.93351648
1218 562.09788462 557.84730769 566.34846154
1219 562.51021978 558.25703297 566.76340659
1220 562.92255495 558.66675824 567.17835165
1221 563.33489011 559.07648352 567.59329670
1222 563.74722527 559.48620879 568.00824176
1223 564.15956044 559.89593407 568.42318681
1224 564.57189560 560.30565934 568.83813187
1225 564.98423077 560.71538462 569.25307692
1226 565.39656593 561.12510989 569.66802198
1227 565.80890110 561.53483516 570.08296703
1228 566.22123626 561.94456044 570.49791209
1229 566.63357143 562.35428571 570.91285714
1230 567.04590659 562.76401099 571.32780220
1231 567.45824176 563.17373626 571.74274725
1232 567.87057692 563.58346154 572.15769231
1233 568.28291209 563.99318681 572.57263736
1234 568.69524725 564.40291209 572.98758242
1235 569.10758242 564.81263736 573.40252747
1236 569.51991758 565.22236264 573.81747253
1237 569.93225275 565.63208791 574.23241758
1238 570.34458791 566.04181319 574.64736264
1239 570.75692308 566.45153846 575.06230769
1240 571.16925824 566.86126374 575.47725275
1241 571.58159341 567.27098901 575.89219780
1242 571.99392857 567.68071429 576.30714286
1243 572.40626374 568.09043956 576.72208791
1244 572.81859890 568.50016484 577.13703297
1245 573.23093407 568.90989011 577.55197802
1246 573.64326923 569.31961538 577.96692308
1247 574.05560440 569.72934066 578.38186813
1248 574.46793956 570.13906593 578.79681319
1249 574.88027473 570.54879121 579.21175824
1250 575.29260989 570.95851648 579.62670330
1251 575.70494505 571.36824176 580.04164835
1252 576.11728022 571.77796703 580.45659341
1253 576.52961538 572.18769231 580.87153846
1254 576.94195055 572.59741758 581.28648352
1255 577.35428571 573.00714286 581.70142857
1256 577.76662088 573.41686813 582.11637363
1257 578.17895604 573.82659341 582.53131868
1258 578.59129121 574.23631868 582.94626374
1259 579.00362637 574.64604396 583.36120879
1260 579.41596154 575.05576923 583.77615385
1261 579.82829670 575.46549451 584.19109890
1262 580.24063187 575.87521978 584.60604396
1263 580.65296703 576.28494505 585.02098901
1264 581.06530220 576.69467033 585.43593407
1265 581.47763736 577.10439560 585.85087912
1266 581.88997253 577.51412088 586.26582418
1267 582.30230769 577.92384615 586.68076923
1268 582.71464286 578.33357143 587.09571429
1269 583.12697802 578.74329670 587.51065934
1270 583.53931319 579.15302198 587.92560440
1271 583.95164835 579.56274725 588.34054945
1272 584.36398352 579.97247253 588.75549451
1273 584.77631868 580.38219780 589.17043956
1274 585.18865385 580.79192308 589.58538462
1275 585.60098901 581.20164835 590.00032967
1276 586.01332418 581.61137363 590.41527473
1277 586.42565934 582.02109890 590.83021978
1278 586.83799451 582.43082418 591.24516484
1279 587.25032967 582.84054945 591.66010989
1280 587.66266484 583.25027473 592.07505495
1281 588.07500000 583.66000000 592.49000000
1282 588.48733516 584.06972527 592.90494505
1283 588.89967033 584.47945055 593.31989011
1284 589.31200549 584.88917582 593.73483516
1285 589.72434066 585.29890110 594.14978022
1286 590.13667582 585.70862637 594.56472527
1287 590.54901099 586.11835165 594.97967033
1288 590.96134615 586.52807692 595.39461538
1289 591.37368132 586.93780220 595.80956044
1290 591.78601648 587.34752747 596.22450549
1291 592.19835165 587.75725275 596.63945055
1292 592.61068681 588.16697802 597.05439560
1293 593.02302198 588.57670330 597.46934066
1294 593.43535714 588.98642857 597.88428571
1295 593.84769231 589.39615385 598.29923077
1296 594.26002747 589.80587912 598.71417582
1297 594.67236264 590.21560440 599.12912088
1298 595.08469780 590.62532967 599.54406593
1299 595.49703297 591.03505495 599.95901099
1300 595.90936813 591.44478022 600.37395604
1301 596.32170330 591.85450549 600.78890110
1302 596.73403846 592.26423077 601.20384615
1303 597.14637363 592.67395604 601.61879121
1304 597.55870879 593.08368132 602.03373626
1305 597.97104396 593.49340659 602.44868132
1306 598.38337912 593.90313187 602.86362637
1307 598.79571429 594.31285714 603.27857143
1308 599.20804945 594.72258242 603.69351648
1309 599.62038462 595.13230769 604.10846154
1310 600.03271978 595.54203297 604.52340659
1311 600.44505495 595.95175824 604.93835165
1312 600.85739011 596.36148352 605.35329670
1313 601.26972527 596.77120879 605.76824176
1314 601.68206044 597.18093407 606.18318681
1315 602.09439560 597.59065934 606.59813187
1316 602.50673077 598.00038462 607.01307692
1317 602.91906593 598.41010989 607.42802198
1318 603.33140110 598.81983516 607.84296703
1319 603.74373626 599.22956044 608.25791209
1320 604.15607143 599.63928571 608.67285714
1321 604.56840659 600.04901099 609.08780220
1322 604.98074176 600.45873626 609.50274725
1323 605.39307692 600.86846154 609.91769231
1324 605.80541209 601.27818681 610.33263736
1325 606.21774725 601.68791209 610.74758242
1326 606.63008242 602.09763736 611.16252747
1327 607.04241758 602.50736264 611.57747253
1328 607.45475275 602.91708791 611.99241758
1329 607.86708791 603.32681319 612.40736264
1330 608.27942308 603.73653846 612.82230769
1331 608.69175824 604.14626374 613.23725275
1332 609.10409341 604.55598901 613.65219780
1333 609.51642857 604.96571429 614.06714286
1334 609.92876374 605.37543956 614.48208791
1335 610.34109890 605.78516484 614.89703297
1336 610.75343407 606.19489011 615.31197802
1337 611.16576923 606.60461538 615.72692308
1338 611.57810440 607.01434066 616.14186813
1339 611.99043956 607.42406593 616.55681319
1340 612.40277473 607.83379121 616.97175824
1341 612.81510989 608.24351648 617.38670330
1342 613.22744505 608.65324176 617.80164835
1343 613.63978022 609.06296703 618.21659341
1344 614.05211538 609.47269231 618.63153846
1345 614.46445055 609.88241758 619.04648352
1346 614.87678571 610.29214286 619.46142857
1347 615.28912088 610.70186813 619.87637363
1348 615.70145604 611.11159341 620.29131868
1349 616.11379121 611.52131868 620.70626374
1350 616.52612637 611.93104396 621.12120879
1351 616.93846154 612.34076923 621.53615385
1352 617.35079670 612.75049451 621.95109890
1353 617.76313187 613.16021978 622.36604396
1354 618.17546703 613.56994505 622.78098901
1355 618.58780220 613.97967033 623.19593407
1356 619.00013736 614.38939560 623.61087912
1357 619.41247253 614.79912088 624.02582418
1358 619.82480769 615.20884615 624.44076923
1359 620.23714286 615.61857143 624.85571429
1360 620.64947802 616.02829670 625.27065934
1361 621.06181319 616.43802198 625.68560440
1362 621.47414835 616.84774725 626.10054945
1363 621.88648352 617.25747253 626.51549451
1364 622.29881868 617.66719780 626.93043956
1365 622.71115385 618.07692308 627.34538462
1366 623.12348901 618.48664835 627.76032967
1367 623.53582418 618.89637363 628.17527473
1368 623.94815934 619.30609890 628.59021978
1369 624.36049451 619.71582418 629.00516484
1370 624.77282967 620.12554945 629.42010989
1371 625.18516484 620.53527473 629.83505495
1372 625.59750000 620.94500000 630.25000000
1373 626.00983516 621.35472527 630.66494505
1374 626.42217033 621.76445055 631.07989011
1375 626.83450549 622.17417582 631.49483516
1376 627.24684066 622.58390110 631.90978022
1377 627.65917582 622.99362637 632.32472527
1378 628.07151099 623.40335165 632.73967033
1379 628.48384615 623.81307692 633.15461538
1380 628.89618132 624.22280220 633.56956044
1381 629.30851648 624.63252747 633.98450549
1382 629.72085165 625.04225275 634.39945055
1383 630.13318681 625.45197802 634.81439560
1384 630.54552198 625.86170330 635.22934066
1385 630.95785714 626.27142857 635.64428571
1386 631.37019231 626.68115385 636.05923077
1387 631.78252747 627.09087912 636.47417582
1388 632.19486264 627.50060440 636.88912088
1389 632.60719780 627.91032967 637.30406593
1390 633.01953297 628.32005495 637.71901099
1391 633.43186813 628.72978022 638.13395604
1392 633.84420330 629.13950549 638.54890110
1393 634.25653846 629.54923077 638.96384615
1394 634.66887363 629.95895604 639.37879121
1395 635.08120879 630.36868132 639.79373626
1396 635.49354396 630.77840659 640.20868132
1397 635.90587912 631.18813187 640.62362637
1398 636.31821429 631.59785714 641.03857143
1399 636.73054945 632.00758242 641.45351648
1400 637.14288462 632.41730769 641.86846154
1401 637.55521978 632.82703297 642.28340659
1402 637.96755495 633.23675824 642.69835165
1403 638.37989011 633.64648352 643.11329670
1404 638.79222527 634.05620879 643.52824176
1405 639.20456044 634.46593407 643.94318681
1406 639.61689560 634.87565934 644.35813187
1407 640.02923077 635.28538462 644.77307692
1408 640.44156593 635.69510989 645.18802198
1409 640.85390110 636.10483516 645.60296703
1410 641.26623626 636.51456044 646.01791209
1411 641.67857143 636.92428571 646.43285714
1412 642.09090659 637.33401099 646.84780220
1413 642.50324176 637.74373626 647.26274725
1414 642.91557692 638.15346154 647.67769231
1415 643.32791209 638.56318681 648.09263736
1416 643.74024725 638.97291209 648.50758242
1417 644.15258242 639.38263736 648.92252747
1418 644.56491758 639.79236264 649.33747253
1419 644.97725275 640.20208791 649.75241758
1420 645.38958791 640.61181319 650.16736264
1421 645.80192308 641.02153846 650.58230769
1422 646.21425824 641.43126374 650.99725275
1423 646.62659341 641.84098901 651.41219780
1424 647.03892857 642.25071429 651.82714286
1425 647.45126374 642.66043956 652.24208791
1426 647.86359890 643.07016484 652.65703297
1427 648.27593407 643.47989011 653.07197802
1428 648.68826923 643.88961538 653.48692308
1429 649.10060440 644.29934066 653.90186813
1430 649.51293956 644.70906593 654.31681319
1431 649.92527473 645.11879121 654.73175824
1432 650.33760989 645.52851648 655.14670330
1433 650.74994505 645.93824176 655.56164835
1434 651.16228022 646.34796703 655.97659341
1435 651.57461538 646.75769231 656.39153846
1436 651.98695055 647.16741758 656.80648352
1437 652.39928571 647.57714286 657.22142857
1438 652.81162088 647.98686813 657.63637363
1439 653.22395604 648.39659341 658.05131868
1440 653.63629121 648.80631868 658.46626374
1441 654.04862637 649.21604396 658.88120879
1442 654.46096154 649.62576923 659.29615385
1443 654.87329670 650.03549451 659.71109890
1444 655.28563187 650.44521978 660.12604396
1445 655.69796703 650.85494505 660.54098901
1446 656.11030220 651.26467033 660.95593407
1447 656.52263736 651.67439560 661.37087912
1448 656.93497253 652.08412088 661.78582418
1449 657.34730769 652.49384615 662.20076923
1450 657.75964286 652.90357143 662.61571429
1451 658.17197802 653.31329670 663.03065934
1452 658.58431319 653.72302198 663.44560440
1453 658.99664835 654.13274725 663.86054945
1454 659.40898352 654.54247253 664.27549451
1455 659.82131868 654.95219780 664.69043956
1456 660.23365385 655.36192308 665.10538462
1457 660.64598901 655.77164835 665.52032967
1458 661.05832418 656.18137363 665.93527473
1459 661.47065934 656.59109890 666.35021978
1460 661.88299451 657.00082418 666.76516484
1461 662.29532967 657.41054945 667.18010989
1462 662.70766484 657.82027473 667.59505495
1463 663.12000000 658.23000000 668.01000000
1464 663.52855586 658.63395095 668.42316076
1465 663.93711172 659.03790191 668.83632153
1466 664.34566757 659.44185286 669.24948229
1467 664.75422343 659.84580381 669.66264305
1468 665.16277929 660.24975477 670.07580381
1469 665.57133515 660.65370572 670.48896458
1470 665.97989101 661.05765668 670.90212534
1471 666.38844687 661.46160763 671.31528610
1472 666.79700272 661.86555858 671.72844687
1473 667.20555858 662.26950954 672.14160763
1474 667.61411444 662.67346049 672.55476839
1475 668.02267030 663.07741144 672.96792916
1476 668.43122616 663.48136240 673.38108992
1477 668.83978202 663.88531335 673.79425068
1478 669.24833787 664.28926431 674.20741144
1479 669.65689373 664.69321526 674.62057221
1480 670.06544959 665.09716621 675.03373297
1481 670.47400545 665.50111717 675.44689373
1482 670.88256131 665.90506812 675.86005450
1483 671.29111717 666.30901907 676.27321526
1484 671.69967302 666.71297003 676.68637602
1485 672.10822888 667.11692098 677.09953678
1486 672.51678474 667.52087193 677.51269755
1487 672.92534060 667.92482289 677.92585831
1488 673.33389646 668.32877384 678.33901907
1489 673.74245232 668.73272480 678.75217984
1490 674.15100817 669.13667575 679.16534060
1491 674.55956403 669.54062670 679.57850136
1492 674.96811989 669.94457766 679.99166213
1493 675.37667575 670.34852861 680.40482289
1494 675.78523161 670.75247956 680.81798365
1495 676.19378747 671.15643052 681.23114441
1496 676.60234332 671.56038147 681.64430518
1497 677.01089918 671.96433243 682.05746594
1498 677.41945504 672.36828338 682.47062670
1499 677.82801090 672.77223433 682.88378747
1500 678.23656676 673.17618529 683.29694823
1501 678.64512262 673.58013624 683.71010899
1502 679.05367847 673.98408719 684.12326975
1503 679.46223433 674.38803815 684.53643052
1504 679.87079019 674.79198910 684.94959128
1505 680.27934605 675.19594005 685.36275204
1506 680.68790191 675.59989101 685.77591281
1507 681.09645777 676.00384196 686.18907357
1508 681.50501362 676.40779292 686.60223433
1509 681.91356948 676.81174387 687.01539510
1510 682.32212534 677.21569482 687.42855586
1511 682.73068120 677.61964578 687.84171662
1512 683.13923706 678.02359673 688.25487738
1513 683.54779292 678.42754768 688.66803815
1514 683.95634877 678.83149864 689.08119891
1515 684.36490463 679.23544959 689.49435967
1516 684.77346049 679.63940055 689.90752044
1517 685.18201635 680.04335150 690.32068120
1518 685.59057221 680.44730245 690.73384196
1519 685.99912807 680.85125341 691.14700272
1520 686.40768392 681.25520436 691.56016349
1521 686.81623978 681.65915531 691.97332425
1522 687.22479564 682.06310627 692.38648501
1523 687.63335150 682.46705722 692.79964578
1524 688.04190736 682.87100817 693.21280654
1525 688.45046322 683.27495913 693.62596730
1526 688.85901907 683.67891008 694.03912807
1527 689.26757493 684.08286104 694.45228883
1528 689.67613079 684.48681199 694.86544959
1529 690.08468665 684.89076294 695.27861035
1530 690.49324251 685.29471390 695.69177112
1531 690.90179837 685.69866485 696.10493188
1532 691.31035422 686.10261580 696.51809264
1533 691.71891008 686.50656676 696.93125341
1534 692.12746594 686.91051771 697.34441417
1535 692.53602180 687.31446866 697.75757493
1536 692.94457766 687.71841962 698.17073569
1537 693.35313352 688.12237057 698.58389646
1538 693.76168937 688.52632153 698.99705722
1539 694.17024523 688.93027248 699.41021798
1540 694.57880109 689.33422343 699.82337875
1541 694.98735695 689.73817439 700.23653951
1542 695.39591281 690.14212534 700.64970027
1543 695.80446866 690.54607629 701.06286104
1544 696.21302452 690.95002725 701.47602180
1545 696.62158038 691.35397820 701.88918256
1546 697.03013624 691.75792916 702.30234332
1547 697.43869210 692.16188011 702.71550409
1548 697.84724796 692.56583106 703.12866485
1549 698.25580381 692.96978202 703.54182561
1550 698.66435967 693.37373297 703.95498638
1551 699.07291553 693.77768392 704.36814714
1552 699.48147139 694.18163488 704.78130790
1553 699.89002725 694.58558583 705.19446866
1554 700.29858311 694.98953678 705.60762943
1555 700.70713896 695.39348774 706.02079019
1556 701.11569482 695.79743869 706.43395095
1557 701.52425068 696.20138965 706.84711172
1558 701.93280654 696.60534060 707.26027248
1559 702.34136240 697.00929155 707.67343324
1560 702.74991826 697.41324251 708.08659401
1561 703.15847411 697.81719346 708.49975477
1562 703.56702997 698.22114441 708.91291553
1563 703.97558583 698.62509537 709.32607629
1564 704.38414169 699.02904632 709.73923706
1565 704.79269755 699.43299728 710.15239782
1566 705.20125341 699.83694823 710.56555858
1567 705.60980926 700.24089918 710.97871935
1568 706.01836512 700.64485014 711.39188011
1569 706.42692098 701.04880109 711.80504087
1570 706.83547684 701.45275204 712.21820163
1571 707.24403270 701.85670300 712.63136240
1572 707.65258856 702.26065395 713.04452316
1573 708.06114441 702.66460490 713.45768392
1574 708.46970027 703.06855586 713.87084469
1575 708.87825613 703.47250681 714.28400545
1576 709.28681199 703.87645777 714.69716621
1577 709.69536785 704.28040872 715.11032698
1578 710.10392371 704.68435967 715.52348774
1579 710.51247956 705.08831063 715.93664850
1580 710.92103542 705.49226158 716.34980926
1581 711.32959128 705.89621253 716.76297003
1582 711.73814714 706.30016349 717.17613079
1583 712.14670300 706.70411444 717.58929155
1584 712.55525886 707.10806540 718.00245232
1585 712.96381471 707.51201635 718.41561308
1586 713.37237057 707.91596730 718.82877384
1587 713.78092643 708.31991826 719.24193460
1588 714.18948229 708.72386921 719.65509537
1589 714.59803815 709.12782016 720.06825613
1590 715.00659401 709.53177112 720.48141689
1591 715.41514986 709.93572207 720.89457766
1592 715.82370572 710.33967302 721.30773842
1593 716.23226158 710.74362398 721.72089918
1594 716.64081744 711.14757493 722.13405995
1595 717.04937330 711.55152589 722.54722071
1596 717.45792916 711.95547684 722.96038147
1597 717.86648501 712.35942779 723.37354223
1598 718.27504087 712.76337875 723.78670300
1599 718.68359673 713.16732970 724.19986376
1600 719.09215259 713.57128065 724.61302452
1601 719.50070845 713.97523161 725.02618529
1602 719.90926431 714.37918256 725.43934605
1603 720.31782016 714.78313352 725.85250681
1604 720.72637602 715.18708447 726.26566757
1605 721.13493188 715.59103542 726.67882834
1606 721.54348774 715.99498638 727.09198910
1607 721.95204360 716.39893733 727.50514986
1608 722.36059946 716.80288828 727.91831063
1609 722.76915531 717.20683924 728.33147139
1610 723.17771117 717.61079019 728.74463215
1611 723.58626703 718.01474114 729.15779292
1612 723.99482289 718.41869210 729.57095368
1613 724.40337875 718.82264305 729.98411444
1614 724.81193460 719.22659401 730.39727520
1615 725.22049046 719.63054496 730.81043597
1616 725.62904632 720.03449591 731.22359673
1617 726.03760218 720.43844687 731.63675749
1618 726.44615804 720.84239782 732.04991826
1619 726.85471390 721.24634877 732.46307902
1620 727.26326975 721.65029973 732.87623978
1621 727.67182561 722.05425068 733.28940055
1622 728.08038147 722.45820163 733.70256131
1623 728.48893733 722.86215259 734.11572207
1624 728.89749319 723.26610354 734.52888283
1625 729.30604905 723.67005450 734.94204360
1626 729.71460490 724.07400545 735.35520436
1627 730.12316076 724.47795640 735.76836512
1628 730.53171662 724.88190736 736.18152589
1629 730.94027248 725.28585831 736.59468665
1630 731.34882834 725.68980926 737.00784741
1631 731.75738420 726.09376022 737.42100817
1632 732.16594005 726.49771117 737.83416894
1633 732.57449591 726.90166213 738.24732970
1634 732.98305177 727.30561308 738.66049046
1635 733.39160763 727.70956403 739.07365123
1636 733.80016349 728.11351499 739.48681199
1637 734.20871935 728.51746594 739.89997275
1638 734.61727520 728.92141689 740.31313352
1639 735.02583106 729.32536785 740.72629428
1640 735.43438692 729.72931880 741.13945504
1641 735.84294278 730.13326975 741.55261580
1642 736.25149864 730.53722071 741.96577657
1643 736.66005450 730.94117166 742.37893733
1644 737.06861035 731.34512262 742.79209809
1645 737.47716621 731.74907357 743.20525886
1646 737.88572207 732.15302452 743.61841962
1647 738.29427793 732.55697548 744.03158038
1648 738.70283379 732.96092643 744.44474114
1649 739.11138965 733.36487738 744.85790191
1650 739.51994550 733.76882834 745.27106267
1651 739.92850136 734.17277929 745.68422343
1652 740.33705722 734.57673025 746.09738420
1653 740.74561308 734.98068120 746.51054496
1654 741.15416894 735.38463215 746.92370572
1655 741.56272480 735.78858311 747.33686649
1656 741.97128065 736.19253406 747.75002725
1657 742.37983651 736.59648501 748.16318801
1658 742.78839237 737.00043597 748.57634877
1659 743.19694823 737.40438692 748.98950954
1660 743.60550409 737.80833787 749.40267030
1661 744.01405995 738.21228883 749.81583106
1662 744.42261580 738.61623978 750.22899183
1663 744.83117166 739.02019074 750.64215259
1664 745.23972752 739.42414169 751.05531335
1665 745.64828338 739.82809264 751.46847411
1666 746.05683924 740.23204360 751.88163488
1667 746.46539510 740.63599455 752.29479564
1668 746.87395095 741.03994550 752.70795640
1669 747.28250681 741.44389646 753.12111717
1670 747.69106267 741.84784741 753.53427793
1671 748.09961853 742.25179837 753.94743869
1672 748.50817439 742.65574932 754.36059946
1673 748.91673025 743.05970027 754.77376022
1674 749.32528610 743.46365123 755.18692098
1675 749.73384196 743.86760218 755.60008174
1676 750.14239782 744.27155313 756.01324251
1677 750.55095368 744.67550409 756.42640327
1678 750.95950954 745.07945504 756.83956403
1679 751.36806540 745.48340599 757.25272480
1680 751.77662125 745.88735695 757.66588556
1681 752.18517711 746.29130790 758.07904632
1682 752.59373297 746.69525886 758.49220708
1683 753.00228883 747.09920981 758.90536785
1684 753.41084469 747.50316076 759.31852861
1685 753.81940055 747.90711172 759.73168937
1686 754.22795640 748.31106267 760.14485014
1687 754.63651226 748.71501362 760.55801090
1688 755.04506812 749.11896458 760.97117166
1689 755.45362398 749.52291553 761.38433243
1690 755.86217984 749.92686649 761.79749319
1691 756.27073569 750.33081744 762.21065395
1692 756.67929155 750.73476839 762.62381471
1693 757.08784741 751.13871935 763.03697548
1694 757.49640327 751.54267030 763.45013624
1695 757.90495913 751.94662125 763.86329700
1696 758.31351499 752.35057221 764.27645777
1697 758.72207084 752.75452316 764.68961853
1698 759.13062670 753.15847411 765.10277929
1699 759.53918256 753.56242507 765.51594005
1700 759.94773842 753.96637602 765.92910082
1701 760.35629428 754.37032698 766.34226158
1702 760.76485014 754.77427793 766.75542234
1703 761.17340599 755.17822888 767.16858311
1704 761.58196185 755.58217984 767.58174387
1705 761.99051771 755.98613079 767.99490463
1706 762.39907357 756.39008174 768.40806540
1707 762.80762943 756.79403270 768.82122616
1708 763.21618529 757.19798365 769.23438692
1709 763.62474114 757.60193460 769.64754768
1710 764.03329700 758.00588556 770.06070845
1711 764.44185286 758.40983651 770.47386921
1712 764.85040872 758.81378747 770.88702997
1713 765.25896458 759.21773842 771.30019074
1714 765.66752044 759.62168937 771.71335150
1715 766.07607629 760.02564033 772.12651226
1716 766.48463215 760.42959128 772.53967302
1717 766.89318801 760.83354223 772.95283379
1718 767.30174387 761.23749319 773.36599455
1719 767.71029973 761.64144414 773.77915531
1720 768.11885559 762.04539510 774.19231608
1721 768.52741144 762.44934605 774.60547684
1722 768.93596730 762.85329700 775.01863760
1723 769.34452316 763.25724796 775.43179837
1724 769.75307902 763.66119891 775.84495913
1725 770.16163488 764.06514986 776.25811989
1726 770.57019074 764.46910082 776.67128065
1727 770.97874659 764.87305177 777.08444142
1728 771.38730245 765.27700272 777.49760218
1729 771.79585831 765.68095368 777.91076294
1730 772.20441417 766.08490463 778.32392371
1731 772.61297003 766.48885559 778.73708447
1732 773.02152589 766.89280654 779.15024523
1733 773.43008174 767.29675749 779.56340599
1734 773.83863760 767.70070845 779.97656676
1735 774.24719346 768.10465940 780.38972752
1736 774.65574932 768.50861035 780.80288828
1737 775.06430518 768.91256131 781.21604905
1738 775.47286104 769.31651226 781.62920981
1739 775.88141689 769.72046322 782.04237057
1740 776.28997275 770.12441417 782.45553134
1741 776.69852861 770.52836512 782.86869210
1742 777.10708447 770.93231608 783.28185286
1743 777.51564033 771.33626703 783.69501362
1744 777.92419619 771.74021798 784.10817439
1745 778.33275204 772.14416894 784.52133515
1746 778.74130790 772.54811989 784.93449591
1747 779.14986376 772.95207084 785.34765668
1748 779.55841962 773.35602180 785.76081744
1749 779.96697548 773.75997275 786.17397820
1750 780.37553134 774.16392371 786.58713896
1751 780.78408719 774.56787466 787.00029973
1752 781.19264305 774.97182561 787.41346049
1753 781.60119891 775.37577657 787.82662125
1754 782.00975477 775.77972752 788.23978202
1755 782.41831063 776.18367847 788.65294278
1756 782.82686649 776.58762943 789.06610354
1757 783.23542234 776.99158038 789.47926431
1758 783.64397820 777.39553134 789.89242507
1759 784.05253406 777.79948229 790.30558583
1760 784.46108992 778.20343324 790.71874659
1761 784.86964578 778.60738420 791.13190736
1762 785.27820163 779.01133515 791.54506812
1763 785.68675749 779.41528610 791.95822888
1764 786.09531335 779.81923706 792.37138965
1765 786.50386921 780.22318801 792.78455041
1766 786.91242507 780.62713896 793.19771117
1767 787.32098093 781.03108992 793.61087193
1768 787.72953678 781.43504087 794.02403270
1769 788.13809264 781.83899183 794.43719346
1770 788.54664850 782.24294278 794.85035422
1771 788.95520436 782.64689373 795.26351499
1772 789.36376022 783.05084469 795.67667575
1773 789.77231608 783.45479564 796.08983651
1774 790.18087193 783.85874659 796.50299728
1775 790.58942779 784.26269755 796.91615804
1776 790.99798365 784.66664850 797.32931880
1777 791.40653951 785.07059946 797.74247956
1778 791.81509537 785.47455041 798.15564033
1779 792.22365123 785.87850136 798.56880109
1780 792.63220708 786.28245232 798.98196185
1781 793.04076294 786.68640327 799.39512262
1782 793.44931880 787.09035422 799.80828338
1783 793.85787466 787.49430518 800.22144414
1784 794.26643052 787.89825613 800.63460490
1785 794.67498638 788.30220708 801.04776567
1786 795.08354223 788.70615804 801.46092643
1787 795.49209809 789.11010899 801.87408719
1788 795.90065395 789.51405995 802.28724796
1789 796.30920981 789.91801090 802.70040872
1790 796.71776567 790.32196185 803.11356948
1791 797.12632153 790.72591281 803.52673025
1792 797.53487738 791.12986376 803.93989101
1793 797.94343324 791.53381471 804.35305177
1794 798.35198910 791.93776567 804.76621253
1795 798.76054496 792.34171662 805.17937330
1796 799.16910082 792.74566757 805.59253406
1797 799.57765668 793.14961853 806.00569482
1798 799.98621253 793.55356948 806.41885559
1799 800.39476839 793.95752044 806.83201635
1800 800.80332425 794.36147139 807.24517711
1801 801.21188011 794.76542234 807.65833787
1802 801.62043597 795.16937330 808.07149864
1803 802.02899183 795.57332425 808.48465940
1804 802.43754768 795.97727520 808.89782016
1805 802.84610354 796.38122616 809.31098093
1806 803.25465940 796.78517711 809.72414169
1807 803.66321526 797.18912807 810.13730245
1808 804.07177112 797.59307902 810.55046322
1809 804.48032698 797.99702997 810.96362398
1810 804.88888283 798.40098093 811.37678474
1811 805.29743869 798.80493188 811.78994550
1812 805.70599455 799.20888283 812.20310627
1813 806.11455041 799.61283379 812.61626703
1814 806.52310627 800.01678474 813.02942779
1815 806.93166213 800.42073569 813.44258856
1816 807.34021798 800.82468665 813.85574932
1817 807.74877384 801.22863760 814.26891008
1818 808.15732970 801.63258856 814.68207084
1819 808.56588556 802.03653951 815.09523161
1820 808.97444142 802.44049046 815.50839237
1821 809.38299728 802.84444142 815.92155313
1822 809.79155313 803.24839237 816.33471390
1823 810.20010899 803.65234332 816.74787466
1824 810.60866485 804.05629428 817.16103542
1825 811.01722071 804.46024523 817.57419619
1826 811.42577657 804.86419619 817.98735695
1827 811.83433243 805.26814714 818.40051771
1828 812.24288828 805.67209809 818.81367847
1829 812.65144414 806.07604905 819.22683924
1830 813.06000000 806.48000000 819.64000000
