1 -0.01142857 -0.01857143 -0.00428571
2 -0.00857142 -0.01392857 -0.00321428
3 -0.00571428 -0.00928571 -0.00214285
4 -0.00285714 -0.00464285 -0.00107142
5 0.00000000 0.00000000 0.00000000
6 -0.01142857 -0.01857142 -0.00428571
7 -0.02285714 -0.03714285 -0.00857142
8 -0.03428571 -0.05571428 -0.01285714
9 -0.04571428 -0.07428571 -0.01714285
10 -0.05714285 -0.09285714 -0.02142857
11 -0.06857142 -0.11142857 -0.02571428
12 -0.08000000 -0.13000000 -0.03000000
13 -0.09076923 -0.14807692 -0.03346153
14 -0.10153846 -0.16615384 -0.03692307
15 -0.11230769 -0.18423076 -0.04038461
16 -0.12307692 -0.20230769 -0.04384615
17 -0.13384615 -0.22038461 -0.04730769
18 -0.14461538 -0.23846153 -0.05076923
19 -0.15538461 -0.25653846 -0.05423076
20 -0.16615384 -0.27461538 -0.05769230
21 -0.17692307 -0.29269230 -0.06115384
22 -0.18769230 -0.31076923 -0.06461538
23 -0.19846153 -0.32884615 -0.06807692
24 -0.20923076 -0.34692307 -0.07153846
25 -0.22000000 -0.36500000 -0.07500000
26 -0.23076923 -0.38307692 -0.07846153
27 -0.24153846 -0.40115384 -0.08192307
28 -0.25230769 -0.41923076 -0.08538461
29 -0.26307692 -0.43730769 -0.08884615
30 -0.27384615 -0.45538461 -0.09230769
31 -0.28461538 -0.47346153 -0.09576923
32 -0.29538461 -0.49153846 -0.09923076
33 -0.30615384 -0.50961538 -0.10269230
34 -0.31692307 -0.52769230 -0.10615384
35 -0.32769230 -0.54576923 -0.10961538
36 -0.33846153 -0.56384615 -0.11307692
37 -0.34923076 -0.58192307 -0.11653846
38 -0.36000000 -0.60000000 -0.12000000
39 -0.37103448 -0.60586206 -0.13620689
40 -0.38206896 -0.61172413 -0.15241379
41 -0.39310344 -0.61758620 -0.16862068
42 -0.40413793 -0.62344827 -0.18482758
43 -0.41517241 -0.62931034 -0.20103448
44 -0.42620689 -0.63517241 -0.21724137
45 -0.43724137 -0.64103448 -0.23344827
46 -0.44827586 -0.64689655 -0.24965517
47 -0.45931034 -0.65275862 -0.26586206
48 -0.47034482 -0.65862068 -0.28206896
49 -0.48137931 -0.66448275 -0.29827586
50 -0.49241379 -0.67034482 -0.31448275
51 -0.50344827 -0.67620689 -0.33068965
52 -0.51448275 -0.68206896 -0.34689655
53 -0.52551724 -0.68793103 -0.36310344
54 -0.53655172 -0.69379310 -0.37931034
55 -0.54758620 -0.69965517 -0.39551724
56 -0.55862068 -0.70551724 -0.41172413
57 -0.56965517 -0.71137931 -0.42793103
58 -0.58068965 -0.71724137 -0.44413793
59 -0.59172413 -0.72310344 -0.46034482
60 -0.60275862 -0.72896551 -0.47655172
61 -0.61379310 -0.73482758 -0.49275862
62 -0.62482758 -0.74068965 -0.50896551
63 -0.63586206 -0.74655172 -0.52517241
64 -0.64689655 -0.75241379 -0.54137931
65 -0.65793103 -0.75827586 -0.55758620
66 -0.66896551 -0.76413793 -0.57379310
67 -0.68000000 -0.77000000 -0.59000000
68 -0.68483333 -0.77966666 -0.59000000
69 -0.68966666 -0.78933333 -0.59000000
70 -0.69450000 -0.79900000 -0.59000000
71 -0.69933333 -0.80866666 -0.59000000
72 -0.70416666 -0.81833333 -0.59000000
73 -0.70900000 -0.82800000 -0.59000000
74 -0.71383333 -0.83766666 -0.59000000
75 -0.71866666 -0.84733333 -0.59000000
76 -0.72350000 -0.85700000 -0.59000000
77 -0.72833333 -0.86666666 -0.59000000
78 -0.73316666 -0.87633333 -0.59000000
79 -0.73800000 -0.88600000 -0.59000000
80 -0.74283333 -0.89566666 -0.59000000
81 -0.74766666 -0.90533333 -0.59000000
82 -0.75250000 -0.91500000 -0.59000000
83 -0.75733333 -0.92466666 -0.59000000
84 -0.76216666 -0.93433333 -0.59000000
85 -0.76700000 -0.94400000 -0.59000000
86 -0.77183333 -0.95366666 -0.59000000
87 -0.77666666 -0.96333333 -0.59000000
88 -0.78150000 -0.97300000 -0.59000000
89 -0.78633333 -0.98266666 -0.59000000
90 -0.79116666 -0.99233333 -0.59000000
91 -0.79600000 -1.00200000 -0.59000000
92 -0.80083333 -1.01166666 -0.59000000
93 -0.80566666 -1.02133333 -0.59000000
94 -0.81050000 -1.03100000 -0.59000000
95 -0.81533333 -1.04066666 -0.59000000
96 -0.82016666 -1.05033333 -0.59000000
97 -0.82500000 -1.06000000 -0.59000000
98 -0.83063157 -1.06400000 -0.59726315
99 -0.83626315 -1.06800000 -0.60452631
100 -0.84189473 -1.07200000 -0.61178947
101 -0.84752631 -1.07600000 -0.61905263
102 -0.85315789 -1.08000000 -0.62631578
103 -0.85878947 -1.08400000 -0.63357894
104 -0.86442105 -1.08800000 -0.64084210
105 -0.87005263 -1.09200000 -0.64810526
106 -0.87568421 -1.09600000 -0.65536842
107 -0.88131578 -1.10000000 -0.66263157
108 -0.88694736 -1.10400000 -0.66989473
109 -0.89257894 -1.10800000 -0.67715789
110 -0.89821052 -1.11200000 -0.68442105
111 -0.90384210 -1.11600000 -0.69168421
112 -0.90947368 -1.12000000 -0.69894736
113 -0.91510526 -1.12400000 -0.70621052
114 -0.92073684 -1.12800000 -0.71347368
115 -0.92636842 -1.13200000 -0.72073684
116 -0.93200000 -1.13600000 -0.72800000
117 -0.93763157 -1.14000000 -0.73526315
118 -0.94326315 -1.14400000 -0.74252631
119 -0.94889473 -1.14800000 -0.74978947
120 -0.95452631 -1.15200000 -0.75705263
121 -0.96015789 -1.15600000 -0.76431578
122 -0.96578947 -1.16000000 -0.77157894
123 -0.97142105 -1.16400000 -0.77884210
124 -0.97705263 -1.16800000 -0.78610526
125 -0.98268421 -1.17200000 -0.79336842
126 -0.98831578 -1.17600000 -0.80063157
127 -0.99394736 -1.18000000 -0.80789473
128 -0.99957894 -1.18400000 -0.81515789
129 -1.00521052 -1.18800000 -0.82242105
130 -1.01084210 -1.19200000 -0.82968421
131 -1.01647368 -1.19600000 -0.83694736
132 -1.02210526 -1.20000000 -0.84421052
133 -1.02773684 -1.20400000 -0.85147368
134 -1.03336842 -1.20800000 -0.85873684
135 -1.03900000 -1.21200000 -0.86600000
136 -1.04463157 -1.21600000 -0.87326315
137 -1.05026315 -1.22000000 -0.88052631
138 -1.05589473 -1.22400000 -0.88778947
139 -1.06152631 -1.22800000 -0.89505263
140 -1.06715789 -1.23200000 -0.90231578
141 -1.07278947 -1.23600000 -0.90957894
142 -1.07842105 -1.24000000 -0.91684210
143 -1.08405263 -1.24400000 -0.92410526
144 -1.08968421 -1.24800000 -0.93136842
145 -1.09531578 -1.25200000 -0.93863157
146 -1.10094736 -1.25600000 -0.94589473
147 -1.10657894 -1.26000000 -0.95315789
148 -1.11221052 -1.26400000 -0.96042105
149 -1.11784210 -1.26800000 -0.96768421
150 -1.12347368 -1.27200000 -0.97494736
151 -1.12910526 -1.27600000 -0.98221052
152 -1.13473684 -1.28000000 -0.98947368
153 -1.14036842 -1.28400000 -0.99673684
154 -1.14600000 -1.28800000 -1.00400000
155 -1.15163157 -1.29200000 -1.01126315
156 -1.15726315 -1.29600000 -1.01852631
157 -1.16289473 -1.30000000 -1.02578947
158 -1.16852631 -1.30400000 -1.03305263
159 -1.17415789 -1.30800000 -1.04031578
160 -1.17978947 -1.31200000 -1.04757894
161 -1.18542105 -1.31600000 -1.05484210
162 -1.19105263 -1.32000000 -1.06210526
163 -1.19668421 -1.32400000 -1.06936842
164 -1.20231578 -1.32800000 -1.07663157
165 -1.20794736 -1.33200000 -1.08389473
166 -1.21357894 -1.33600000 -1.09115789
167 -1.21921052 -1.34000000 -1.09842105
168 -1.22484210 -1.34400000 -1.10568421
169 -1.23047368 -1.34800000 -1.11294736
170 -1.23610526 -1.35200000 -1.12021052
171 -1.24173684 -1.35600000 -1.12747368
172 -1.24736842 -1.36000000 -1.13473684
173 -1.25300000 -1.36400000 -1.14200000
174 -1.25863157 -1.36800000 -1.14926315
175 -1.26426315 -1.37200000 -1.15652631
176 -1.26989473 -1.37600000 -1.16378947
177 -1.27552631 -1.38000000 -1.17105263
178 -1.28115789 -1.38400000 -1.17831578
179 -1.28678947 -1.38800000 -1.18557894
180 -1.29242105 -1.39200000 -1.19284210
181 -1.29805263 -1.39600000 -1.20010526
182 -1.30368421 -1.40000000 -1.20736842
183 -1.30931578 -1.40400000 -1.21463157
184 -1.31494736 -1.40800000 -1.22189473
185 -1.32057894 -1.41200000 -1.22915789
186 -1.32621052 -1.41600000 -1.23642105
187 -1.33184210 -1.42000000 -1.24368421
188 -1.33747368 -1.42400000 -1.25094736
189 -1.34310526 -1.42800000 -1.25821052
190 -1.34873684 -1.43200000 -1.26547368
191 -1.35436842 -1.43600000 -1.27273684
192 -1.36000000 -1.44000000 -1.28000000
193 -1.36649425 -1.44781609 -1.28517241
194 -1.37298850 -1.45563218 -1.29034482
195 -1.37948275 -1.46344827 -1.29551724
196 -1.38597701 -1.47126436 -1.30068965
197 -1.39247126 -1.47908045 -1.30586206
198 -1.39896551 -1.48689655 -1.31103448
199 -1.40545977 -1.49471264 -1.31620689
200 -1.41195402 -1.50252873 -1.32137931
201 -1.41844827 -1.51034482 -1.32655172
202 -1.42494252 -1.51816091 -1.33172413
203 -1.43143678 -1.52597701 -1.33689655
204 -1.43793103 -1.53379310 -1.34206896
205 -1.44442528 -1.54160919 -1.34724137
206 -1.45091954 -1.54942528 -1.35241379
207 -1.45741379 -1.55724137 -1.35758620
208 -1.46390804 -1.56505747 -1.36275862
209 -1.47040229 -1.57287356 -1.36793103
210 -1.47689655 -1.58068965 -1.37310344
211 -1.48339080 -1.58850574 -1.37827586
212 -1.48988505 -1.59632183 -1.38344827
213 -1.49637931 -1.60413793 -1.38862068
214 -1.50287356 -1.61195402 -1.39379310
215 -1.50936781 -1.61977011 -1.39896551
216 -1.51586206 -1.62758620 -1.40413793
217 -1.52235632 -1.63540229 -1.40931034
218 -1.52885057 -1.64321839 -1.41448275
219 -1.53534482 -1.65103448 -1.41965517
220 -1.54183908 -1.65885057 -1.42482758
221 -1.54833333 -1.66666666 -1.43000000
222 -1.55482758 -1.67448275 -1.43517241
223 -1.56132183 -1.68229885 -1.44034482
224 -1.56781609 -1.69011494 -1.44551724
225 -1.57431034 -1.69793103 -1.45068965
226 -1.58080459 -1.70574712 -1.45586206
227 -1.58729885 -1.71356321 -1.46103448
228 -1.59379310 -1.72137931 -1.46620689
229 -1.60028735 -1.72919540 -1.47137931
230 -1.60678160 -1.73701149 -1.47655172
231 -1.61327586 -1.74482758 -1.48172413
232 -1.61977011 -1.75264367 -1.48689655
233 -1.62626436 -1.76045977 -1.49206896
234 -1.63275862 -1.76827586 -1.49724137
235 -1.63925287 -1.77609195 -1.50241379
236 -1.64574712 -1.78390804 -1.50758620
237 -1.65224137 -1.79172413 -1.51275862
238 -1.65873563 -1.79954022 -1.51793103
239 -1.66522988 -1.80735632 -1.52310344
240 -1.67172413 -1.81517241 -1.52827586
241 -1.67821839 -1.82298850 -1.53344827
242 -1.68471264 -1.83080459 -1.53862068
243 -1.69120689 -1.83862068 -1.54379310
244 -1.69770114 -1.84643678 -1.54896551
245 -1.70419540 -1.85425287 -1.55413793
246 -1.71068965 -1.86206896 -1.55931034
247 -1.71718390 -1.86988505 -1.56448275
248 -1.72367816 -1.87770114 -1.56965517
249 -1.73017241 -1.88551724 -1.57482758
250 -1.73666666 -1.89333333 -1.58000000
251 -1.74316091 -1.90114942 -1.58517241
252 -1.74965517 -1.90896551 -1.59034482
253 -1.75614942 -1.91678160 -1.59551724
254 -1.76264367 -1.92459770 -1.60068965
255 -1.76913793 -1.93241379 -1.60586206
256 -1.77563218 -1.94022988 -1.61103448
257 -1.78212643 -1.94804597 -1.61620689
258 -1.78862068 -1.95586206 -1.62137931
259 -1.79511494 -1.96367816 -1.62655172
260 -1.80160919 -1.97149425 -1.63172413
261 -1.80810344 -1.97931034 -1.63689655
262 -1.81459770 -1.98712643 -1.64206896
263 -1.82109195 -1.99494252 -1.64724137
264 -1.82758620 -2.00275862 -1.65241379
265 -1.83408045 -2.01057471 -1.65758620
266 -1.84057471 -2.01839080 -1.66275862
267 -1.84706896 -2.02620689 -1.66793103
268 -1.85356321 -2.03402298 -1.67310344
269 -1.86005747 -2.04183908 -1.67827586
270 -1.86655172 -2.04965517 -1.68344827
271 -1.87304597 -2.05747126 -1.68862068
272 -1.87954022 -2.06528735 -1.69379310
273 -1.88603448 -2.07310344 -1.69896551
274 -1.89252873 -2.08091954 -1.70413793
275 -1.89902298 -2.08873563 -1.70931034
276 -1.90551724 -2.09655172 -1.71448275
277 -1.91201149 -2.10436781 -1.71965517
278 -1.91850574 -2.11218390 -1.72482758
279 -1.92500000 -2.12000000 -1.73000000
280 -1.92950549 -2.12714285 -1.73186813
281 -1.93401098 -2.13428571 -1.73373626
282 -1.93851648 -2.14142857 -1.73560439
283 -1.94302197 -2.14857142 -1.73747252
284 -1.94752747 -2.15571428 -1.73934065
285 -1.95203296 -2.16285714 -1.74120879
286 -1.95653846 -2.17000000 -1.74307692
287 -1.96104395 -2.17714285 -1.74494505
288 -1.96554945 -2.18428571 -1.74681318
289 -1.97005494 -2.19142857 -1.74868131
290 -1.97456043 -2.19857142 -1.75054945
291 -1.97906593 -2.20571428 -1.75241758
292 -1.98357142 -2.21285714 -1.75428571
293 -1.98807692 -2.22000000 -1.75615384
294 -1.99258241 -2.22714285 -1.75802197
295 -1.99708791 -2.23428571 -1.75989010
296 -2.00159340 -2.24142857 -1.76175824
297 -2.00609890 -2.24857142 -1.76362637
298 -2.01060439 -2.25571428 -1.76549450
299 -2.01510989 -2.26285714 -1.76736263
300 -2.01961538 -2.27000000 -1.76923076
301 -2.02412087 -2.27714285 -1.77109890
302 -2.02862637 -2.28428571 -1.77296703
303 -2.03313186 -2.29142857 -1.77483516
304 -2.03763736 -2.29857142 -1.77670329
305 -2.04214285 -2.30571428 -1.77857142
306 -2.04664835 -2.31285714 -1.78043956
307 -2.05115384 -2.32000000 -1.78230769
308 -2.05565934 -2.32714285 -1.78417582
309 -2.06016483 -2.33428571 -1.78604395
310 -2.06467032 -2.34142857 -1.78791208
311 -2.06917582 -2.34857142 -1.78978021
312 -2.07368131 -2.35571428 -1.79164835
313 -2.07818681 -2.36285714 -1.79351648
314 -2.08269230 -2.37000000 -1.79538461
315 -2.08719780 -2.37714285 -1.79725274
316 -2.09170329 -2.38428571 -1.79912087
317 -2.09620879 -2.39142857 -1.80098901
318 -2.10071428 -2.39857142 -1.80285714
319 -2.10521978 -2.40571428 -1.80472527
320 -2.10972527 -2.41285714 -1.80659340
321 -2.11423076 -2.42000000 -1.80846153
322 -2.11873626 -2.42714285 -1.81032967
323 -2.12324175 -2.43428571 -1.81219780
324 -2.12774725 -2.44142857 -1.81406593
325 -2.13225274 -2.44857142 -1.81593406
326 -2.13675824 -2.45571428 -1.81780219
327 -2.14126373 -2.46285714 -1.81967032
328 -2.14576923 -2.47000000 -1.82153846
329 -2.15027472 -2.47714285 -1.82340659
330 -2.15478021 -2.48428571 -1.82527472
331 -2.15928571 -2.49142857 -1.82714285
332 -2.16379120 -2.49857142 -1.82901098
333 -2.16829670 -2.50571428 -1.83087912
334 -2.17280219 -2.51285714 -1.83274725
335 -2.17730769 -2.52000000 -1.83461538
336 -2.18181318 -2.52714285 -1.83648351
337 -2.18631868 -2.53428571 -1.83835164
338 -2.19082417 -2.54142857 -1.84021978
339 -2.19532967 -2.54857142 -1.84208791
340 -2.19983516 -2.55571428 -1.84395604
341 -2.20434065 -2.56285714 -1.84582417
342 -2.20884615 -2.57000000 -1.84769230
343 -2.21335164 -2.57714285 -1.84956043
344 -2.21785714 -2.58428571 -1.85142857
345 -2.22236263 -2.59142857 -1.85329670
346 -2.22686813 -2.59857142 -1.85516483
347 -2.23137362 -2.60571428 -1.85703296
348 -2.23587912 -2.61285714 -1.85890109
349 -2.24038461 -2.62000000 -1.86076923
350 -2.24489010 -2.62714285 -1.86263736
351 -2.24939560 -2.63428571 -1.86450549
352 -2.25390109 -2.64142857 -1.86637362
353 -2.25840659 -2.64857142 -1.86824175
354 -2.26291208 -2.65571428 -1.87010989
355 -2.26741758 -2.66285714 -1.87197802
356 -2.27192307 -2.67000000 -1.87384615
357 -2.27642857 -2.67714285 -1.87571428
358 -2.28093406 -2.68428571 -1.87758241
359 -2.28543956 -2.69142857 -1.87945054
360 -2.28994505 -2.69857142 -1.88131868
361 -2.29445054 -2.70571428 -1.88318681
362 -2.29895604 -2.71285714 -1.88505494
363 -2.30346153 -2.72000000 -1.88692307
364 -2.30796703 -2.72714285 -1.88879120
365 -2.31247252 -2.73428571 -1.89065934
366 -2.31697802 -2.74142857 -1.89252747
367 -2.32148351 -2.74857142 -1.89439560
368 -2.32598901 -2.75571428 -1.89626373
369 -2.33049450 -2.76285714 -1.89813186
370 -2.33500000 -2.77000000 -1.90000000
371 -2.33068894 -2.76515688 -1.89622100
372 -2.32637789 -2.76031377 -1.89244201
373 -2.32206684 -2.75547066 -1.88866302
374 -2.31775579 -2.75062755 -1.88488403
375 -2.31344474 -2.74578444 -1.88110504
376 -2.30913369 -2.74094133 -1.87732605
377 -2.30482264 -2.73609822 -1.87354706
378 -2.30051159 -2.73125511 -1.86976807
379 -2.29620054 -2.72641200 -1.86598908
380 -2.29188949 -2.72156889 -1.86221009
381 -2.28757844 -2.71672578 -1.85843110
382 -2.28326739 -2.71188267 -1.85465211
383 -2.27895634 -2.70703956 -1.85087312
384 -2.27464529 -2.70219645 -1.84709413
385 -2.27033424 -2.69735334 -1.84331514
386 -2.26602319 -2.69251023 -1.83953615
387 -2.26171214 -2.68766712 -1.83575716
388 -2.25740109 -2.68282401 -1.83197817
389 -2.25309004 -2.67798090 -1.82819918
390 -2.24877899 -2.67313778 -1.82442019
391 -2.24446794 -2.66829467 -1.82064120
392 -2.24015688 -2.66345156 -1.81686221
393 -2.23584583 -2.65860845 -1.81308321
394 -2.23153478 -2.65376534 -1.80930422
395 -2.22722373 -2.64892223 -1.80552523
396 -2.22291268 -2.64407912 -1.80174624
397 -2.21860163 -2.63923601 -1.79796725
398 -2.21429058 -2.63439290 -1.79418826
399 -2.20997953 -2.62954979 -1.79040927
400 -2.20566848 -2.62470668 -1.78663028
401 -2.20135743 -2.61986357 -1.78285129
402 -2.19704638 -2.61502046 -1.77907230
403 -2.19273533 -2.61017735 -1.77529331
404 -2.18842428 -2.60533424 -1.77151432
405 -2.18411323 -2.60049113 -1.76773533
406 -2.17980218 -2.59564802 -1.76395634
407 -2.17549113 -2.59080491 -1.76017735
408 -2.17118008 -2.58596180 -1.75639836
409 -2.16686903 -2.58111869 -1.75261937
410 -2.16255798 -2.57627557 -1.74884038
411 -2.15824693 -2.57143246 -1.74506139
412 -2.15393587 -2.56658935 -1.74128240
413 -2.14962482 -2.56174624 -1.73750341
414 -2.14531377 -2.55690313 -1.73372442
415 -2.14100272 -2.55206002 -1.72994542
416 -2.13669167 -2.54721691 -1.72616643
417 -2.13238062 -2.54237380 -1.72238744
418 -2.12806957 -2.53753069 -1.71860845
419 -2.12375852 -2.53268758 -1.71482946
420 -2.11944747 -2.52784447 -1.71105047
421 -2.11513642 -2.52300136 -1.70727148
422 -2.11082537 -2.51815825 -1.70349249
423 -2.10651432 -2.51331514 -1.69971350
424 -2.10220327 -2.50847203 -1.69593451
425 -2.09789222 -2.50362892 -1.69215552
426 -2.09358117 -2.49878581 -1.68837653
427 -2.08927012 -2.49394270 -1.68459754
428 -2.08495907 -2.48909959 -1.68081855
429 -2.08064802 -2.48425648 -1.67703956
430 -2.07633697 -2.47941336 -1.67326057
431 -2.07202592 -2.47457025 -1.66948158
432 -2.06771487 -2.46972714 -1.66570259
433 -2.06340381 -2.46488403 -1.66192360
434 -2.05909276 -2.46004092 -1.65814461
435 -2.05478171 -2.45519781 -1.65436562
436 -2.05047066 -2.45035470 -1.65058663
437 -2.04615961 -2.44551159 -1.64680763
438 -2.04184856 -2.44066848 -1.64302864
439 -2.03753751 -2.43582537 -1.63924965
440 -2.03322646 -2.43098226 -1.63547066
441 -2.02891541 -2.42613915 -1.63169167
442 -2.02460436 -2.42129604 -1.62791268
443 -2.02029331 -2.41645293 -1.62413369
444 -2.01598226 -2.41160982 -1.62035470
445 -2.01167121 -2.40676671 -1.61657571
446 -2.00736016 -2.40192360 -1.61279672
447 -2.00304911 -2.39708049 -1.60901773
448 -1.99873806 -2.39223738 -1.60523874
449 -1.99442701 -2.38739427 -1.60145975
450 -1.99011596 -2.38255115 -1.59768076
451 -1.98580491 -2.37770804 -1.59390177
452 -1.98149386 -2.37286493 -1.59012278
453 -1.97718281 -2.36802182 -1.58634379
454 -1.97287175 -2.36317871 -1.58256480
455 -1.96856070 -2.35833560 -1.57878581
456 -1.96424965 -2.35349249 -1.57500682
457 -1.95993860 -2.34864938 -1.57122783
458 -1.95562755 -2.34380627 -1.56744884
459 -1.95131650 -2.33896316 -1.56366984
460 -1.94700545 -2.33412005 -1.55989085
461 -1.94269440 -2.32927694 -1.55611186
462 -1.93838335 -2.32443383 -1.55233287
463 -1.93407230 -2.31959072 -1.54855388
464 -1.92976125 -2.31474761 -1.54477489
465 -1.92545020 -2.30990450 -1.54099590
466 -1.92113915 -2.30506139 -1.53721691
467 -1.91682810 -2.30021828 -1.53343792
468 -1.91251705 -2.29537517 -1.52965893
469 -1.90820600 -2.29053206 -1.52587994
470 -1.90389495 -2.28568894 -1.52210095
471 -1.89958390 -2.28084583 -1.51832196
472 -1.89527285 -2.27600272 -1.51454297
473 -1.89096180 -2.27115961 -1.51076398
474 -1.88665075 -2.26631650 -1.50698499
475 -1.88233969 -2.26147339 -1.50320600
476 -1.87802864 -2.25663028 -1.49942701
477 -1.87371759 -2.25178717 -1.49564802
478 -1.86940654 -2.24694406 -1.49186903
479 -1.86509549 -2.24210095 -1.48809004
480 -1.86078444 -2.23725784 -1.48431105
481 -1.85647339 -2.23241473 -1.48053206
482 -1.85216234 -2.22757162 -1.47675306
483 -1.84785129 -2.22272851 -1.47297407
484 -1.84354024 -2.21788540 -1.46919508
485 -1.83922919 -2.21304229 -1.46541609
486 -1.83491814 -2.20819918 -1.46163710
487 -1.83060709 -2.20335607 -1.45785811
488 -1.82629604 -2.19851296 -1.45407912
489 -1.82198499 -2.19366984 -1.45030013
490 -1.81767394 -2.18882673 -1.44652114
491 -1.81336289 -2.18398362 -1.44274215
492 -1.80905184 -2.17914051 -1.43896316
493 -1.80474079 -2.17429740 -1.43518417
494 -1.80042974 -2.16945429 -1.43140518
495 -1.79611869 -2.16461118 -1.42762619
496 -1.79180763 -2.15976807 -1.42384720
497 -1.78749658 -2.15492496 -1.42006821
498 -1.78318553 -2.15008185 -1.41628922
499 -1.77887448 -2.14523874 -1.41251023
500 -1.77456343 -2.14039563 -1.40873124
501 -1.77025238 -2.13555252 -1.40495225
502 -1.76594133 -2.13070941 -1.40117326
503 -1.76163028 -2.12586630 -1.39739427
504 -1.75731923 -2.12102319 -1.39361527
505 -1.75300818 -2.11618008 -1.38983628
506 -1.74869713 -2.11133697 -1.38605729
507 -1.74438608 -2.10649386 -1.38227830
508 -1.74007503 -2.10165075 -1.37849931
509 -1.73576398 -2.09680763 -1.37472032
510 -1.73145293 -2.09196452 -1.37094133
511 -1.72714188 -2.08712141 -1.36716234
512 -1.72283083 -2.08227830 -1.36338335
513 -1.71851978 -2.07743519 -1.35960436
514 -1.71420873 -2.07259208 -1.35582537
515 -1.70989768 -2.06774897 -1.35204638
516 -1.70558663 -2.06290586 -1.34826739
517 -1.70127557 -2.05806275 -1.34448840
518 -1.69696452 -2.05321964 -1.34070941
519 -1.69265347 -2.04837653 -1.33693042
520 -1.68834242 -2.04353342 -1.33315143
521 -1.68403137 -2.03869031 -1.32937244
522 -1.67972032 -2.03384720 -1.32559345
523 -1.67540927 -2.02900409 -1.32181446
524 -1.67109822 -2.02416098 -1.31803547
525 -1.66678717 -2.01931787 -1.31425648
526 -1.66247612 -2.01447476 -1.31047748
527 -1.65816507 -2.00963165 -1.30669849
528 -1.65385402 -2.00478854 -1.30291950
529 -1.64954297 -1.99994542 -1.29914051
530 -1.64523192 -1.99510231 -1.29536152
531 -1.64092087 -1.99025920 -1.29158253
532 -1.63660982 -1.98541609 -1.28780354
533 -1.63229877 -1.98057298 -1.28402455
534 -1.62798772 -1.97572987 -1.28024556
535 -1.62367667 -1.97088676 -1.27646657
536 -1.61936562 -1.96604365 -1.27268758
537 -1.61505457 -1.96120054 -1.26890859
538 -1.61074351 -1.95635743 -1.26512960
539 -1.60643246 -1.95151432 -1.26135061
540 -1.60212141 -1.94667121 -1.25757162
541 -1.59781036 -1.94182810 -1.25379263
542 -1.59349931 -1.93698499 -1.25001364
543 -1.58918826 -1.93214188 -1.24623465
544 -1.58487721 -1.92729877 -1.24245566
545 -1.58056616 -1.92245566 -1.23867667
546 -1.57625511 -1.91761255 -1.23489768
547 -1.57194406 -1.91276944 -1.23111869
548 -1.56763301 -1.90792633 -1.22733969
549 -1.56332196 -1.90308321 -1.22356070
550 -1.55901091 -1.89824010 -1.21978171
551 -1.55469986 -1.89339699 -1.21600272
552 -1.55038881 -1.88855388 -1.21222373
553 -1.54607776 -1.88371077 -1.20844474
554 -1.54176671 -1.87886766 -1.20466575
555 -1.53745566 -1.87402455 -1.20088676
556 -1.53314461 -1.86918144 -1.19710777
557 -1.52883356 -1.86433833 -1.19332878
558 -1.52452251 -1.85949522 -1.18954979
559 -1.52021145 -1.85465211 -1.18577080
560 -1.51590040 -1.84980900 -1.18199181
561 -1.51158935 -1.84496589 -1.17821282
562 -1.50727830 -1.84012278 -1.17443383
563 -1.50296725 -1.83527967 -1.17065484
564 -1.49865620 -1.83043656 -1.16687585
565 -1.49434515 -1.82559345 -1.16309686
566 -1.49003410 -1.82075034 -1.15931787
567 -1.48572305 -1.81590723 -1.15553888
568 -1.48141200 -1.81106412 -1.15175989
569 -1.47710095 -1.80622100 -1.14798090
570 -1.47278990 -1.80137789 -1.14420191
571 -1.46847885 -1.79653478 -1.14042291
572 -1.46416780 -1.79169167 -1.13664392
573 -1.45985675 -1.78684856 -1.13286493
574 -1.45554570 -1.78200545 -1.12908594
575 -1.45123465 -1.77716234 -1.12530695
576 -1.44692360 -1.77231923 -1.12152796
577 -1.44261255 -1.76747612 -1.11774897
578 -1.43830150 -1.76263301 -1.11396998
579 -1.43399045 -1.75778990 -1.11019099
580 -1.42967939 -1.75294679 -1.10641200
581 -1.42536834 -1.74810368 -1.10263301
582 -1.42105729 -1.74326057 -1.09885402
583 -1.41674624 -1.73841746 -1.09507503
584 -1.41243519 -1.73357435 -1.09129604
585 -1.40812414 -1.72873124 -1.08751705
586 -1.40381309 -1.72388813 -1.08373806
587 -1.39950204 -1.71904502 -1.07995907
588 -1.39519099 -1.71420191 -1.07618008
589 -1.39087994 -1.70935879 -1.07240109
590 -1.38656889 -1.70451568 -1.06862210
591 -1.38225784 -1.69967257 -1.06484311
592 -1.37794679 -1.69482946 -1.06106412
593 -1.37363574 -1.68998635 -1.05728512
594 -1.36932469 -1.68514324 -1.05350613
595 -1.36501364 -1.68030013 -1.04972714
596 -1.36070259 -1.67545702 -1.04594815
597 -1.35639154 -1.67061391 -1.04216916
598 -1.35208049 -1.66577080 -1.03839017
599 -1.34776944 -1.66092769 -1.03461118
600 -1.34345839 -1.65608458 -1.03083219
601 -1.33914733 -1.65124147 -1.02705320
602 -1.33483628 -1.64639836 -1.02327421
603 -1.33052523 -1.64155525 -1.01949522
604 -1.32621418 -1.63671214 -1.01571623
605 -1.32190313 -1.63186903 -1.01193724
606 -1.31759208 -1.62702592 -1.00815825
607 -1.31328103 -1.62218281 -1.00437926
608 -1.30896998 -1.61733969 -1.00060027
609 -1.30465893 -1.61249658 -0.99682128
610 -1.30034788 -1.60765347 -0.99304229
611 -1.29603683 -1.60281036 -0.98926330
612 -1.29172578 -1.59796725 -0.98548431
613 -1.28741473 -1.59312414 -0.98170532
614 -1.28310368 -1.58828103 -0.97792633
615 -1.27879263 -1.58343792 -0.97414733
616 -1.27448158 -1.57859481 -0.97036834
617 -1.27017053 -1.57375170 -0.96658935
618 -1.26585948 -1.56890859 -0.96281036
619 -1.26154843 -1.56406548 -0.95903137
620 -1.25723738 -1.55922237 -0.95525238
621 -1.25292633 -1.55437926 -0.95147339
622 -1.24861527 -1.54953615 -0.94769440
623 -1.24430422 -1.54469304 -0.94391541
624 -1.23999317 -1.53984993 -0.94013642
625 -1.23568212 -1.53500682 -0.93635743
626 -1.23137107 -1.53016371 -0.93257844
627 -1.22706002 -1.52532060 -0.92879945
628 -1.22274897 -1.52047748 -0.92502046
629 -1.21843792 -1.51563437 -0.92124147
630 -1.21412687 -1.51079126 -0.91746248
631 -1.20981582 -1.50594815 -0.91368349
632 -1.20550477 -1.50110504 -0.90990450
633 -1.20119372 -1.49626193 -0.90612551
634 -1.19688267 -1.49141882 -0.90234652
635 -1.19257162 -1.48657571 -0.89856753
636 -1.18826057 -1.48173260 -0.89478854
637 -1.18394952 -1.47688949 -0.89100954
638 -1.17963847 -1.47204638 -0.88723055
639 -1.17532742 -1.46720327 -0.88345156
640 -1.17101637 -1.46236016 -0.87967257
641 -1.16670532 -1.45751705 -0.87589358
642 -1.16239427 -1.45267394 -0.87211459
643 -1.15808321 -1.44783083 -0.86833560
644 -1.15377216 -1.44298772 -0.86455661
645 -1.14946111 -1.43814461 -0.86077762
646 -1.14515006 -1.43330150 -0.85699863
647 -1.14083901 -1.42845839 -0.85321964
648 -1.13652796 -1.42361527 -0.84944065
649 -1.13221691 -1.41877216 -0.84566166
650 -1.12790586 -1.41392905 -0.84188267
651 -1.12359481 -1.40908594 -0.83810368
652 -1.11928376 -1.40424283 -0.83432469
653 -1.11497271 -1.39939972 -0.83054570
654 -1.11066166 -1.39455661 -0.82676671
655 -1.10635061 -1.38971350 -0.82298772
656 -1.10203956 -1.38487039 -0.81920873
657 -1.09772851 -1.38002728 -0.81542974
658 -1.09341746 -1.37518417 -0.81165075
659 -1.08910641 -1.37034106 -0.80787175
660 -1.08479536 -1.36549795 -0.80409276
661 -1.08048431 -1.36065484 -0.80031377
662 -1.07617326 -1.35581173 -0.79653478
663 -1.07186221 -1.35096862 -0.79275579
664 -1.06755115 -1.34612551 -0.78897680
665 -1.06324010 -1.34128240 -0.78519781
666 -1.05892905 -1.33643929 -0.78141882
667 -1.05461800 -1.33159618 -0.77763983
668 -1.05030695 -1.32675306 -0.77386084
669 -1.04599590 -1.32190995 -0.77008185
670 -1.04168485 -1.31706684 -0.76630286
671 -1.03737380 -1.31222373 -0.76252387
672 -1.03306275 -1.30738062 -0.75874488
673 -1.02875170 -1.30253751 -0.75496589
674 -1.02444065 -1.29769440 -0.75118690
675 -1.02012960 -1.29285129 -0.74740791
676 -1.01581855 -1.28800818 -0.74362892
677 -1.01150750 -1.28316507 -0.73984993
678 -1.00719645 -1.27832196 -0.73607094
679 -1.00288540 -1.27347885 -0.73229195
680 -0.99857435 -1.26863574 -0.72851296
681 -0.99426330 -1.26379263 -0.72473397
682 -0.98995225 -1.25894952 -0.72095497
683 -0.98564120 -1.25410641 -0.71717598
684 -0.98133015 -1.24926330 -0.71339699
685 -0.97701909 -1.24442019 -0.70961800
686 -0.97270804 -1.23957708 -0.70583901
687 -0.96839699 -1.23473397 -0.70206002
688 -0.96408594 -1.22989085 -0.69828103
689 -0.95977489 -1.22504774 -0.69450204
690 -0.95546384 -1.22020463 -0.69072305
691 -0.95115279 -1.21536152 -0.68694406
692 -0.94684174 -1.21051841 -0.68316507
693 -0.94253069 -1.20567530 -0.67938608
694 -0.93821964 -1.20083219 -0.67560709
695 -0.93390859 -1.19598908 -0.67182810
696 -0.92959754 -1.19114597 -0.66804911
697 -0.92528649 -1.18630286 -0.66427012
698 -0.92097544 -1.18145975 -0.66049113
699 -0.91666439 -1.17661664 -0.65671214
700 -0.91235334 -1.17177353 -0.65293315
701 -0.90804229 -1.16693042 -0.64915416
702 -0.90373124 -1.16208731 -0.64537517
703 -0.89942019 -1.15724420 -0.64159618
704 -0.89510914 -1.15240109 -0.63781718
705 -0.89079809 -1.14755798 -0.63403819
706 -0.88648703 -1.14271487 -0.63025920
707 -0.88217598 -1.13787175 -0.62648021
708 -0.87786493 -1.13302864 -0.62270122
709 -0.87355388 -1.12818553 -0.61892223
710 -0.86924283 -1.12334242 -0.61514324
711 -0.86493178 -1.11849931 -0.61136425
712 -0.86062073 -1.11365620 -0.60758526
713 -0.85630968 -1.10881309 -0.60380627
714 -0.85199863 -1.10396998 -0.60002728
715 -0.84768758 -1.09912687 -0.59624829
716 -0.84337653 -1.09428376 -0.59246930
717 -0.83906548 -1.08944065 -0.58869031
718 -0.83475443 -1.08459754 -0.58491132
719 -0.83044338 -1.07975443 -0.58113233
720 -0.82613233 -1.07491132 -0.57735334
721 -0.82182128 -1.07006821 -0.57357435
722 -0.81751023 -1.06522510 -0.56979536
723 -0.81319918 -1.06038199 -0.56601637
724 -0.80888813 -1.05553888 -0.56223738
725 -0.80457708 -1.05069577 -0.55845839
726 -0.80026603 -1.04585266 -0.55467939
727 -0.79595497 -1.04100954 -0.55090040
728 -0.79164392 -1.03616643 -0.54712141
729 -0.78733287 -1.03132332 -0.54334242
730 -0.78302182 -1.02648021 -0.53956343
731 -0.77871077 -1.02163710 -0.53578444
732 -0.77439972 -1.01679399 -0.53200545
733 -0.77008867 -1.01195088 -0.52822646
734 -0.76577762 -1.00710777 -0.52444747
735 -0.76146657 -1.00226466 -0.52066848
736 -0.75715552 -0.99742155 -0.51688949
737 -0.75284447 -0.99257844 -0.51311050
738 -0.74853342 -0.98773533 -0.50933151
739 -0.74422237 -0.98289222 -0.50555252
740 -0.73991132 -0.97804911 -0.50177353
741 -0.73560027 -0.97320600 -0.49799454
742 -0.73128922 -0.96836289 -0.49421555
743 -0.72697817 -0.96351978 -0.49043656
744 -0.72266712 -0.95867667 -0.48665757
745 -0.71835607 -0.95383356 -0.48287858
746 -0.71404502 -0.94899045 -0.47909959
747 -0.70973397 -0.94414733 -0.47532060
748 -0.70542291 -0.93930422 -0.47154160
749 -0.70111186 -0.93446111 -0.46776261
750 -0.69680081 -0.92961800 -0.46398362
751 -0.69248976 -0.92477489 -0.46020463
752 -0.68817871 -0.91993178 -0.45642564
753 -0.68386766 -0.91508867 -0.45264665
754 -0.67955661 -0.91024556 -0.44886766
755 -0.67524556 -0.90540245 -0.44508867
756 -0.67093451 -0.90055934 -0.44130968
757 -0.66662346 -0.89571623 -0.43753069
758 -0.66231241 -0.89087312 -0.43375170
759 -0.65800136 -0.88603001 -0.42997271
760 -0.65369031 -0.88118690 -0.42619372
761 -0.64937926 -0.87634379 -0.42241473
762 -0.64506821 -0.87150068 -0.41863574
763 -0.64075716 -0.86665757 -0.41485675
764 -0.63644611 -0.86181446 -0.41107776
765 -0.63213506 -0.85697135 -0.40729877
766 -0.62782401 -0.85212824 -0.40351978
767 -0.62351296 -0.84728512 -0.39974079
768 -0.61920191 -0.84244201 -0.39596180
769 -0.61489085 -0.83759890 -0.39218281
770 -0.61057980 -0.83275579 -0.38840381
771 -0.60626875 -0.82791268 -0.38462482
772 -0.60195770 -0.82306957 -0.38084583
773 -0.59764665 -0.81822646 -0.37706684
774 -0.59333560 -0.81338335 -0.37328785
775 -0.58902455 -0.80854024 -0.36950886
776 -0.58471350 -0.80369713 -0.36572987
777 -0.58040245 -0.79885402 -0.36195088
778 -0.57609140 -0.79401091 -0.35817189
779 -0.57178035 -0.78916780 -0.35439290
780 -0.56746930 -0.78432469 -0.35061391
781 -0.56315825 -0.77948158 -0.34683492
782 -0.55884720 -0.77463847 -0.34305593
783 -0.55453615 -0.76979536 -0.33927694
784 -0.55022510 -0.76495225 -0.33549795
785 -0.54591405 -0.76010914 -0.33171896
786 -0.54160300 -0.75526603 -0.32793997
787 -0.53729195 -0.75042291 -0.32416098
788 -0.53298090 -0.74557980 -0.32038199
789 -0.52866984 -0.74073669 -0.31660300
790 -0.52435879 -0.73589358 -0.31282401
791 -0.52004774 -0.73105047 -0.30904502
792 -0.51573669 -0.72620736 -0.30526603
793 -0.51142564 -0.72136425 -0.30148703
794 -0.50711459 -0.71652114 -0.29770804
795 -0.50280354 -0.71167803 -0.29392905
796 -0.49849249 -0.70683492 -0.29015006
797 -0.49418144 -0.70199181 -0.28637107
798 -0.48987039 -0.69714870 -0.28259208
799 -0.48555934 -0.69230559 -0.27881309
800 -0.48124829 -0.68746248 -0.27503410
801 -0.47693724 -0.68261937 -0.27125511
802 -0.47262619 -0.67777626 -0.26747612
803 -0.46831514 -0.67293315 -0.26369713
804 -0.46400409 -0.66809004 -0.25991814
805 -0.45969304 -0.66324693 -0.25613915
806 -0.45538199 -0.65840381 -0.25236016
807 -0.45107094 -0.65356070 -0.24858117
808 -0.44675989 -0.64871759 -0.24480218
809 -0.44244884 -0.64387448 -0.24102319
810 -0.43813778 -0.63903137 -0.23724420
811 -0.43382673 -0.63418826 -0.23346521
812 -0.42951568 -0.62934515 -0.22968622
813 -0.42520463 -0.62450204 -0.22590723
814 -0.42089358 -0.61965893 -0.22212824
815 -0.41658253 -0.61481582 -0.21834924
816 -0.41227148 -0.60997271 -0.21457025
817 -0.40796043 -0.60512960 -0.21079126
818 -0.40364938 -0.60028649 -0.20701227
819 -0.39933833 -0.59544338 -0.20323328
820 -0.39502728 -0.59060027 -0.19945429
821 -0.39071623 -0.58575716 -0.19567530
822 -0.38640518 -0.58091405 -0.19189631
823 -0.38209413 -0.57607094 -0.18811732
824 -0.37778308 -0.57122783 -0.18433833
825 -0.37347203 -0.56638472 -0.18055934
826 -0.36916098 -0.56154160 -0.17678035
827 -0.36484993 -0.55669849 -0.17300136
828 -0.36053888 -0.55185538 -0.16922237
829 -0.35622783 -0.54701227 -0.16544338
830 -0.35191678 -0.54216916 -0.16166439
831 -0.34760572 -0.53732605 -0.15788540
832 -0.34329467 -0.53248294 -0.15410641
833 -0.33898362 -0.52763983 -0.15032742
834 -0.33467257 -0.52279672 -0.14654843
835 -0.33036152 -0.51795361 -0.14276944
836 -0.32605047 -0.51311050 -0.13899045
837 -0.32173942 -0.50826739 -0.13521145
838 -0.31742837 -0.50342428 -0.13143246
839 -0.31311732 -0.49858117 -0.12765347
840 -0.30880627 -0.49373806 -0.12387448
841 -0.30449522 -0.48889495 -0.12009549
842 -0.30018417 -0.48405184 -0.11631650
843 -0.29587312 -0.47920873 -0.11253751
844 -0.29156207 -0.47436562 -0.10875852
845 -0.28725102 -0.46952251 -0.10497953
846 -0.28293997 -0.46467939 -0.10120054
847 -0.27862892 -0.45983628 -0.09742155
848 -0.27431787 -0.45499317 -0.09364256
849 -0.27000682 -0.45015006 -0.08986357
850 -0.26569577 -0.44530695 -0.08608458
851 -0.26138472 -0.44046384 -0.08230559
852 -0.25707366 -0.43562073 -0.07852660
853 -0.25276261 -0.43077762 -0.07474761
854 -0.24845156 -0.42593451 -0.07096862
855 -0.24414051 -0.42109140 -0.06718963
856 -0.23982946 -0.41624829 -0.06341064
857 -0.23551841 -0.41140518 -0.05963165
858 -0.23120736 -0.40656207 -0.05585266
859 -0.22689631 -0.40171896 -0.05207366
860 -0.22258526 -0.39687585 -0.04829467
861 -0.21827421 -0.39203274 -0.04451568
862 -0.21396316 -0.38718963 -0.04073669
863 -0.20965211 -0.38234652 -0.03695770
864 -0.20534106 -0.37750341 -0.03317871
865 -0.20103001 -0.37266030 -0.02939972
866 -0.19671896 -0.36781718 -0.02562073
867 -0.19240791 -0.36297407 -0.02184174
868 -0.18809686 -0.35813096 -0.01806275
869 -0.18378581 -0.35328785 -0.01428376
870 -0.17947476 -0.34844474 -0.01050477
871 -0.17516371 -0.34360163 -0.00672578
872 -0.17085266 -0.33875852 -0.00294679
873 -0.16654160 -0.33391541 0.00083220
874 -0.16223055 -0.32907230 0.00461119
875 -0.15791950 -0.32422919 0.00839018
876 -0.15360845 -0.31938608 0.01216917
877 -0.14929740 -0.31454297 0.01594816
878 -0.14498635 -0.30969986 0.01972715
879 -0.14067530 -0.30485675 0.02350614
880 -0.13636425 -0.30001364 0.02728513
881 -0.13205320 -0.29517053 0.03106412
882 -0.12774215 -0.29032742 0.03484311
883 -0.12343110 -0.28548431 0.03862210
884 -0.11912005 -0.28064120 0.04240109
885 -0.11480900 -0.27579809 0.04618008
886 -0.11049795 -0.27095497 0.04995907
887 -0.10618690 -0.26611186 0.05373806
888 -0.10187585 -0.26126875 0.05751705
889 -0.09756480 -0.25642564 0.06129604
890 -0.09325375 -0.25158253 0.06507503
891 -0.08894270 -0.24673942 0.06885402
892 -0.08463165 -0.24189631 0.07263302
893 -0.08032060 -0.23705320 0.07641201
894 -0.07600954 -0.23221009 0.08019100
895 -0.07169849 -0.22736698 0.08396999
896 -0.06738744 -0.22252387 0.08774898
897 -0.06307639 -0.21768076 0.09152797
898 -0.05876534 -0.21283765 0.09530696
899 -0.05445429 -0.20799454 0.09908595
900 -0.05014324 -0.20315143 0.10286494
901 -0.04583219 -0.19830832 0.10664393
902 -0.04152114 -0.19346521 0.11042292
903 -0.03721009 -0.18862210 0.11420191
904 -0.03289904 -0.18377899 0.11798090
905 -0.02858799 -0.17893587 0.12175989
906 -0.02427694 -0.17409276 0.12553888
907 -0.01996589 -0.16924965 0.12931787
908 -0.01565484 -0.16440654 0.13309686
909 -0.01134379 -0.15956343 0.13687585
910 -0.00703274 -0.15472032 0.14065484
911 -0.00272169 -0.14987721 0.14443383
912 0.00158936 -0.14503410 0.14821282
913 0.00590041 -0.14019099 0.15199181
914 0.01021146 -0.13534788 0.15577080
915 0.01452251 -0.13050477 0.15954980
916 0.01883356 -0.12566166 0.16332879
917 0.02314461 -0.12081855 0.16710778
918 0.02745566 -0.11597544 0.17088677
919 0.03176671 -0.11113233 0.17466576
920 0.03607776 -0.10628922 0.17844475
921 0.04038881 -0.10144611 0.18222374
922 0.04469986 -0.09660300 0.18600273
923 0.04901091 -0.09175989 0.18978172
924 0.05332196 -0.08691678 0.19356071
925 0.05763302 -0.08207366 0.19733970
926 0.06194407 -0.07723055 0.20111869
927 0.06625512 -0.07238744 0.20489768
928 0.07056617 -0.06754433 0.20867667
929 0.07487722 -0.06270122 0.21245566
930 0.07918827 -0.05785811 0.21623465
931 0.08349932 -0.05301500 0.22001364
932 0.08781037 -0.04817189 0.22379263
933 0.09212142 -0.04332878 0.22757162
934 0.09643247 -0.03848567 0.23135061
935 0.10074352 -0.03364256 0.23512960
936 0.10505457 -0.02879945 0.23890859
937 0.10936562 -0.02395634 0.24268759
938 0.11367667 -0.01911323 0.24646658
939 0.11798772 -0.01427012 0.25024557
940 0.12229877 -0.00942701 0.25402456
941 0.12660982 -0.00458390 0.25780355
942 0.13092087 0.00025921 0.26158254
943 0.13523192 0.00510232 0.26536153
944 0.13954297 0.00994543 0.26914052
945 0.14385402 0.01478854 0.27291951
946 0.14816508 0.01963165 0.27669850
947 0.15247613 0.02447476 0.28047749
948 0.15678718 0.02931787 0.28425648
949 0.16109823 0.03416098 0.28803547
950 0.16540928 0.03900409 0.29181446
951 0.16972033 0.04384720 0.29559345
952 0.17403138 0.04869031 0.29937244
953 0.17834243 0.05353342 0.30315143
954 0.18265348 0.05837653 0.30693042
955 0.18696453 0.06321965 0.31070941
956 0.19127558 0.06806276 0.31448840
957 0.19558663 0.07290587 0.31826739
958 0.19989768 0.07774898 0.32204638
959 0.20420873 0.08259209 0.32582538
960 0.20851978 0.08743520 0.32960437
961 0.21283083 0.09227831 0.33338336
962 0.21714188 0.09712142 0.33716235
963 0.22145293 0.10196453 0.34094134
964 0.22576398 0.10680764 0.34472033
965 0.23007503 0.11165075 0.34849932
966 0.23438608 0.11649386 0.35227831
967 0.23869714 0.12133697 0.35605730
968 0.24300819 0.12618008 0.35983629
969 0.24731924 0.13102319 0.36361528
970 0.25163029 0.13586630 0.36739427
971 0.25594134 0.14070941 0.37117326
972 0.26025239 0.14555252 0.37495225
973 0.26456344 0.15039563 0.37873124
974 0.26887449 0.15523874 0.38251023
975 0.27318554 0.16008186 0.38628922
976 0.27749659 0.16492497 0.39006821
977 0.28180764 0.16976808 0.39384720
978 0.28611869 0.17461119 0.39762619
979 0.29042974 0.17945430 0.40140518
980 0.29474079 0.18429741 0.40518417
981 0.29905184 0.18914052 0.40896317
982 0.30336289 0.19398363 0.41274216
983 0.30767394 0.19882674 0.41652115
984 0.31198499 0.20366985 0.42030014
985 0.31629604 0.20851296 0.42407913
986 0.32060709 0.21335607 0.42785812
987 0.32491814 0.21819918 0.43163711
988 0.32922920 0.22304229 0.43541610
989 0.33354025 0.22788540 0.43919509
990 0.33785130 0.23272851 0.44297408
991 0.34216235 0.23757162 0.44675307
992 0.34647340 0.24241473 0.45053206
993 0.35078445 0.24725784 0.45431105
994 0.35509550 0.25210096 0.45809004
995 0.35940655 0.25694407 0.46186903
996 0.36371760 0.26178718 0.46564802
997 0.36802865 0.26663029 0.46942701
998 0.37233970 0.27147340 0.47320600
999 0.37665075 0.27631651 0.47698499
1000 0.38096180 0.28115962 0.48076398
1001 0.38527285 0.28600273 0.48454297
1002 0.38958390 0.29084584 0.48832196
1003 0.39389495 0.29568895 0.49210096
1004 0.39820600 0.30053206 0.49587995
1005 0.40251705 0.30537517 0.49965894
1006 0.40682810 0.31021828 0.50343793
1007 0.41113915 0.31506139 0.50721692
1008 0.41545020 0.31990450 0.51099591
1009 0.41976126 0.32474761 0.51477490
1010 0.42407231 0.32959072 0.51855389
1011 0.42838336 0.33443383 0.52233288
1012 0.43269441 0.33927694 0.52611187
1013 0.43700546 0.34412005 0.52989086
1014 0.44131651 0.34896317 0.53366985
1015 0.44562756 0.35380628 0.53744884
1016 0.44993861 0.35864939 0.54122783
1017 0.45424966 0.36349250 0.54500682
1018 0.45856071 0.36833561 0.54878581
1019 0.46287176 0.37317872 0.55256480
1020 0.46718281 0.37802183 0.55634379
1021 0.47149386 0.38286494 0.56012278
1022 0.47580491 0.38770805 0.56390177
1023 0.48011596 0.39255116 0.56768076
1024 0.48442701 0.39739427 0.57145975
1025 0.48873806 0.40223738 0.57523874
1026 0.49304911 0.40708049 0.57901774
1027 0.49736016 0.41192360 0.58279673
1028 0.50167121 0.41676671 0.58657572
1029 0.50598226 0.42160982 0.59035471
1030 0.51029332 0.42645293 0.59413370
1031 0.51460437 0.43129604 0.59791269
1032 0.51891542 0.43613915 0.60169168
1033 0.52322647 0.44098226 0.60547067
1034 0.52753752 0.44582538 0.60924966
1035 0.53184857 0.45066849 0.61302865
1036 0.53615962 0.45551160 0.61680764
1037 0.54047067 0.46035471 0.62058663
1038 0.54478172 0.46519782 0.62436562
1039 0.54909277 0.47004093 0.62814461
1040 0.55340382 0.47488404 0.63192360
1041 0.55771487 0.47972715 0.63570259
1042 0.56202592 0.48457026 0.63948158
1043 0.56633697 0.48941337 0.64326057
1044 0.57064802 0.49425648 0.64703956
1045 0.57495907 0.49909959 0.65081855
1046 0.57927012 0.50394270 0.65459754
1047 0.58358117 0.50878581 0.65837653
1048 0.58789222 0.51362892 0.66215553
1049 0.59220327 0.51847203 0.66593452
1050 0.59651432 0.52331514 0.66971351
1051 0.60082538 0.52815825 0.67349250
1052 0.60513643 0.53300136 0.67727149
1053 0.60944748 0.53784447 0.68105048
1054 0.61375853 0.54268759 0.68482947
1055 0.61806958 0.54753070 0.68860846
1056 0.62238063 0.55237381 0.69238745
1057 0.62669168 0.55721692 0.69616644
1058 0.63100273 0.56206003 0.69994543
1059 0.63531378 0.56690314 0.70372442
1060 0.63962483 0.57174625 0.70750341
1061 0.64393588 0.57658936 0.71128240
1062 0.64824693 0.58143247 0.71506139
1063 0.65255798 0.58627558 0.71884038
1064 0.65686903 0.59111869 0.72261937
1065 0.66118008 0.59596180 0.72639836
1066 0.66549113 0.60080491 0.73017735
1067 0.66980218 0.60564802 0.73395634
1068 0.67411323 0.61049113 0.73773533
1069 0.67842428 0.61533424 0.74151432
1070 0.68273533 0.62017735 0.74529332
1071 0.68704638 0.62502046 0.74907231
1072 0.69135744 0.62986357 0.75285130
1073 0.69566849 0.63470668 0.75663029
1074 0.69997954 0.63954980 0.76040928
1075 0.70429059 0.64439291 0.76418827
1076 0.70860164 0.64923602 0.76796726
1077 0.71291269 0.65407913 0.77174625
1078 0.71722374 0.65892224 0.77552524
1079 0.72153479 0.66376535 0.77930423
1080 0.72584584 0.66860846 0.78308322
1081 0.73015689 0.67345157 0.78686221
1082 0.73446794 0.67829468 0.79064120
1083 0.73877899 0.68313779 0.79442019
1084 0.74309004 0.68798090 0.79819918
1085 0.74740109 0.69282401 0.80197817
1086 0.75171214 0.69766712 0.80575716
1087 0.75602319 0.70251023 0.80953615
1088 0.76033424 0.70735334 0.81331514
1089 0.76464529 0.71219645 0.81709413
1090 0.76895634 0.71703956 0.82087312
1091 0.77326739 0.72188267 0.82465211
1092 0.77757844 0.72672578 0.82843111
1093 0.78188950 0.73156890 0.83221010
1094 0.78620055 0.73641201 0.83598909
1095 0.79051160 0.74125512 0.83976808
1096 0.79482265 0.74609823 0.84354707
1097 0.79913370 0.75094134 0.84732606
1098 0.80344475 0.75578445 0.85110505
1099 0.80775580 0.76062756 0.85488404
1100 0.81206685 0.76547067 0.85866303
1101 0.81637790 0.77031378 0.86244202
1102 0.82068895 0.77515689 0.86622101
1103 0.82500000 0.78000000 0.87000000
1104 0.82940934 0.78440934 0.87440934
1105 0.83381868 0.78881868 0.87881868
1106 0.83822802 0.79322802 0.88322802
1107 0.84263736 0.79763736 0.88763736
1108 0.84704670 0.80204670 0.89204670
1109 0.85145604 0.80645604 0.89645604
1110 0.85586538 0.81086538 0.90086538
1111 0.86027473 0.81527473 0.90527473
1112 0.86468407 0.81968407 0.90968407
1113 0.86909341 0.82409341 0.91409341
1114 0.87350275 0.82850275 0.91850275
1115 0.87791209 0.83291209 0.92291209
1116 0.88232143 0.83732143 0.92732143
1117 0.88673077 0.84173077 0.93173077
1118 0.89114011 0.84614011 0.93614011
1119 0.89554945 0.85054945 0.94054945
1120 0.89995879 0.85495879 0.94495879
1121 0.90436813 0.85936813 0.94936813
1122 0.90877747 0.86377747 0.95377747
1123 0.91318681 0.86818681 0.95818681
1124 0.91759615 0.87259615 0.96259615
1125 0.92200549 0.87700549 0.96700549
1126 0.92641484 0.88141484 0.97141484
1127 0.93082418 0.88582418 0.97582418
1128 0.93523352 0.89023352 0.98023352
1129 0.93964286 0.89464286 0.98464286
1130 0.94405220 0.89905220 0.98905220
1131 0.94846154 0.90346154 0.99346154
1132 0.95287088 0.90787088 0.99787088
1133 0.95728022 0.91228022 1.00228022
1134 0.96168956 0.91668956 1.00668956
1135 0.96609890 0.92109890 1.01109890
1136 0.97050824 0.92550824 1.01550824
1137 0.97491758 0.92991758 1.01991758
1138 0.97932692 0.93432692 1.02432692
1139 0.98373626 0.93873626 1.02873626
1140 0.98814560 0.94314560 1.03314560
1141 0.99255495 0.94755495 1.03755495
1142 0.99696429 0.95196429 1.04196429
1143 1.00137363 0.95637363 1.04637363
1144 1.00578297 0.96078297 1.05078297
1145 1.01019231 0.96519231 1.05519231
1146 1.01460165 0.96960165 1.05960165
1147 1.01901099 0.97401099 1.06401099
1148 1.02342033 0.97842033 1.06842033
1149 1.02782967 0.98282967 1.07282967
1150 1.03223901 0.98723901 1.07723901
1151 1.03664835 0.99164835 1.08164835
1152 1.04105769 0.99605769 1.08605769
1153 1.04546703 1.00046703 1.09046703
1154 1.04987637 1.00487637 1.09487637
1155 1.05428571 1.00928571 1.09928571
1156 1.05869505 1.01369505 1.10369505
1157 1.06310440 1.01810440 1.10810440
1158 1.06751374 1.02251374 1.11251374
1159 1.07192308 1.02692308 1.11692308
1160 1.07633242 1.03133242 1.12133242
1161 1.08074176 1.03574176 1.12574176
1162 1.08515110 1.04015110 1.13015110
1163 1.08956044 1.04456044 1.13456044
1164 1.09396978 1.04896978 1.13896978
1165 1.09837912 1.05337912 1.14337912
1166 1.10278846 1.05778846 1.14778846
1167 1.10719780 1.06219780 1.15219780
1168 1.11160714 1.06660714 1.15660714
1169 1.11601648 1.07101648 1.16101648
1170 1.12042582 1.07542582 1.16542582
1171 1.12483516 1.07983516 1.16983516
1172 1.12924451 1.08424451 1.17424451
1173 1.13365385 1.08865385 1.17865385
1174 1.13806319 1.09306319 1.18306319
1175 1.14247253 1.09747253 1.18747253
1176 1.14688187 1.10188187 1.19188187
1177 1.15129121 1.10629121 1.19629121
1178 1.15570055 1.11070055 1.20070055
1179 1.16010989 1.11510989 1.20510989
1180 1.16451923 1.11951923 1.20951923
1181 1.16892857 1.12392857 1.21392857
1182 1.17333791 1.12833791 1.21833791
1183 1.17774725 1.13274725 1.22274725
1184 1.18215659 1.13715659 1.22715659
1185 1.18656593 1.14156593 1.23156593
1186 1.19097527 1.14597527 1.23597527
1187 1.19538462 1.15038462 1.24038462
1188 1.19979396 1.15479396 1.24479396
1189 1.20420330 1.15920330 1.24920330
1190 1.20861264 1.16361264 1.25361264
1191 1.21302198 1.16802198 1.25802198
1192 1.21743132 1.17243132 1.26243132
1193 1.22184066 1.17684066 1.26684066
1194 1.22625000 1.18125000 1.27125000
1195 1.23065934 1.18565934 1.27565934
1196 1.23506868 1.19006868 1.28006868
1197 1.23947802 1.19447802 1.28447802
1198 1.24388736 1.19888736 1.28888736
1199 1.24829670 1.20329670 1.29329670
1200 1.25270604 1.20770604 1.29770604
1201 1.25711538 1.21211538 1.30211538
1202 1.26152473 1.21652473 1.30652473
1203 1.26593407 1.22093407 1.31093407
1204 1.27034341 1.22534341 1.31534341
1205 1.27475275 1.22975275 1.31975275
1206 1.27916209 1.23416209 1.32416209
1207 1.28357143 1.23857143 1.32857143
1208 1.28798077 1.24298077 1.33298077
1209 1.29239011 1.24739011 1.33739011
1210 1.29679945 1.25179945 1.34179945
1211 1.30120879 1.25620879 1.34620879
1212 1.30561813 1.26061813 1.35061813
1213 1.31002747 1.26502747 1.35502747
1214 1.31443681 1.26943681 1.35943681
1215 1.31884615 1.27384615 1.36384615
1216 1.32325549 1.27825549 1.36825549
1217 1.32766484 1.28266484 1.37266484
1218 1.33207418 1.28707418 1.37707418
1219 1.33648352 1.29148352 1.38148352
1220 1.34089286 1.29589286 1.38589286
1221 1.34530220 1.30030220 1.39030220
1222 1.34971154 1.30471154 1.39471154
1223 1.35412088 1.30912088 1.39912088
1224 1.35853022 1.31353022 1.40353022
1225 1.36293956 1.31793956 1.40793956
1226 1.36734890 1.32234890 1.41234890
1227 1.37175824 1.32675824 1.41675824
1228 1.37616758 1.33116758 1.42116758
1229 1.38057692 1.33557692 1.42557692
1230 1.38498626 1.33998626 1.42998626
1231 1.38939560 1.34439560 1.43439560
1232 1.39380495 1.34880495 1.43880495
1233 1.39821429 1.35321429 1.44321429
1234 1.40262363 1.35762363 1.44762363
1235 1.40703297 1.36203297 1.45203297
1236 1.41144231 1.36644231 1.45644231
1237 1.41585165 1.37085165 1.46085165
1238 1.42026099 1.37526099 1.46526099
1239 1.42467033 1.37967033 1.46967033
1240 1.42907967 1.38407967 1.47407967
1241 1.43348901 1.38848901 1.47848901
1242 1.43789835 1.39289835 1.48289835
1243 1.44230769 1.39730769 1.48730769
1244 1.44671703 1.40171703 1.49171703
1245 1.45112637 1.40612637 1.49612637
1246 1.45553571 1.41053571 1.50053571
1247 1.45994505 1.41494505 1.50494505
1248 1.46435440 1.41935440 1.50935440
1249 1.46876374 1.42376374 1.51376374
1250 1.47317308 1.42817308 1.51817308
1251 1.47758242 1.43258242 1.52258242
1252 1.48199176 1.43699176 1.52699176
1253 1.48640110 1.44140110 1.53140110
1254 1.49081044 1.44581044 1.53581044
1255 1.49521978 1.45021978 1.54021978
1256 1.49962912 1.45462912 1.54462912
1257 1.50403846 1.45903846 1.54903846
1258 1.50844780 1.46344780 1.55344780
1259 1.51285714 1.46785714 1.55785714
1260 1.51726648 1.47226648 1.56226648
1261 1.52167582 1.47667582 1.56667582
1262 1.52608516 1.48108516 1.57108516
1263 1.53049451 1.48549451 1.57549451
1264 1.53490385 1.48990385 1.57990385
1265 1.53931319 1.49431319 1.58431319
1266 1.54372253 1.49872253 1.58872253
1267 1.54813187 1.50313187 1.59313187
1268 1.55254121 1.50754121 1.59754121
1269 1.55695055 1.51195055 1.60195055
1270 1.56135989 1.51635989 1.60635989
1271 1.56576923 1.52076923 1.61076923
1272 1.57017857 1.52517857 1.61517857
1273 1.57458791 1.52958791 1.61958791
1274 1.57899725 1.53399725 1.62399725
1275 1.58340659 1.53840659 1.62840659
1276 1.58781593 1.54281593 1.63281593
1277 1.59222527 1.54722527 1.63722527
1278 1.59663462 1.55163462 1.64163462
1279 1.60104396 1.55604396 1.64604396
1280 1.60545330 1.56045330 1.65045330
1281 1.60986264 1.56486264 1.65486264
1282 1.61427198 1.56927198 1.65927198
1283 1.61868132 1.57368132 1.66368132
1284 1.62309066 1.57809066 1.66809066
1285 1.62750000 1.58250000 1.67250000
1286 1.63190934 1.58690934 1.67690934
1287 1.63631868 1.59131868 1.68131868
1288 1.64072802 1.59572802 1.68572802
1289 1.64513736 1.60013736 1.69013736
1290 1.64954670 1.60454670 1.69454670
1291 1.65395604 1.60895604 1.69895604
1292 1.65836538 1.61336538 1.70336538
1293 1.66277473 1.61777473 1.70777473
1294 1.66718407 1.62218407 1.71218407
1295 1.67159341 1.62659341 1.71659341
1296 1.67600275 1.63100275 1.72100275
1297 1.68041209 1.63541209 1.72541209
1298 1.68482143 1.63982143 1.72982143
1299 1.68923077 1.64423077 1.73423077
1300 1.69364011 1.64864011 1.73864011
1301 1.69804945 1.65304945 1.74304945
1302 1.70245879 1.65745879 1.74745879
1303 1.70686813 1.66186813 1.75186813
1304 1.71127747 1.66627747 1.75627747
1305 1.71568681 1.67068681 1.76068681
1306 1.72009615 1.67509615 1.76509615
1307 1.72450549 1.67950549 1.76950549
1308 1.72891484 1.68391484 1.77391484
1309 1.73332418 1.68832418 1.77832418
1310 1.73773352 1.69273352 1.78273352
1311 1.74214286 1.69714286 1.78714286
1312 1.74655220 1.70155220 1.79155220
1313 1.75096154 1.70596154 1.79596154
1314 1.75537088 1.71037088 1.80037088
1315 1.75978022 1.71478022 1.80478022
1316 1.76418956 1.71918956 1.80918956
1317 1.76859890 1.72359890 1.81359890
1318 1.77300824 1.72800824 1.81800824
1319 1.77741758 1.73241758 1.82241758
1320 1.78182692 1.73682692 1.82682692
1321 1.78623626 1.74123626 1.83123626
1322 1.79064560 1.74564560 1.83564560
1323 1.79505495 1.75005495 1.84005495
1324 1.79946429 1.75446429 1.84446429
1325 1.80387363 1.75887363 1.84887363
1326 1.80828297 1.76328297 1.85328297
1327 1.81269231 1.76769231 1.85769231
1328 1.81710165 1.77210165 1.86210165
1329 1.82151099 1.77651099 1.86651099
1330 1.82592033 1.78092033 1.87092033
1331 1.83032967 1.78532967 1.87532967
1332 1.83473901 1.78973901 1.87973901
1333 1.83914835 1.79414835 1.88414835
1334 1.84355769 1.79855769 1.88855769
1335 1.84796703 1.80296703 1.89296703
1336 1.85237637 1.80737637 1.89737637
1337 1.85678571 1.81178571 1.90178571
1338 1.86119505 1.81619505 1.90619505
1339 1.86560440 1.82060440 1.91060440
1340 1.87001374 1.82501374 1.91501374
1341 1.87442308 1.82942308 1.91942308
1342 1.87883242 1.83383242 1.92383242
1343 1.88324176 1.83824176 1.92824176
1344 1.88765110 1.84265110 1.93265110
1345 1.89206044 1.84706044 1.93706044
1346 1.89646978 1.85146978 1.94146978
1347 1.90087912 1.85587912 1.94587912
1348 1.90528846 1.86028846 1.95028846
1349 1.90969780 1.86469780 1.95469780
1350 1.91410714 1.86910714 1.95910714
1351 1.91851648 1.87351648 1.96351648
1352 1.92292582 1.87792582 1.96792582
1353 1.92733516 1.88233516 1.97233516
1354 1.93174451 1.88674451 1.97674451
1355 1.93615385 1.89115385 1.98115385
1356 1.94056319 1.89556319 1.98556319
1357 1.94497253 1.89997253 1.98997253
1358 1.94938187 1.90438187 1.99438187
1359 1.95379121 1.90879121 1.99879121
1360 1.95820055 1.91320055 2.00320055
1361 1.96260989 1.91760989 2.00760989
1362 1.96701923 1.92201923 2.01201923
1363 1.97142857 1.92642857 2.01642857
1364 1.97583791 1.93083791 2.02083791
1365 1.98024725 1.93524725 2.02524725
1366 1.98465659 1.93965659 2.02965659
1367 1.98906593 1.94406593 2.03406593
1368 1.99347527 1.94847527 2.03847527
1369 1.99788462 1.95288462 2.04288462
1370 2.00229396 1.95729396 2.04729396
1371 2.00670330 1.96170330 2.05170330
1372 2.01111264 1.96611264 2.05611264
1373 2.01552198 1.97052198 2.06052198
1374 2.01993132 1.97493132 2.06493132
1375 2.02434066 1.97934066 2.06934066
1376 2.02875000 1.98375000 2.07375000
1377 2.03315934 1.98815934 2.07815934
1378 2.03756868 1.99256868 2.08256868
1379 2.04197802 1.99697802 2.08697802
1380 2.04638736 2.00138736 2.09138736
1381 2.05079670 2.00579670 2.09579670
1382 2.05520604 2.01020604 2.10020604
1383 2.05961538 2.01461538 2.10461538
1384 2.06402473 2.01902473 2.10902473
1385 2.06843407 2.02343407 2.11343407
1386 2.07284341 2.02784341 2.11784341
1387 2.07725275 2.03225275 2.12225275
1388 2.08166209 2.03666209 2.12666209
1389 2.08607143 2.04107143 2.13107143
1390 2.09048077 2.04548077 2.13548077
1391 2.09489011 2.04989011 2.13989011
1392 2.09929945 2.05429945 2.14429945
1393 2.10370879 2.05870879 2.14870879
1394 2.10811813 2.06311813 2.15311813
1395 2.11252747 2.06752747 2.15752747
1396 2.11693681 2.07193681 2.16193681
1397 2.12134615 2.07634615 2.16634615
1398 2.12575549 2.08075549 2.17075549
1399 2.13016484 2.08516484 2.17516484
1400 2.13457418 2.08957418 2.17957418
1401 2.13898352 2.09398352 2.18398352
1402 2.14339286 2.09839286 2.18839286
1403 2.14780220 2.10280220 2.19280220
1404 2.15221154 2.10721154 2.19721154
1405 2.15662088 2.11162088 2.20162088
1406 2.16103022 2.11603022 2.20603022
1407 2.16543956 2.12043956 2.21043956
1408 2.16984890 2.12484890 2.21484890
1409 2.17425824 2.12925824 2.21925824
1410 2.17866758 2.13366758 2.22366758
1411 2.18307692 2.13807692 2.22807692
1412 2.18748626 2.14248626 2.23248626
1413 2.19189560 2.14689560 2.23689560
1414 2.19630495 2.15130495 2.24130495
1415 2.20071429 2.15571429 2.24571429
1416 2.20512363 2.16012363 2.25012363
1417 2.20953297 2.16453297 2.25453297
1418 2.21394231 2.16894231 2.25894231
1419 2.21835165 2.17335165 2.26335165
1420 2.22276099 2.17776099 2.26776099
1421 2.22717033 2.18217033 2.27217033
1422 2.23157967 2.18657967 2.27657967
1423 2.23598901 2.19098901 2.28098901
1424 2.24039835 2.19539835 2.28539835
1425 2.24480769 2.19980769 2.28980769
1426 2.24921703 2.20421703 2.29421703
1427 2.25362637 2.20862637 2.29862637
1428 2.25803571 2.21303571 2.30303571
1429 2.26244505 2.21744505 2.30744505
1430 2.26685440 2.22185440 2.31185440
1431 2.27126374 2.22626374 2.31626374
1432 2.27567308 2.23067308 2.32067308
1433 2.28008242 2.23508242 2.32508242
1434 2.28449176 2.23949176 2.32949176
1435 2.28890110 2.24390110 2.33390110
1436 2.29331044 2.24831044 2.33831044
1437 2.29771978 2.25271978 2.34271978
1438 2.30212912 2.25712912 2.34712912
1439 2.30653846 2.26153846 2.35153846
1440 2.31094780 2.26594780 2.35594780
1441 2.31535714 2.27035714 2.36035714
1442 2.31976648 2.27476648 2.36476648
1443 2.32417582 2.27917582 2.36917582
1444 2.32858516 2.28358516 2.37358516
1445 2.33299451 2.28799451 2.37799451
1446 2.33740385 2.29240385 2.38240385
1447 2.34181319 2.29681319 2.38681319
1448 2.34622253 2.30122253 2.39122253
1449 2.35063187 2.30563187 2.39563187
1450 2.35504121 2.31004121 2.40004121
1451 2.35945055 2.31445055 2.40445055
1452 2.36385989 2.31885989 2.40885989
1453 2.36826923 2.32326923 2.41326923
1454 2.37267857 2.32767857 2.41767857
1455 2.37708791 2.33208791 2.42208791
1456 2.38149725 2.33649725 2.42649725
1457 2.38590659 2.34090659 2.43090659
1458 2.39031593 2.34531593 2.43531593
1459 2.39472527 2.34972527 2.43972527
1460 2.39913462 2.35413462 2.44413462
1461 2.40354396 2.35854396 2.44854396
1462 2.40795330 2.36295330 2.45295330
1463 2.41236264 2.36736264 2.45736264
1464 2.41677198 2.37177198 2.46177198
1465 2.42118132 2.37618132 2.46618132
1466 2.42559066 2.38059066 2.47059066
1467 2.43000000 2.38500000 2.47500000
1468 2.43440934 2.38940934 2.47940934
1469 2.43881868 2.39381868 2.48381868
1470 2.44322802 2.39822802 2.48822802
1471 2.44763736 2.40263736 2.49263736
1472 2.45204670 2.40704670 2.49704670
1473 2.45645604 2.41145604 2.50145604
1474 2.46086538 2.41586538 2.50586538
1475 2.46527473 2.42027473 2.51027473
1476 2.46968407 2.42468407 2.51468407
1477 2.47409341 2.42909341 2.51909341
1478 2.47850275 2.43350275 2.52350275
1479 2.48291209 2.43791209 2.52791209
1480 2.48732143 2.44232143 2.53232143
1481 2.49173077 2.44673077 2.53673077
1482 2.49614011 2.45114011 2.54114011
1483 2.50054945 2.45554945 2.54554945
1484 2.50495879 2.45995879 2.54995879
1485 2.50936813 2.46436813 2.55436813
1486 2.51377747 2.46877747 2.55877747
1487 2.51818681 2.47318681 2.56318681
1488 2.52259615 2.47759615 2.56759615
1489 2.52700549 2.48200549 2.57200549
1490 2.53141484 2.48641484 2.57641484
1491 2.53582418 2.49082418 2.58082418
1492 2.54023352 2.49523352 2.58523352
1493 2.54464286 2.49964286 2.58964286
1494 2.54905220 2.50405220 2.59405220
1495 2.55346154 2.50846154 2.59846154
1496 2.55787088 2.51287088 2.60287088
1497 2.56228022 2.51728022 2.60728022
1498 2.56668956 2.52168956 2.61168956
1499 2.57109890 2.52609890 2.61609890
1500 2.57550824 2.53050824 2.62050824
1501 2.57991758 2.53491758 2.62491758
1502 2.58432692 2.53932692 2.62932692
1503 2.58873626 2.54373626 2.63373626
1504 2.59314560 2.54814560 2.63814560
1505 2.59755495 2.55255495 2.64255495
1506 2.60196429 2.55696429 2.64696429
1507 2.60637363 2.56137363 2.65137363
1508 2.61078297 2.56578297 2.65578297
1509 2.61519231 2.57019231 2.66019231
1510 2.61960165 2.57460165 2.66460165
1511 2.62401099 2.57901099 2.66901099
1512 2.62842033 2.58342033 2.67342033
1513 2.63282967 2.58782967 2.67782967
1514 2.63723901 2.59223901 2.68223901
1515 2.64164835 2.59664835 2.68664835
1516 2.64605769 2.60105769 2.69105769
1517 2.65046703 2.60546703 2.69546703
1518 2.65487637 2.60987637 2.69987637
1519 2.65928571 2.61428571 2.70428571
1520 2.66369505 2.61869505 2.70869505
1521 2.66810440 2.62310440 2.71310440
1522 2.67251374 2.62751374 2.71751374
1523 2.67692308 2.63192308 2.72192308
1524 2.68133242 2.63633242 2.72633242
1525 2.68574176 2.64074176 2.73074176
1526 2.69015110 2.64515110 2.73515110
1527 2.69456044 2.64956044 2.73956044
1528 2.69896978 2.65396978 2.74396978
1529 2.70337912 2.65837912 2.74837912
1530 2.70778846 2.66278846 2.75278846
1531 2.71219780 2.66719780 2.75719780
1532 2.71660714 2.67160714 2.76160714
1533 2.72101648 2.67601648 2.76601648
1534 2.72542582 2.68042582 2.77042582
1535 2.72983516 2.68483516 2.77483516
1536 2.73424451 2.68924451 2.77924451
1537 2.73865385 2.69365385 2.78365385
1538 2.74306319 2.69806319 2.78806319
1539 2.74747253 2.70247253 2.79247253
1540 2.75188187 2.70688187 2.79688187
1541 2.75629121 2.71129121 2.80129121
1542 2.76070055 2.71570055 2.80570055
1543 2.76510989 2.72010989 2.81010989
1544 2.76951923 2.72451923 2.81451923
1545 2.77392857 2.72892857 2.81892857
1546 2.77833791 2.73333791 2.82333791
1547 2.78274725 2.73774725 2.82774725
1548 2.78715659 2.74215659 2.83215659
1549 2.79156593 2.74656593 2.83656593
1550 2.79597527 2.75097527 2.84097527
1551 2.80038462 2.75538462 2.84538462
1552 2.80479396 2.75979396 2.84979396
1553 2.80920330 2.76420330 2.85420330
1554 2.81361264 2.76861264 2.85861264
1555 2.81802198 2.77302198 2.86302198
1556 2.82243132 2.77743132 2.86743132
1557 2.82684066 2.78184066 2.87184066
1558 2.83125000 2.78625000 2.87625000
1559 2.83565934 2.79065934 2.88065934
1560 2.84006868 2.79506868 2.88506868
1561 2.84447802 2.79947802 2.88947802
1562 2.84888736 2.80388736 2.89388736
1563 2.85329670 2.80829670 2.89829670
1564 2.85770604 2.81270604 2.90270604
1565 2.86211538 2.81711538 2.90711538
1566 2.86652473 2.82152473 2.91152473
1567 2.87093407 2.82593407 2.91593407
1568 2.87534341 2.83034341 2.92034341
1569 2.87975275 2.83475275 2.92475275
1570 2.88416209 2.83916209 2.92916209
1571 2.88857143 2.84357143 2.93357143
1572 2.89298077 2.84798077 2.93798077
1573 2.89739011 2.85239011 2.94239011
1574 2.90179945 2.85679945 2.94679945
1575 2.90620879 2.86120879 2.95120879
1576 2.91061813 2.86561813 2.95561813
1577 2.91502747 2.87002747 2.96002747
1578 2.91943681 2.87443681 2.96443681
1579 2.92384615 2.87884615 2.96884615
1580 2.92825549 2.88325549 2.97325549
1581 2.93266484 2.88766484 2.97766484
1582 2.93707418 2.89207418 2.98207418
1583 2.94148352 2.89648352 2.98648352
1584 2.94589286 2.90089286 2.99089286
1585 2.95030220 2.90530220 2.99530220
1586 2.95471154 2.90971154 2.99971154
1587 2.95912088 2.91412088 3.00412088
1588 2.96353022 2.91853022 3.00853022
1589 2.96793956 2.92293956 3.01293956
1590 2.97234890 2.92734890 3.01734890
1591 2.97675824 2.93175824 3.02175824
1592 2.98116758 2.93616758 3.02616758
1593 2.98557692 2.94057692 3.03057692
1594 2.98998626 2.94498626 3.03498626
1595 2.99439560 2.94939560 3.03939560
1596 2.99880495 2.95380495 3.04380495
1597 3.00321429 2.95821429 3.04821429
1598 3.00762363 2.96262363 3.05262363
1599 3.01203297 2.96703297 3.05703297
1600 3.01644231 2.97144231 3.06144231
1601 3.02085165 2.97585165 3.06585165
1602 3.02526099 2.98026099 3.07026099
1603 3.02967033 2.98467033 3.07467033
1604 3.03407967 2.98907967 3.07907967
1605 3.03848901 2.99348901 3.08348901
1606 3.04289835 2.99789835 3.08789835
1607 3.04730769 3.00230769 3.09230769
1608 3.05171703 3.00671703 3.09671703
1609 3.05612637 3.01112637 3.10112637
1610 3.06053571 3.01553571 3.10553571
1611 3.06494505 3.01994505 3.10994505
1612 3.06935440 3.02435440 3.11435440
1613 3.07376374 3.02876374 3.11876374
1614 3.07817308 3.03317308 3.12317308
1615 3.08258242 3.03758242 3.12758242
1616 3.08699176 3.04199176 3.13199176
1617 3.09140110 3.04640110 3.13640110
1618 3.09581044 3.05081044 3.14081044
1619 3.10021978 3.05521978 3.14521978
1620 3.10462912 3.05962912 3.14962912
1621 3.10903846 3.06403846 3.15403846
1622 3.11344780 3.06844780 3.15844780
1623 3.11785714 3.07285714 3.16285714
1624 3.12226648 3.07726648 3.16726648
1625 3.12667582 3.08167582 3.17167582
1626 3.13108516 3.08608516 3.17608516
1627 3.13549451 3.09049451 3.18049451
1628 3.13990385 3.09490385 3.18490385
1629 3.14431319 3.09931319 3.18931319
1630 3.14872253 3.10372253 3.19372253
1631 3.15313187 3.10813187 3.19813187
1632 3.15754121 3.11254121 3.20254121
1633 3.16195055 3.11695055 3.20695055
1634 3.16635989 3.12135989 3.21135989
1635 3.17076923 3.12576923 3.21576923
1636 3.17517857 3.13017857 3.22017857
1637 3.17958791 3.13458791 3.22458791
1638 3.18399725 3.13899725 3.22899725
1639 3.18840659 3.14340659 3.23340659
1640 3.19281593 3.14781593 3.23781593
1641 3.19722527 3.15222527 3.24222527
1642 3.20163462 3.15663462 3.24663462
1643 3.20604396 3.16104396 3.25104396
1644 3.21045330 3.16545330 3.25545330
1645 3.21486264 3.16986264 3.25986264
1646 3.21927198 3.17427198 3.26427198
1647 3.22368132 3.17868132 3.26868132
1648 3.22809066 3.18309066 3.27309066
1649 3.23250000 3.18750000 3.27750000
1650 3.23690934 3.19190934 3.28190934
1651 3.24131868 3.19631868 3.28631868
1652 3.24572802 3.20072802 3.29072802
1653 3.25013736 3.20513736 3.29513736
1654 3.25454670 3.20954670 3.29954670
1655 3.25895604 3.21395604 3.30395604
1656 3.26336538 3.21836538 3.30836538
1657 3.26777473 3.22277473 3.31277473
1658 3.27218407 3.22718407 3.31718407
1659 3.27659341 3.23159341 3.32159341
1660 3.28100275 3.23600275 3.32600275
1661 3.28541209 3.24041209 3.33041209
1662 3.28982143 3.24482143 3.33482143
1663 3.29423077 3.24923077 3.33923077
1664 3.29864011 3.25364011 3.34364011
1665 3.30304945 3.25804945 3.34804945
1666 3.30745879 3.26245879 3.35245879
1667 3.31186813 3.26686813 3.35686813
1668 3.31627747 3.27127747 3.36127747
1669 3.32068681 3.27568681 3.36568681
1670 3.32509615 3.28009615 3.37009615
1671 3.32950549 3.28450549 3.37450549
1672 3.33391484 3.28891484 3.37891484
1673 3.33832418 3.29332418 3.38332418
1674 3.34273352 3.29773352 3.38773352
1675 3.34714286 3.30214286 3.39214286
1676 3.35155220 3.30655220 3.39655220
1677 3.35596154 3.31096154 3.40096154
1678 3.36037088 3.31537088 3.40537088
1679 3.36478022 3.31978022 3.40978022
1680 3.36918956 3.32418956 3.41418956
1681 3.37359890 3.32859890 3.41859890
1682 3.37800824 3.33300824 3.42300824
1683 3.38241758 3.33741758 3.42741758
1684 3.38682692 3.34182692 3.43182692
1685 3.39123626 3.34623626 3.43623626
1686 3.39564560 3.35064560 3.44064560
1687 3.40005495 3.35505495 3.44505495
1688 3.40446429 3.35946429 3.44946429
1689 3.40887363 3.36387363 3.45387363
1690 3.41328297 3.36828297 3.45828297
1691 3.41769231 3.37269231 3.46269231
1692 3.42210165 3.37710165 3.46710165
1693 3.42651099 3.38151099 3.47151099
1694 3.43092033 3.38592033 3.47592033
1695 3.43532967 3.39032967 3.48032967
1696 3.43973901 3.39473901 3.48473901
1697 3.44414835 3.39914835 3.48914835
1698 3.44855769 3.40355769 3.49355769
1699 3.45296703 3.40796703 3.49796703
1700 3.45737637 3.41237637 3.50237637
1701 3.46178571 3.41678571 3.50678571
1702 3.46619505 3.42119505 3.51119505
1703 3.47060440 3.42560440 3.51560440
1704 3.47501374 3.43001374 3.52001374
1705 3.47942308 3.43442308 3.52442308
1706 3.48383242 3.43883242 3.52883242
1707 3.48824176 3.44324176 3.53324176
1708 3.49265110 3.44765110 3.53765110
1709 3.49706044 3.45206044 3.54206044
1710 3.50146978 3.45646978 3.54646978
1711 3.50587912 3.46087912 3.55087912
1712 3.51028846 3.46528846 3.55528846
1713 3.51469780 3.46969780 3.55969780
1714 3.51910714 3.47410714 3.56410714
1715 3.52351648 3.47851648 3.56851648
1716 3.52792582 3.48292582 3.57292582
1717 3.53233516 3.48733516 3.57733516
1718 3.53674451 3.49174451 3.58174451
1719 3.54115385 3.49615385 3.58615385
1720 3.54556319 3.50056319 3.59056319
1721 3.54997253 3.50497253 3.59497253
1722 3.55438187 3.50938187 3.59938187
1723 3.55879121 3.51379121 3.60379121
1724 3.56320055 3.51820055 3.60820055
1725 3.56760989 3.52260989 3.61260989
1726 3.57201923 3.52701923 3.61701923
1727 3.57642857 3.53142857 3.62142857
1728 3.58083791 3.53583791 3.62583791
1729 3.58524725 3.54024725 3.63024725
1730 3.58965659 3.54465659 3.63465659
1731 3.59406593 3.54906593 3.63906593
1732 3.59847527 3.55347527 3.64347527
1733 3.60288462 3.55788462 3.64788462
1734 3.60729396 3.56229396 3.65229396
1735 3.61170330 3.56670330 3.65670330
1736 3.61611264 3.57111264 3.66111264
1737 3.62052198 3.57552198 3.66552198
1738 3.62493132 3.57993132 3.66993132
1739 3.62934066 3.58434066 3.67434066
1740 3.63375000 3.58875000 3.67875000
1741 3.63815934 3.59315934 3.68315934
1742 3.64256868 3.59756868 3.68756868
1743 3.64697802 3.60197802 3.69197802
1744 3.65138736 3.60638736 3.69638736
1745 3.65579670 3.61079670 3.70079670
1746 3.66020604 3.61520604 3.70520604
1747 3.66461538 3.61961538 3.70961538
1748 3.66902473 3.62402473 3.71402473
1749 3.67343407 3.62843407 3.71843407
1750 3.67784341 3.63284341 3.72284341
1751 3.68225275 3.63725275 3.72725275
1752 3.68666209 3.64166209 3.73166209
1753 3.69107143 3.64607143 3.73607143
1754 3.69548077 3.65048077 3.74048077
1755 3.69989011 3.65489011 3.74489011
1756 3.70429945 3.65929945 3.74929945
1757 3.70870879 3.66370879 3.75370879
1758 3.71311813 3.66811813 3.75811813
1759 3.71752747 3.67252747 3.76252747
1760 3.72193681 3.67693681 3.76693681
1761 3.72634615 3.68134615 3.77134615
1762 3.73075549 3.68575549 3.77575549
1763 3.73516484 3.69016484 3.78016484
1764 3.73957418 3.69457418 3.78457418
1765 3.74398352 3.69898352 3.78898352
1766 3.74839286 3.70339286 3.79339286
1767 3.75280220 3.70780220 3.79780220
1768 3.75721154 3.71221154 3.80221154
1769 3.76162088 3.71662088 3.80662088
1770 3.76603022 3.72103022 3.81103022
1771 3.77043956 3.72543956 3.81543956
1772 3.77484890 3.72984890 3.81984890
1773 3.77925824 3.73425824 3.82425824
1774 3.78366758 3.73866758 3.82866758
1775 3.78807692 3.74307692 3.83307692
1776 3.79248626 3.74748626 3.83748626
1777 3.79689560 3.75189560 3.84189560
1778 3.80130495 3.75630495 3.84630495
1779 3.80571429 3.76071429 3.85071429
1780 3.81012363 3.76512363 3.85512363
1781 3.81453297 3.76953297 3.85953297
1782 3.81894231 3.77394231 3.86394231
1783 3.82335165 3.77835165 3.86835165
1784 3.82776099 3.78276099 3.87276099
1785 3.83217033 3.78717033 3.87717033
1786 3.83657967 3.79157967 3.88157967
1787 3.84098901 3.79598901 3.88598901
1788 3.84539835 3.80039835 3.89039835
1789 3.84980769 3.80480769 3.89480769
1790 3.85421703 3.80921703 3.89921703
1791 3.85862637 3.81362637 3.90362637
1792 3.86303571 3.81803571 3.90803571
1793 3.86744505 3.82244505 3.91244505
1794 3.87185440 3.82685440 3.91685440
1795 3.87626374 3.83126374 3.92126374
1796 3.88067308 3.83567308 3.92567308
1797 3.88508242 3.84008242 3.93008242
1798 3.88949176 3.84449176 3.93449176
1799 3.89390110 3.84890110 3.93890110
1800 3.89831044 3.85331044 3.94331044
1801 3.90271978 3.85771978 3.94771978
1802 3.90712912 3.86212912 3.95212912
1803 3.91153846 3.86653846 3.95653846
1804 3.91594780 3.87094780 3.96094780
1805 3.92035714 3.87535714 3.96535714
1806 3.92476648 3.87976648 3.96976648
1807 3.92917582 3.88417582 3.97417582
1808 3.93358516 3.88858516 3.97858516
1809 3.93799451 3.89299451 3.98299451
1810 3.94240385 3.89740385 3.98740385
1811 3.94681319 3.90181319 3.99181319
1812 3.95122253 3.90622253 3.99622253
1813 3.95563187 3.91063187 4.00063187
1814 3.96004121 3.91504121 4.00504121
1815 3.96445055 3.91945055 4.00945055
1816 3.96885989 3.92385989 4.01385989
1817 3.97326923 3.92826923 4.01826923
1818 3.97767857 3.93267857 4.02267857
1819 3.98208791 3.93708791 4.02708791
1820 3.98649725 3.94149725 4.03149725
1821 3.99090659 3.94590659 4.03590659
1822 3.99531593 3.95031593 4.04031593
1823 3.99972527 3.95472527 4.04472527
1824 4.00413462 3.95913462 4.04913462
1825 4.00854396 3.96354396 4.05354396
1826 4.01295330 3.96795330 4.05795330
1827 4.01736264 3.97236264 4.06236264
1828 4.02177198 3.97677198 4.06677198
1829 4.02618132 3.98118132 4.07118132
1830 4.03059066 3.98559066 4.07559066
1831 4.03500000 3.99000000 4.08000000
