 2.09589314741919
2 3.03872230289427
1 3.77284172200004
4 4.95351392258719
5 6.05699516177548
6 7.16055345781518
7 8.18298469238625
8 9.20548632293465
9 10.2280583757185
10 11.2507008210276
11 12.2711526881088
12 13.2916739649941
13 14.3122646675843
14 15.3361022619521
15 16.3600095265059
16 17.3839864681606
17 18.4080330799996
18 19.4316552999054
19 20.4553469801954
20 21.4791081139584
21 22.5029387046482
22 23.5268387522665
23 24.5508082602753
24 25.5748472217491
25 26.5998710665997
26 27.6249647693
27 28.65012832985
28 29.6753617482497
29 30.7006650245001
30 31.7260381586002
31 32.7514811505492
32 33.7769940003497
33 34.8025767080007
34 35.8874127910312
35 36.9809405678908
36 38.0745469890604
37 39.1682320773766
38 40.261995821421
39 41.3558382211946
40 42.4497592652782
41 43.5437589765074
42 44.6378373469441
43 45.7319943696325
44 46.82623003663
45 47.9205443707741
46 49.014937360649
47 50.1094090062514
48 51.2039592961603
49 52.29858825322
50 53.3932958660081
51 54.4880821345244
52 55.5829470473472
53 56.6778906273209
54 57.7729128630238
55 58.8680137544549
56 59.9631932901891
57 61.0584514930777
58 62.1537883551859
59 63.249203869531
60 64.3446980281782
61 65.4402708539825
62 66.535922335515
63 67.6591179582838
64 68.7823945692573
65 69.905752168438
66 71.0263388971245
67 72.1470052495007
68 73.2677512325632
69 74.3885768428129
70 75.5094820767504
71 76.6304669413752
72 77.7515314331879
73 78.872675548686
74 79.9938992948756
75 81.1152026682515
76 82.2365856653109
77 83.3580482930628
78 84.4795905480026
79 85.6012124266217
80 86.7229139359376
81 87.8446950724406
82 88.966555832621
83 90.0884962235
84 91.210516241567
85 92.3326158833096
86 93.45479515575
87 94.577054055381
88 95.6993925786824
89 96.8218107326876
90 97.9443085138809
91 99.0668859187445
92 100.189542954313
93 101.312279617068
94 102.435095903493
95 103.56266881253
96 104.689617395363
97 105.816645656468
98 106.943753591443
99 108.070941219661
100 109.19820852615
101 110.325555517957
102 111.452982191562
103 112.580488543432
104 113.708074569176
105 114.835740288166
106 115.963485685421
107 117.091310768
108 118.219215532375
109 119.347199975013
110 120.475264102978
111 121.603407901286
112 122.731631389307
113 123.859934562657
114 124.988317417804
115 126.116779951207
116 127.245322169944
117 128.373944059021
118 129.502645637808
119 130.63142690193
120 131.760287847848
121 132.889228472017
122 134.018248781525
123 135.147348772829
124 136.276528430924
125 137.405787785818
126 138.5377564654
127 139.669806066499
128 140.801936596207
129 141.93414804743
130 143.066440415802
131 144.198813717147
132 145.331267947105
133 146.463803098574
134 147.596419178657
135 148.72911618025
136 149.861894110458
137 150.994752950708
138 152.127692731041
139 153.260713432881
140 154.393815063338
141 155.526997615301
142 156.660261095885
143 157.793605486503
144 158.92703081721
145 160.060537069418
146 161.194124250252
147 162.327792352585
148 163.461541383543
149 164.595371335998
150 165.729282205611
151 166.863274008189
152 167.997346739398
153 169.1315003921
154 170.265734973433
155 171.400050476258
156 172.534446896243
157 173.674398800797
158 174.814434196318
159 175.954553089955
160 177.094755474557
161 178.235041357276
162 179.375410730961
163 180.515863591286
164 181.656399957629
165 182.797019814934
166 183.93772317036
167 185.078510016746
168 186.219380361256
169 187.360334188825
170 188.501371518833
171 189.642492346967
172 190.783696666055
173 191.924984483271
174 193.066355791442
175 194.20781059774
176 195.349348887097
177 196.490970678889
178 197.632675968811
179 198.774464749684
180 199.916337028689
181 201.058292802235
182 202.200332055244
183 203.342454817872
184 204.484661071449
185 205.62695082316
186 206.78763074256
187 207.948395758312
188 209.118935660341
189 210.289565252337
190 211.460284518519
191 212.631093474669
192 213.801992105003
193 214.972980428907
194 216.144058419792
195 217.315226096358
196 218.486483466494
197 219.657830503606
198 220.829267237896
199 222.000793639161
200 223.172409737605
201 224.344115506629
202 225.515910954122
203 226.687796098796
204 227.859770914052
205 229.031835419268
206 230.203989598678
207 231.376233468047
208 232.548567011608
209 233.720990248748
210 234.893503152845
211 236.066105742637
212 237.238798026007
213 238.411579976333
214 239.584451623858
215 240.757412938334
216 241.930463950013
217 243.094349070608
218 244.258319523838
219 245.422375279439
220 246.586516356172
221 247.750742758287
222 248.915054470027
223 250.079451507152
224 251.24393385027
225 252.408501526031
226 253.573154504156
227 254.737892803417
228 255.902716428061
229 257.067625362331
230 258.232619621981
231 259.397699187624
232 260.562864085918
233 261.728114286566
234 262.89344981987
235 264.058870655526
236 265.224376812324
237 266.389968294502
238 267.555645082667
239 268.721407203495
240 269.887254626667
241 271.053187382504
242 272.219205440682
243 273.385308820011
244 274.551497524715
245 275.718087348584
246 276.884762645774
247 278.051523400546
248 279.218369628639
249 280.385301314312
250 281.552318473307
251 282.719421089884
252 283.886609168259
253 285.053882727261
254 286.221241736536
255 287.388686226441
256 288.556216166619
257 289.723831587428
258 290.891532458506
259 292.05931881022
260 293.2271906122
261 294.39514788329
262 295.563190627697
263 296.731318829692
264 297.899532505
265 299.067831637897
266 300.236216244109
267 301.404686307907
268 302.573241833491
269 303.741882839723
270 304.910609296209
271 306.079421233343
272 307.248318620729
273 308.417301488769
274 309.586369807057
275 310.755523606001
276 311.924762855188
277 313.056059362637
278 314.188301276347
279 315.320625743626
280 316.453032776016
281 317.58552235044
282 318.718094478433
283 319.850749160001
284 320.983486395137
285 322.116306183846
286 323.249208526125
287 324.382193433518
288 325.515260882941
289 326.648410885934
290 327.7816434425
291 328.914958552637
292 330.048356216345
293 331.181836433624
294 332.315399216019
295 333.449044540441
296 334.582772418434
297 335.716582849999
298 336.850475835137
299 337.984451373844
300 339.118509466123
301 340.25265012352
302 341.386873322943
303 342.521179075935
304 343.655567382499
305 344.790038242637
306 345.924591656343
307 347.059227623622
308 348.193615764276
309 349.328086303967
310 350.462639246848
311 351.597274596614
312 352.731992353267
313 353.866792520513
314 355.00167509094
315 356.136640079812
316 357.271687467722
317 358.406817258813
318 359.542029456792
319 360.677324061658
320 361.81270107712
321 362.94816049576
322 364.083702332847
323 365.219326568975
324 366.355033208279
325 367.490822254469
326 368.626693707547
327 369.762647571228
328 370.898683838081
329 372.034802523383
330 373.171003607729
331 374.307287095244
332 375.443652989648
333 376.580101290938
334 377.716632002835
335 378.8532451179
336 379.989455082267
337 381.125747227711
338 382.262121565794
339 383.398578096519
340 384.535116819883
341 385.671737735888
342 386.808440844534
343 387.945226157387
344 389.082093651314
345 390.219043337882
346 391.356075217089
347 392.493189288938
348 393.630385553427
349 394.767664010557
350 395.905024671898
351 397.042467514308
352 398.179992553098
353 399.31759978079
354 400.455289201123
355 401.593060814097
356 402.73091461971
357 403.868850629542
358 405.006868820437
359 406.144969203973
360 407.28315178015
361 408.421416548967
362 409.559763510425
363 410.698192664522
364 411.836704022841
365 412.97529756222
366 414.11397329424
367 415.252731218901
368 416.394283479797
369 417.531503686312
370 418.668804392156
371 419.806185574168
372 420.943647240178
373 422.08118939769
374 423.21881204295
375 424.356515175961
376 425.494298808306
377 426.632162916815
378 427.770107513075
379 428.908132597082
380 430.046238165083
381 431.184424236176
382 432.322690783434
383 433.46103781844
384 434.599465341196
385 435.737973351701
386 436.876561849956
387 438.015230847551
388 439.153980317539
389 440.292810279042
390 441.431720728296
391 442.570711665297
392 443.709783101642
393 444.848935014143
394 445.988167414396
395 447.127480298624
396 448.266873674375
397 449.406347537872
398 450.545901900716
399 451.685536739713
400 452.825252066463
401 453.965047880959
402 455.104924183207
403 456.244880969424
404 457.384918258769
405 458.525036024263
406 459.665234277508
407 460.805513018502
408 461.945872247245
409 463.08631197534
410 464.226832179582
411 465.36743286779
412 466.508114047532
413 467.648875715022
414 468.789717870262
415 469.930640524856
416 471.071643655596
417 472.212727274085
418 473.353891376533
419 474.49513597052
420 475.636461063863
421 476.777866633351
422 477.919352690587
423 479.060919235573
424 480.202566268308
425 481.344293788793
426 482.48610180484
427 483.627990300824
428 484.769959284556
429 485.91200875604
430 487.054138715271
431 488.196349173866
432 489.338640108596
433 490.481011531078
434 491.623463437504
435 492.765995835484
436 493.908608721212
437 495.051302106305
438 496.194075967533
439 497.336930316511
440 498.479865153239
441 499.622880473907
442 500.765976297748
443 501.909152597725
444 503.052409385449
445 504.195746660923
446 505.339164424147
447 506.482662675121
448 507.626241425464
449 508.769900648121
450 509.913640362342
451 511.057460564314
452 512.201361254035
453 513.345342443129
454 514.489404108348
455 515.633546261318
456 516.777768902037
457 517.922072026682
458 519.066455642899
459 520.210919758492
460 521.355464350208
461 522.499028885888
462 523.64267345266
463 524.786398050527
464 525.930202679487
465 527.07408735117
466 528.218052042319
467 529.362096764563
468 530.506221517899
469 531.650426302331
470 532.794711129486
471 533.939075976106
472 535.083520849984
473 536.228045758789
474 537.372650698691
475 538.517335669685
476 539.662100683406
477 540.806945716591
478 541.951870780866
479 543.096875876238
480 544.241961002702
481 545.387126171898
482 546.53237136055
483 547.677696580298
484 548.82310183114
485 549.968587113074
486 551.114152426103
487 552.259797781866
488 553.405523157083
489 554.551328563395
490 555.697214000801
491 556.843179469301
492 557.989224980536
493 559.135350511223
494 560.281556073006
495 561.427841662028
496 562.574207285996
497 563.72065294106
498 564.867178638862
499 566.013784356114
500 567.160470104458
501 568.3072358839
502 569.454081694432
503 570.601007547706
504 571.748013420428
505 572.895099324245
506 574.042265259154
507 575.189511225158
508 576.336837222256
509 577.484243262097
510 578.631729321383
511 579.779295411764
512 580.926941533239
513 582.074667685806
514 583.222473881122
515 584.370360095878
516 585.518326341729
517 586.666372618674
518 587.81449892284
519 588.962705261972
520 590.110991643852
521 591.259358045173
522 592.407804477587
523 593.556330941094
524 594.704937435697
525 595.853623961393
526 597.002390529842
527 598.151237117726
528 599.300163736706
529 600.449170386778
530 601.598257067944
531 602.747423791864
532 603.89667053522
533 605.045997309668
534 606.195404115212
535 607.344890951849
536 608.494457819581
537 609.644104730068
538 610.793831659988
539 611.943638621001
540 613.093525613107
541 614.243492632417
542 615.393539698377
543 616.543666783768
544 617.69387390025
545 618.844161047827
546 619.994528226499
547 621.144975436263
548 622.295502688791
549 623.446109960744
550 624.596797263792
551 625.714461603947
552 626.832054537349
553 627.943169677785
554 629.054210203279
555 630.165176574372
556 631.225404325651
557 632.285380680732
558 633.345106779786
559 634.404580692971
560 635.463804934124
561 636.522777592816
562 637.581499817178
563 638.639969677057
564 639.698189702286
565 640.756157950963
566 641.813874909719
567 642.871341287138
568 643.928555771631
569 644.985519503885
570 646.042230564889
571 647.098691485193
572 648.154900322358
573 649.210857551477
574 650.266563297298
575 651.322018054478
576 652.377220542207
577 653.432171255104
578 654.486870937123
579 655.541318217695
580 656.59551428475
581 657.649457171709
582 658.703149468667
583 659.756589197288
584 660.80977684457
585 661.862712523642
586 662.915396756682
587 663.967828873897
588 665.020007469081
589 666.071935203189
590 667.123610058346
591 668.175032529549
592 669.226202749416
593 670.277121228595
594 671.327786642454
595 672.37819951329
596 673.428359965986
597 674.478268499581
598 675.527924455688
599 676.577326415805
600 677.626477065455
601 678.675374354739
602 679.724018806102
603 680.77241054447
604 681.820550092426
605 682.868436113075
606 683.916069113314
607 684.963449892667
608 686.010577016577
609 687.057451007649
610 688.104072002549
611 689.15044052401
612 690.196555211379
613 691.242416610743
614 692.288024847097
615 693.333380443266
616 694.37848206178
617 695.42333020202
618 696.467925691089
619 697.512267062655
620 698.556354839565
621 699.600189189712
622 700.643770620579
623 701.687097778677
624 702.730171175233
625 703.772990982134
626 704.815557722449
627 705.857869250443
628 706.899928395161
629 707.941733689778
630 708.983284428196
631 710.024581121799
632 711.065623954233
633 712.106413437024
634 713.146948196632
635 714.187228767952
636 715.227255307281
637 716.267028345866
638 717.306546412308
639 718.345810322649
640 719.384820623697
641 720.423575929834
642 721.462076764393
643 722.500323299413
644 723.536985680044
645 724.573391626697
646 725.609544029333
647 726.645440717467
648 727.681082999792
649 728.716469377346
650 729.751600705744
651 730.786477512868
652 731.821098412783
653 732.855463917634
654 733.889574223258
655 734.923429877092
656 735.957028649207
657 736.990373501155
658 738.023462894419
659 739.056296091226
660 740.088873642794
661 741.121195725567
662 742.153262910587
663 743.18507293215
664 744.216628787814
665 745.247928211789
666 746.278972595797
667 747.309759650327
668 748.340292408598
669 749.370569300248
670 750.400589575244
671 751.430353797014
672 752.45986216157
673 753.489115216771
674 754.51811068421
675 755.546851609688
676 756.57533570299
677 757.603564344734
678 758.631535256159
679 759.65925147582
680 760.686711444176
681 761.713913543038
682 762.740860865992
683 763.767551087002
684 764.793985634016
685 765.820162157252
686 766.84608377426
687 767.871748158646
688 768.897156703387
689 769.922307836825
690 770.94720245116
691 771.971841145623
692 772.99622155806
693 774.020346830369
694 775.044214612051
695 776.067826331696
696 777.091179626781
697 778.114277651452
698 779.137118043105
699 780.159701377604
700 781.182028594554
701 782.204098074635
702 783.225911246845
703 784.247465748019
704 785.268764744934
705 786.289805862603
706 787.310590542003
707 788.33111640786
708 789.351386639202
709 790.371398852949
710 791.391153624939
711 792.410651918989
712 793.429892099343
713 794.448875607387
714 795.467600043714
715 796.486068623487
716 797.504278947214
717 798.522231587194
718 799.539926786875
719 800.55736512273
720 801.574545819872
721 802.591467187149
722 803.608132487623
723 804.624539285909
724 805.640689071049
725 806.656579383857
726 807.672213511428
727 808.687588994492
728 809.702706440876
729 810.717566086434
730 811.732168519344
731 812.746512941216
732 813.760597656161
733 814.774425975711
734 815.787995416418
735 816.788898672548
736 817.789539580724
737 818.78991874797
738 819.790034594181
739 820.782465802984
740 821.83258247868
741 822.882588906577
742 823.932482640836
743 824.982267080097
744 826.03193883361
745 827.081501359081
746 828.130951234279
747 829.180291893289
748 830.229520890222
749 831.278638860141
750 832.327646097092
751 833.376542366203
752 834.425327949793
753 835.47400350666
754 836.522566566781
755 837.571020577055
756 838.619362102264
757 839.667594637017
758 840.715715663601
759 841.763725840891
760 842.81162549877
761 843.859414343121
762 844.907092691705
763 845.954660274316
764 847.002117392928
765 848.049464730623
766 849.096699745342
767 850.143825967945
768 851.190839903302
769 852.237745082547
770 853.284538963364
771 854.331222217148
772 855.377795161825
773 856.424257514963
774 857.470609594934
775 858.516852096493
776 859.562982417814
777 860.609004162173
778 861.65491377391
779 862.700714832607
780 863.74640379455
781 864.791984247306
782 865.837453612581
783 866.882812573489
784 867.928061424592
785 868.973199919153
786 870.018228363541
787 871.063147441097
788 872.107954537548
789 873.152653304518
790 874.197240125924
791 875.241718654113
792 876.286086250554
793 877.330343622217
794 878.37449107604
795 879.41852835303
796 880.462455747928
797 881.506272990398
798 882.549980394696
799 883.593578680327
800 884.637065172554
801 885.680443583591
802 886.72371022556
803 887.766867985962
804 888.809916700134
805 889.852853705121
806 890.895682737417
807 891.938400072661
808 892.981009471677
809 894.023508235418
810 895.065897059573
811 896.10817631033
812 897.150345657863
813 898.192405444331
814 899.234355375747
815 900.276195794308
816 901.317927407789
817 902.359547504961
818 903.401059855308
819 904.442460721569
820 905.483753877604
821 906.524936599636
822 907.5660096078
823 908.606973256219
824 909.647827203182
825 910.688571838732
826 911.729206809344
827 912.769732492801
828 913.810149597755
829 914.850455375948
830 915.890653649865
831 916.930740621675
832 917.97072013775
833 919.010589425963
834 920.05034920684
835 921.089999830603
836 922.129540991364
837 923.168973043485
838 924.208296707215
839 925.247509186648
840 926.286614376528
841 927.325608418144
842 928.36449520707
843 929.40327088432
844 930.441939333428
845 931.480497769823
846 932.518946913884
847 933.557287120148
848 934.595518070856
849 935.633640120579
850 936.671654013543
851 937.709556929068
852 938.747352775478
853 939.785037668791
854 940.822615553605
855 941.860083580669
856 942.897442483034
857 943.934692650837
858 944.97183371846
859 946.008866076641
860 947.045789395175
861 948.082604028841
862 949.119310746437
863 950.155906642859
864 951.192395734507
865 952.228774053629
866 953.265045605122
867 954.3012074954
868 955.337260493346
869 956.373204942066
870 957.409040523088
871 958.444767615577
872 959.480386960327
873 960.515895651786
874 961.551297743334
875 962.586589206135
876 963.621774106284
877 964.656848426475
878 965.691816197065
879 966.726674535653
880 967.761424163663
881 968.796065483491
882 969.830597207943
883 970.865022517162
884 971.8993384449
885 972.93354577244
886 973.967644866819
887 975.001635385794
888 976.035517720686
889 977.069292636463
890 978.102957154915
891 979.136515414795
892 980.169963313872
893 981.203304991832
894 982.23653633433
895 983.269661492564
896 984.302677487829
897 985.335585065718
898 986.368384652609
899 987.401075859482
900 988.433659112755
901 989.466135146446
902 990.498500992927
903 991.530760804659
904 992.562910442158
905 993.594954094329
906 994.626888757126
907 995.658715164626
908 996.690433767711
909 997.722044160641
910 998.753546782512
911 999.784941231723
912 1000.81622792309
913 1001.847407639
914 1002.87847733892
915 1003.90944126003
916 1004.9402951789
917 1005.9710433567
918 1007.00168272892
919 1008.03221407802
920 1009.06263783082
921 1010.09295357378
922 1011.12316175808
923 1012.15326315395
924 1013.18325467244
925 1014.21314061217
926 1015.24291669604
927 1016.27258725851
928 1017.30214799081
929 1018.33160322707
930 1019.36094986666
931 1020.39018867992
932 1021.41932010575
933 1022.44834374299
934 1023.47726001874
935 1024.50606973913
936 1025.53476976723
937 1026.5633644503
938 1027.59184946619
939 1028.6202291869
940 1029.6484992781
941 1030.67666409957
942 1031.70472051386
943 1032.73266932722
944 1033.76051095511
945 1034.78824499626
946 1035.81587190937
947 1036.84339246614
948 1037.8708035276
949 1038.8981094667
950 1039.92530594828
951 1040.95239735747
952 1041.97938051943
953 1043.0062562415
954 1044.03302496302
955 1045.05968628191
956 1046.08624063828
957 1047.11268760633
958 1048.13902766104
959 1049.16526059069
960 1050.19138619465
961 1051.21740492424
962 1052.24331636621
963 1053.26912095588
964 1054.29481953667
965 1055.32040884916
966 1056.34589339951
967 1057.3712687314
968 1058.39653932761
969 1059.42170197583
970 1060.44675746028
971 1061.47170624436
972 1062.49654791394
973 1063.52128292137
974 1064.54591085253
975 1065.57043214716
976 1066.59484763728
977 1067.61915406207
978 1068.6433559416
979 1069.66744879391
980 1070.69143713521
981 1071.71531772884
982 1072.73909137054
983 1073.76275852395
984 1074.78631876374
985 1075.80977255361
986 1076.83312072514
987 1077.8563599697
988 1078.87949488022
989 1079.90252088933
990 1080.92544261485
991 1081.94825546534
992 1082.97096407004
993 1083.99356510788
994 1085.01605938686
995 1086.03844740647
996 1087.06072870568
997 1088.08290378402
998 1089.10497344977
999 1090.12693435728
1000 1091.14879118044
1001 1092.17053929136
1002 1093.19218333289
1003 1094.213719982
1004 1095.23515003596
1005 1096.25647401824
1006 1097.27769143124
1007 1098.29880279929
1008 1099.3198076604
1009 1100.34070649063
1010 1101.36150013509
1011 1102.38218522218
1012 1103.4027664321
1013 1104.42323911125
1014 1105.44360797584
1015 1106.46386961827
1016 1107.48402489562
1017 1108.50407427989
1018 1109.52401732166
1019 1110.54385452097
1020 1111.5635867106
1021 1112.5832104948
1022 1113.60273060307
1023 1114.62214231991
1024 1115.64145041166
1025 1116.66065013871
1026 1117.67974629069
1027 1118.69873542375
1028 1119.71761837079
1029 1120.73639565586
1030 1121.75506679374
1031 1122.77363229663
1032 1123.79209302149
1033 1124.81044548795
1034 1125.82869453461
1035 1126.84683536074
1036 1127.86487173633
1037 1128.88280339696
1038 1129.90062688542
1039 1130.91834705311
1040 1131.93595907466
1041 1132.95346780271
1042 1133.97086842341
1043 1134.98816577702
1044 1136.00535640574
1045 1137.02244113118
1046 1138.03942048965
1047 1139.05629398386
1048 1140.07306215017
1049 1141.08972582234
1050 1142.10628151796
1051 1143.12273410248
1052 1144.13907872468
1053 1145.15532028696
1054 1146.1714552776
1055 1147.18748453133
1056 1148.2034085966
1057 1149.21922695129
1058 1150.2349401567
1059 1151.25054770258
1060 1152.26605012558
1061 1153.28144827268
1062 1154.29673861149
1063 1155.31192608106
1064 1156.32700576948
1065 1157.34198262808
1066 1158.3568530884
1067 1159.3716180213
1068 1160.38627797552
1069 1161.40083242876
1070 1162.41528194265
1071 1163.42962597865
1072 1164.44386511035
1073 1165.45800018425
1074 1166.47202761883
1075 1167.4859524158
1076 1168.49976960073
1077 1169.51348419857
1078 1170.52709260457
1079 1171.54059566531
1080 1172.55399395362
1081 1173.56728694796
1082 1174.58047519741
1083 1175.59355957263
1084 1176.60653645607
1085 1177.61941089799
1086 1178.63217787455
1087 1179.64484244927
1088 1180.65739958602
1089 1181.66985435966
1090 1182.68220312819
1091 1183.69444675814
1092 1184.70658582358
1093 1185.71861978997
1094 1186.73054921856
1095 1187.74237499333
1096 1188.75409344659
1097 1189.76570969044
1098 1190.77721864027
1099 1191.77878950521
1100 1192.78025134873
1101 1193.78160505055
1102 1194.78285119792
1103 1195.85596533017
1104 1196.92909001407
1105 1198.00222782166
1106 1199.07537358435
1107 1200.14853130421
1108 1201.22169811235
1109 1202.2948754011
1110 1203.3680646159
1111 1204.44126401463
1112 1205.51447273038
1113 1206.58769332386
1114 1207.66092291366
1115 1208.73416291623
1116 1209.80741478922
1117 1210.88067675441
1118 1211.95394795661
1119 1213.02723098088
1120 1214.10052292141
1121 1215.17382664957
1122 1216.24713925934
1123 1217.32046335993
1124 1218.3937980604
1125 1219.46714160571
1126 1220.54049543006
1127 1221.61386099827
1128 1222.68723535603
1129 1223.76062112503
1130 1224.83401743365
1131 1225.90742250366
1132 1226.98083777615
1133 1228.05426472158
1134 1229.12770156063
1135 1230.20114886916
1136 1231.27460485568
1137 1232.34807100263
1138 1233.42154875154
1139 1234.4950351589
1140 1235.56853284736
1141 1236.64204094932
1142 1237.71555764903
1143 1238.78908441733
1144 1239.86262274376
1145 1240.93616963646
1146 1242.00972773057
1147 1243.08329618216
1148 1244.15687313931
1149 1245.2304615889
1150 1246.30405854512
1151 1247.3776654673
1152 1248.45128503899
1153 1249.5249118803
1154 1250.59854865083
1155 1251.67219686994
1156 1252.74585347956
1157 1253.819519999
1158 1254.89319911236
1159 1255.9668853985
1160 1257.04058155445
1161 1258.11428907059
1162 1259.18800490555
1163 1260.26173210198
1164 1261.33546878856
1165 1262.40921407945
1166 1263.48297068867
1167 1264.55673554502
1168 1265.63051018036
1169 1266.70429608545
1170 1267.77809141249
1171 1268.85189526348
1172 1269.92571037692
1173 1270.99953364514
1174 1272.07336662417
1175 1273.14721080511
1176 1274.22106435169
1177 1275.29492785908
1178 1276.36879949077
1179 1277.44268073788
1180 1278.51657315695
1181 1279.59047485815
1182 1280.66438493667
1183 1281.7383061385
1184 1282.81223538417
1185 1283.88617416507
1186 1284.96012406198
1187 1286.03408316076
1188 1287.10805055642
1189 1288.18202900747
1190 1289.25601541746
1191 1290.33001286892
1192 1291.4040182282
1193 1292.47803428355
1194 1293.55206012445
1195 1294.62609384161
1196 1295.70013697481
1197 1296.77419109347
1198 1297.84825303937
1199 1298.92232562525
1200 1299.99640790454
1201 1301.07049799146
1202 1302.14459899245
1203 1303.21870776623
1204 1304.29282586495
1205 1305.36695611407
1206 1306.44109283136
1207 1307.51523884218
1208 1308.58939572296
1209 1309.66356028394
1210 1310.7377341015
1211 1311.81191998971
1212 1312.88611227714
1213 1313.96031378972
1214 1315.03452610421
1215 1316.10874601823
1216 1317.1829766995
1217 1318.25721622547
1218 1319.33146364877
1219 1320.40572182003
1220 1321.47998751878
1221 1322.55426234708
1222 1323.62854789528
1223 1324.70284218699
1224 1325.77714431609
1225 1326.85145711627
1226 1327.92577738394
1227 1329.00010669637
1228 1330.07444791716
1229 1331.14879529972
1230 1332.22315329937
1231 1333.2975186944
1232 1334.37189307991
1233 1335.44627805761
1234 1336.52067165593
1235 1337.5950729389
1236 1338.66948479474
1237 1339.7439039412
1238 1340.81833202162
1239 1341.89277062603
1240 1342.96721777051
1241 1344.04167253085
1242 1345.11613778388
1243 1346.19061027064
1244 1347.26509323934
1245 1348.33958340683
1246 1349.41408367426
1247 1350.48859310541
1248 1351.56310970371
1249 1352.63763509549
1250 1353.71217089657
1251 1354.78671381238
1252 1355.86126677496
1253 1356.93582882958
1254 1358.01039796162
1255 1359.08497581539
1256 1360.15956402973
1257 1361.23415927788
1258 1362.3087661457
1259 1363.38337874252
1260 1364.45799998906
1261 1365.5326315421
1262 1366.60727006862
1263 1367.68191721337
1264 1368.75657592174
1265 1369.83124027787
1266 1370.90591320307
1267 1371.98059637845
1268 1373.05528643432
1269 1374.12998505174
1270 1375.20469517669
1271 1376.27941085614
1272 1377.35413671397
1273 1378.42886939762
1274 1379.50361057073
1275 1380.57836322145
1276 1381.65312134207
1277 1382.72788790866
1278 1383.80266460922
1279 1384.87744805455
1280 1385.9522399206
1281 1387.02704319172
1282 1388.10185184826
1283 1389.17667058778
1284 1390.25149600847
1285 1391.32632977461
1286 1392.40117360437
1287 1393.47602537301
1288 1394.55088416048
1289 1395.6257529505
1290 1396.70062834059
1291 1397.77551201931
1292 1398.85040568123
1293 1399.92530722515
1294 1401.00021570683
1295 1402.0751341346
1296 1403.15005906928
1297 1404.22499395121
1298 1405.29993531699
1299 1406.37488621129
1300 1407.44984567789
1301 1408.52481157884
1302 1409.59978565712
1303 1410.67476959017
1304 1411.74975994985
1305 1412.82475975747
1306 1413.8997680806
1307 1414.97478276886
1308 1416.04980554159
1309 1417.12483812454
1310 1418.1998770529
1311 1419.27492710085
1312 1420.3499821105
1313 1421.42504515321
1314 1422.500117943
1315 1423.57519701449
1316 1424.65028406965
1317 1425.72538220903
1318 1426.8004852241
1319 1427.87559619127
1320 1428.95071686098
1321 1430.02584371907
1322 1431.10097986061
1323 1432.17612430461
1324 1433.25127489942
1325 1434.32643514251
1326 1435.40160150127
1327 1436.47677573221
1328 1437.5519609312
1329 1438.62715085716
1330 1439.70234861787
1331 1440.77755595824
1332 1441.85276934492
1333 1442.92799052277
1334 1444.00322262432
1335 1445.07845935917
1336 1446.15370384774
1337 1447.22895788334
1338 1448.30421785984
1339 1449.37948734846
1340 1450.45476414844
1341 1451.53004727353
1342 1452.60533988242
1343 1453.68063838035
1344 1454.75594454888
1345 1455.83126016391
1346 1456.90658301808
1347 1457.98191212353
1348 1459.05725064407
1349 1460.13259497218
1350 1461.20794691383
1351 1462.28330823325
1352 1463.35867671061
1353 1464.43405317274
1354 1465.50943539952
1355 1466.58482514322
1356 1467.66022424642
1357 1468.73562904049
1358 1469.81104275041
1359 1470.88646436402
1360 1471.96189164873
1361 1473.03732640526
1362 1474.11277044051
1363 1475.18822010912
1364 1476.26367861268
1365 1477.33914496289
1366 1478.41461691466
1367 1479.49009808484
1368 1480.56558482137
1369 1481.64107893749
1370 1482.71658365966
1371 1483.79209250341
1372 1484.86760869062
1373 1485.94313404843
1374 1487.01866488199
1375 1488.09420444222
1376 1489.16975174041
1377 1490.24530448254
1378 1491.32086633491
1379 1492.39643363206
1380 1493.47200816384
1381 1494.54759319403
1382 1495.6231821996
1383 1496.69877843221
1384 1497.77438371821
1385 1498.8499943553
1386 1499.92561216977
1387 1501.0012404261
1388 1502.07687257583
1389 1503.15251188332
1390 1504.22816017529
1391 1505.3038137487
1392 1506.37947629565
1393 1507.45514550897
1394 1508.5308203871
1395 1509.60650421935
1396 1510.68219324788
1397 1511.75788934175
1398 1512.83359435226
1399 1513.90930595973
1400 1514.98502315035
1401 1516.06074925021
1402 1517.13648046457
1403 1518.21221867042
1404 1519.28796573298
1405 1520.36371932606
1406 1521.43948032005
1407 1522.51524637644
1408 1523.59101936501
1409 1524.6668011618
1410 1525.74258798912
1411 1526.81838314403
1412 1527.89418565466
1413 1528.96999314584
1414 1530.0458074998
1415 1531.12163060502
1416 1532.19745865892
1417 1533.27329498333
1418 1534.3491385821
1419 1535.42498710364
1420 1536.50084432195
1421 1537.57670641566
1422 1538.65257673735
1423 1539.72845427255
1424 1540.80433666334
1425 1541.8802257986
1426 1542.95612357361
1427 1544.03202614212
1428 1545.10793689354
1429 1546.18385478909
1430 1547.25977745831
1431 1548.33570679047
1432 1549.41164471284
1433 1550.48758736791
1434 1551.56354004397
1435 1552.63949597112
1436 1553.71545850931
1437 1554.79142957864
1438 1555.86740531934
1439 1556.94338763939
1440 1558.0193799357
1441 1559.09537538877
1442 1560.1713773954
1443 1561.24738787608
1444 1562.32340294613
1445 1563.39942452599
1446 1564.47545603736
1447 1565.55149062319
1448 1566.6275336344
1449 1567.70358116771
1450 1568.77963516181
1451 1569.85569756185
1452 1570.93176592929
1453 1572.00783923042
1454 1573.08392091186
1455 1574.16000704541
1456 1575.23609955809
1457 1576.31220043163
1458 1577.38830717873
1459 1578.46442077998
1460 1579.54053875983
1461 1580.61666307594
1462 1581.69279569214
1463 1582.767206966
1464 1583.84162548258
1465 1584.91605021845
1466 1585.99047870379
1467 1587.22418560427
1468 1588.45811051483
1469 1589.69224647568
1470 1590.92659842455
1471 1592.16116533379
1472 1593.39594620135
1473 1594.63093998724
1474 1595.86615165415
1475 1597.10157419261
1476 1598.33721256545
1477 1599.57306574477
1478 1600.80913272831
1479 1602.04541245168
1480 1603.28190991478
1481 1604.51861808254
1482 1605.75554194291
1483 1606.9926804436
1484 1608.23003257007
1485 1609.46759729389
1486 1610.70537961595
1487 1611.9433724635
1488 1613.18158083755
1489 1614.42000370972
1490 1615.65864005317
1491 1616.89748881506
1492 1618.13655504558
1493 1619.37583162222
1494 1620.61532357112
1495 1621.85502986367
1496 1623.09494947279
1497 1624.33508133332
1498 1625.57543052062
1499 1626.81598987445
1500 1628.05676445819
1501 1629.2977532309
1502 1630.5389551532
1503 1631.78036917177
1504 1633.02200035088
1505 1634.26384155296
1506 1635.50589781826
1507 1636.74816812973
1508 1637.99065141153
1509 1639.23334664633
1510 1640.47625684518
1511 1641.7193809834
1512 1642.96271799994
1513 1644.20626684106
1514 1645.45003107124
1515 1646.69400810205
1516 1647.93819688424
1517 1649.1826025205
1518 1650.42721778548
1519 1651.67204780155
1520 1652.91709152874
1521 1654.16234788893
1522 1655.40781583264
1523 1656.65350048775
1524 1657.89939461531
1525 1659.14550332662
1526 1660.39182560566
1527 1661.63836034988
1528 1662.88510652164
1529 1664.13206927402
1530 1665.37924130613
1531 1666.62662777862
1532 1667.87422766317
1533 1669.12203985696
1534 1670.37006332213
1535 1671.61830321276
1536 1672.86675222646
1537 1674.1154155249
1538 1675.36429207952
1539 1676.61338078726
1540 1677.86268059792
1541 1679.11219670289
1542 1680.36192174523
1543 1681.61186093784
1544 1682.86201322593
1545 1684.11237751081
1546 1685.36295272995
1547 1686.61374409995
1548 1687.86474425027
1549 1689.11595839483
1550 1690.3673854907
1551 1691.61902441475
1552 1692.87087411628
1553 1694.12293982505
1554 1695.37521414478
1555 1696.62770230253
1556 1697.88040326723
1557 1699.13331589128
1558 1700.38643913586
1559 1701.63977668247
1560 1702.89332580535
1561 1704.14708547485
1562 1705.40106095394
1563 1706.65524477607
1564 1707.90964220898
1565 1709.16425222588
1566 1710.41907366204
1567 1711.67410547547
1568 1712.92935296648
1569 1714.18480861857
1570 1715.44047774894
1571 1716.69635930635
1572 1717.95245212581
1573 1719.20875515298
1574 1720.46527372556
1575 1721.72200028915
1576 1722.97894018623
1577 1724.23609234111
1578 1725.49345561272
1579 1726.75102893441
1580 1728.00881764491
1581 1729.26681420039
1582 1730.52502392015
1583 1731.78344576459
1584 1733.04207855605
1585 1734.30092123976
1586 1735.55997917972
1587 1736.81924478208
1588 1738.07872341566
1589 1739.33841183551
1590 1740.59831539423
1591 1741.85842653052
1592 1743.11875057286
1593 1744.37928649339
1594 1745.64003310655
1595 1746.90098934781
1596 1748.16216059507
1597 1749.42353923699
1598 1750.68513065159
1599 1751.94693378652
1600 1753.20894745597
1601 1754.47117058305
1602 1755.73360859518
1603 1756.99625383098
1604 1758.25911168166
1605 1759.52218111888
1606 1760.7854592957
1607 1762.04895002054
1608 1763.31265224812
1609 1764.57656476525
1610 1765.84068652635
1611 1767.10502295301
1612 1768.36956633575
1613 1769.63432211584
1614 1770.89928926186
1615 1772.16446653413
1616 1773.42985287939
1617 1774.69545376883
1618 1775.96126144285
1619 1777.22728136806
1620 1778.49351250069
1621 1779.75995361289
1622 1781.02660362692
1623 1782.29346805142
1624 1783.56053910095
1625 1784.82782224319
1626 1786.09531645839
1627 1787.36302048205
1628 1788.63093326043
1629 1789.89906030326
1630 1791.16739379925
1631 1792.43593925353
1632 1793.70469562187
1633 1794.97366165162
1634 1796.24283626453
1635 1797.51222501995
1636 1798.78182005644
1637 1800.05162689237
1638 1801.32164450753
1639 1802.59187161259
1640 1803.86230716545
1641 1805.13295670231
1642 1806.40381236009
1643 1807.67487968253
1644 1808.94615761278
1645 1810.21764489763
1646 1811.48934047048
1647 1812.76124988073
1648 1814.03336525158
1649 1815.30569212784
1650 1816.57822948886
1651 1817.85097435706
1652 1819.12393069213
1653 1820.39709740314
1654 1821.67047324117
1655 1822.94405711024
1656 1824.2178546316
1657 1825.49185784839
1658 1826.76607237253
1659 1828.04049714927
1660 1829.3151308687
1661 1830.58997247101
1662 1831.86502759071
1663 1833.14028824502
1664 1834.41576005912
1665 1835.69144196586
1666 1836.96733267933
1667 1838.2434311152
1668 1839.51974061305
1669 1840.79626010086
1670 1842.07298829251
1671 1843.34992410826
1672 1844.62707321142
1673 1845.90442756788
1674 1847.18199283845
1675 1848.459767963
1676 1849.73775163083
1677 1851.01594276196
1678 1852.2943470451
1679 1853.57295640806
1680 1854.85177654921
1681 1856.13080639604
1682 1857.41004462539
1683 1858.68949016919
1684 1859.96914872945
1685 1861.24901220798
1686 1862.5290863043
1687 1863.80936996995
1688 1865.08986186934
1689 1866.37056090984
1690 1867.65147283842
1691 1868.93258952093
1692 1870.21391669234
1693 1871.49545326009
1694 1872.77719791259
1695 1874.05914956914
1696 1875.34131396568
1697 1876.62368295424
1698 1877.90626056843
1699 1879.18905085936
1700 1880.47204565649
1701 1881.7552507256
1702 1883.03866498114
1703 1884.32228707198
1704 1885.60611594877
1705 1886.89015735392
1706 1888.17440310308
1707 1889.4588589753
1708 1890.74352389696
1709 1892.02839650449
1710 1893.31347572394
1711 1894.59876734753
1712 1895.88426315274
1713 1897.16996893191
1714 1898.45588361119
1715 1899.7420058267
1716 1901.02833450426
1717 1902.31487546155
1718 1903.60162041354
1719 1904.88857520239
1720 1906.17573875398
1721 1907.46310967982
1722 1908.75068690547
1723 1910.03847628629
1724 1911.32646949901
1725 1912.6146724113
1726 1913.90308392446
1727 1915.19170267403
1728 1916.48052756099
1729 1917.76956446619
1730 1919.05880505249
1731 1920.34825517655
1732 1921.63791376374
1733 1922.92777942499
1734 1924.21785108536
1735 1925.50813462686
1736 1926.7986216863
1737 1928.08931813366
1738 1929.38022290625
1739 1930.67133460252
1740 1931.96265213512
1741 1933.25418141155
1742 1934.54591404258
1743 1935.83785418209
1744 1937.13000599193
1745 1938.42236107941
1746 1939.71492534799
1747 1941.00769526677
1748 1942.30067678117
1749 1943.5938614634
1750 1944.88725521767
1751 1946.18085699522
1752 1947.4746653672
1753 1948.76867923836
1754 1950.06290456746
1755 1951.35733288845
1756 1952.65197015542
1757 1953.94681529501
1758 1955.24186686588
1759 1956.5371237969
1760 1957.83259204801
1761 1959.12826312222
1762 1960.42414301364
1763 1961.72023062202
1764 1963.01652452272
1765 1964.31302360779
1766 1965.60973389928
1767 1966.90664684972
1768 1968.20376846661
1769 1969.5010976738
1770 1970.79863299759
1771 1972.09637336635
1772 1973.39432481552
1773 1974.69247874709
1774 1975.99084120635
1775 1977.2894111047
1776 1978.58818698032
1777 1979.88716776132
1778 1981.18635945996
1779 1982.48575350086
1780 1983.78535591829
1781 1985.08516563563
1782 1986.38518117852
1783 1987.68540146265
1784 1988.98583255023
1785 1990.28646580315
1786 1991.58730729348
1787 1992.88835594433
1788 1994.18961026884
1789 1995.49106918245
1790 1996.79273697984
1791 1998.09461036391
1792 1999.3966882597
1793 2000.69897675075
1794 2002.00146718896
1795 2003.30416563848
1796 2004.60707103913
1797 2005.91018188648
1798 2007.21349709314
1799 2008.51702276825
1800 2009.82075021313
1801 2011.12468554194
1802 2012.42882768204
1803 2013.73317510429
1804 2015.03772673325
1805 2016.34248871587
1806 2017.64745229068
1807 2018.95262362186
1808 2020.25800161213
1809 2021.56358473199
1810 2022.86937191799
1811 2024.17536931828
1812 2025.48156815741
1813 2026.78797460075
1814 2028.094587563
1815 2029.40140551432
1816 2030.70842736661
1817 2032.01565930585
1818 2033.32309253038
1819 2034.63073321901
1820 2035.93858028617
1821 2037.24663217728
1822 2038.55488784064
1823 2039.86335345123
1824 2041.17202018117
1825 2042.48089422269
1826 2043.7899719253
1827 2045.09925948921
1828 2046.4087480707
1829 2047.71844388236
1830 2049.03663723186
1831 2050.18038886522
1832 2051.32413926224
1833 2052.46788393034
1834 2053.61162389072
1835 2054.75536245656
1836 2055.89909437
1837 2057.04282480133
1838 2058.18654662296
1839 2059.33026867816
1840 2060.47398649298
1841 2061.61769737438
1842 2062.76140650573
1843 2063.90510677041
1844 2065.0488070181
1845 2066.19250275936
1846 2067.3361912958
1847 2068.47987598327
1848 2069.62355522326
1849 2070.76723234758
1850 2071.91090470174
1851 2073.05456959417
1852 2074.19823036906
1853 2075.34188542761
1854 2076.48553813886
1855 2077.62918316319
1856 2078.77282572796
1857 2079.9164613001
1858 2081.06009086482
1859 2082.20371784314
1860 2083.34733686513
1861 2084.49095317126
1862 2085.63456222765
1863 2086.77816501966
1864 2087.92176496156
1865 2089.06535666773
1866 2090.20894357694
1867 2091.35252400876
1868 2092.49610137298
1869 2093.63967297659
1870 2094.78323608698
1871 2095.92679413124
1872 2097.07034544087
1873 2098.21389345563
1874 2099.3574354183
1875 2100.50096863994
1876 2101.64449652852
1877 2102.78801743492
1878 2103.93153476755
1879 2105.07504580794
1880 2106.21854784948
1881 2107.3620442885
1882 2108.50553347555
1883 2109.64901885633
1884 2110.79249501232
1885 2111.93596536478
1886 2113.07943095645
1887 2114.22288714395
1888 2115.36633928522
1889 2116.50978191915
1890 2117.6532185165
1891 2118.79665008348
1892 2119.94007200033
1893 2121.08348960639
1894 2122.22689744922
1895 2123.37029899544
1896 2124.51369255053
1897 2125.65708161333
1898 2126.80046340229
1899 2127.94383515737
1900 2129.08720038253
1901 2130.23055734618
1902 2131.37390956493
1903 2132.51725426639
1904 2133.66058677495
1905 2134.80391626973
1906 2135.94723538097
1907 2137.09054946747
1908 2138.23385306444
1909 2139.37714967195
1910 2140.52044027698
1911 2141.66372023971
1912 2142.80699494435
1913 2143.95025889333
1914 2145.09351558471
1915 2146.23676603768
1916 2147.38000557952
1917 2148.52323961023
1918 2149.66646263856
1919 2150.80967813863
1920 2151.95288717882
1921 2153.09608502432
1922 2154.23927712998
1923 2155.38245604034
1924 2156.52563102159
1925 2157.66879459342
1926 2158.81195224324
1927 2159.95510114984
1928 2161.09823658927
1929 2162.24136785382
1930 2163.38448746185
1931 2164.52760089444
1932 2165.67070533945
1933 2166.81379604295
1934 2167.95688234023
1935 2169.09995671917
1936 2170.24302467869
1937 2171.38608060124
1938 2172.52912810066
1939 2173.67216815253
1940 2174.81519605093
1941 2175.95821725893
1942 2177.1012242746
1943 2178.2442264484
1944 2179.387219025
1945 2180.53019915387
1946 2181.67317237524
1947 2182.81613113183
1948 2183.95908481248
1949 2185.10202863651
1950 2186.24495976513
1951 2187.38788374447
1952 2188.53079298874
1953 2189.67369692057
1954 2190.81658794156
1955 2191.95947161816
1956 2193.10234510166
1957 2194.24520357733
1958 2195.38805651848
1959 2196.53089627631
1960 2197.67372845999
1961 2198.8165482544
1962 2199.95935666769
1963 2201.10215735104
1964 2202.24494462023
1965 2203.38772405586
1966 2204.53048801929
1967 2205.67324601132
1968 2206.81599320353
1969 2207.95872672606
1970 2209.10145217002
1971 2210.24416189086
1972 2211.38686539557
1973 2212.52955786259
1974 2213.67223637698
1975 2214.81490659493
1976 2215.9575608287
1977 2217.10020861145
1978 2218.24284509623
1979 2219.3854674044
1980 2220.52807919673
1981 2221.67067865046
1982 2222.81326947591
1983 2223.95584589635
1984 2225.09841358196
1985 2226.24096767937
1986 2227.38350917749
1987 2228.52604179956
1988 2229.6685597801
1989 2230.81106878298
1990 2231.95356392667
1991 2233.09604624482
1992 2234.23851942898
1993 2235.38097772768
1994 2236.52342681304
1995 2237.66585891573
1996 2238.80828368115
1997 2239.95069621446
1998 2241.09309360597
1999 2242.23547956015
2000 2243.37785223615
2001 2244.52021536347
2002 2245.66256602002
2003 2246.80490126321
2004 2247.94722485006
2005 2249.0895348975
2006 2250.23183516023
2007 2251.37411982753
2008 2252.5163946083
2009 2253.65865458862
2010 2254.80090078268
2011 2255.94313697821
2012 2257.08535729418
2013 2258.22756750471
2014 2259.36976266542
2015 2260.51194380291
2016 2261.65411469328
2017 2262.79626945446
2018 2263.93841188717
2019 2265.08054300615
2020 2266.22265785862
2021 2267.36476222975
2022 2268.50685022694
2023 2269.64892564653
2024 2270.7909866013
2025 2271.9330368808
2026 2273.07507351567
2027 2274.21709354403
2028 2275.35910074772
2029 2276.50109323475
2030 2277.64307481203
2031 2278.78504250525
2032 2279.92699333181
2033 2281.06893111391
2034 2282.21085392959
2035 2283.35276559869
2036 2284.49466020615
2037 2285.63654157185
2038 2286.77841071901
2039 2287.92026265904
2040 2289.0621032256
2041 2290.20392647012
2042 2291.34573622825
2043 2292.48753355525
2044 2293.62931340009
2045 2294.77108164668
2046 2295.91283233307
2047 2297.05456930063
2048 2298.19629357729
2049 2299.33800015598
2050 2300.47969487676
2051 2301.62137180411
2052 2302.76303477498
2053 2303.90468185091
2054 2305.04631691131
2055 2306.18793693448
2056 2307.32953687498
2057 2308.47112667362
2058 2309.61269831805
2059 2310.75425771165
2060 2311.89580182782
2061 2313.03732559995
2062 2314.1788390227
2063 2315.32033404031
2064 2316.46181656947
2065 2317.60328059063
2066 2318.74473001353
2067 2319.88616586235
2068 2321.02758305713
2069 2322.16898753586
2070 2323.31037326993
2071 2324.45174416035
2072 2325.59310125101
2073 2326.73443943641
2074 2327.87576469252
2075 2329.01706889546
2076 2330.15836212369
2077 2331.29963625297
2078 2332.44089726008
2079 2333.58214208374
2080 2334.72336563219
2081 2335.86457795588
2082 2337.00577094149
2083 2338.14695059144
2084 2339.28811381926
2085 2340.42925551274
2086 2341.57038577041
2087 2342.71149644856
2088 2343.85259354263
2089 2344.99367399824
2090 2346.13473266964
2091 2347.27577967231
2092 2348.41680685607
2093 2349.55782022967
2094 2350.69881163489
2095 2351.83979119801
2096 2352.98075378072
2097 2354.12169629478
2098 2355.26262478267
2099 2356.40353103972
2100 2357.54442523385
2101 2358.68530222077
2102 2359.82615889937
2103 2360.96700132546
2104 2362.10782126828
2105 2363.24862893959
2106 2364.38941610826
2107 2365.53018883094
2108 2366.67094401847
2109 2367.81167648761
2110 2368.95239645908
2111 2370.09309568798
2112 2371.23378025666
2113 2372.37444496616
2114 2373.51509087886
2115 2374.65572197279
2116 2375.79633209431
2117 2376.93692733105
2118 2378.0775024912
2119 2379.21805859222
2120 2380.3585996775
2121 2381.49911952549
2122 2382.63962427421
2123 2383.78010562149
2124 2384.92057385164
2125 2386.06102374713
2126 2387.20145217946
2127 2388.34186528346
2128 2389.48225474738
2129 2390.62263086032
2130 2391.76298842337
2131 2392.9033242828
2132 2394.04364250087
2133 2395.18394099757
2134 2396.32422384801
2135 2397.46448481223
2136 2398.60473005164
2137 2399.74495430113
2138 2400.88515860643
2139 2402.0253470629
2140 2403.16551336776
2141 2404.30566373286
2142 2405.44579287979
2143 2406.58590184726
2144 2407.72599472825
2145 2408.86606523941
2146 2410.00611958547
2147 2411.14615247777
2148 2412.28616496242
2149 2413.42616114543
2150 2414.56613470529
2151 2415.70608978516
2152 2416.84602425001
2153 2417.98594224347
2154 2419.12584056831
2155 2420.26571605569
2156 2421.40557282059
2157 2422.54540874412
2158 2423.68522796131
2159 2424.82502730628
2160 2425.96480356022
2161 2427.10456087585
2162 2428.24429712155
2163 2429.38401645054
2164 2430.52371250531
2165 2431.6633915522
2166 2432.80304828362
2167 2433.9426837092
2168 2435.08230200245
2169 2436.22189679237
2170 2437.36147223296
2171 2438.50102935593
2172 2439.64056283599
2173 2440.78007895766
2174 2441.91957134471
2175 2443.05904416832
2176 2444.19849527413
2177 2445.33792884928
2178 2446.47734167321
2179 2447.61673053316
2180 2448.75609958865
2181 2449.89544671482
2182 2451.0347760964
2183 2452.1740844958
2184 2453.31336869142
2185 2454.45263288884
2186 2455.59187489273
2187 2456.73109895346
2188 2457.87030180296
2189 2459.00947807955
2190 2460.1486384081
2191 2461.28777418665
2192 2462.42689179862
2193 2463.56598478106
2194 2464.70505735318
2195 2465.84411055981
2196 2466.97521769015
2197 2468.2206355097
2198 2469.46611961503
2199 2470.71167850711
2200 2471.95730139112
2201 2473.20299679108
2202 2474.4487582293
2203 2475.69459419549
2204 2476.94049390572
2205 2478.18646589751
2206 2479.43250687968
2207 2480.67861570659
2208 2481.92479447159
2209 2483.17103881144
2210 2484.4173551242
2211 2485.66373903417
2212 2486.91019263495
2213 2488.15671155031
2214 2489.40330219151
2215 2490.64996017708
2216 2491.89668761639
2217 2493.1434801047
2218 2494.39034407166
2219 2495.63727513517
2220 2496.88427541208
2221 2498.1313437315
2222 2499.3784767897
2223 2500.62568319647
2224 2501.87295204402
2225 2503.12029196727
2226 2504.3676963562
2227 2505.61517385889
2228 2506.8627135413
2229 2508.11032404666
2230 2509.35799877963
2231 2510.60574638621
2232 2511.85355591133
2233 2513.1014360117
2234 2514.34938009111
2235 2515.59739680904
2236 2516.84547846662
2237 2518.09362389913
2238 2519.34183960949
2239 2520.59012114346
2240 2521.83847067069
2241 2523.08688371163
2242 2524.33536679483
2243 2525.58391545304
2244 2526.83253184379
2245 2528.08121151169
2246 2529.32996096135
2247 2530.57877574448
2248 2531.82765802209
2249 2533.07660332258
2250 2534.32561816896
2251 2535.57470138404
2252 2536.82384524685
2253 2538.07305849931
2254 2539.3223344383
2255 2540.57168181891
2256 2541.82108957287
2257 2543.0705664804
2258 2544.32010582508
2259 2545.56971637554
2260 2546.81938704961
2261 2548.06912662344
2262 2549.31892839535
2263 2550.56879893746
2264 2551.81873374208
2265 2553.06873500335
2266 2554.31880153599
2267 2555.56892994419
2268 2556.81912902395
2269 2558.06938765254
2270 2559.31971464587
2271 2560.57010326302
2272 2561.82056231024
2273 2563.07108065613
2274 2564.32166713014
2275 2565.57231496565
2276 2566.82303300722
2277 2568.07381008478
2278 2569.32465505372
2279 2570.57556112886
2280 2571.82653718402
2281 2573.07757538128
2282 2574.3286744971
2283 2575.57984119269
2284 2576.83107092009
2285 2578.08236588906
2286 2579.3337215387
2287 2580.58514453109
2288 2581.83663028757
2289 2583.08818107114
2290 2584.3397922673
2291 2585.59147056906
2292 2586.84321139712
2293 2588.0950169971
2294 2589.34688276962
2295 2590.59881541761
2296 2591.85081371744
2297 2593.10286977503
2298 2594.35499254364
2299 2595.60717516092
2300 2596.85942658093
2301 2598.11173550763
2302 2599.3641109026
2303 2600.61654589349
2304 2601.86904946941
2305 2603.12161028841
2306 2604.37423733805
2307 2605.62692374505
2308 2606.87967848727
2309 2608.13249022123
2310 2609.38536796049
2311 2610.63830820312
2312 2611.89130973684
2313 2613.14437484776
2314 2614.39749887127
2315 2615.65068859962
2316 2616.90393935567
2317 2618.15725345066
2318 2619.41062621933
2319 2620.66406444238
2320 2621.91756344919
2321 2623.17112556709
2322 2624.42474608951
2323 2625.678431853
2324 2626.93217814902
2325 2628.18598729991
2326 2629.43985808046
2327 2630.69378696345
2328 2631.94778302292
2329 2633.20183481551
2330 2634.45595142805
2331 2635.71012590371
2332 2636.96436506859
2333 2638.21866422513
2334 2639.47302570872
2335 2640.72744481413
2336 2641.98192837733
2337 2643.23647168055
2338 2644.49107707191
2339 2645.74573983307
2340 2647.00046682576
2341 2648.25525677459
2342 2649.51010164916
2343 2650.76501058455
2344 2652.01997657457
2345 2653.27500875698
2346 2654.5300956126
2347 2655.78524627771
2348 2657.04045377003
2349 2658.29572721604
2350 2659.55105508263
2351 2660.80644654453
2352 2662.06189456351
2353 2663.31740832041
2354 2664.5729762398
2355 2665.82860752778
2356 2667.08429861476
2357 2668.34004822425
2358 2669.59585874493
2359 2670.85172540551
2360 2672.10765512002
2361 2673.36364311176
2362 2674.61969178563
2363 2675.8757963289
2364 2677.13196371154
2365 2678.38818913131
2366 2679.64447498811
2367 2680.90081649692
2368 2682.15722058777
2369 2683.41368247555
2370 2684.67020457288
2371 2685.92678559027
2372 2687.18342192031
2373 2688.44012284934
2374 2689.69687670523
2375 2690.95369275695
2376 2692.21056389121
2377 2693.46749939205
2378 2694.72448756621
2379 2695.98153770875
2380 2697.23864269297
2381 2698.49581181656
2382 2699.7530333598
2383 2701.01031664384
2384 2702.26765451081
2385 2703.52505630046
2386 2704.78251381081
2387 2706.04002573883
2388 2707.29759910434
2389 2708.55522905672
2390 2709.8129180492
2391 2711.0706612057
2392 2712.32846557183
2393 2713.58632627856
2394 2714.84424580783
2395 2716.102219242
2396 2717.36025367031
2397 2718.61834419811
2398 2719.87649328989
2399 2721.13469606825
2400 2722.39295960732
2401 2723.65128026255
2402 2724.90965673755
2403 2726.1680914776
2404 2727.42657960092
2405 2728.68512818631
2406 2729.94373233764
2407 2731.20239453255
2408 2732.46110986721
2409 2733.7198854427
2410 2734.9787163302
2411 2736.237605045
2412 2737.49654664526
2413 2738.7555482454
2414 2740.01460494086
2415 2741.27371922231
2416 2742.53288974297
2417 2743.79211285594
2418 2745.05139800705
2419 2746.31073330013
2420 2747.57012821701
2421 2748.82957548409
2422 2750.08908456086
2423 2751.3486435371
2424 2752.60826190833
2425 2753.86793236969
2426 2755.12766443535
2427 2756.38744616498
2428 2757.64728703574
2429 2758.90717977918
2430 2760.16713389826
2431 2761.4271410414
2432 2762.687199866
2433 2763.94731757658
2434 2765.20748916012
2435 2766.46771718903
2436 2767.72799665144
2437 2768.98833475817
2438 2770.24872652046
2439 2771.50917448071
2440 2772.7696736425
2441 2774.03023122639
2442 2775.29084222338
2443 2776.55150918864
2444 2777.81222711261
2445 2779.07300322925
2446 2780.33383617091
2447 2781.5947175545
2448 2782.85565695773
2449 2784.11664702532
2450 2785.37769735003
2451 2786.63879586083
2452 2787.89995217412
2453 2789.16115890866
2454 2790.4224256834
2455 2791.68374038828
2456 2792.94511267837
2457 2794.20653514109
2458 2795.46801742528
2459 2796.72954741558
2460 2797.99113474873
2461 2799.25277570492
2462 2800.5144688904
2463 2801.77621690106
2464 2803.03801466154
2465 2804.29986950855
2466 2805.56177633628
2467 2806.82373776957
2468 2808.08574872868
2469 2809.34781651923
2470 2810.60993371292
2471 2811.87211000718
2472 2813.13433322268
2473 2814.39661304644
2474 2815.65894204209
2475 2816.9213299083
2476 2818.1837681597
2477 2819.44625538533
2478 2820.70879896784
2479 2821.97139376169
2480 2823.23404242486
2481 2824.49673984161
2482 2825.75949336681
2483 2827.02229789712
2484 2828.28515605336
2485 2829.5480627191
2486 2830.81102528764
2487 2832.07403860497
2488 2833.3371053297
2489 2834.60022033932
2490 2835.86339100682
2491 2837.12661594609
2492 2838.3898865919
2493 2839.65321274826
2494 2840.91658688639
2495 2842.18001877533
2496 2843.44349615108
2497 2844.70702881892
2498 2845.97060920614
2499 2847.23424716178
2500 2848.49793034149
2501 2849.76166858221
2502 2851.0254543352
2503 2852.28929741331
2504 2853.55318549551
2505 2854.81712840752
2506 2856.08112234882
2507 2857.34516588044
2508 2858.60926170559
2509 2859.87340459991
2510 2861.13760206613
2511 2862.40184889063
2512 2863.66614778402
2513 2864.93049352503
2514 2866.19489360105
2515 2867.4593428032
2516 2868.7238438424
2517 2869.98839150919
2518 2871.25299329192
2519 2872.517643956
2520 2873.78234625021
2521 2875.04709869747
2522 2876.31189748773
2523 2877.5767525114
2524 2878.84165133049
2525 2880.1066038967
2526 2881.37160254811
2527 2882.63665722642
2528 2883.90175546697
2529 2885.16690722276
2530 2886.4321048379
2531 2887.69735825919
2532 2888.962655004
2533 2890.22800505705
2534 2891.49340071141
2535 2892.75884957593
2536 2894.02435014956
2537 2895.28989375413
2538 2896.55549039554
2539 2897.82113234055
2540 2899.08682963893
2541 2900.35256970422
2542 2901.6183625866
2543 2902.88420056432
2544 2904.15009364543
2545 2905.41602928322
2546 2906.68201751277
2547 2907.94805059173
2548 2909.21413856701
2549 2910.48026887769
2550 2911.74645153513
2551 2913.01268267583
2552 2914.27896079591
2553 2915.5452887095
2554 2916.81166106297
2555 2918.07808551622
2556 2919.34455672801
2557 2920.61107748779
2558 2921.87764247875
2559 2923.14425934927
2560 2924.41092273233
2561 2925.67642848573
2562 2927.06889749011
2563 2928.46150809368
2564 2929.85425537497
2565 2931.24714169394
2566 2932.64016942885
2567 2934.03333362881
2568 2935.42663521932
2569 2936.82007701157
2570 2938.21365752698
2571 2939.60737910268
2572 2941.00123680336
2573 2942.39523544987
2574 2943.78937007758
2575 2945.18364307769
2576 2946.57805681117
2577 2947.97260632931
2578 2949.36729400708
2579 2950.76212223619
2580 2952.1570860369
2581 2953.5521902438
2582 2954.94742989091
2583 2956.34280736999
2584 2957.73832504804
2585 2959.13397406182
2586 2960.52976704004
2587 2961.92569514274
2588 2963.32176072446
2589 2964.71796617367
2590 2966.11430652696
2591 2967.51078661494
2592 2968.90740147387
2593 2970.30415346721
2594 2971.70104501279
2595 2973.09807112131
2596 2974.49523416894
2597 2975.89253654869
2598 2977.28997329031
2599 2978.68754925618
2600 2980.08525942708
2601 2981.48310620861
2602 2982.8810880576
2603 2984.27920785229
2604 2985.67746653198
2605 2987.07585908763
2606 2988.47438792516
2607 2989.87305544684
2608 2991.27185662353
2609 2992.67079388096
2610 2994.06986962559
2611 2995.46907883633
2612 2996.86842639006
2613 2998.26790729443
2614 2999.66752392686
2615 3001.06727869416
2616 3002.46716661052
2617 3003.86719254103
2618 3005.26735146338
2619 3006.66764182069
2620 3008.06807395455
2621 3009.4686388951
2622 3010.86933904537
2623 3012.27017680022
2624 3013.6711471529
2625 3015.07225499077
2626 3016.47349528166
2627 3017.87487044003
2628 3019.27638289872
2629 3020.67802760845
2630 3022.07980946138
2631 3023.48172344405
2632 3024.88377196426
2633 3026.28595742606
2634 3027.68827482102
2635 3029.09072904206
2636 3030.49331102252
2637 3031.89603122786
2638 3033.29888804499
2639 3034.70187645205
2640 3036.1049988659
2641 3037.50825769523
2642 3038.91164791214
2643 3040.31517443589
2644 3041.7188321895
2645 3043.12262361936
2646 3044.52655114708
2647 3045.93060972025
2648 3047.33480424634
2649 3048.73912969627
2650 3050.14358847914
2651 3051.5481830379
2652 3052.95290425493
2653 3054.35776265824
2654 3055.7627566268
2655 3057.1678811068
2656 3058.57314103207
2657 3059.97853131491
2658 3061.38405441112
2659 3062.78971275579
2660 3064.19550126771
2661 3065.60142489404
2662 3067.00747855465
2663 3068.41366469726
2664 3069.81998575176
2665 3071.22643664166
2666 3072.63301981074
2667 3074.03973769469
2668 3075.4465852165
2669 3076.85356326223
2670 3078.26067487072
2671 3079.66791842666
2672 3081.07529637867
2673 3082.48280361959
2674 3083.89044513626
2675 3085.29821581278
2676 3086.7061181062
2677 3088.11415446551
2678 3089.52231979384
2679 3090.93061905367
2680 3092.33904714918
2681 3093.74760652942
2682 3095.15629963814
2683 3096.56512139575
2684 3097.97407423476
2685 3099.38316061728
2686 3100.79237132741
2687 3102.20171955848
2688 3103.61119608179
2689 3105.02080335393
2690 3106.43054386256
2691 3107.84041245965
2692 3109.25041414742
2693 3110.66054380128
2694 3112.07080388376
2695 3113.4811968661
2696 3114.89171760362
2697 3116.30236857167
2698 3117.71315224168
2699 3119.12406348105
2700 3120.53510728764
2701 3121.94627852847
2702 3123.35757966246
2703 3124.76900904012
2704 3126.18056978585
2705 3127.59226277851
2706 3129.00408286745
2707 3130.41603252875
2708 3131.82811423883
2709 3133.24032285907
2710 3134.65266339452
2711 3136.06513069228
2712 3137.47772724139
2713 3138.89045551437
2714 3140.30331036343
2715 3141.71629424703
2716 3143.12940967994
2717 3144.54265147182
2718 3145.95602467928
2719 3147.36952411591
2720 3148.78314810149
2721 3150.19690746957
2722 3151.61079286215
2723 3153.02480934922
2724 3154.43895173921
2725 3155.85322252212
2726 3157.26762419524
2727 3158.68215158336
2728 3160.09680715981
2729 3161.51159342773
2730 3162.92650521139
2731 3164.34154755255
2732 3165.75671527511
2733 3167.17201086406
2734 3168.58743683548
2735 3170.00298798328
2736 3171.41866936691
2737 3172.83447159813
2738 3174.25040557905
2739 3175.66646960373
2740 3177.08265848211
2741 3178.49897470537
2742 3179.9154207859
2743 3181.3319915205
2744 3182.74869197683
2745 3184.16551696395
2746 3185.58246896909
2747 3186.99955050933
2748 3188.4167563806
2749 3189.83409165267
2750 3191.2515511085
2751 3192.66913727219
2752 3194.0868526486
2753 3195.50469201584
2754 3196.92265622823
2755 3198.34074854101
2756 3199.75896723866
2757 3201.17731482207
2758 3202.59578606022
2759 3204.01438349605
2760 3205.43310961804
2761 3206.85195921986
2762 3208.2709373846
2763 3209.69003889297
2764 3211.10926625872
2765 3212.52862200026
2766 3213.94810089214
2767 3215.36770802389
2768 3216.78743817096
2769 3218.20729385184
2770 3219.62727759796
2771 3221.04737988571
2772 3222.46761176766
2773 3223.88797153446
2774 3225.30845391445
2775 3226.72906403188
2776 3228.14979663995
2777 3229.57065425209
2778 3230.99163942554
2779 3232.41274688336
2780 3233.8339817676
2781 3235.25533881799
2782 3236.67682054957
2783 3238.09842951997
2784 3239.5201604501
2785 3240.9420184828
2786 3242.36399835251
2787 3243.78610259166
2788 3245.20832943911
2789 3246.63068222216
2790 3248.05315919356
2791 3249.4757628737
2792 3250.89848801299
2793 3252.32133972589
2794 3253.74431276243
2795 3255.16740965
2796 3256.59063295983
2797 3258.01397736131
2798 3259.43744804982
2799 3260.86103973099
2800 3262.28475493827
2801 3263.70859623881
2802 3265.13255831818
2803 3266.55664376051
2804 3267.98085075437
2805 3269.40518266656
2806 3270.82964035987
2807 3272.25421851898
2808 3273.67891969868
2809 3275.10374645859
2810 3276.52869348977
2811 3277.9537659771
2812 3279.37895859986
2813 3280.80427393035
2814 3282.22971451594
2815 3283.65527504801
2816 3285.08095809908
2817 3286.50676622367
2818 3287.93269409189
2819 3289.35874691062
2820 3290.78491936223
2821 3292.21120962578
2822 3293.63762901968
2823 3295.06416783204
2824 3296.49083128201
2825 3297.91761403841
2826 3299.3445186574
2827 3300.77154772523
2828 3302.19869589186
2829 3303.62596838297
2830 3305.05335984932
2831 3306.48087286461
2832 3307.90851000286
2833 3309.33626592692
2834 3310.76414321072
2835 3312.19214443541
2836 3313.62026425524
2837 3315.04850787999
2838 3316.4768655673
2839 3317.90534869074
2840 3319.33395544146
2841 3320.76268046826
2842 3322.19152897365
2843 3323.62049563591
2844 3325.04958301251
2845 3326.47879370374
2846 3327.90812233105
2847 3329.33757150728
2848 3330.76714379045
2849 3332.19683383249
2850 3333.62664686939
2851 3335.05657754008
2852 3336.48662841527
2853 3337.91680210852
2854 3339.34709323295
2855 3340.7775025899
2856 3342.20803369045
2857 3343.63868469338
2858 3345.06945818735
2859 3346.50034880526
2860 3347.93135911038
2861 3349.36249173643
2862 3350.79374128243
2863 3352.22511300028
2864 3353.65660151393
2865 3355.08820942498
2866 3356.51993931807
2867 3357.95178581665
2868 3359.38375418491
2869 3360.81583902062
2870 3362.24804294642
2871 3363.68036853935
2872 3365.11280593919
2873 3366.54536937052
2874 3367.9780489614
2875 3369.41084730154
2876 3370.84376701896
2877 3372.27680269269
2878 3373.70995692533
2879 3375.14323235201
2880 3376.57662355588
2881 3378.01013580436
2882 3379.44376369289
2883 3380.87750984399
2884 3382.31137686101
2885 3383.74535933416
2886 3385.179462549
2887 3386.61368110007
2888 3388.04801757343
2889 3389.48247011868
2890 3390.9170422954
2891 3392.35173221527
2892 3393.78654251553
2893 3395.22146775167
2894 3396.65651324853
2895 3398.09167354389
2896 3399.52695127973
2897 3400.96234907993
2898 3402.39786152438
2899 3403.83349388343
2900 3405.26924074926
2901 3406.70510473314
2902 3408.14108847781
2903 3409.57718651954
2904 3411.01340419752
2905 3412.44973606506
2906 3413.88618018969
2907 3415.32274830476
2908 3416.75943039954
2909 3418.1962291297
2910 3419.63314709588
2911 3421.07017887563
2912 3422.50732979097
2913 3423.94459438112
2914 3425.38197528473
2915 3426.81947512023
2916 3428.2570884516
2917 3429.69482060275
2918 3431.13266612464
2919 3432.57062762994
2920 3434.00870777545
2921 3435.44690109417
2922 3436.88521023014
2923 3438.32363323626
2924 3439.7621737956
2925 3441.20083268585
2926 3442.64158260075
2927 3444.08244864869
2928 3445.52343349294
2929 3446.96453165821
2930 3448.51850639503
2931 3450.00687886609
2932 3451.49536302894
2933 3452.98397338197
2934 3454.47269796125
2935 3455.96154126295
2936 3457.45050507657
2937 3458.93958554745
2938 3460.42878907347
2939 3461.9181063675
2940 3463.40754382759
2941 3464.8970975985
2942 3466.38677407104
2943 3467.87656123361
2944 3469.36647366573
2945 3470.85649932306
2946 3472.34664733036
2947 3473.83690568509
2948 3475.32728895114
2949 3476.81778509522
2950 3478.3084032481
2951 3479.79913138811
2952 3481.289984081
2953 3482.7809493094
2954 3484.27203619455
2955 3485.76323270535
2956 3487.25455343475
2957 3488.7459863336
2958 3490.23754056033
2959 3491.72920403934
2960 3493.2209914035
2961 3494.71289058153
2962 3496.20490801387
2963 3497.69703979159
2964 3499.18929239869
2965 3500.68165644051
2966 3502.17413841389
2967 3503.66673437131
2968 3505.15945081805
2969 3506.65227834359
2970 3508.14522344068
2971 3509.63828217393
2972 3511.13146106702
2973 3512.6247506779
2974 3514.11815751281
2975 3515.61167764071
2976 3517.10531756852
2977 3518.59906786559
2978 3520.09293505658
2979 3521.58691517375
2980 3523.08101475512
2981 3524.57522160204
2982 3526.06955048453
2983 3527.56398920831
2984 3529.05854704865
2985 3530.5532117926
2986 3532.04799355845
2987 3533.54289418442
2988 3535.03790418562
2989 3536.53303015242
2990 3538.02826807747
2991 3539.52362452642
2992 3541.01909002583
2993 3542.51467111116
2994 3544.0103638107
2995 3545.5061747114
2996 3547.00209153234
2997 3548.49812911902
2998 3549.99427522807
2999 3551.49053917722
3000 3552.98690868892
3001 3554.48339865047
3002 3555.97999675837
3003 3557.47671238233
3004 3558.97353321277
3005 3560.47047416247
3006 3561.96752289593
3007 3563.46468880942
3008 3564.96195957133
3009 3566.45935011675
3010 3567.95684809583
3011 3569.45446291102
3012 3570.95218223089
3013 3572.45002098472
3014 3573.94796684645
3015 3575.4460264195
3016 3576.94419567837
3017 3578.44248127799
3018 3579.94087360963
3019 3581.43937934608
3020 3582.93799440544
3021 3584.43672545618
3022 3585.93556290599
3023 3587.43451340488
3024 3588.93357290081
3025 3590.43274803768
3026 3591.93202921686
3027 3593.43142312555
3028 3594.93092565528
3029 3596.43054351432
3030 3597.93026706969
3031 3599.43010299164
3032 3600.93004719659
3033 3602.43010639866
3034 3603.93026814299
3035 3605.4305475092
3036 3606.93093202236
3037 3608.43143118931
3038 3609.93203256453
3039 3611.4327464181
3040 3612.93357466718
3041 3614.43450763713
3042 3615.93555206409
3043 3617.43670381202
3044 3618.93796963552
3045 3620.43933983495
3046 3621.94082115234
3047 3623.44240945109
3048 3624.94411148155
3049 3626.44591474283
3050 3627.94783438025
3051 3629.44985784909
3052 3630.95199472936
3053 3632.45423250069
3054 3633.95658628488
3055 3635.45904357882
3056 3636.96161393997
3057 3638.46428482596
3058 3639.96707142412
3059 3641.46996116097
3060 3642.97296364439
3061 3644.4760662998
3062 3645.97928432918
3063 3647.48260517524
3064 3648.98603841649
3065 3650.48957147669
3066 3651.99321959034
3067 3653.4969701679
3068 3655.00083000181
3069 3656.50479493203
3070 3658.00887175844
3071 3659.51305070773
3072 3661.01733858591
3073 3662.52173121447
3074 3664.026235418
3075 3665.53084139126
3076 3667.03555595384
3077 3668.54037491909
3078 3670.04530513275
3079 3671.5503367628
3080 3673.05547667306
3081 3674.56072062696
3082 3676.06607550173
3083 3677.57153145132
3084 3679.07709533521
3085 3680.5827629274
3086 3682.08854112628
3087 3683.59441720637
3088 3685.10040654018
3089 3686.60649642717
3090 3688.11269167752
3091 3689.61899427971
3092 3691.12539999555
3093 3692.63191573013
3094 3694.13853158285
3095 3695.64525444098
3096 3697.15208010245
3097 3698.65901542975
3098 3700.16605053372
3099 3701.67319233318
3100 3703.1804365693
3101 3704.6877901564
3102 3706.19524317098
3103 3707.70280255977
3104 3709.21046403033
3105 3710.71823453606
3106 3712.22610127979
3107 3713.7340797453
3108 3715.24215710936
3109 3716.75034318064
3110 3718.25862516552
3111 3719.76701851901
3112 3721.27551044168
3113 3722.78411074868
3114 3724.29280662071
3115 3725.80161353275
3116 3727.31051868368
3117 3728.81953187187
3118 3730.32864028761
3119 3731.83785942806
3120 3733.34717645218
3121 3734.85659836005
3122 3736.36612083861
3123 3737.87575085788
3124 3739.38547843619
3125 3740.89531055044
3126 3742.40524289228
3127 3743.91528248359
3128 3745.42541925958
3129 3746.93566026035
3130 3748.44600115889
3131 3749.95644895246
3132 3751.46699361849
3133 3752.9776421799
3134 3754.48839027083
3135 3755.99924495849
3136 3757.51019616938
3137 3759.02125094537
3138 3760.53240493276
3139 3762.0436651688
3140 3763.55501873248
3141 3765.06648125933
3142 3766.57803979694
3143 3768.08969927064
3144 3769.60146173039
3145 3771.1133228087
3146 3772.62528957519
3147 3774.13735193994
3148 3775.64951697276
3149 3777.16178028002
3150 3778.67414896516
3151 3780.18661289728
3152 3781.69917916722
3153 3783.21184338076
3154 3784.72461266035
3155 3786.23747683008
3156 3787.75044303275
3157 3789.26350682783
3158 3790.77667535884
3159 3792.28993558922
3160 3793.80330325866
3161 3795.31676532398
3162 3796.83033179423
3163 3798.34398963117
3164 3799.85775457109
3165 3801.3716135933
3166 3802.88557668996
3167 3804.39963079557
3168 3805.91379171764
3169 3807.42804635177
3170 3808.94240475524
3171 3810.45685384066
3172 3811.97140939335
3173 3813.48605833811
3174 3815.00081073349
3175 3816.51565345944
3176 3818.03060235304
3177 3819.54564430645
3178 3821.0607864801
3179 3822.57602444294
3180 3824.09136535613
3181 3825.6067989839
3182 3827.12233251855
3183 3828.63796150415
3184 3830.15369312096
3185 3831.66951711909
3186 3833.18544071183
3187 3834.70145941585
3188 3836.2175804324
3189 3837.73379348469
3190 3839.2501058179
3191 3840.76651292988
3192 3842.28302203553
3193 3843.79961996141
3194 3845.31631750716
3195 3846.83311682086
3196 3848.35000759778
3197 3849.86699706645
3198 3851.38408074189
3199 3852.90126586614
3200 3854.41854210753
3201 3855.93591673932
3202 3857.45338521931
3203 3858.97095484156
3204 3860.48861524019
3205 3862.00637371614
3206 3863.52422571928
3207 3865.0421785318
3208 3866.56022180654
3209 3868.07836281856
3210 3869.59659703721
3211 3871.11493174558
3212 3872.63335367252
3213 3874.15187883448
3214 3875.670493967
3215 3877.18920926212
3216 3878.70801144813
3217 3880.22691657461
3218 3881.7459113114
3219 3883.26500591025
3220 3884.78418707099
3221 3886.30347083967
3222 3887.82284389721
3223 3889.34231650216
3224 3890.86187532149
3225 3892.38153644166
3226 3893.90128652179
3227 3895.42113583566
3228 3896.94107104125
3229 3898.46110821426
3230 3899.98123403209
3231 3901.5014558516
3232 3903.02176904916
3233 3904.5421809896
3234 3906.06268124565
3235 3907.58327718231
3236 3909.10396417532
3237 3910.62474960879
3238 3912.14562300401
3239 3913.66659178364
3240 3915.18765127162
3241 3916.70880889857
3242 3918.23005417052
3243 3919.75139447988
3244 3921.27282518835
3245 3922.79435372026
3246 3924.31596663057
3247 3925.83767490936
3248 3927.35948077205
3249 3928.88137370385
3250 3930.40336112438
3251 3931.92543837423
3252 3933.44761289324
3253 3934.96987414523
3254 3936.49222957634
3255 3938.01467452093
3256 3939.5372164059
3257 3941.05984471369
3258 3942.58256686575
3259 3944.10537821424
3260 3945.62828619416
3261 3947.15128026095
3262 3948.67436786822
3263 3950.19754433012
3264 3951.72081713944
3265 3953.24417274028
3266 3954.76762747051
3267 3956.29116777927
3268 3957.81480411337
3269 3959.33852292792
3270 3960.86234055573
3271 3962.38624343849
3272 3963.91024202432
3273 3965.43432277225
3274 3966.95850201811
3275 3968.48276619469
3276 3970.00712577705
3277 3971.53156716552
3278 3973.05610676108
3279 3974.58073096346
3280 3976.10545024902
3281 3977.63025104761
3282 3979.15514971819
3283 3980.6801326587
3284 3982.20520744323
3285 3983.73036929268
3286 3985.2556257691
3287 3986.78096620353
3288 3988.30639813969
3289 3989.83191684816
3290 3991.35222998244
3291 3992.87262504796
3292 3994.39310960785
3293 3995.91367889454
3294 3997.28238092433
3295 3998.65108069727
3296 4000.01977223149
3297 4001.3884560457
3298 4002.75713678641
3299 4004.12581500469
3300 4005.49448469934
3301 4006.86314876046
3302 4008.23181006661
3303 4009.60046266022
3304 4010.9691123693
3305 4012.33774787519
3306 4013.70638272642
3307 4015.07501449186
3308 4016.44363718155
3309 4017.81225664343
3310 4019.18086689291
3311 4020.54947080902
3312 4021.91806597255
3313 4023.28665703299
3314 4024.65524453453
3315 4026.02382245399
3316 4027.39239372129
3317 4028.76096121623
3318 4030.12951892704
3319 4031.49806739168
3320 4032.86661127965
3321 4034.23514815842
3322 4035.60368092103
3323 4036.97220356759
3324 4038.34072196812
3325 4039.70923010951
3326 4041.07772552065
3327 4042.44622186095
3328 4043.81470772121
3329 4045.18318900422
3330 4046.55165968306
3331 4047.92012265126
3332 4049.2885808404
3333 4050.65702281991
3334 4052.0254652684
3335 4053.39389676791
3336 4054.76232022442
3337 4056.1307385513
3338 4057.4991457271
3339 4058.86754763655
3340 4060.23593285935
3341 4061.60431509909
3342 4062.97269185842
3343 4064.34105713358
3344 4065.709416811
3345 4067.07776484802
3346 4068.44610417133
3347 4069.81443768233
3348 4071.18275394415
3349 4072.55106968253
3350 4073.91937344755
3351 4075.28766814728
3352 4076.65595672789
3353 4078.02423310741
3354 4079.39250322465
3355 4080.76075559584
3356 4082.12900398933
3357 4083.49724593143
3358 4084.86547533918
3359 4086.23369813945
3360 4087.60190828743
3361 4088.97010869127
3362 4090.33829686426
3363 4091.70647761629
3364 4093.07465142867
3365 4094.44281224202
3366 4095.81096597861
3367 4097.17910658566
3368 4098.54723699761
3369 4099.91535468862
3370 4101.28346448245
3371 4102.65156688618
3372 4104.01965581336
3373 4105.38773419962
3374 4106.75580499307
3375 4108.12386211366
3376 4109.4919060357
3377 4110.85994160966
3378 4112.22796630917
3379 4113.59598309563
3380 4114.96398585605
3381 4116.33198055985
3382 4117.69996110648
3383 4119.0679304703
3384 4120.43588609185
3385 4121.80383282974
3386 4123.17177120339
3387 4124.53969507266
3388 4125.90760741237
3389 4127.27551117263
3390 4128.64340023779
3391 4130.01127510173
3392 4131.3791406429
3393 4132.746994327
3394 4134.11483907229
3395 4135.48266882642
3396 4136.85048951079
3397 4138.21829507267
3398 4139.58608290627
3399 4140.95386702312
3400 4142.32163577575
3401 4143.68939517582
3402 4145.05713908654
3403 4146.4248704652
3404 4147.79259227545
3405 4149.16029289315
3406 4150.52798933023
3407 4151.89566994945
3408 4153.2633377274
3409 4154.63099559018
3410 4155.99863745683
3411 4157.3662693029
3412 4158.7338794753
3413 4160.10148199827
3414 4161.46907428456
3415 4162.83665025222
3416 4164.20421585197
3417 4165.57176500147
3418 4166.93930062732
3419 4168.30682572023
3420 4169.67432858616
3421 4171.04182634793
3422 4172.4093072918
3423 4173.77677440257
3424 4175.14423064567
3425 4176.51166989917
3426 4177.8790981665
3427 4179.24650372525
3428 4180.61390070229
3429 4181.98128648989
3430 4183.34865493882
3431 4184.71601209892
3432 4186.08335177591
3433 4187.45067698725
3434 4188.81798511136
3435 4190.18528116185
3436 4191.55256556916
3437 4192.91983220843
3438 4194.28708707297
3439 4195.65432402466
3440 4197.02154604979
3441 4198.38875053247
3442 4199.75594248739
3443 4201.12312237079
3444 4202.49028400493
3445 4203.8574303831
3446 4205.22456449846
3447 4206.59168017318
3448 4207.95877786253
3449 4209.32586257619
3450 4210.69293171061
3451 4212.05998825938
3452 4213.42702604372
3453 4214.79405112353
3454 4216.16105730675
3455 4217.52804199494
3456 4218.89501937953
3457 4220.26197768834
3458 4221.62892295691
3459 4222.99584901747
3460 4224.36275887093
3461 4225.72965549281
3462 4227.09653271472
3463 4228.46339096678
3464 4229.83023531857
3465 4231.19706312024
3466 4232.56387739253
3467 4233.93067194075
3468 4235.29745282762
3469 4236.66421386438
3470 4238.03095241944
3471 4239.39768275482
3472 4240.76439302871
3473 4242.13108934344
3474 4243.49776549004
3475 4244.86442446396
3476 4246.2310692744
3477 4247.59768806381
3478 4248.96429822419
3479 4250.33088789168
3480 4251.69746007508
3481 4253.0640177711
3482 4254.43055480745
3483 4255.79707722425
3484 4257.16357318715
3485 4258.53005699026
3486 4259.89652602043
3487 4261.26297405954
3488 4262.62940716789
3489 4263.99581915888
3490 4265.36221302974
3491 4266.72858614056
3492 4268.09494360438
3493 4269.46128585163
3494 4270.82760664355
3495 4272.19390901611
3496 4273.56019598658
3497 4274.92646130905
3498 4276.29271111631
3499 4277.65893346557
3500 4279.02514277329
3501 4280.39133636093
3502 4281.75750801351
3503 4283.12366380065
3504 4284.4897975457
3505 4285.85591530573
3506 4287.22200517363
3507 4288.58808156282
3508 4289.95414181337
3509 4291.32017967024
3510 4292.68620125593
3511 4294.05220034081
3512 4295.41817993692
3513 4296.78413736375
3514 4298.15007780224
3515 4299.51600167017
3516 4300.88190270488
3517 4302.24778395106
3518 4303.61364844706
3519 4304.97948991035
3520 4306.34530878402
3521 4307.71111023721
3522 4309.07689158886
3523 4310.4426558781
3524 4311.8083968469
3525 4313.17412063982
3526 4314.5398209664
3527 4315.90549515752
3528 4317.27115770731
3529 4318.63679663602
3530 4320.00241806985
3531 4321.36801574939
3532 4322.73359270134
3533 4324.09915199128
3534 4325.46468159204
3535 4326.83019913293
3536 4328.19569263157
3537 4329.56116508929
3538 4330.92661958503
3539 4332.29204981928
3540 4333.65746197153
3541 4335.02284974186
3542 4336.38821042111
3543 4337.7535585811
3544 4339.1188821914
3545 4340.48418740656
3546 4341.8494679386
3547 4343.21472684116
3548 4344.57996716851
3549 4345.94517684237
3550 4347.3103735972
3551 4348.67554538035
3552 4350.04069522031
3553 4351.40582618447
3554 4352.77093198965
3555 4354.13601877309
3556 4355.50107449259
3557 4356.86611375836
3558 4358.23113384772
3559 4359.59612845713
3560 4360.96110378277
3561 4362.32605350777
3562 4363.69098070008
3563 4365.05588260388
3564 4366.42076453067
3565 4367.78562687285
3566 4369.15046331252
3567 4370.51527691811
3568 4371.88007073274
3569 4373.24483848945
3570 4374.60958051566
3571 4375.97430216912
3572 4377.33900068052
3573 4378.70367912571
3574 4380.06833118501
3575 4381.43296305762
3576 4382.79756842344
3577 4384.16215348206
3578 4385.52670609244
3579 4386.89124096517
3580 4388.25575537568
3581 4389.62024297064
3582 4390.98470995701
3583 4392.34915002622
3584 4393.71356623548
3585 4395.07795582039
3586 4396.44232414129
3587 4397.80667157784
3588 4399.17099178181
3589 4400.53528784953
3590 4401.89956282609
3591 4403.26381041428
3592 4404.62803094806
3593 4405.99222980828
3594 4407.35640424294
3595 4408.72055728462
3596 4410.08468264807
3597 4411.44878651071
3598 4412.81286257396
3599 4414.17690800726
3600 4415.54093766035
3601 4416.90493931285
3602 4418.26891918841
3603 4419.6328709486
3604 4420.99679767829
3605 4422.3607024497
3606 4423.72457304648
3607 4425.08842745427
3608 4426.45225345648
3609 4427.81605412542
3610 4429.1798325662
3611 4430.54358240647
3612 4431.90730989113
3613 4433.27100276229
3614 4434.63467591464
3615 4435.99832654288
3616 4437.36194828009
3617 4438.72554737219
3618 4440.08911746478
3619 4441.4526616376
3620 4442.81618299669
3621 4444.17966926804
3622 4445.54313851045
3623 4446.90657846265
3624 4448.26999219838
3625 4449.6333828435
3626 4450.99674400322
3627 4452.3600819512
3628 4453.7233843784
3629 4455.08666624473
3630 4456.44992470463
3631 4457.81315341407
3632 4459.17635860882
3633 4460.53953391855
3634 4461.90268245675
3635 4463.26580136387
3636 4464.62889615083
3637 4465.99196714591
3638 4467.35500797776
3639 4468.71802174089
3640 4470.0810115302
3641 4471.44397097373
3642 4472.80690038628
3643 4474.1698052929
3644 4475.53268599598
3645 4476.89553613572
3646 4478.25835878783
3647 4479.62115709323
3648 4480.98392463317
3649 4482.34666172896
3650 4483.70937393276
3651 4485.07205837081
3652 4486.43471817155
3653 4487.79734692168
3654 4489.15995091302
