1 -0.01571429 -0.01714286 -0.01428571
2 0.00000000 0.00000000 0.00000000
3 -0.01571428 -0.01714285 -0.01428571
4 -0.03142857 -0.03428571 -0.02857142
5 -0.04714285 -0.05142857 -0.04285714
6 -0.06285714 -0.06857142 -0.05714285
7 -0.07857142 -0.08571428 -0.07142857
8 -0.09428571 -0.10285714 -0.08571428
9 -0.11000000 -0.12000000 -0.10000000
10 -0.12580000 -0.13800000 -0.11360000
11 -0.14160000 -0.15600000 -0.12720000
12 -0.15740000 -0.17400000 -0.14080000
13 -0.17320000 -0.19200000 -0.15440000
14 -0.18900000 -0.21000000 -0.16800000
15 -0.20480000 -0.22800000 -0.18160000
16 -0.22060000 -0.24600000 -0.19520000
17 -0.23640000 -0.26400000 -0.20880000
18 -0.25220000 -0.28200000 -0.22240000
19 -0.26800000 -0.30000000 -0.23600000
20 -0.28380000 -0.31800000 -0.24960000
21 -0.29960000 -0.33600000 -0.26320000
22 -0.31540000 -0.35400000 -0.27680000
23 -0.33120000 -0.37200000 -0.29040000
24 -0.34700000 -0.39000000 -0.30400000
25 -0.36280000 -0.40800000 -0.31760000
26 -0.37860000 -0.42600000 -0.33120000
27 -0.39440000 -0.44400000 -0.34480000
28 -0.41020000 -0.46200000 -0.35840000
29 -0.42600000 -0.48000000 -0.37200000
30 -0.44180000 -0.49800000 -0.38560000
31 -0.45760000 -0.51600000 -0.39920000
32 -0.47340000 -0.53400000 -0.41280000
33 -0.48920000 -0.55200000 -0.42640000
34 -0.50500000 -0.57000000 -0.44000000
35 -0.51450000 -0.58233333 -0.44666666
36 -0.52400000 -0.59466666 -0.45333333
37 -0.53350000 -0.60700000 -0.46000000
38 -0.54300000 -0.61933333 -0.46666666
39 -0.55250000 -0.63166666 -0.47333333
40 -0.56200000 -0.64400000 -0.48000000
41 -0.57150000 -0.65633333 -0.48666666
42 -0.58100000 -0.66866666 -0.49333333
43 -0.59050000 -0.68100000 -0.50000000
44 -0.60000000 -0.69333333 -0.50666666
45 -0.60950000 -0.70566666 -0.51333333
46 -0.61900000 -0.71800000 -0.52000000
47 -0.62850000 -0.73033333 -0.52666666
48 -0.63800000 -0.74266666 -0.53333333
49 -0.64750000 -0.75500000 -0.54000000
50 -0.65700000 -0.76733333 -0.54666666
51 -0.66650000 -0.77966666 -0.55333333
52 -0.67600000 -0.79200000 -0.56000000
53 -0.68550000 -0.80433333 -0.56666666
54 -0.69500000 -0.81666666 -0.57333333
55 -0.70450000 -0.82900000 -0.58000000
56 -0.71400000 -0.84133333 -0.58666666
57 -0.72350000 -0.85366666 -0.59333333
58 -0.73300000 -0.86600000 -0.60000000
59 -0.74250000 -0.87833333 -0.60666666
60 -0.75200000 -0.89066666 -0.61333333
61 -0.76150000 -0.90300000 -0.62000000
62 -0.77100000 -0.91533333 -0.62666666
63 -0.78050000 -0.92766666 -0.63333333
64 -0.79000000 -0.94000000 -0.64000000
65 -0.79333333 -0.94433333 -0.64233333
66 -0.79666666 -0.94866666 -0.64466666
67 -0.80000000 -0.95300000 -0.64700000
68 -0.80333333 -0.95733333 -0.64933333
69 -0.80666666 -0.96166666 -0.65166666
70 -0.81000000 -0.96600000 -0.65400000
71 -0.81333333 -0.97033333 -0.65633333
72 -0.81666666 -0.97466666 -0.65866666
73 -0.82000000 -0.97900000 -0.66100000
74 -0.82333333 -0.98333333 -0.66333333
75 -0.82666666 -0.98766666 -0.66566666
76 -0.83000000 -0.99200000 -0.66800000
77 -0.83333333 -0.99633333 -0.67033333
78 -0.83666666 -1.00066666 -0.67266666
79 -0.84000000 -1.00500000 -0.67500000
80 -0.84333333 -1.00933333 -0.67733333
81 -0.84666666 -1.01366666 -0.67966666
82 -0.85000000 -1.01800000 -0.68200000
83 -0.85333333 -1.02233333 -0.68433333
84 -0.85666666 -1.02666666 -0.68666666
85 -0.86000000 -1.03100000 -0.68900000
86 -0.86333333 -1.03533333 -0.69133333
87 -0.86666666 -1.03966666 -0.69366666
88 -0.87000000 -1.04400000 -0.69600000
89 -0.87333333 -1.04833333 -0.69833333
90 -0.87666666 -1.05266666 -0.70066666
91 -0.88000000 -1.05700000 -0.70300000
92 -0.88333333 -1.06133333 -0.70533333
93 -0.88666666 -1.06566666 -0.70766666
94 -0.89000000 -1.07000000 -0.71000000
95 -0.89601063 -1.07542553 -0.71659574
96 -0.90202127 -1.08085106 -0.72319148
97 -0.90803191 -1.08627659 -0.72978723
98 -0.91404255 -1.09170212 -0.73638297
99 -0.92005319 -1.09712765 -0.74297872
100 -0.92606382 -1.10255319 -0.74957446
101 -0.93207446 -1.10797872 -0.75617021
102 -0.93808510 -1.11340425 -0.76276595
103 -0.94409574 -1.11882978 -0.76936170
104 -0.95010638 -1.12425531 -0.77595744
105 -0.95611702 -1.12968085 -0.78255319
106 -0.96212765 -1.13510638 -0.78914893
107 -0.96813829 -1.14053191 -0.79574468
108 -0.97414893 -1.14595744 -0.80234042
109 -0.98015957 -1.15138297 -0.80893617
110 -0.98617021 -1.15680851 -0.81553191
111 -0.99218085 -1.16223404 -0.82212765
112 -0.99819148 -1.16765957 -0.82872340
113 -1.00420212 -1.17308510 -0.83531914
114 -1.01021276 -1.17851063 -0.84191489
115 -1.01622340 -1.18393617 -0.84851063
116 -1.02223404 -1.18936170 -0.85510638
117 -1.02824468 -1.19478723 -0.86170212
118 -1.03425531 -1.20021276 -0.86829787
119 -1.04026595 -1.20563829 -0.87489361
120 -1.04627659 -1.21106382 -0.88148936
121 -1.05228723 -1.21648936 -0.88808510
122 -1.05829787 -1.22191489 -0.89468085
123 -1.06430851 -1.22734042 -0.90127659
124 -1.07031914 -1.23276595 -0.90787234
125 -1.07632978 -1.23819148 -0.91446808
126 -1.08234042 -1.24361702 -0.92106382
127 -1.08835106 -1.24904255 -0.92765957
128 -1.09436170 -1.25446808 -0.93425531
129 -1.10037234 -1.25989361 -0.94085106
130 -1.10638297 -1.26531914 -0.94744680
131 -1.11239361 -1.27074468 -0.95404255
132 -1.11840425 -1.27617021 -0.96063829
133 -1.12441489 -1.28159574 -0.96723404
134 -1.13042553 -1.28702127 -0.97382978
135 -1.13643617 -1.29244680 -0.98042553
136 -1.14244680 -1.29787234 -0.98702127
137 -1.14845744 -1.30329787 -0.99361702
138 -1.15446808 -1.30872340 -1.00021276
139 -1.16047872 -1.31414893 -1.00680851
140 -1.16648936 -1.31957446 -1.01340425
141 -1.17250000 -1.32500000 -1.02000000
142 -1.17851063 -1.33042553 -1.02659574
143 -1.18452127 -1.33585106 -1.03319148
144 -1.19053191 -1.34127659 -1.03978723
145 -1.19654255 -1.34670212 -1.04638297
146 -1.20255319 -1.35212765 -1.05297872
147 -1.20856382 -1.35755319 -1.05957446
148 -1.21457446 -1.36297872 -1.06617021
149 -1.22058510 -1.36840425 -1.07276595
150 -1.22659574 -1.37382978 -1.07936170
151 -1.23260638 -1.37925531 -1.08595744
152 -1.23861702 -1.38468085 -1.09255319
153 -1.24462765 -1.39010638 -1.09914893
154 -1.25063829 -1.39553191 -1.10574468
155 -1.25664893 -1.40095744 -1.11234042
156 -1.26265957 -1.40638297 -1.11893617
157 -1.26867021 -1.41180851 -1.12553191
158 -1.27468085 -1.41723404 -1.13212765
159 -1.28069148 -1.42265957 -1.13872340
160 -1.28670212 -1.42808510 -1.14531914
161 -1.29271276 -1.43351063 -1.15191489
162 -1.29872340 -1.43893617 -1.15851063
163 -1.30473404 -1.44436170 -1.16510638
164 -1.31074468 -1.44978723 -1.17170212
165 -1.31675531 -1.45521276 -1.17829787
166 -1.32276595 -1.46063829 -1.18489361
167 -1.32877659 -1.46606382 -1.19148936
168 -1.33478723 -1.47148936 -1.19808510
169 -1.34079787 -1.47691489 -1.20468085
170 -1.34680851 -1.48234042 -1.21127659
171 -1.35281914 -1.48776595 -1.21787234
172 -1.35882978 -1.49319148 -1.22446808
173 -1.36484042 -1.49861702 -1.23106382
174 -1.37085106 -1.50404255 -1.23765957
175 -1.37686170 -1.50946808 -1.24425531
176 -1.38287234 -1.51489361 -1.25085106
177 -1.38888297 -1.52031914 -1.25744680
178 -1.39489361 -1.52574468 -1.26404255
179 -1.40090425 -1.53117021 -1.27063829
180 -1.40691489 -1.53659574 -1.27723404
181 -1.41292553 -1.54202127 -1.28382978
182 -1.41893617 -1.54744680 -1.29042553
183 -1.42494680 -1.55287234 -1.29702127
184 -1.43095744 -1.55829787 -1.30361702
185 -1.43696808 -1.56372340 -1.31021276
186 -1.44297872 -1.56914893 -1.31680851
187 -1.44898936 -1.57457446 -1.32340425
188 -1.45500000 -1.58000000 -1.33000000
189 -1.46193181 -1.58784090 -1.33602272
190 -1.46886363 -1.59568181 -1.34204545
191 -1.47579545 -1.60352272 -1.34806818
192 -1.48272727 -1.61136363 -1.35409090
193 -1.48965909 -1.61920454 -1.36011363
194 -1.49659090 -1.62704545 -1.36613636
195 -1.50352272 -1.63488636 -1.37215909
196 -1.51045454 -1.64272727 -1.37818181
197 -1.51738636 -1.65056818 -1.38420454
198 -1.52431818 -1.65840909 -1.39022727
199 -1.53125000 -1.66625000 -1.39625000
200 -1.53818181 -1.67409090 -1.40227272
201 -1.54511363 -1.68193181 -1.40829545
202 -1.55204545 -1.68977272 -1.41431818
203 -1.55897727 -1.69761363 -1.42034090
204 -1.56590909 -1.70545454 -1.42636363
205 -1.57284090 -1.71329545 -1.43238636
206 -1.57977272 -1.72113636 -1.43840909
207 -1.58670454 -1.72897727 -1.44443181
208 -1.59363636 -1.73681818 -1.45045454
209 -1.60056818 -1.74465909 -1.45647727
210 -1.60750000 -1.75250000 -1.46250000
211 -1.61443181 -1.76034090 -1.46852272
212 -1.62136363 -1.76818181 -1.47454545
213 -1.62829545 -1.77602272 -1.48056818
214 -1.63522727 -1.78386363 -1.48659090
215 -1.64215909 -1.79170454 -1.49261363
216 -1.64909090 -1.79954545 -1.49863636
217 -1.65602272 -1.80738636 -1.50465909
218 -1.66295454 -1.81522727 -1.51068181
219 -1.66988636 -1.82306818 -1.51670454
220 -1.67681818 -1.83090909 -1.52272727
221 -1.68375000 -1.83875000 -1.52875000
222 -1.69068181 -1.84659090 -1.53477272
223 -1.69761363 -1.85443181 -1.54079545
224 -1.70454545 -1.86227272 -1.54681818
225 -1.71147727 -1.87011363 -1.55284090
226 -1.71840909 -1.87795454 -1.55886363
227 -1.72534090 -1.88579545 -1.56488636
228 -1.73227272 -1.89363636 -1.57090909
229 -1.73920454 -1.90147727 -1.57693181
230 -1.74613636 -1.90931818 -1.58295454
231 -1.75306818 -1.91715909 -1.58897727
232 -1.76000000 -1.92500000 -1.59500000
233 -1.76693181 -1.93284090 -1.60102272
234 -1.77386363 -1.94068181 -1.60704545
235 -1.78079545 -1.94852272 -1.61306818
236 -1.78772727 -1.95636363 -1.61909090
237 -1.79465909 -1.96420454 -1.62511363
238 -1.80159090 -1.97204545 -1.63113636
239 -1.80852272 -1.97988636 -1.63715909
240 -1.81545454 -1.98772727 -1.64318181
241 -1.82238636 -1.99556818 -1.64920454
242 -1.82931818 -2.00340909 -1.65522727
243 -1.83625000 -2.01125000 -1.66125000
244 -1.84318181 -2.01909090 -1.66727272
245 -1.85011363 -2.02693181 -1.67329545
246 -1.85704545 -2.03477272 -1.67931818
247 -1.86397727 -2.04261363 -1.68534090
248 -1.87090909 -2.05045454 -1.69136363
249 -1.87784090 -2.05829545 -1.69738636
250 -1.88477272 -2.06613636 -1.70340909
251 -1.89170454 -2.07397727 -1.70943181
252 -1.89863636 -2.08181818 -1.71545454
253 -1.90556818 -2.08965909 -1.72147727
254 -1.91250000 -2.09750000 -1.72750000
255 -1.91943181 -2.10534090 -1.73352272
256 -1.92636363 -2.11318181 -1.73954545
257 -1.93329545 -2.12102272 -1.74556818
258 -1.94022727 -2.12886363 -1.75159090
259 -1.94715909 -2.13670454 -1.75761363
260 -1.95409090 -2.14454545 -1.76363636
261 -1.96102272 -2.15238636 -1.76965909
262 -1.96795454 -2.16022727 -1.77568181
263 -1.97488636 -2.16806818 -1.78170454
264 -1.98181818 -2.17590909 -1.78772727
265 -1.98875000 -2.18375000 -1.79375000
266 -1.99568181 -2.19159090 -1.79977272
267 -2.00261363 -2.19943181 -1.80579545
268 -2.00954545 -2.20727272 -1.81181818
269 -2.01647727 -2.21511363 -1.81784090
270 -2.02340909 -2.22295454 -1.82386363
271 -2.03034090 -2.23079545 -1.82988636
272 -2.03727272 -2.23863636 -1.83590909
273 -2.04420454 -2.24647727 -1.84193181
274 -2.05113636 -2.25431818 -1.84795454
275 -2.05806818 -2.26215909 -1.85397727
276 -2.06500000 -2.27000000 -1.86000000
277 -2.06956043 -2.27736263 -1.86175824
278 -2.07412087 -2.28472527 -1.86351648
279 -2.07868131 -2.29208791 -1.86527472
280 -2.08324175 -2.29945054 -1.86703296
281 -2.08780219 -2.30681318 -1.86879120
282 -2.09236263 -2.31417582 -1.87054945
283 -2.09692307 -2.32153846 -1.87230769
284 -2.10148351 -2.32890109 -1.87406593
285 -2.10604395 -2.33626373 -1.87582417
286 -2.11060439 -2.34362637 -1.87758241
287 -2.11516483 -2.35098901 -1.87934065
288 -2.11972527 -2.35835164 -1.88109890
289 -2.12428571 -2.36571428 -1.88285714
290 -2.12884615 -2.37307692 -1.88461538
291 -2.13340659 -2.38043956 -1.88637362
292 -2.13796703 -2.38780219 -1.88813186
293 -2.14252747 -2.39516483 -1.88989010
294 -2.14708791 -2.40252747 -1.89164835
295 -2.15164835 -2.40989010 -1.89340659
296 -2.15620879 -2.41725274 -1.89516483
297 -2.16076923 -2.42461538 -1.89692307
298 -2.16532967 -2.43197802 -1.89868131
299 -2.16989010 -2.43934065 -1.90043956
300 -2.17445054 -2.44670329 -1.90219780
301 -2.17901098 -2.45406593 -1.90395604
302 -2.18357142 -2.46142857 -1.90571428
303 -2.18813186 -2.46879120 -1.90747252
304 -2.19269230 -2.47615384 -1.90923076
305 -2.19725274 -2.48351648 -1.91098901
306 -2.20181318 -2.49087912 -1.91274725
307 -2.20637362 -2.49824175 -1.91450549
308 -2.21093406 -2.50560439 -1.91626373
309 -2.21549450 -2.51296703 -1.91802197
310 -2.22005494 -2.52032967 -1.91978021
311 -2.22461538 -2.52769230 -1.92153846
312 -2.22917582 -2.53505494 -1.92329670
313 -2.23373626 -2.54241758 -1.92505494
314 -2.23829670 -2.54978021 -1.92681318
315 -2.24285714 -2.55714285 -1.92857142
316 -2.24741758 -2.56450549 -1.93032967
317 -2.25197802 -2.57186813 -1.93208791
318 -2.25653846 -2.57923076 -1.93384615
319 -2.26109890 -2.58659340 -1.93560439
320 -2.26565934 -2.59395604 -1.93736263
321 -2.27021978 -2.60131868 -1.93912087
322 -2.27478021 -2.60868131 -1.94087912
323 -2.27934065 -2.61604395 -1.94263736
324 -2.28390109 -2.62340659 -1.94439560
325 -2.28846153 -2.63076923 -1.94615384
326 -2.29302197 -2.63813186 -1.94791208
327 -2.29758241 -2.64549450 -1.94967032
328 -2.30214285 -2.65285714 -1.95142857
329 -2.30670329 -2.66021978 -1.95318681
330 -2.31126373 -2.66758241 -1.95494505
331 -2.31582417 -2.67494505 -1.95670329
332 -2.32038461 -2.68230769 -1.95846153
333 -2.32494505 -2.68967032 -1.96021978
334 -2.32950549 -2.69703296 -1.96197802
335 -2.33406593 -2.70439560 -1.96373626
336 -2.33862637 -2.71175824 -1.96549450
337 -2.34318681 -2.71912087 -1.96725274
338 -2.34774725 -2.72648351 -1.96901098
339 -2.35230769 -2.73384615 -1.97076923
340 -2.35686813 -2.74120879 -1.97252747
341 -2.36142857 -2.74857142 -1.97428571
342 -2.36598901 -2.75593406 -1.97604395
343 -2.37054945 -2.76329670 -1.97780219
344 -2.37510989 -2.77065934 -1.97956043
345 -2.37967032 -2.77802197 -1.98131868
346 -2.38423076 -2.78538461 -1.98307692
347 -2.38879120 -2.79274725 -1.98483516
348 -2.39335164 -2.80010989 -1.98659340
349 -2.39791208 -2.80747252 -1.98835164
350 -2.40247252 -2.81483516 -1.99010989
351 -2.40703296 -2.82219780 -1.99186813
352 -2.41159340 -2.82956043 -1.99362637
353 -2.41615384 -2.83692307 -1.99538461
354 -2.42071428 -2.84428571 -1.99714285
355 -2.42527472 -2.85164835 -1.99890109
356 -2.42983516 -2.85901098 -2.00065934
357 -2.43439560 -2.86637362 -2.00241758
358 -2.43895604 -2.87373626 -2.00417582
359 -2.44351648 -2.88109890 -2.00593406
360 -2.44807692 -2.88846153 -2.00769230
361 -2.45263736 -2.89582417 -2.00945054
362 -2.45719780 -2.90318681 -2.01120879
363 -2.46175824 -2.91054945 -2.01296703
364 -2.46631868 -2.91791208 -2.01472527
365 -2.47087912 -2.92527472 -2.01648351
366 -2.47543956 -2.93263736 -2.01824175
367 -2.48000000 -2.94000000 -2.02000000
368 -2.47961748 -2.93905737 -2.02017759
369 -2.47923497 -2.93811475 -2.02035519
370 -2.47885245 -2.93717213 -2.02053278
371 -2.47846994 -2.93622950 -2.02071038
372 -2.47808743 -2.93528688 -2.02088797
373 -2.47770491 -2.93434426 -2.02106557
374 -2.47732240 -2.93340163 -2.02124316
375 -2.47693989 -2.93245901 -2.02142076
376 -2.47655737 -2.93151639 -2.02159836
377 -2.47617486 -2.93057377 -2.02177595
378 -2.47579234 -2.92963114 -2.02195355
379 -2.47540983 -2.92868852 -2.02213114
380 -2.47502732 -2.92774590 -2.02230874
381 -2.47464480 -2.92680327 -2.02248633
382 -2.47426229 -2.92586065 -2.02266393
383 -2.47387978 -2.92491803 -2.02284153
384 -2.47349726 -2.92397540 -2.02301912
385 -2.47311475 -2.92303278 -2.02319672
386 -2.47273224 -2.92209016 -2.02337431
387 -2.47234972 -2.92114754 -2.02355191
388 -2.47196721 -2.92020491 -2.02372950
389 -2.47158469 -2.91926229 -2.02390710
390 -2.47120218 -2.91831967 -2.02408469
391 -2.47081967 -2.91737704 -2.02426229
392 -2.47043715 -2.91643442 -2.02443989
393 -2.47005464 -2.91549180 -2.02461748
394 -2.46967213 -2.91454918 -2.02479508
395 -2.46928961 -2.91360655 -2.02497267
396 -2.46890710 -2.91266393 -2.02515027
397 -2.46852459 -2.91172131 -2.02532786
398 -2.46814207 -2.91077868 -2.02550546
399 -2.46775956 -2.90983606 -2.02568306
400 -2.46737704 -2.90889344 -2.02586065
401 -2.46699453 -2.90795081 -2.02603825
402 -2.46661202 -2.90700819 -2.02621584
403 -2.46622950 -2.90606557 -2.02639344
404 -2.46584699 -2.90512295 -2.02657103
405 -2.46546448 -2.90418032 -2.02674863
406 -2.46508196 -2.90323770 -2.02692622
407 -2.46469945 -2.90229508 -2.02710382
408 -2.46431693 -2.90135245 -2.02728142
409 -2.46393442 -2.90040983 -2.02745901
410 -2.46355191 -2.89946721 -2.02763661
411 -2.46316939 -2.89852459 -2.02781420
412 -2.46278688 -2.89758196 -2.02799180
413 -2.46240437 -2.89663934 -2.02816939
414 -2.46202185 -2.89569672 -2.02834699
415 -2.46163934 -2.89475409 -2.02852459
416 -2.46125683 -2.89381147 -2.02870218
417 -2.46087431 -2.89286885 -2.02887978
418 -2.46049180 -2.89192622 -2.02905737
419 -2.46010928 -2.89098360 -2.02923497
420 -2.45972677 -2.89004098 -2.02941256
421 -2.45934426 -2.88909836 -2.02959016
422 -2.45896174 -2.88815573 -2.02976775
423 -2.45857923 -2.88721311 -2.02994535
424 -2.45819672 -2.88627049 -2.03012295
425 -2.45781420 -2.88532786 -2.03030054
426 -2.45743169 -2.88438524 -2.03047814
427 -2.45704918 -2.88344262 -2.03065573
428 -2.45666666 -2.88250000 -2.03083333
429 -2.45628415 -2.88155737 -2.03101092
430 -2.45590163 -2.88061475 -2.03118852
431 -2.45551912 -2.87967213 -2.03136612
432 -2.45513661 -2.87872950 -2.03154371
433 -2.45475409 -2.87778688 -2.03172131
434 -2.45437158 -2.87684426 -2.03189890
435 -2.45398907 -2.87590163 -2.03207650
436 -2.45360655 -2.87495901 -2.03225409
437 -2.45322404 -2.87401639 -2.03243169
438 -2.45284153 -2.87307377 -2.03260928
439 -2.45245901 -2.87213114 -2.03278688
440 -2.45207650 -2.87118852 -2.03296448
441 -2.45169398 -2.87024590 -2.03314207
442 -2.45131147 -2.86930327 -2.03331967
443 -2.45092896 -2.86836065 -2.03349726
444 -2.45054644 -2.86741803 -2.03367486
445 -2.45016393 -2.86647540 -2.03385245
446 -2.44978142 -2.86553278 -2.03403005
447 -2.44939890 -2.86459016 -2.03420765
448 -2.44901639 -2.86364754 -2.03438524
449 -2.44863387 -2.86270491 -2.03456284
450 -2.44825136 -2.86176229 -2.03474043
451 -2.44786885 -2.86081967 -2.03491803
452 -2.44748633 -2.85987704 -2.03509562
453 -2.44710382 -2.85893442 -2.03527322
454 -2.44672131 -2.85799180 -2.03545081
455 -2.44633879 -2.85704918 -2.03562841
456 -2.44595628 -2.85610655 -2.03580601
457 -2.44557377 -2.85516393 -2.03598360
458 -2.44519125 -2.85422131 -2.03616120
459 -2.44480874 -2.85327868 -2.03633879
460 -2.44442622 -2.85233606 -2.03651639
461 -2.44404371 -2.85139344 -2.03669398
462 -2.44366120 -2.85045081 -2.03687158
463 -2.44327868 -2.84950819 -2.03704918
464 -2.44289617 -2.84856557 -2.03722677
465 -2.44251366 -2.84762295 -2.03740437
466 -2.44213114 -2.84668032 -2.03758196
467 -2.44174863 -2.84573770 -2.03775956
468 -2.44136612 -2.84479508 -2.03793715
469 -2.44098360 -2.84385245 -2.03811475
470 -2.44060109 -2.84290983 -2.03829234
471 -2.44021857 -2.84196721 -2.03846994
472 -2.43983606 -2.84102459 -2.03864754
473 -2.43945355 -2.84008196 -2.03882513
474 -2.43907103 -2.83913934 -2.03900273
475 -2.43868852 -2.83819672 -2.03918032
476 -2.43830601 -2.83725409 -2.03935792
477 -2.43792349 -2.83631147 -2.03953551
478 -2.43754098 -2.83536885 -2.03971311
479 -2.43715846 -2.83442622 -2.03989071
480 -2.43677595 -2.83348360 -2.04006830
481 -2.43639344 -2.83254098 -2.04024590
482 -2.43601092 -2.83159836 -2.04042349
483 -2.43562841 -2.83065573 -2.04060109
484 -2.43524590 -2.82971311 -2.04077868
485 -2.43486338 -2.82877049 -2.04095628
486 -2.43448087 -2.82782786 -2.04113387
487 -2.43409836 -2.82688524 -2.04131147
488 -2.43371584 -2.82594262 -2.04148907
489 -2.43333333 -2.82500000 -2.04166666
490 -2.43295081 -2.82405737 -2.04184426
491 -2.43256830 -2.82311475 -2.04202185
492 -2.43218579 -2.82217213 -2.04219945
493 -2.43180327 -2.82122950 -2.04237704
494 -2.43142076 -2.82028688 -2.04255464
495 -2.43103825 -2.81934426 -2.04273224
496 -2.43065573 -2.81840163 -2.04290983
497 -2.43027322 -2.81745901 -2.04308743
498 -2.42989071 -2.81651639 -2.04326502
499 -2.42950819 -2.81557377 -2.04344262
500 -2.42912568 -2.81463114 -2.04362021
501 -2.42874316 -2.81368852 -2.04379781
502 -2.42836065 -2.81274590 -2.04397540
503 -2.42797814 -2.81180327 -2.04415300
504 -2.42759562 -2.81086065 -2.04433060
505 -2.42721311 -2.80991803 -2.04450819
506 -2.42683060 -2.80897540 -2.04468579
507 -2.42644808 -2.80803278 -2.04486338
508 -2.42606557 -2.80709016 -2.04504098
509 -2.42568306 -2.80614754 -2.04521857
510 -2.42530054 -2.80520491 -2.04539617
511 -2.42491803 -2.80426229 -2.04557377
512 -2.42453551 -2.80331967 -2.04575136
513 -2.42415300 -2.80237704 -2.04592896
514 -2.42377049 -2.80143442 -2.04610655
515 -2.42338797 -2.80049180 -2.04628415
516 -2.42300546 -2.79954918 -2.04646174
517 -2.42262295 -2.79860655 -2.04663934
518 -2.42224043 -2.79766393 -2.04681693
519 -2.42185792 -2.79672131 -2.04699453
520 -2.42147540 -2.79577868 -2.04717213
521 -2.42109289 -2.79483606 -2.04734972
522 -2.42071038 -2.79389344 -2.04752732
523 -2.42032786 -2.79295081 -2.04770491
524 -2.41994535 -2.79200819 -2.04788251
525 -2.41956284 -2.79106557 -2.04806010
526 -2.41918032 -2.79012295 -2.04823770
527 -2.41879781 -2.78918032 -2.04841530
528 -2.41841530 -2.78823770 -2.04859289
529 -2.41803278 -2.78729508 -2.04877049
530 -2.41765027 -2.78635245 -2.04894808
531 -2.41726775 -2.78540983 -2.04912568
532 -2.41688524 -2.78446721 -2.04930327
533 -2.41650273 -2.78352459 -2.04948087
534 -2.41612021 -2.78258196 -2.04965846
535 -2.41573770 -2.78163934 -2.04983606
536 -2.41535519 -2.78069672 -2.05001366
537 -2.41497267 -2.77975409 -2.05019125
538 -2.41459016 -2.77881147 -2.05036885
539 -2.41420765 -2.77786885 -2.05054644
540 -2.41382513 -2.77692622 -2.05072404
541 -2.41344262 -2.77598360 -2.05090163
542 -2.41306010 -2.77504098 -2.05107923
543 -2.41267759 -2.77409836 -2.05125683
544 -2.41229508 -2.77315573 -2.05143442
545 -2.41191256 -2.77221311 -2.05161202
546 -2.41153005 -2.77127049 -2.05178961
547 -2.41114754 -2.77032786 -2.05196721
548 -2.41076502 -2.76938524 -2.05214480
549 -2.41038251 -2.76844262 -2.05232240
550 -2.41000000 -2.76750000 -2.05250000
551 -2.40961748 -2.76655737 -2.05267759
552 -2.40923497 -2.76561475 -2.05285519
553 -2.40885245 -2.76467213 -2.05303278
554 -2.40846994 -2.76372950 -2.05321038
555 -2.40808743 -2.76278688 -2.05338797
556 -2.40770491 -2.76184426 -2.05356557
557 -2.40732240 -2.76090163 -2.05374316
558 -2.40693989 -2.75995901 -2.05392076
559 -2.40655737 -2.75901639 -2.05409836
560 -2.40617486 -2.75807377 -2.05427595
561 -2.40579234 -2.75713114 -2.05445355
562 -2.40540983 -2.75618852 -2.05463114
563 -2.40502732 -2.75524590 -2.05480874
564 -2.40464480 -2.75430327 -2.05498633
565 -2.40426229 -2.75336065 -2.05516393
566 -2.40387978 -2.75241803 -2.05534153
567 -2.40349726 -2.75147540 -2.05551912
568 -2.40311475 -2.75053278 -2.05569672
569 -2.40273224 -2.74959016 -2.05587431
570 -2.40234972 -2.74864754 -2.05605191
571 -2.40196721 -2.74770491 -2.05622950
572 -2.40158469 -2.74676229 -2.05640710
573 -2.40120218 -2.74581967 -2.05658469
574 -2.40081967 -2.74487704 -2.05676229
575 -2.40043715 -2.74393442 -2.05693989
576 -2.40005464 -2.74299180 -2.05711748
577 -2.39967213 -2.74204918 -2.05729508
578 -2.39928961 -2.74110655 -2.05747267
579 -2.39890710 -2.74016393 -2.05765027
580 -2.39852459 -2.73922131 -2.05782786
581 -2.39814207 -2.73827868 -2.05800546
582 -2.39775956 -2.73733606 -2.05818306
583 -2.39737704 -2.73639344 -2.05836065
584 -2.39699453 -2.73545081 -2.05853825
585 -2.39661202 -2.73450819 -2.05871584
586 -2.39622950 -2.73356557 -2.05889344
587 -2.39584699 -2.73262295 -2.05907103
588 -2.39546448 -2.73168032 -2.05924863
589 -2.39508196 -2.73073770 -2.05942622
590 -2.39469945 -2.72979508 -2.05960382
591 -2.39431693 -2.72885245 -2.05978142
592 -2.39393442 -2.72790983 -2.05995901
593 -2.39355191 -2.72696721 -2.06013661
594 -2.39316939 -2.72602459 -2.06031420
595 -2.39278688 -2.72508196 -2.06049180
596 -2.39240437 -2.72413934 -2.06066939
597 -2.39202185 -2.72319672 -2.06084699
598 -2.39163934 -2.72225409 -2.06102459
599 -2.39125683 -2.72131147 -2.06120218
600 -2.39087431 -2.72036885 -2.06137978
601 -2.39049180 -2.71942622 -2.06155737
602 -2.39010928 -2.71848360 -2.06173497
603 -2.38972677 -2.71754098 -2.06191256
604 -2.38934426 -2.71659836 -2.06209016
605 -2.38896174 -2.71565573 -2.06226775
606 -2.38857923 -2.71471311 -2.06244535
607 -2.38819672 -2.71377049 -2.06262295
608 -2.38781420 -2.71282786 -2.06280054
609 -2.38743169 -2.71188524 -2.06297814
610 -2.38704918 -2.71094262 -2.06315573
611 -2.38666666 -2.71000000 -2.06333333
612 -2.38628415 -2.70905737 -2.06351092
613 -2.38590163 -2.70811475 -2.06368852
614 -2.38551912 -2.70717213 -2.06386612
615 -2.38513661 -2.70622950 -2.06404371
616 -2.38475409 -2.70528688 -2.06422131
617 -2.38437158 -2.70434426 -2.06439890
618 -2.38398907 -2.70340163 -2.06457650
619 -2.38360655 -2.70245901 -2.06475409
620 -2.38322404 -2.70151639 -2.06493169
621 -2.38284153 -2.70057377 -2.06510928
622 -2.38245901 -2.69963114 -2.06528688
623 -2.38207650 -2.69868852 -2.06546448
624 -2.38169398 -2.69774590 -2.06564207
625 -2.38131147 -2.69680327 -2.06581967
626 -2.38092896 -2.69586065 -2.06599726
627 -2.38054644 -2.69491803 -2.06617486
628 -2.38016393 -2.69397540 -2.06635245
629 -2.37978142 -2.69303278 -2.06653005
630 -2.37939890 -2.69209016 -2.06670765
631 -2.37901639 -2.69114754 -2.06688524
632 -2.37863387 -2.69020491 -2.06706284
633 -2.37825136 -2.68926229 -2.06724043
634 -2.37786885 -2.68831967 -2.06741803
635 -2.37748633 -2.68737704 -2.06759562
636 -2.37710382 -2.68643442 -2.06777322
637 -2.37672131 -2.68549180 -2.06795081
638 -2.37633879 -2.68454918 -2.06812841
639 -2.37595628 -2.68360655 -2.06830601
640 -2.37557377 -2.68266393 -2.06848360
641 -2.37519125 -2.68172131 -2.06866120
642 -2.37480874 -2.68077868 -2.06883879
643 -2.37442622 -2.67983606 -2.06901639
644 -2.37404371 -2.67889344 -2.06919398
645 -2.37366120 -2.67795081 -2.06937158
646 -2.37327868 -2.67700819 -2.06954918
647 -2.37289617 -2.67606557 -2.06972677
648 -2.37251366 -2.67512295 -2.06990437
649 -2.37213114 -2.67418032 -2.07008196
650 -2.37174863 -2.67323770 -2.07025956
651 -2.37136612 -2.67229508 -2.07043715
652 -2.37098360 -2.67135245 -2.07061475
653 -2.37060109 -2.67040983 -2.07079234
654 -2.37021857 -2.66946721 -2.07096994
655 -2.36983606 -2.66852459 -2.07114754
656 -2.36945355 -2.66758196 -2.07132513
657 -2.36907103 -2.66663934 -2.07150273
658 -2.36868852 -2.66569672 -2.07168032
659 -2.36830601 -2.66475409 -2.07185792
660 -2.36792349 -2.66381147 -2.07203551
661 -2.36754098 -2.66286885 -2.07221311
662 -2.36715846 -2.66192622 -2.07239071
663 -2.36677595 -2.66098360 -2.07256830
664 -2.36639344 -2.66004098 -2.07274590
665 -2.36601092 -2.65909836 -2.07292349
666 -2.36562841 -2.65815573 -2.07310109
667 -2.36524590 -2.65721311 -2.07327868
668 -2.36486338 -2.65627049 -2.07345628
669 -2.36448087 -2.65532786 -2.07363387
670 -2.36409836 -2.65438524 -2.07381147
671 -2.36371584 -2.65344262 -2.07398907
672 -2.36333333 -2.65250000 -2.07416666
673 -2.36295081 -2.65155737 -2.07434426
674 -2.36256830 -2.65061475 -2.07452185
675 -2.36218579 -2.64967213 -2.07469945
676 -2.36180327 -2.64872950 -2.07487704
677 -2.36142076 -2.64778688 -2.07505464
678 -2.36103825 -2.64684426 -2.07523224
679 -2.36065573 -2.64590163 -2.07540983
680 -2.36027322 -2.64495901 -2.07558743
681 -2.35989071 -2.64401639 -2.07576502
682 -2.35950819 -2.64307377 -2.07594262
683 -2.35912568 -2.64213114 -2.07612021
684 -2.35874316 -2.64118852 -2.07629781
685 -2.35836065 -2.64024590 -2.07647540
686 -2.35797814 -2.63930327 -2.07665300
687 -2.35759562 -2.63836065 -2.07683060
688 -2.35721311 -2.63741803 -2.07700819
689 -2.35683060 -2.63647540 -2.07718579
690 -2.35644808 -2.63553278 -2.07736338
691 -2.35606557 -2.63459016 -2.07754098
692 -2.35568306 -2.63364754 -2.07771857
693 -2.35530054 -2.63270491 -2.07789617
694 -2.35491803 -2.63176229 -2.07807377
695 -2.35453551 -2.63081967 -2.07825136
696 -2.35415300 -2.62987704 -2.07842896
697 -2.35377049 -2.62893442 -2.07860655
698 -2.35338797 -2.62799180 -2.07878415
699 -2.35300546 -2.62704918 -2.07896174
700 -2.35262295 -2.62610655 -2.07913934
701 -2.35224043 -2.62516393 -2.07931693
702 -2.35185792 -2.62422131 -2.07949453
703 -2.35147540 -2.62327868 -2.07967213
704 -2.35109289 -2.62233606 -2.07984972
705 -2.35071038 -2.62139344 -2.08002732
706 -2.35032786 -2.62045081 -2.08020491
707 -2.34994535 -2.61950819 -2.08038251
708 -2.34956284 -2.61856557 -2.08056010
709 -2.34918032 -2.61762295 -2.08073770
710 -2.34879781 -2.61668032 -2.08091530
711 -2.34841530 -2.61573770 -2.08109289
712 -2.34803278 -2.61479508 -2.08127049
713 -2.34765027 -2.61385245 -2.08144808
714 -2.34726775 -2.61290983 -2.08162568
715 -2.34688524 -2.61196721 -2.08180327
716 -2.34650273 -2.61102459 -2.08198087
717 -2.34612021 -2.61008196 -2.08215846
718 -2.34573770 -2.60913934 -2.08233606
719 -2.34535519 -2.60819672 -2.08251366
720 -2.34497267 -2.60725409 -2.08269125
721 -2.34459016 -2.60631147 -2.08286885
722 -2.34420765 -2.60536885 -2.08304644
723 -2.34382513 -2.60442622 -2.08322404
724 -2.34344262 -2.60348360 -2.08340163
725 -2.34306010 -2.60254098 -2.08357923
726 -2.34267759 -2.60159836 -2.08375683
727 -2.34229508 -2.60065573 -2.08393442
728 -2.34191256 -2.59971311 -2.08411202
729 -2.34153005 -2.59877049 -2.08428961
730 -2.34114754 -2.59782786 -2.08446721
731 -2.34076502 -2.59688524 -2.08464480
732 -2.34038251 -2.59594262 -2.08482240
733 -2.34000000 -2.59500000 -2.08500000
734 -2.33961748 -2.59405737 -2.08517759
735 -2.33923497 -2.59311475 -2.08535519
736 -2.33885245 -2.59217213 -2.08553278
737 -2.33846994 -2.59122950 -2.08571038
738 -2.33808743 -2.59028688 -2.08588797
739 -2.33770491 -2.58934426 -2.08606557
740 -2.33732240 -2.58840163 -2.08624316
741 -2.33693989 -2.58745901 -2.08642076
742 -2.33655737 -2.58651639 -2.08659836
743 -2.33617486 -2.58557377 -2.08677595
744 -2.33579234 -2.58463114 -2.08695355
745 -2.33540983 -2.58368852 -2.08713114
746 -2.33502732 -2.58274590 -2.08730874
747 -2.33464480 -2.58180327 -2.08748633
748 -2.33426229 -2.58086065 -2.08766393
749 -2.33387978 -2.57991803 -2.08784153
750 -2.33349726 -2.57897540 -2.08801912
751 -2.33311475 -2.57803278 -2.08819672
752 -2.33273224 -2.57709016 -2.08837431
753 -2.33234972 -2.57614754 -2.08855191
754 -2.33196721 -2.57520491 -2.08872950
755 -2.33158469 -2.57426229 -2.08890710
756 -2.33120218 -2.57331967 -2.08908469
757 -2.33081967 -2.57237704 -2.08926229
758 -2.33043715 -2.57143442 -2.08943989
759 -2.33005464 -2.57049180 -2.08961748
760 -2.32967213 -2.56954918 -2.08979508
761 -2.32928961 -2.56860655 -2.08997267
762 -2.32890710 -2.56766393 -2.09015027
763 -2.32852459 -2.56672131 -2.09032786
764 -2.32814207 -2.56577868 -2.09050546
765 -2.32775956 -2.56483606 -2.09068306
766 -2.32737704 -2.56389344 -2.09086065
767 -2.32699453 -2.56295081 -2.09103825
768 -2.32661202 -2.56200819 -2.09121584
769 -2.32622950 -2.56106557 -2.09139344
770 -2.32584699 -2.56012295 -2.09157103
771 -2.32546448 -2.55918032 -2.09174863
772 -2.32508196 -2.55823770 -2.09192622
773 -2.32469945 -2.55729508 -2.09210382
774 -2.32431693 -2.55635245 -2.09228142
775 -2.32393442 -2.55540983 -2.09245901
776 -2.32355191 -2.55446721 -2.09263661
777 -2.32316939 -2.55352459 -2.09281420
778 -2.32278688 -2.55258196 -2.09299180
779 -2.32240437 -2.55163934 -2.09316939
780 -2.32202185 -2.55069672 -2.09334699
781 -2.32163934 -2.54975409 -2.09352459
782 -2.32125683 -2.54881147 -2.09370218
783 -2.32087431 -2.54786885 -2.09387978
784 -2.32049180 -2.54692622 -2.09405737
785 -2.32010928 -2.54598360 -2.09423497
786 -2.31972677 -2.54504098 -2.09441256
787 -2.31934426 -2.54409836 -2.09459016
788 -2.31896174 -2.54315573 -2.09476775
789 -2.31857923 -2.54221311 -2.09494535
790 -2.31819672 -2.54127049 -2.09512295
791 -2.31781420 -2.54032786 -2.09530054
792 -2.31743169 -2.53938524 -2.09547814
793 -2.31704918 -2.53844262 -2.09565573
794 -2.31666666 -2.53750000 -2.09583333
795 -2.31628415 -2.53655737 -2.09601092
796 -2.31590163 -2.53561475 -2.09618852
797 -2.31551912 -2.53467213 -2.09636612
798 -2.31513661 -2.53372950 -2.09654371
799 -2.31475409 -2.53278688 -2.09672131
800 -2.31437158 -2.53184426 -2.09689890
801 -2.31398907 -2.53090163 -2.09707650
802 -2.31360655 -2.52995901 -2.09725409
803 -2.31322404 -2.52901639 -2.09743169
804 -2.31284153 -2.52807377 -2.09760928
805 -2.31245901 -2.52713114 -2.09778688
806 -2.31207650 -2.52618852 -2.09796448
807 -2.31169398 -2.52524590 -2.09814207
808 -2.31131147 -2.52430327 -2.09831967
809 -2.31092896 -2.52336065 -2.09849726
810 -2.31054644 -2.52241803 -2.09867486
811 -2.31016393 -2.52147540 -2.09885245
812 -2.30978142 -2.52053278 -2.09903005
813 -2.30939890 -2.51959016 -2.09920765
814 -2.30901639 -2.51864754 -2.09938524
815 -2.30863387 -2.51770491 -2.09956284
816 -2.30825136 -2.51676229 -2.09974043
817 -2.30786885 -2.51581967 -2.09991803
818 -2.30748633 -2.51487704 -2.10009562
819 -2.30710382 -2.51393442 -2.10027322
820 -2.30672131 -2.51299180 -2.10045081
821 -2.30633879 -2.51204918 -2.10062841
822 -2.30595628 -2.51110655 -2.10080601
823 -2.30557377 -2.51016393 -2.10098360
824 -2.30519125 -2.50922131 -2.10116120
825 -2.30480874 -2.50827868 -2.10133879
826 -2.30442622 -2.50733606 -2.10151639
827 -2.30404371 -2.50639344 -2.10169398
828 -2.30366120 -2.50545081 -2.10187158
829 -2.30327868 -2.50450819 -2.10204918
830 -2.30289617 -2.50356557 -2.10222677
831 -2.30251366 -2.50262295 -2.10240437
832 -2.30213114 -2.50168032 -2.10258196
833 -2.30174863 -2.50073770 -2.10275956
834 -2.30136612 -2.49979508 -2.10293715
835 -2.30098360 -2.49885245 -2.10311475
836 -2.30060109 -2.49790983 -2.10329234
837 -2.30021857 -2.49696721 -2.10346994
838 -2.29983606 -2.49602459 -2.10364754
839 -2.29945355 -2.49508196 -2.10382513
840 -2.29907103 -2.49413934 -2.10400273
841 -2.29868852 -2.49319672 -2.10418032
842 -2.29830601 -2.49225409 -2.10435792
843 -2.29792349 -2.49131147 -2.10453551
844 -2.29754098 -2.49036885 -2.10471311
845 -2.29715846 -2.48942622 -2.10489071
846 -2.29677595 -2.48848360 -2.10506830
847 -2.29639344 -2.48754098 -2.10524590
848 -2.29601092 -2.48659836 -2.10542349
849 -2.29562841 -2.48565573 -2.10560109
850 -2.29524590 -2.48471311 -2.10577868
851 -2.29486338 -2.48377049 -2.10595628
852 -2.29448087 -2.48282786 -2.10613387
853 -2.29409836 -2.48188524 -2.10631147
854 -2.29371584 -2.48094262 -2.10648907
855 -2.29333333 -2.48000000 -2.10666666
856 -2.29295081 -2.47905737 -2.10684426
857 -2.29256830 -2.47811475 -2.10702185
858 -2.29218579 -2.47717213 -2.10719945
859 -2.29180327 -2.47622950 -2.10737704
860 -2.29142076 -2.47528688 -2.10755464
861 -2.29103825 -2.47434426 -2.10773224
862 -2.29065573 -2.47340163 -2.10790983
863 -2.29027322 -2.47245901 -2.10808743
864 -2.28989071 -2.47151639 -2.10826502
865 -2.28950819 -2.47057377 -2.10844262
866 -2.28912568 -2.46963114 -2.10862021
867 -2.28874316 -2.46868852 -2.10879781
868 -2.28836065 -2.46774590 -2.10897540
869 -2.28797814 -2.46680327 -2.10915300
870 -2.28759562 -2.46586065 -2.10933060
871 -2.28721311 -2.46491803 -2.10950819
872 -2.28683060 -2.46397540 -2.10968579
873 -2.28644808 -2.46303278 -2.10986338
874 -2.28606557 -2.46209016 -2.11004098
875 -2.28568306 -2.46114754 -2.11021857
876 -2.28530054 -2.46020491 -2.11039617
877 -2.28491803 -2.45926229 -2.11057377
878 -2.28453551 -2.45831967 -2.11075136
879 -2.28415300 -2.45737704 -2.11092896
880 -2.28377049 -2.45643442 -2.11110655
881 -2.28338797 -2.45549180 -2.11128415
882 -2.28300546 -2.45454918 -2.11146174
883 -2.28262295 -2.45360655 -2.11163934
884 -2.28224043 -2.45266393 -2.11181693
885 -2.28185792 -2.45172131 -2.11199453
886 -2.28147540 -2.45077868 -2.11217213
887 -2.28109289 -2.44983606 -2.11234972
888 -2.28071038 -2.44889344 -2.11252732
889 -2.28032786 -2.44795081 -2.11270491
890 -2.27994535 -2.44700819 -2.11288251
891 -2.27956284 -2.44606557 -2.11306010
892 -2.27918032 -2.44512295 -2.11323770
893 -2.27879781 -2.44418032 -2.11341530
894 -2.27841530 -2.44323770 -2.11359289
895 -2.27803278 -2.44229508 -2.11377049
896 -2.27765027 -2.44135245 -2.11394808
897 -2.27726775 -2.44040983 -2.11412568
898 -2.27688524 -2.43946721 -2.11430327
899 -2.27650273 -2.43852459 -2.11448087
900 -2.27612021 -2.43758196 -2.11465846
901 -2.27573770 -2.43663934 -2.11483606
902 -2.27535519 -2.43569672 -2.11501366
903 -2.27497267 -2.43475409 -2.11519125
904 -2.27459016 -2.43381147 -2.11536885
905 -2.27420765 -2.43286885 -2.11554644
906 -2.27382513 -2.43192622 -2.11572404
907 -2.27344262 -2.43098360 -2.11590163
908 -2.27306010 -2.43004098 -2.11607923
909 -2.27267759 -2.42909836 -2.11625683
910 -2.27229508 -2.42815573 -2.11643442
911 -2.27191256 -2.42721311 -2.11661202
912 -2.27153005 -2.42627049 -2.11678961
913 -2.27114754 -2.42532786 -2.11696721
914 -2.27076502 -2.42438524 -2.11714480
915 -2.27038251 -2.42344262 -2.11732240
916 -2.27000000 -2.42250000 -2.11750000
917 -2.26961748 -2.42155737 -2.11767759
918 -2.26923497 -2.42061475 -2.11785519
919 -2.26885245 -2.41967213 -2.11803278
920 -2.26846994 -2.41872950 -2.11821038
921 -2.26808743 -2.41778688 -2.11838797
922 -2.26770491 -2.41684426 -2.11856557
923 -2.26732240 -2.41590163 -2.11874316
924 -2.26693989 -2.41495901 -2.11892076
925 -2.26655737 -2.41401639 -2.11909836
926 -2.26617486 -2.41307377 -2.11927595
927 -2.26579234 -2.41213114 -2.11945355
928 -2.26540983 -2.41118852 -2.11963114
929 -2.26502732 -2.41024590 -2.11980874
930 -2.26464480 -2.40930327 -2.11998633
931 -2.26426229 -2.40836065 -2.12016393
932 -2.26387978 -2.40741803 -2.12034153
933 -2.26349726 -2.40647540 -2.12051912
934 -2.26311475 -2.40553278 -2.12069672
935 -2.26273224 -2.40459016 -2.12087431
936 -2.26234972 -2.40364754 -2.12105191
937 -2.26196721 -2.40270491 -2.12122950
938 -2.26158469 -2.40176229 -2.12140710
939 -2.26120218 -2.40081967 -2.12158469
940 -2.26081967 -2.39987704 -2.12176229
941 -2.26043715 -2.39893442 -2.12193989
942 -2.26005464 -2.39799180 -2.12211748
943 -2.25967213 -2.39704918 -2.12229508
944 -2.25928961 -2.39610655 -2.12247267
945 -2.25890710 -2.39516393 -2.12265027
946 -2.25852459 -2.39422131 -2.12282786
947 -2.25814207 -2.39327868 -2.12300546
948 -2.25775956 -2.39233606 -2.12318306
949 -2.25737704 -2.39139344 -2.12336065
950 -2.25699453 -2.39045081 -2.12353825
951 -2.25661202 -2.38950819 -2.12371584
952 -2.25622950 -2.38856557 -2.12389344
953 -2.25584699 -2.38762295 -2.12407103
954 -2.25546448 -2.38668032 -2.12424863
955 -2.25508196 -2.38573770 -2.12442622
956 -2.25469945 -2.38479508 -2.12460382
957 -2.25431693 -2.38385245 -2.12478142
958 -2.25393442 -2.38290983 -2.12495901
959 -2.25355191 -2.38196721 -2.12513661
960 -2.25316939 -2.38102459 -2.12531420
961 -2.25278688 -2.38008196 -2.12549180
962 -2.25240437 -2.37913934 -2.12566939
963 -2.25202185 -2.37819672 -2.12584699
964 -2.25163934 -2.37725409 -2.12602459
965 -2.25125683 -2.37631147 -2.12620218
966 -2.25087431 -2.37536885 -2.12637978
967 -2.25049180 -2.37442622 -2.12655737
968 -2.25010928 -2.37348360 -2.12673497
969 -2.24972677 -2.37254098 -2.12691256
970 -2.24934426 -2.37159836 -2.12709016
971 -2.24896174 -2.37065573 -2.12726775
972 -2.24857923 -2.36971311 -2.12744535
973 -2.24819672 -2.36877049 -2.12762295
974 -2.24781420 -2.36782786 -2.12780054
975 -2.24743169 -2.36688524 -2.12797814
976 -2.24704918 -2.36594262 -2.12815573
977 -2.24666666 -2.36500000 -2.12833333
978 -2.24628415 -2.36405737 -2.12851092
979 -2.24590163 -2.36311475 -2.12868852
980 -2.24551912 -2.36217213 -2.12886612
981 -2.24513661 -2.36122950 -2.12904371
982 -2.24475409 -2.36028688 -2.12922131
983 -2.24437158 -2.35934426 -2.12939890
984 -2.24398907 -2.35840163 -2.12957650
985 -2.24360655 -2.35745901 -2.12975409
986 -2.24322404 -2.35651639 -2.12993169
987 -2.24284153 -2.35557377 -2.13010928
988 -2.24245901 -2.35463114 -2.13028688
989 -2.24207650 -2.35368852 -2.13046448
990 -2.24169398 -2.35274590 -2.13064207
991 -2.24131147 -2.35180327 -2.13081967
992 -2.24092896 -2.35086065 -2.13099726
993 -2.24054644 -2.34991803 -2.13117486
994 -2.24016393 -2.34897540 -2.13135245
995 -2.23978142 -2.34803278 -2.13153005
996 -2.23939890 -2.34709016 -2.13170765
997 -2.23901639 -2.34614754 -2.13188524
998 -2.23863387 -2.34520491 -2.13206284
999 -2.23825136 -2.34426229 -2.13224043
1000 -2.23786885 -2.34331967 -2.13241803
1001 -2.23748633 -2.34237704 -2.13259562
1002 -2.23710382 -2.34143442 -2.13277322
1003 -2.23672131 -2.34049180 -2.13295081
1004 -2.23633879 -2.33954918 -2.13312841
1005 -2.23595628 -2.33860655 -2.13330601
1006 -2.23557377 -2.33766393 -2.13348360
1007 -2.23519125 -2.33672131 -2.13366120
1008 -2.23480874 -2.33577868 -2.13383879
1009 -2.23442622 -2.33483606 -2.13401639
1010 -2.23404371 -2.33389344 -2.13419398
1011 -2.23366120 -2.33295081 -2.13437158
1012 -2.23327868 -2.33200819 -2.13454918
1013 -2.23289617 -2.33106557 -2.13472677
1014 -2.23251366 -2.33012295 -2.13490437
1015 -2.23213114 -2.32918032 -2.13508196
1016 -2.23174863 -2.32823770 -2.13525956
1017 -2.23136612 -2.32729508 -2.13543715
1018 -2.23098360 -2.32635245 -2.13561475
1019 -2.23060109 -2.32540983 -2.13579234
1020 -2.23021857 -2.32446721 -2.13596994
1021 -2.22983606 -2.32352459 -2.13614754
1022 -2.22945355 -2.32258196 -2.13632513
1023 -2.22907103 -2.32163934 -2.13650273
1024 -2.22868852 -2.32069672 -2.13668032
1025 -2.22830601 -2.31975409 -2.13685792
1026 -2.22792349 -2.31881147 -2.13703551
1027 -2.22754098 -2.31786885 -2.13721311
1028 -2.22715846 -2.31692622 -2.13739071
1029 -2.22677595 -2.31598360 -2.13756830
1030 -2.22639344 -2.31504098 -2.13774590
1031 -2.22601092 -2.31409836 -2.13792349
1032 -2.22562841 -2.31315573 -2.13810109
1033 -2.22524590 -2.31221311 -2.13827868
1034 -2.22486338 -2.31127049 -2.13845628
1035 -2.22448087 -2.31032786 -2.13863387
1036 -2.22409836 -2.30938524 -2.13881147
1037 -2.22371584 -2.30844262 -2.13898907
1038 -2.22333333 -2.30750000 -2.13916666
1039 -2.22295081 -2.30655737 -2.13934426
1040 -2.22256830 -2.30561475 -2.13952185
1041 -2.22218579 -2.30467213 -2.13969945
1042 -2.22180327 -2.30372950 -2.13987704
1043 -2.22142076 -2.30278688 -2.14005464
1044 -2.22103825 -2.30184426 -2.14023224
1045 -2.22065573 -2.30090163 -2.14040983
1046 -2.22027322 -2.29995901 -2.14058743
1047 -2.21989071 -2.29901639 -2.14076502
1048 -2.21950819 -2.29807377 -2.14094262
1049 -2.21912568 -2.29713114 -2.14112021
1050 -2.21874316 -2.29618852 -2.14129781
1051 -2.21836065 -2.29524590 -2.14147540
1052 -2.21797814 -2.29430327 -2.14165300
1053 -2.21759562 -2.29336065 -2.14183060
1054 -2.21721311 -2.29241803 -2.14200819
1055 -2.21683060 -2.29147540 -2.14218579
1056 -2.21644808 -2.29053278 -2.14236338
1057 -2.21606557 -2.28959016 -2.14254098
1058 -2.21568306 -2.28864754 -2.14271857
1059 -2.21530054 -2.28770491 -2.14289617
1060 -2.21491803 -2.28676229 -2.14307377
1061 -2.21453551 -2.28581967 -2.14325136
1062 -2.21415300 -2.28487704 -2.14342896
1063 -2.21377049 -2.28393442 -2.14360655
1064 -2.21338797 -2.28299180 -2.14378415
1065 -2.21300546 -2.28204918 -2.14396174
1066 -2.21262295 -2.28110655 -2.14413934
1067 -2.21224043 -2.28016393 -2.14431693
1068 -2.21185792 -2.27922131 -2.14449453
1069 -2.21147540 -2.27827868 -2.14467213
1070 -2.21109289 -2.27733606 -2.14484972
1071 -2.21071038 -2.27639344 -2.14502732
1072 -2.21032786 -2.27545081 -2.14520491
1073 -2.20994535 -2.27450819 -2.14538251
1074 -2.20956284 -2.27356557 -2.14556010
1075 -2.20918032 -2.27262295 -2.14573770
1076 -2.20879781 -2.27168032 -2.14591530
1077 -2.20841530 -2.27073770 -2.14609289
1078 -2.20803278 -2.26979508 -2.14627049
1079 -2.20765027 -2.26885245 -2.14644808
1080 -2.20726775 -2.26790983 -2.14662568
1081 -2.20688524 -2.26696721 -2.14680327
1082 -2.20650273 -2.26602459 -2.14698087
1083 -2.20612021 -2.26508196 -2.14715846
1084 -2.20573770 -2.26413934 -2.14733606
1085 -2.20535519 -2.26319672 -2.14751366
1086 -2.20497267 -2.26225409 -2.14769125
1087 -2.20459016 -2.26131147 -2.14786885
1088 -2.20420765 -2.26036885 -2.14804644
1089 -2.20382513 -2.25942622 -2.14822404
1090 -2.20344262 -2.25848360 -2.14840163
1091 -2.20306010 -2.25754098 -2.14857923
1092 -2.20267759 -2.25659836 -2.14875683
1093 -2.20229508 -2.25565573 -2.14893442
1094 -2.20191256 -2.25471311 -2.14911202
1095 -2.20153005 -2.25377049 -2.14928961
1096 -2.20114754 -2.25282786 -2.14946721
1097 -2.20076502 -2.25188524 -2.14964480
1098 -2.20038251 -2.25094262 -2.14982240
1099 -2.20000000 -2.25000000 -2.15000000
1100 -2.19978052 -2.24978052 -2.14978052
1101 -2.19956104 -2.24956104 -2.14956104
1102 -2.19934156 -2.24934156 -2.14934156
1103 -2.19912208 -2.24912208 -2.14912208
1104 -2.19890260 -2.24890260 -2.14890260
1105 -2.19868312 -2.24868312 -2.14868312
1106 -2.19846364 -2.24846364 -2.14846364
1107 -2.19824417 -2.24824417 -2.14824417
1108 -2.19802469 -2.24802469 -2.14802469
1109 -2.19780521 -2.24780521 -2.14780521
1110 -2.19758573 -2.24758573 -2.14758573
1111 -2.19736625 -2.24736625 -2.14736625
1112 -2.19714677 -2.24714677 -2.14714677
1113 -2.19692729 -2.24692729 -2.14692729
1114 -2.19670781 -2.24670781 -2.14670781
1115 -2.19648834 -2.24648834 -2.14648834
1116 -2.19626886 -2.24626886 -2.14626886
1117 -2.19604938 -2.24604938 -2.14604938
1118 -2.19582990 -2.24582990 -2.14582990
1119 -2.19561042 -2.24561042 -2.14561042
1120 -2.19539094 -2.24539094 -2.14539094
1121 -2.19517146 -2.24517146 -2.14517146
1122 -2.19495198 -2.24495198 -2.14495198
1123 -2.19473251 -2.24473251 -2.14473251
1124 -2.19451303 -2.24451303 -2.14451303
1125 -2.19429355 -2.24429355 -2.14429355
1126 -2.19407407 -2.24407407 -2.14407407
1127 -2.19385459 -2.24385459 -2.14385459
1128 -2.19363511 -2.24363511 -2.14363511
1129 -2.19341563 -2.24341563 -2.14341563
1130 -2.19319615 -2.24319615 -2.14319615
1131 -2.19297668 -2.24297668 -2.14297668
1132 -2.19275720 -2.24275720 -2.14275720
1133 -2.19253772 -2.24253772 -2.14253772
1134 -2.19231824 -2.24231824 -2.14231824
1135 -2.19209876 -2.24209876 -2.14209876
1136 -2.19187928 -2.24187928 -2.14187928
1137 -2.19165980 -2.24165980 -2.14165980
1138 -2.19144032 -2.24144032 -2.14144032
1139 -2.19122085 -2.24122085 -2.14122085
1140 -2.19100137 -2.24100137 -2.14100137
1141 -2.19078189 -2.24078189 -2.14078189
1142 -2.19056241 -2.24056241 -2.14056241
1143 -2.19034293 -2.24034293 -2.14034293
1144 -2.19012345 -2.24012345 -2.14012345
1145 -2.18990397 -2.23990397 -2.13990397
1146 -2.18968449 -2.23968449 -2.13968449
1147 -2.18946502 -2.23946502 -2.13946502
1148 -2.18924554 -2.23924554 -2.13924554
1149 -2.18902606 -2.23902606 -2.13902606
1150 -2.18880658 -2.23880658 -2.13880658
1151 -2.18858710 -2.23858710 -2.13858710
1152 -2.18836762 -2.23836762 -2.13836762
1153 -2.18814814 -2.23814814 -2.13814814
1154 -2.18792866 -2.23792866 -2.13792866
1155 -2.18770919 -2.23770919 -2.13770919
1156 -2.18748971 -2.23748971 -2.13748971
1157 -2.18727023 -2.23727023 -2.13727023
1158 -2.18705075 -2.23705075 -2.13705075
1159 -2.18683127 -2.23683127 -2.13683127
1160 -2.18661179 -2.23661179 -2.13661179
1161 -2.18639231 -2.23639231 -2.13639231
1162 -2.18617283 -2.23617283 -2.13617283
1163 -2.18595336 -2.23595336 -2.13595336
1164 -2.18573388 -2.23573388 -2.13573388
1165 -2.18551440 -2.23551440 -2.13551440
1166 -2.18529492 -2.23529492 -2.13529492
1167 -2.18507544 -2.23507544 -2.13507544
1168 -2.18485596 -2.23485596 -2.13485596
1169 -2.18463648 -2.23463648 -2.13463648
1170 -2.18441700 -2.23441700 -2.13441700
1171 -2.18419753 -2.23419753 -2.13419753
1172 -2.18397805 -2.23397805 -2.13397805
1173 -2.18375857 -2.23375857 -2.13375857
1174 -2.18353909 -2.23353909 -2.13353909
1175 -2.18331961 -2.23331961 -2.13331961
1176 -2.18310013 -2.23310013 -2.13310013
1177 -2.18288065 -2.23288065 -2.13288065
1178 -2.18266117 -2.23266117 -2.13266117
1179 -2.18244170 -2.23244170 -2.13244170
1180 -2.18222222 -2.23222222 -2.13222222
1181 -2.18200274 -2.23200274 -2.13200274
1182 -2.18178326 -2.23178326 -2.13178326
1183 -2.18156378 -2.23156378 -2.13156378
1184 -2.18134430 -2.23134430 -2.13134430
1185 -2.18112482 -2.23112482 -2.13112482
1186 -2.18090534 -2.23090534 -2.13090534
1187 -2.18068587 -2.23068587 -2.13068587
1188 -2.18046639 -2.23046639 -2.13046639
1189 -2.18024691 -2.23024691 -2.13024691
1190 -2.18002743 -2.23002743 -2.13002743
1191 -2.17980795 -2.22980795 -2.12980795
1192 -2.17958847 -2.22958847 -2.12958847
1193 -2.17936899 -2.22936899 -2.12936899
1194 -2.17914951 -2.22914951 -2.12914951
1195 -2.17893004 -2.22893004 -2.12893004
1196 -2.17871056 -2.22871056 -2.12871056
1197 -2.17849108 -2.22849108 -2.12849108
1198 -2.17827160 -2.22827160 -2.12827160
1199 -2.17805212 -2.22805212 -2.12805212
1200 -2.17783264 -2.22783264 -2.12783264
1201 -2.17761316 -2.22761316 -2.12761316
1202 -2.17739369 -2.22739369 -2.12739369
1203 -2.17717421 -2.22717421 -2.12717421
1204 -2.17695473 -2.22695473 -2.12695473
1205 -2.17673525 -2.22673525 -2.12673525
1206 -2.17651577 -2.22651577 -2.12651577
1207 -2.17629629 -2.22629629 -2.12629629
1208 -2.17607681 -2.22607681 -2.12607681
1209 -2.17585733 -2.22585733 -2.12585733
1210 -2.17563786 -2.22563786 -2.12563786
1211 -2.17541838 -2.22541838 -2.12541838
1212 -2.17519890 -2.22519890 -2.12519890
1213 -2.17497942 -2.22497942 -2.12497942
1214 -2.17475994 -2.22475994 -2.12475994
1215 -2.17454046 -2.22454046 -2.12454046
1216 -2.17432098 -2.22432098 -2.12432098
1217 -2.17410150 -2.22410150 -2.12410150
1218 -2.17388203 -2.22388203 -2.12388203
1219 -2.17366255 -2.22366255 -2.12366255
1220 -2.17344307 -2.22344307 -2.12344307
1221 -2.17322359 -2.22322359 -2.12322359
1222 -2.17300411 -2.22300411 -2.12300411
1223 -2.17278463 -2.22278463 -2.12278463
1224 -2.17256515 -2.22256515 -2.12256515
1225 -2.17234567 -2.22234567 -2.12234567
1226 -2.17212620 -2.22212620 -2.12212620
1227 -2.17190672 -2.22190672 -2.12190672
1228 -2.17168724 -2.22168724 -2.12168724
1229 -2.17146776 -2.22146776 -2.12146776
1230 -2.17124828 -2.22124828 -2.12124828
1231 -2.17102880 -2.22102880 -2.12102880
1232 -2.17080932 -2.22080932 -2.12080932
1233 -2.17058984 -2.22058984 -2.12058984
1234 -2.17037037 -2.22037037 -2.12037037
1235 -2.17015089 -2.22015089 -2.12015089
1236 -2.16993141 -2.21993141 -2.11993141
1237 -2.16971193 -2.21971193 -2.11971193
1238 -2.16949245 -2.21949245 -2.11949245
1239 -2.16927297 -2.21927297 -2.11927297
1240 -2.16905349 -2.21905349 -2.11905349
1241 -2.16883401 -2.21883401 -2.11883401
1242 -2.16861454 -2.21861454 -2.11861454
1243 -2.16839506 -2.21839506 -2.11839506
1244 -2.16817558 -2.21817558 -2.11817558
1245 -2.16795610 -2.21795610 -2.11795610
1246 -2.16773662 -2.21773662 -2.11773662
1247 -2.16751714 -2.21751714 -2.11751714
1248 -2.16729766 -2.21729766 -2.11729766
1249 -2.16707818 -2.21707818 -2.11707818
1250 -2.16685871 -2.21685871 -2.11685871
1251 -2.16663923 -2.21663923 -2.11663923
1252 -2.16641975 -2.21641975 -2.11641975
1253 -2.16620027 -2.21620027 -2.11620027
1254 -2.16598079 -2.21598079 -2.11598079
1255 -2.16576131 -2.21576131 -2.11576131
1256 -2.16554183 -2.21554183 -2.11554183
1257 -2.16532235 -2.21532235 -2.11532235
1258 -2.16510288 -2.21510288 -2.11510288
1259 -2.16488340 -2.21488340 -2.11488340
1260 -2.16466392 -2.21466392 -2.11466392
1261 -2.16444444 -2.21444444 -2.11444444
1262 -2.16422496 -2.21422496 -2.11422496
1263 -2.16400548 -2.21400548 -2.11400548
1264 -2.16378600 -2.21378600 -2.11378600
1265 -2.16356652 -2.21356652 -2.11356652
1266 -2.16334705 -2.21334705 -2.11334705
1267 -2.16312757 -2.21312757 -2.11312757
1268 -2.16290809 -2.21290809 -2.11290809
1269 -2.16268861 -2.21268861 -2.11268861
1270 -2.16246913 -2.21246913 -2.11246913
1271 -2.16224965 -2.21224965 -2.11224965
1272 -2.16203017 -2.21203017 -2.11203017
1273 -2.16181069 -2.21181069 -2.11181069
1274 -2.16159122 -2.21159122 -2.11159122
1275 -2.16137174 -2.21137174 -2.11137174
1276 -2.16115226 -2.21115226 -2.11115226
1277 -2.16093278 -2.21093278 -2.11093278
1278 -2.16071330 -2.21071330 -2.11071330
1279 -2.16049382 -2.21049382 -2.11049382
1280 -2.16027434 -2.21027434 -2.11027434
1281 -2.16005486 -2.21005486 -2.11005486
1282 -2.15983539 -2.20983539 -2.10983539
1283 -2.15961591 -2.20961591 -2.10961591
1284 -2.15939643 -2.20939643 -2.10939643
1285 -2.15917695 -2.20917695 -2.10917695
1286 -2.15895747 -2.20895747 -2.10895747
1287 -2.15873799 -2.20873799 -2.10873799
1288 -2.15851851 -2.20851851 -2.10851851
1289 -2.15829903 -2.20829903 -2.10829903
1290 -2.15807956 -2.20807956 -2.10807956
1291 -2.15786008 -2.20786008 -2.10786008
1292 -2.15764060 -2.20764060 -2.10764060
1293 -2.15742112 -2.20742112 -2.10742112
1294 -2.15720164 -2.20720164 -2.10720164
1295 -2.15698216 -2.20698216 -2.10698216
1296 -2.15676268 -2.20676268 -2.10676268
1297 -2.15654320 -2.20654320 -2.10654320
1298 -2.15632373 -2.20632373 -2.10632373
1299 -2.15610425 -2.20610425 -2.10610425
1300 -2.15588477 -2.20588477 -2.10588477
1301 -2.15566529 -2.20566529 -2.10566529
1302 -2.15544581 -2.20544581 -2.10544581
1303 -2.15522633 -2.20522633 -2.10522633
1304 -2.15500685 -2.20500685 -2.10500685
1305 -2.15478738 -2.20478738 -2.10478738
1306 -2.15456790 -2.20456790 -2.10456790
1307 -2.15434842 -2.20434842 -2.10434842
1308 -2.15412894 -2.20412894 -2.10412894
1309 -2.15390946 -2.20390946 -2.10390946
1310 -2.15368998 -2.20368998 -2.10368998
1311 -2.15347050 -2.20347050 -2.10347050
1312 -2.15325102 -2.20325102 -2.10325102
1313 -2.15303155 -2.20303155 -2.10303155
1314 -2.15281207 -2.20281207 -2.10281207
1315 -2.15259259 -2.20259259 -2.10259259
1316 -2.15237311 -2.20237311 -2.10237311
1317 -2.15215363 -2.20215363 -2.10215363
1318 -2.15193415 -2.20193415 -2.10193415
1319 -2.15171467 -2.20171467 -2.10171467
1320 -2.15149519 -2.20149519 -2.10149519
1321 -2.15127572 -2.20127572 -2.10127572
1322 -2.15105624 -2.20105624 -2.10105624
1323 -2.15083676 -2.20083676 -2.10083676
1324 -2.15061728 -2.20061728 -2.10061728
1325 -2.15039780 -2.20039780 -2.10039780
1326 -2.15017832 -2.20017832 -2.10017832
1327 -2.14995884 -2.19995884 -2.09995884
1328 -2.14973936 -2.19973936 -2.09973936
1329 -2.14951989 -2.19951989 -2.09951989
1330 -2.14930041 -2.19930041 -2.09930041
1331 -2.14908093 -2.19908093 -2.09908093
1332 -2.14886145 -2.19886145 -2.09886145
1333 -2.14864197 -2.19864197 -2.09864197
1334 -2.14842249 -2.19842249 -2.09842249
1335 -2.14820301 -2.19820301 -2.09820301
1336 -2.14798353 -2.19798353 -2.09798353
1337 -2.14776406 -2.19776406 -2.09776406
1338 -2.14754458 -2.19754458 -2.09754458
1339 -2.14732510 -2.19732510 -2.09732510
1340 -2.14710562 -2.19710562 -2.09710562
1341 -2.14688614 -2.19688614 -2.09688614
1342 -2.14666666 -2.19666666 -2.09666666
1343 -2.14644718 -2.19644718 -2.09644718
1344 -2.14622770 -2.19622770 -2.09622770
1345 -2.14600823 -2.19600823 -2.09600823
1346 -2.14578875 -2.19578875 -2.09578875
1347 -2.14556927 -2.19556927 -2.09556927
1348 -2.14534979 -2.19534979 -2.09534979
1349 -2.14513031 -2.19513031 -2.09513031
1350 -2.14491083 -2.19491083 -2.09491083
1351 -2.14469135 -2.19469135 -2.09469135
1352 -2.14447187 -2.19447187 -2.09447187
1353 -2.14425240 -2.19425240 -2.09425240
1354 -2.14403292 -2.19403292 -2.09403292
1355 -2.14381344 -2.19381344 -2.09381344
1356 -2.14359396 -2.19359396 -2.09359396
1357 -2.14337448 -2.19337448 -2.09337448
1358 -2.14315500 -2.19315500 -2.09315500
1359 -2.14293552 -2.19293552 -2.09293552
1360 -2.14271604 -2.19271604 -2.09271604
1361 -2.14249657 -2.19249657 -2.09249657
1362 -2.14227709 -2.19227709 -2.09227709
1363 -2.14205761 -2.19205761 -2.09205761
1364 -2.14183813 -2.19183813 -2.09183813
1365 -2.14161865 -2.19161865 -2.09161865
1366 -2.14139917 -2.19139917 -2.09139917
1367 -2.14117969 -2.19117969 -2.09117969
1368 -2.14096021 -2.19096021 -2.09096021
1369 -2.14074074 -2.19074074 -2.09074074
1370 -2.14052126 -2.19052126 -2.09052126
1371 -2.14030178 -2.19030178 -2.09030178
1372 -2.14008230 -2.19008230 -2.09008230
1373 -2.13986282 -2.18986282 -2.08986282
1374 -2.13964334 -2.18964334 -2.08964334
1375 -2.13942386 -2.18942386 -2.08942386
1376 -2.13920438 -2.18920438 -2.08920438
1377 -2.13898491 -2.18898491 -2.08898491
1378 -2.13876543 -2.18876543 -2.08876543
1379 -2.13854595 -2.18854595 -2.08854595
1380 -2.13832647 -2.18832647 -2.08832647
1381 -2.13810699 -2.18810699 -2.08810699
1382 -2.13788751 -2.18788751 -2.08788751
1383 -2.13766803 -2.18766803 -2.08766803
1384 -2.13744855 -2.18744855 -2.08744855
1385 -2.13722908 -2.18722908 -2.08722908
1386 -2.13700960 -2.18700960 -2.08700960
1387 -2.13679012 -2.18679012 -2.08679012
1388 -2.13657064 -2.18657064 -2.08657064
1389 -2.13635116 -2.18635116 -2.08635116
1390 -2.13613168 -2.18613168 -2.08613168
1391 -2.13591220 -2.18591220 -2.08591220
1392 -2.13569272 -2.18569272 -2.08569272
1393 -2.13547325 -2.18547325 -2.08547325
1394 -2.13525377 -2.18525377 -2.08525377
1395 -2.13503429 -2.18503429 -2.08503429
1396 -2.13481481 -2.18481481 -2.08481481
1397 -2.13459533 -2.18459533 -2.08459533
1398 -2.13437585 -2.18437585 -2.08437585
1399 -2.13415637 -2.18415637 -2.08415637
1400 -2.13393689 -2.18393689 -2.08393689
1401 -2.13371742 -2.18371742 -2.08371742
1402 -2.13349794 -2.18349794 -2.08349794
1403 -2.13327846 -2.18327846 -2.08327846
1404 -2.13305898 -2.18305898 -2.08305898
1405 -2.13283950 -2.18283950 -2.08283950
1406 -2.13262002 -2.18262002 -2.08262002
1407 -2.13240054 -2.18240054 -2.08240054
1408 -2.13218107 -2.18218107 -2.08218107
1409 -2.13196159 -2.18196159 -2.08196159
1410 -2.13174211 -2.18174211 -2.08174211
1411 -2.13152263 -2.18152263 -2.08152263
1412 -2.13130315 -2.18130315 -2.08130315
1413 -2.13108367 -2.18108367 -2.08108367
1414 -2.13086419 -2.18086419 -2.08086419
1415 -2.13064471 -2.18064471 -2.08064471
1416 -2.13042524 -2.18042524 -2.08042524
1417 -2.13020576 -2.18020576 -2.08020576
1418 -2.12998628 -2.17998628 -2.07998628
1419 -2.12976680 -2.17976680 -2.07976680
1420 -2.12954732 -2.17954732 -2.07954732
1421 -2.12932784 -2.17932784 -2.07932784
1422 -2.12910836 -2.17910836 -2.07910836
1423 -2.12888888 -2.17888888 -2.07888888
1424 -2.12866941 -2.17866941 -2.07866941
1425 -2.12844993 -2.17844993 -2.07844993
1426 -2.12823045 -2.17823045 -2.07823045
1427 -2.12801097 -2.17801097 -2.07801097
1428 -2.12779149 -2.17779149 -2.07779149
1429 -2.12757201 -2.17757201 -2.07757201
1430 -2.12735253 -2.17735253 -2.07735253
1431 -2.12713305 -2.17713305 -2.07713305
1432 -2.12691358 -2.17691358 -2.07691358
1433 -2.12669410 -2.17669410 -2.07669410
1434 -2.12647462 -2.17647462 -2.07647462
1435 -2.12625514 -2.17625514 -2.07625514
1436 -2.12603566 -2.17603566 -2.07603566
1437 -2.12581618 -2.17581618 -2.07581618
1438 -2.12559670 -2.17559670 -2.07559670
1439 -2.12537722 -2.17537722 -2.07537722
1440 -2.12515775 -2.17515775 -2.07515775
1441 -2.12493827 -2.17493827 -2.07493827
1442 -2.12471879 -2.17471879 -2.07471879
1443 -2.12449931 -2.17449931 -2.07449931
1444 -2.12427983 -2.17427983 -2.07427983
1445 -2.12406035 -2.17406035 -2.07406035
1446 -2.12384087 -2.17384087 -2.07384087
1447 -2.12362139 -2.17362139 -2.07362139
1448 -2.12340192 -2.17340192 -2.07340192
1449 -2.12318244 -2.17318244 -2.07318244
1450 -2.12296296 -2.17296296 -2.07296296
1451 -2.12274348 -2.17274348 -2.07274348
1452 -2.12252400 -2.17252400 -2.07252400
1453 -2.12230452 -2.17230452 -2.07230452
1454 -2.12208504 -2.17208504 -2.07208504
1455 -2.12186556 -2.17186556 -2.07186556
1456 -2.12164609 -2.17164609 -2.07164609
1457 -2.12142661 -2.17142661 -2.07142661
1458 -2.12120713 -2.17120713 -2.07120713
1459 -2.12098765 -2.17098765 -2.07098765
1460 -2.12076817 -2.17076817 -2.07076817
1461 -2.12054869 -2.17054869 -2.07054869
1462 -2.12032921 -2.17032921 -2.07032921
1463 -2.12010973 -2.17010973 -2.07010973
1464 -2.11989026 -2.16989026 -2.06989026
1465 -2.11967078 -2.16967078 -2.06967078
1466 -2.11945130 -2.16945130 -2.06945130
1467 -2.11923182 -2.16923182 -2.06923182
1468 -2.11901234 -2.16901234 -2.06901234
1469 -2.11879286 -2.16879286 -2.06879286
1470 -2.11857338 -2.16857338 -2.06857338
1471 -2.11835390 -2.16835390 -2.06835390
1472 -2.11813443 -2.16813443 -2.06813443
1473 -2.11791495 -2.16791495 -2.06791495
1474 -2.11769547 -2.16769547 -2.06769547
1475 -2.11747599 -2.16747599 -2.06747599
1476 -2.11725651 -2.16725651 -2.06725651
1477 -2.11703703 -2.16703703 -2.06703703
1478 -2.11681755 -2.16681755 -2.06681755
1479 -2.11659807 -2.16659807 -2.06659807
1480 -2.11637860 -2.16637860 -2.06637860
1481 -2.11615912 -2.16615912 -2.06615912
1482 -2.11593964 -2.16593964 -2.06593964
1483 -2.11572016 -2.16572016 -2.06572016
1484 -2.11550068 -2.16550068 -2.06550068
1485 -2.11528120 -2.16528120 -2.06528120
1486 -2.11506172 -2.16506172 -2.06506172
1487 -2.11484224 -2.16484224 -2.06484224
1488 -2.11462277 -2.16462277 -2.06462277
1489 -2.11440329 -2.16440329 -2.06440329
1490 -2.11418381 -2.16418381 -2.06418381
1491 -2.11396433 -2.16396433 -2.06396433
1492 -2.11374485 -2.16374485 -2.06374485
1493 -2.11352537 -2.16352537 -2.06352537
1494 -2.11330589 -2.16330589 -2.06330589
1495 -2.11308641 -2.16308641 -2.06308641
1496 -2.11286694 -2.16286694 -2.06286694
1497 -2.11264746 -2.16264746 -2.06264746
1498 -2.11242798 -2.16242798 -2.06242798
1499 -2.11220850 -2.16220850 -2.06220850
1500 -2.11198902 -2.16198902 -2.06198902
1501 -2.11176954 -2.16176954 -2.06176954
1502 -2.11155006 -2.16155006 -2.06155006
1503 -2.11133058 -2.16133058 -2.06133058
1504 -2.11111111 -2.16111111 -2.06111111
1505 -2.11089163 -2.16089163 -2.06089163
1506 -2.11067215 -2.16067215 -2.06067215
1507 -2.11045267 -2.16045267 -2.06045267
1508 -2.11023319 -2.16023319 -2.06023319
1509 -2.11001371 -2.16001371 -2.06001371
1510 -2.10979423 -2.15979423 -2.05979423
1511 -2.10957475 -2.15957475 -2.05957475
1512 -2.10935528 -2.15935528 -2.05935528
1513 -2.10913580 -2.15913580 -2.05913580
1514 -2.10891632 -2.15891632 -2.05891632
1515 -2.10869684 -2.15869684 -2.05869684
1516 -2.10847736 -2.15847736 -2.05847736
1517 -2.10825788 -2.15825788 -2.05825788
1518 -2.10803840 -2.15803840 -2.05803840
1519 -2.10781893 -2.15781893 -2.05781893
1520 -2.10759945 -2.15759945 -2.05759945
1521 -2.10737997 -2.15737997 -2.05737997
1522 -2.10716049 -2.15716049 -2.05716049
1523 -2.10694101 -2.15694101 -2.05694101
1524 -2.10672153 -2.15672153 -2.05672153
1525 -2.10650205 -2.15650205 -2.05650205
1526 -2.10628257 -2.15628257 -2.05628257
1527 -2.10606310 -2.15606310 -2.05606310
1528 -2.10584362 -2.15584362 -2.05584362
1529 -2.10562414 -2.15562414 -2.05562414
1530 -2.10540466 -2.15540466 -2.05540466
1531 -2.10518518 -2.15518518 -2.05518518
1532 -2.10496570 -2.15496570 -2.05496570
1533 -2.10474622 -2.15474622 -2.05474622
1534 -2.10452674 -2.15452674 -2.05452674
1535 -2.10430727 -2.15430727 -2.05430727
1536 -2.10408779 -2.15408779 -2.05408779
1537 -2.10386831 -2.15386831 -2.05386831
1538 -2.10364883 -2.15364883 -2.05364883
1539 -2.10342935 -2.15342935 -2.05342935
1540 -2.10320987 -2.15320987 -2.05320987
1541 -2.10299039 -2.15299039 -2.05299039
1542 -2.10277091 -2.15277091 -2.05277091
1543 -2.10255144 -2.15255144 -2.05255144
1544 -2.10233196 -2.15233196 -2.05233196
1545 -2.10211248 -2.15211248 -2.05211248
1546 -2.10189300 -2.15189300 -2.05189300
1547 -2.10167352 -2.15167352 -2.05167352
1548 -2.10145404 -2.15145404 -2.05145404
1549 -2.10123456 -2.15123456 -2.05123456
1550 -2.10101508 -2.15101508 -2.05101508
1551 -2.10079561 -2.15079561 -2.05079561
1552 -2.10057613 -2.15057613 -2.05057613
1553 -2.10035665 -2.15035665 -2.05035665
1554 -2.10013717 -2.15013717 -2.05013717
1555 -2.09991769 -2.14991769 -2.04991769
1556 -2.09969821 -2.14969821 -2.04969821
1557 -2.09947873 -2.14947873 -2.04947873
1558 -2.09925925 -2.14925925 -2.04925925
1559 -2.09903978 -2.14903978 -2.04903978
1560 -2.09882030 -2.14882030 -2.04882030
1561 -2.09860082 -2.14860082 -2.04860082
1562 -2.09838134 -2.14838134 -2.04838134
1563 -2.09816186 -2.14816186 -2.04816186
1564 -2.09794238 -2.14794238 -2.04794238
1565 -2.09772290 -2.14772290 -2.04772290
1566 -2.09750342 -2.14750342 -2.04750342
1567 -2.09728395 -2.14728395 -2.04728395
1568 -2.09706447 -2.14706447 -2.04706447
1569 -2.09684499 -2.14684499 -2.04684499
1570 -2.09662551 -2.14662551 -2.04662551
1571 -2.09640603 -2.14640603 -2.04640603
1572 -2.09618655 -2.14618655 -2.04618655
1573 -2.09596707 -2.14596707 -2.04596707
1574 -2.09574759 -2.14574759 -2.04574759
1575 -2.09552812 -2.14552812 -2.04552812
1576 -2.09530864 -2.14530864 -2.04530864
1577 -2.09508916 -2.14508916 -2.04508916
1578 -2.09486968 -2.14486968 -2.04486968
1579 -2.09465020 -2.14465020 -2.04465020
1580 -2.09443072 -2.14443072 -2.04443072
1581 -2.09421124 -2.14421124 -2.04421124
1582 -2.09399176 -2.14399176 -2.04399176
1583 -2.09377229 -2.14377229 -2.04377229
1584 -2.09355281 -2.14355281 -2.04355281
1585 -2.09333333 -2.14333333 -2.04333333
1586 -2.09311385 -2.14311385 -2.04311385
1587 -2.09289437 -2.14289437 -2.04289437
1588 -2.09267489 -2.14267489 -2.04267489
1589 -2.09245541 -2.14245541 -2.04245541
1590 -2.09223593 -2.14223593 -2.04223593
1591 -2.09201646 -2.14201646 -2.04201646
1592 -2.09179698 -2.14179698 -2.04179698
1593 -2.09157750 -2.14157750 -2.04157750
1594 -2.09135802 -2.14135802 -2.04135802
1595 -2.09113854 -2.14113854 -2.04113854
1596 -2.09091906 -2.14091906 -2.04091906
1597 -2.09069958 -2.14069958 -2.04069958
1598 -2.09048010 -2.14048010 -2.04048010
1599 -2.09026063 -2.14026063 -2.04026063
1600 -2.09004115 -2.14004115 -2.04004115
1601 -2.08982167 -2.13982167 -2.03982167
1602 -2.08960219 -2.13960219 -2.03960219
1603 -2.08938271 -2.13938271 -2.03938271
1604 -2.08916323 -2.13916323 -2.03916323
1605 -2.08894375 -2.13894375 -2.03894375
1606 -2.08872427 -2.13872427 -2.03872427
1607 -2.08850480 -2.13850480 -2.03850480
1608 -2.08828532 -2.13828532 -2.03828532
1609 -2.08806584 -2.13806584 -2.03806584
1610 -2.08784636 -2.13784636 -2.03784636
1611 -2.08762688 -2.13762688 -2.03762688
1612 -2.08740740 -2.13740740 -2.03740740
1613 -2.08718792 -2.13718792 -2.03718792
1614 -2.08696844 -2.13696844 -2.03696844
1615 -2.08674897 -2.13674897 -2.03674897
1616 -2.08652949 -2.13652949 -2.03652949
1617 -2.08631001 -2.13631001 -2.03631001
1618 -2.08609053 -2.13609053 -2.03609053
1619 -2.08587105 -2.13587105 -2.03587105
1620 -2.08565157 -2.13565157 -2.03565157
1621 -2.08543209 -2.13543209 -2.03543209
1622 -2.08521262 -2.13521262 -2.03521262
1623 -2.08499314 -2.13499314 -2.03499314
1624 -2.08477366 -2.13477366 -2.03477366
1625 -2.08455418 -2.13455418 -2.03455418
1626 -2.08433470 -2.13433470 -2.03433470
1627 -2.08411522 -2.13411522 -2.03411522
1628 -2.08389574 -2.13389574 -2.03389574
1629 -2.08367626 -2.13367626 -2.03367626
1630 -2.08345679 -2.13345679 -2.03345679
1631 -2.08323731 -2.13323731 -2.03323731
1632 -2.08301783 -2.13301783 -2.03301783
1633 -2.08279835 -2.13279835 -2.03279835
1634 -2.08257887 -2.13257887 -2.03257887
1635 -2.08235939 -2.13235939 -2.03235939
1636 -2.08213991 -2.13213991 -2.03213991
1637 -2.08192043 -2.13192043 -2.03192043
1638 -2.08170096 -2.13170096 -2.03170096
1639 -2.08148148 -2.13148148 -2.03148148
1640 -2.08126200 -2.13126200 -2.03126200
1641 -2.08104252 -2.13104252 -2.03104252
1642 -2.08082304 -2.13082304 -2.03082304
1643 -2.08060356 -2.13060356 -2.03060356
1644 -2.08038408 -2.13038408 -2.03038408
1645 -2.08016460 -2.13016460 -2.03016460
1646 -2.07994513 -2.12994513 -2.02994513
1647 -2.07972565 -2.12972565 -2.02972565
1648 -2.07950617 -2.12950617 -2.02950617
1649 -2.07928669 -2.12928669 -2.02928669
1650 -2.07906721 -2.12906721 -2.02906721
1651 -2.07884773 -2.12884773 -2.02884773
1652 -2.07862825 -2.12862825 -2.02862825
1653 -2.07840877 -2.12840877 -2.02840877
1654 -2.07818930 -2.12818930 -2.02818930
1655 -2.07796982 -2.12796982 -2.02796982
1656 -2.07775034 -2.12775034 -2.02775034
1657 -2.07753086 -2.12753086 -2.02753086
1658 -2.07731138 -2.12731138 -2.02731138
1659 -2.07709190 -2.12709190 -2.02709190
1660 -2.07687242 -2.12687242 -2.02687242
1661 -2.07665294 -2.12665294 -2.02665294
1662 -2.07643347 -2.12643347 -2.02643347
1663 -2.07621399 -2.12621399 -2.02621399
1664 -2.07599451 -2.12599451 -2.02599451
1665 -2.07577503 -2.12577503 -2.02577503
1666 -2.07555555 -2.12555555 -2.02555555
1667 -2.07533607 -2.12533607 -2.02533607
1668 -2.07511659 -2.12511659 -2.02511659
1669 -2.07489711 -2.12489711 -2.02489711
1670 -2.07467764 -2.12467764 -2.02467764
1671 -2.07445816 -2.12445816 -2.02445816
1672 -2.07423868 -2.12423868 -2.02423868
1673 -2.07401920 -2.12401920 -2.02401920
1674 -2.07379972 -2.12379972 -2.02379972
1675 -2.07358024 -2.12358024 -2.02358024
1676 -2.07336076 -2.12336076 -2.02336076
1677 -2.07314128 -2.12314128 -2.02314128
1678 -2.07292181 -2.12292181 -2.02292181
1679 -2.07270233 -2.12270233 -2.02270233
1680 -2.07248285 -2.12248285 -2.02248285
1681 -2.07226337 -2.12226337 -2.02226337
1682 -2.07204389 -2.12204389 -2.02204389
1683 -2.07182441 -2.12182441 -2.02182441
1684 -2.07160493 -2.12160493 -2.02160493
1685 -2.07138545 -2.12138545 -2.02138545
1686 -2.07116598 -2.12116598 -2.02116598
1687 -2.07094650 -2.12094650 -2.02094650
1688 -2.07072702 -2.12072702 -2.02072702
1689 -2.07050754 -2.12050754 -2.02050754
1690 -2.07028806 -2.12028806 -2.02028806
1691 -2.07006858 -2.12006858 -2.02006858
1692 -2.06984910 -2.11984910 -2.01984910
1693 -2.06962962 -2.11962962 -2.01962962
1694 -2.06941015 -2.11941015 -2.01941015
1695 -2.06919067 -2.11919067 -2.01919067
1696 -2.06897119 -2.11897119 -2.01897119
1697 -2.06875171 -2.11875171 -2.01875171
1698 -2.06853223 -2.11853223 -2.01853223
1699 -2.06831275 -2.11831275 -2.01831275
1700 -2.06809327 -2.11809327 -2.01809327
1701 -2.06787379 -2.11787379 -2.01787379
1702 -2.06765432 -2.11765432 -2.01765432
1703 -2.06743484 -2.11743484 -2.01743484
1704 -2.06721536 -2.11721536 -2.01721536
1705 -2.06699588 -2.11699588 -2.01699588
1706 -2.06677640 -2.11677640 -2.01677640
1707 -2.06655692 -2.11655692 -2.01655692
1708 -2.06633744 -2.11633744 -2.01633744
1709 -2.06611796 -2.11611796 -2.01611796
1710 -2.06589849 -2.11589849 -2.01589849
1711 -2.06567901 -2.11567901 -2.01567901
1712 -2.06545953 -2.11545953 -2.01545953
1713 -2.06524005 -2.11524005 -2.01524005
1714 -2.06502057 -2.11502057 -2.01502057
1715 -2.06480109 -2.11480109 -2.01480109
1716 -2.06458161 -2.11458161 -2.01458161
1717 -2.06436213 -2.11436213 -2.01436213
1718 -2.06414266 -2.11414266 -2.01414266
1719 -2.06392318 -2.11392318 -2.01392318
1720 -2.06370370 -2.11370370 -2.01370370
1721 -2.06348422 -2.11348422 -2.01348422
1722 -2.06326474 -2.11326474 -2.01326474
1723 -2.06304526 -2.11304526 -2.01304526
1724 -2.06282578 -2.11282578 -2.01282578
1725 -2.06260631 -2.11260631 -2.01260631
1726 -2.06238683 -2.11238683 -2.01238683
1727 -2.06216735 -2.11216735 -2.01216735
1728 -2.06194787 -2.11194787 -2.01194787
1729 -2.06172839 -2.11172839 -2.01172839
1730 -2.06150891 -2.11150891 -2.01150891
1731 -2.06128943 -2.11128943 -2.01128943
1732 -2.06106995 -2.11106995 -2.01106995
1733 -2.06085048 -2.11085048 -2.01085048
1734 -2.06063100 -2.11063100 -2.01063100
1735 -2.06041152 -2.11041152 -2.01041152
1736 -2.06019204 -2.11019204 -2.01019204
1737 -2.05997256 -2.10997256 -2.00997256
1738 -2.05975308 -2.10975308 -2.00975308
1739 -2.05953360 -2.10953360 -2.00953360
1740 -2.05931412 -2.10931412 -2.00931412
1741 -2.05909465 -2.10909465 -2.00909465
1742 -2.05887517 -2.10887517 -2.00887517
1743 -2.05865569 -2.10865569 -2.00865569
1744 -2.05843621 -2.10843621 -2.00843621
1745 -2.05821673 -2.10821673 -2.00821673
1746 -2.05799725 -2.10799725 -2.00799725
1747 -2.05777777 -2.10777777 -2.00777777
1748 -2.05755829 -2.10755829 -2.00755829
1749 -2.05733882 -2.10733882 -2.00733882
1750 -2.05711934 -2.10711934 -2.00711934
1751 -2.05689986 -2.10689986 -2.00689986
1752 -2.05668038 -2.10668038 -2.00668038
1753 -2.05646090 -2.10646090 -2.00646090
1754 -2.05624142 -2.10624142 -2.00624142
1755 -2.05602194 -2.10602194 -2.00602194
1756 -2.05580246 -2.10580246 -2.00580246
1757 -2.05558299 -2.10558299 -2.00558299
1758 -2.05536351 -2.10536351 -2.00536351
1759 -2.05514403 -2.10514403 -2.00514403
1760 -2.05492455 -2.10492455 -2.00492455
1761 -2.05470507 -2.10470507 -2.00470507
1762 -2.05448559 -2.10448559 -2.00448559
1763 -2.05426611 -2.10426611 -2.00426611
1764 -2.05404663 -2.10404663 -2.00404663
1765 -2.05382716 -2.10382716 -2.00382716
1766 -2.05360768 -2.10360768 -2.00360768
1767 -2.05338820 -2.10338820 -2.00338820
1768 -2.05316872 -2.10316872 -2.00316872
1769 -2.05294924 -2.10294924 -2.00294924
1770 -2.05272976 -2.10272976 -2.00272976
1771 -2.05251028 -2.10251028 -2.00251028
1772 -2.05229080 -2.10229080 -2.00229080
1773 -2.05207133 -2.10207133 -2.00207133
1774 -2.05185185 -2.10185185 -2.00185185
1775 -2.05163237 -2.10163237 -2.00163237
1776 -2.05141289 -2.10141289 -2.00141289
1777 -2.05119341 -2.10119341 -2.00119341
1778 -2.05097393 -2.10097393 -2.00097393
1779 -2.05075445 -2.10075445 -2.00075445
1780 -2.05053497 -2.10053497 -2.00053497
1781 -2.05031550 -2.10031550 -2.00031550
1782 -2.05009602 -2.10009602 -2.00009602
1783 -2.04987654 -2.09987654 -1.99987654
1784 -2.04965706 -2.09965706 -1.99965706
1785 -2.04943758 -2.09943758 -1.99943758
1786 -2.04921810 -2.09921810 -1.99921810
1787 -2.04899862 -2.09899862 -1.99899862
1788 -2.04877914 -2.09877914 -1.99877914
1789 -2.04855967 -2.09855967 -1.99855967
1790 -2.04834019 -2.09834019 -1.99834019
1791 -2.04812071 -2.09812071 -1.99812071
1792 -2.04790123 -2.09790123 -1.99790123
1793 -2.04768175 -2.09768175 -1.99768175
1794 -2.04746227 -2.09746227 -1.99746227
1795 -2.04724279 -2.09724279 -1.99724279
1796 -2.04702331 -2.09702331 -1.99702331
1797 -2.04680384 -2.09680384 -1.99680384
1798 -2.04658436 -2.09658436 -1.99658436
1799 -2.04636488 -2.09636488 -1.99636488
1800 -2.04614540 -2.09614540 -1.99614540
1801 -2.04592592 -2.09592592 -1.99592592
1802 -2.04570644 -2.09570644 -1.99570644
1803 -2.04548696 -2.09548696 -1.99548696
1804 -2.04526748 -2.09526748 -1.99526748
1805 -2.04504801 -2.09504801 -1.99504801
1806 -2.04482853 -2.09482853 -1.99482853
1807 -2.04460905 -2.09460905 -1.99460905
1808 -2.04438957 -2.09438957 -1.99438957
1809 -2.04417009 -2.09417009 -1.99417009
1810 -2.04395061 -2.09395061 -1.99395061
1811 -2.04373113 -2.09373113 -1.99373113
1812 -2.04351165 -2.09351165 -1.99351165
1813 -2.04329218 -2.09329218 -1.99329218
1814 -2.04307270 -2.09307270 -1.99307270
1815 -2.04285322 -2.09285322 -1.99285322
1816 -2.04263374 -2.09263374 -1.99263374
1817 -2.04241426 -2.09241426 -1.99241426
1818 -2.04219478 -2.09219478 -1.99219478
1819 -2.04197530 -2.09197530 -1.99197530
1820 -2.04175582 -2.09175582 -1.99175582
1821 -2.04153635 -2.09153635 -1.99153635
1822 -2.04131687 -2.09131687 -1.99131687
1823 -2.04109739 -2.09109739 -1.99109739
1824 -2.04087791 -2.09087791 -1.99087791
1825 -2.04065843 -2.09065843 -1.99065843
1826 -2.04043895 -2.09043895 -1.99043895
1827 -2.04021947 -2.09021947 -1.99021947
1828 -2.04000000 -2.09000000 -1.99000000
