1 -0.82050000 -0.99100000 -0.65000000
2 0.00000000 0.00000000 0.00000000
3 -0.62300000 -0.65600000 -0.59000000
4 -1.23250000 -1.27166666 -1.19333333
5 -1.84200000 -1.88733333 -1.79666666
6 -2.45150000 -2.50300000 -2.40000000
7 -3.06100000 -3.11866666 -3.00333333
8 -3.67050000 -3.73433333 -3.60666666
9 -4.28000000 -4.35000000 -4.21000000
10 -4.88285714 -4.96000000 -4.80571428
11 -5.48571428 -5.57000000 -5.40142857
12 -6.08857142 -6.18000000 -5.99714285
13 -6.69142857 -6.79000000 -6.59285714
14 -7.29428571 -7.40000000 -7.18857142
15 -7.89714285 -8.01000000 -7.78428571
16 -8.50000000 -8.62000000 -8.38000000
17 -9.10214285 -9.22000000 -8.98428571
18 -9.70428571 -9.82000000 -9.58857142
19 -10.30642857 -10.42000000 -10.19285714
20 -10.90857142 -11.02000000 -10.79714285
21 -11.51071428 -11.62000000 -11.40142857
22 -12.11285714 -12.22000000 -12.00571428
23 -12.71500000 -12.82000000 -12.61000000
24 -13.34125000 -13.44750000 -13.23500000
25 -13.96750000 -14.07500000 -13.86000000
26 -14.59375000 -14.70250000 -14.48500000
27 -15.22000000 -15.33000000 -15.11000000
28 -15.84625000 -15.95750000 -15.73500000
29 -16.47250000 -16.58500000 -16.36000000
30 -17.09875000 -17.21250000 -16.98500000
31 -17.72500000 -17.84000000 -17.61000000
32 -18.35125000 -18.46750000 -18.23500000
33 -18.97750000 -19.09500000 -18.86000000
34 -19.60375000 -19.72250000 -19.48500000
35 -20.23000000 -20.35000000 -20.11000000
36 -20.86603448 -20.99000000 -20.74206896
37 -21.50206896 -21.63000000 -21.37413793
38 -22.13810344 -22.27000000 -22.00620689
39 -22.77413793 -22.91000000 -22.63827586
40 -23.41017241 -23.55000000 -23.27034482
41 -24.04620689 -24.19000000 -23.90241379
42 -24.68224137 -24.83000000 -24.53448275
43 -25.31827586 -25.47000000 -25.16655172
44 -25.95431034 -26.11000000 -25.79862068
45 -26.59034482 -26.75000000 -26.43068965
46 -27.22637931 -27.39000000 -27.06275862
47 -27.86241379 -28.03000000 -27.69482758
48 -28.49844827 -28.67000000 -28.32689655
49 -29.13448275 -29.31000000 -28.95896551
50 -29.77051724 -29.95000000 -29.59103448
51 -30.40655172 -30.59000000 -30.22310344
52 -31.04258620 -31.23000000 -30.85517241
53 -31.67862068 -31.87000000 -31.48724137
54 -32.31465517 -32.51000000 -32.11931034
55 -32.95068965 -33.15000000 -32.75137931
56 -33.58672413 -33.79000000 -33.38344827
57 -34.22275862 -34.43000000 -34.01551724
58 -34.85879310 -35.07000000 -34.64758620
59 -35.49482758 -35.71000000 -35.27965517
60 -36.13086206 -36.35000000 -35.91172413
61 -36.76689655 -36.99000000 -36.54379310
62 -37.40293103 -37.63000000 -37.17586206
63 -38.03896551 -38.27000000 -37.80793103
64 -38.67500000 -38.91000000 -38.44000000
65 -39.32733333 -39.56300000 -39.09166666
66 -39.97966666 -40.21600000 -39.74333333
67 -40.63200000 -40.86900000 -40.39500000
68 -41.28433333 -41.52200000 -41.04666666
69 -41.93666666 -42.17500000 -41.69833333
70 -42.58900000 -42.82800000 -42.35000000
71 -43.24133333 -43.48100000 -43.00166666
72 -43.89366666 -44.13400000 -43.65333333
73 -44.54600000 -44.78700000 -44.30500000
74 -45.19833333 -45.44000000 -44.95666666
75 -45.85066666 -46.09300000 -45.60833333
76 -46.50300000 -46.74600000 -46.26000000
77 -47.15533333 -47.39900000 -46.91166666
78 -47.80766666 -48.05200000 -47.56333333
79 -48.46000000 -48.70500000 -48.21500000
80 -49.11233333 -49.35800000 -48.86666666
81 -49.76466666 -50.01100000 -49.51833333
82 -50.41700000 -50.66400000 -50.17000000
83 -51.06933333 -51.31700000 -50.82166666
84 -51.72166666 -51.97000000 -51.47333333
85 -52.37400000 -52.62300000 -52.12500000
86 -53.02633333 -53.27600000 -52.77666666
87 -53.67866666 -53.92900000 -53.42833333
88 -54.33100000 -54.58200000 -54.08000000
89 -54.98333333 -55.23500000 -54.73166666
90 -55.63566666 -55.88800000 -55.38333333
91 -56.28800000 -56.54100000 -56.03500000
92 -56.94033333 -57.19400000 -56.68666666
93 -57.59266666 -57.84700000 -57.33833333
94 -58.24500000 -58.50000000 -57.99000000
95 -58.91370967 -59.17612903 -58.65129032
96 -59.58241935 -59.85225806 -59.31258064
97 -60.25112903 -60.52838709 -59.97387096
98 -60.91983870 -61.20451612 -60.63516129
99 -61.58854838 -61.88064516 -61.29645161
100 -62.25725806 -62.55677419 -61.95774193
101 -62.92596774 -63.23290322 -62.61903225
102 -63.59467741 -63.90903225 -63.28032258
103 -64.26338709 -64.58516129 -63.94161290
104 -64.93209677 -65.26129032 -64.60290322
105 -65.60080645 -65.93741935 -65.26419354
106 -66.26951612 -66.61354838 -65.92548387
107 -66.93822580 -67.28967741 -66.58677419
108 -67.60693548 -67.96580645 -67.24806451
109 -68.27564516 -68.64193548 -67.90935483
110 -68.94435483 -69.31806451 -68.57064516
111 -69.61306451 -69.99419354 -69.23193548
112 -70.28177419 -70.67032258 -69.89322580
113 -70.95048387 -71.34645161 -70.55451612
114 -71.61919354 -72.02258064 -71.21580645
115 -72.28790322 -72.69870967 -71.87709677
116 -72.95661290 -73.37483870 -72.53838709
117 -73.62532258 -74.05096774 -73.19967741
118 -74.29403225 -74.72709677 -73.86096774
119 -74.96274193 -75.40322580 -74.52225806
120 -75.63145161 -76.07935483 -75.18354838
121 -76.30016129 -76.75548387 -75.84483870
122 -76.96887096 -77.43161290 -76.50612903
123 -77.63758064 -78.10774193 -77.16741935
124 -78.30629032 -78.78387096 -77.82870967
125 -78.97500000 -79.46000000 -78.49000000
126 -79.64216666 -80.12833333 -79.15600000
127 -80.30933333 -80.79666666 -79.82200000
128 -80.97650000 -81.46500000 -80.48800000
129 -81.64366666 -82.13333333 -81.15400000
130 -82.31083333 -82.80166666 -81.82000000
131 -82.97800000 -83.47000000 -82.48600000
132 -83.64516666 -84.13833333 -83.15200000
133 -84.31233333 -84.80666666 -83.81800000
134 -84.97950000 -85.47500000 -84.48400000
135 -85.64666666 -86.14333333 -85.15000000
136 -86.31383333 -86.81166666 -85.81600000
137 -86.98100000 -87.48000000 -86.48200000
138 -87.64816666 -88.14833333 -87.14800000
139 -88.31533333 -88.81666666 -87.81400000
140 -88.98250000 -89.48500000 -88.48000000
141 -89.64966666 -90.15333333 -89.14600000
142 -90.31683333 -90.82166666 -89.81200000
143 -90.98400000 -91.49000000 -90.47800000
144 -91.65116666 -92.15833333 -91.14400000
145 -92.31833333 -92.82666666 -91.81000000
146 -92.98550000 -93.49500000 -92.47600000
147 -93.65266666 -94.16333333 -93.14200000
148 -94.31983333 -94.83166666 -93.80800000
149 -94.98700000 -95.50000000 -94.47400000
150 -95.65416666 -96.16833333 -95.14000000
151 -96.32133333 -96.83666666 -95.80600000
152 -96.98850000 -97.50500000 -96.47200000
153 -97.65566666 -98.17333333 -97.13800000
154 -98.32283333 -98.84166666 -97.80400000
155 -98.99000000 -99.51000000 -98.47000000
156 -99.68121212 -100.21424242 -99.14818181
157 -100.37242424 -100.91848484 -99.82636363
158 -101.06363636 -101.62272727 -100.50454545
159 -101.75484848 -102.32696969 -101.18272727
160 -102.44606060 -103.03121212 -101.86090909
161 -103.13727272 -103.73545454 -102.53909090
162 -103.82848484 -104.43969696 -103.21727272
163 -104.51969696 -105.14393939 -103.89545454
164 -105.21090909 -105.84818181 -104.57363636
165 -105.90212121 -106.55242424 -105.25181818
166 -106.59333333 -107.25666666 -105.93000000
167 -107.28454545 -107.96090909 -106.60818181
168 -107.97575757 -108.66515151 -107.28636363
169 -108.66696969 -109.36939393 -107.96454545
170 -109.35818181 -110.07363636 -108.64272727
171 -110.04939393 -110.77787878 -109.32090909
172 -110.74060606 -111.48212121 -109.99909090
173 -111.43181818 -112.18636363 -110.67727272
174 -112.12303030 -112.89060606 -111.35545454
175 -112.81424242 -113.59484848 -112.03363636
176 -113.50545454 -114.29909090 -112.71181818
177 -114.19666666 -115.00333333 -113.39000000
178 -114.88787878 -115.70757575 -114.06818181
179 -115.57909090 -116.41181818 -114.74636363
180 -116.27030303 -117.11606060 -115.42454545
181 -116.96151515 -117.82030303 -116.10272727
182 -117.65272727 -118.52454545 -116.78090909
183 -118.34393939 -119.22878787 -117.45909090
184 -119.03515151 -119.93303030 -118.13727272
185 -119.72636363 -120.63727272 -118.81545454
186 -120.41757575 -121.34151515 -119.49363636
187 -121.10878787 -122.04575757 -120.17181818
188 -121.80000000 -122.75000000 -120.85000000
189 -122.46189655 -123.41517241 -121.50862068
190 -123.12379310 -124.08034482 -122.16724137
191 -123.78568965 -124.74551724 -122.82586206
192 -124.44758620 -125.41068965 -123.48448275
193 -125.10948275 -126.07586206 -124.14310344
194 -125.77137931 -126.74103448 -124.80172413
195 -126.43327586 -127.40620689 -125.46034482
196 -127.09517241 -128.07137931 -126.11896551
197 -127.75706896 -128.73655172 -126.77758620
198 -128.41896551 -129.40172413 -127.43620689
199 -129.08086206 -130.06689655 -128.09482758
200 -129.74275862 -130.73206896 -128.75344827
201 -130.40465517 -131.39724137 -129.41206896
202 -131.06655172 -132.06241379 -130.07068965
203 -131.72844827 -132.72758620 -130.72931034
204 -132.39034482 -133.39275862 -131.38793103
205 -133.05224137 -134.05793103 -132.04655172
206 -133.71413793 -134.72310344 -132.70517241
207 -134.37603448 -135.38827586 -133.36379310
208 -135.03793103 -136.05344827 -134.02241379
209 -135.69982758 -136.71862068 -134.68103448
210 -136.36172413 -137.38379310 -135.33965517
211 -137.02362068 -138.04896551 -135.99827586
212 -137.68551724 -138.71413793 -136.65689655
213 -138.34741379 -139.37931034 -137.31551724
214 -139.00931034 -140.04448275 -137.97413793
215 -139.67120689 -140.70965517 -138.63275862
216 -140.33310344 -141.37482758 -139.29137931
217 -140.99500000 -142.04000000 -139.95000000
218 -141.63214285 -142.68285714 -140.58142857
219 -142.26928571 -143.32571428 -141.21285714
220 -142.90642857 -143.96857142 -141.84428571
221 -143.54357142 -144.61142857 -142.47571428
222 -144.18071428 -145.25428571 -143.10714285
223 -144.81785714 -145.89714285 -143.73857142
224 -145.45500000 -146.54000000 -144.37000000
225 -146.09214285 -147.18285714 -145.00142857
226 -146.72928571 -147.82571428 -145.63285714
227 -147.36642857 -148.46857142 -146.26428571
228 -148.00357142 -149.11142857 -146.89571428
229 -148.64071428 -149.75428571 -147.52714285
230 -149.27785714 -150.39714285 -148.15857142
231 -149.91500000 -151.04000000 -148.79000000
232 -150.55214285 -151.68285714 -149.42142857
233 -151.18928571 -152.32571428 -150.05285714
234 -151.82642857 -152.96857142 -150.68428571
235 -152.46357142 -153.61142857 -151.31571428
236 -153.10071428 -154.25428571 -151.94714285
237 -153.73785714 -154.89714285 -152.57857142
238 -154.37500000 -155.54000000 -153.21000000
239 -155.01214285 -156.18285714 -153.84142857
240 -155.64928571 -156.82571428 -154.47285714
241 -156.28642857 -157.46857142 -155.10428571
242 -156.92357142 -158.11142857 -155.73571428
243 -157.56071428 -158.75428571 -156.36714285
244 -158.19785714 -159.39714285 -156.99857142
245 -158.83500000 -160.04000000 -157.63000000
246 -159.47612903 -160.69000000 -158.26225806
247 -160.11725806 -161.34000000 -158.89451612
248 -160.75838709 -161.99000000 -159.52677419
249 -161.39951612 -162.64000000 -160.15903225
250 -162.04064516 -163.29000000 -160.79129032
251 -162.68177419 -163.94000000 -161.42354838
252 -163.32290322 -164.59000000 -162.05580645
253 -163.96403225 -165.24000000 -162.68806451
254 -164.60516129 -165.89000000 -163.32032258
255 -165.24629032 -166.54000000 -163.95258064
256 -165.88741935 -167.19000000 -164.58483870
257 -166.52854838 -167.84000000 -165.21709677
258 -167.16967741 -168.49000000 -165.84935483
259 -167.81080645 -169.14000000 -166.48161290
260 -168.45193548 -169.79000000 -167.11387096
261 -169.09306451 -170.44000000 -167.74612903
262 -169.73419354 -171.09000000 -168.37838709
263 -170.37532258 -171.74000000 -169.01064516
264 -171.01645161 -172.39000000 -169.64290322
265 -171.65758064 -173.04000000 -170.27516129
266 -172.29870967 -173.69000000 -170.90741935
267 -172.93983870 -174.34000000 -171.53967741
268 -173.58096774 -174.99000000 -172.17193548
269 -174.22209677 -175.64000000 -172.80419354
270 -174.86322580 -176.29000000 -173.43645161
271 -175.50435483 -176.94000000 -174.06870967
272 -176.14548387 -177.59000000 -174.70096774
273 -176.78661290 -178.24000000 -175.33322580
274 -177.42774193 -178.89000000 -175.96548387
275 -178.06887096 -179.54000000 -176.59774193
276 -178.71000000 -180.19000000 -177.23000000
277 -179.32580645 -180.82000000 -177.83161290
278 -179.94161290 -181.45000000 -178.43322580
279 -180.55741935 -182.08000000 -179.03483870
280 -181.17322580 -182.71000000 -179.63645161
281 -181.78903225 -183.34000000 -180.23806451
282 -182.40483870 -183.97000000 -180.83967741
283 -183.02064516 -184.60000000 -181.44129032
284 -183.63645161 -185.23000000 -182.04290322
285 -184.25225806 -185.86000000 -182.64451612
286 -184.86806451 -186.49000000 -183.24612903
287 -185.48387096 -187.12000000 -183.84774193
288 -186.09967741 -187.75000000 -184.44935483
289 -186.71548387 -188.38000000 -185.05096774
290 -187.33129032 -189.01000000 -185.65258064
291 -187.94709677 -189.64000000 -186.25419354
292 -188.56290322 -190.27000000 -186.85580645
293 -189.17870967 -190.90000000 -187.45741935
294 -189.79451612 -191.53000000 -188.05903225
295 -190.41032258 -192.16000000 -188.66064516
296 -191.02612903 -192.79000000 -189.26225806
297 -191.64193548 -193.42000000 -189.86387096
298 -192.25774193 -194.05000000 -190.46548387
299 -192.87354838 -194.68000000 -191.06709677
300 -193.48935483 -195.31000000 -191.66870967
301 -194.10516129 -195.94000000 -192.27032258
302 -194.72096774 -196.57000000 -192.87193548
303 -195.33677419 -197.20000000 -193.47354838
304 -195.95258064 -197.83000000 -194.07516129
305 -196.56838709 -198.46000000 -194.67677419
306 -197.18419354 -199.09000000 -195.27838709
307 -197.80000000 -199.72000000 -195.88000000
308 -198.38000000 -200.32066666 -196.43933333
309 -198.96000000 -200.92133333 -196.99866666
310 -199.54000000 -201.52200000 -197.55800000
311 -200.12000000 -202.12266666 -198.11733333
312 -200.70000000 -202.72333333 -198.67666666
313 -201.28000000 -203.32400000 -199.23600000
314 -201.86000000 -203.92466666 -199.79533333
315 -202.44000000 -204.52533333 -200.35466666
316 -203.02000000 -205.12600000 -200.91400000
317 -203.60000000 -205.72666666 -201.47333333
318 -204.18000000 -206.32733333 -202.03266666
319 -204.76000000 -206.92800000 -202.59200000
320 -205.34000000 -207.52866666 -203.15133333
321 -205.92000000 -208.12933333 -203.71066666
322 -206.50000000 -208.73000000 -204.27000000
323 -207.08000000 -209.33066666 -204.82933333
324 -207.66000000 -209.93133333 -205.38866666
325 -208.24000000 -210.53200000 -205.94800000
326 -208.82000000 -211.13266666 -206.50733333
327 -209.40000000 -211.73333333 -207.06666666
328 -209.98000000 -212.33400000 -207.62600000
329 -210.56000000 -212.93466666 -208.18533333
330 -211.14000000 -213.53533333 -208.74466666
331 -211.72000000 -214.13600000 -209.30400000
332 -212.30000000 -214.73666666 -209.86333333
333 -212.88000000 -215.33733333 -210.42266666
334 -213.46000000 -215.93800000 -210.98200000
335 -214.04000000 -216.53866666 -211.54133333
336 -214.62000000 -217.13933333 -212.10066666
337 -215.20000000 -217.74000000 -212.66000000
338 -215.77600000 -218.31966666 -213.23233333
339 -216.35200000 -218.89933333 -213.80466666
340 -216.92800000 -219.47900000 -214.37700000
341 -217.50400000 -220.05866666 -214.94933333
342 -218.08000000 -220.63833333 -215.52166666
343 -218.65600000 -221.21800000 -216.09400000
344 -219.23200000 -221.79766666 -216.66633333
345 -219.80800000 -222.37733333 -217.23866666
346 -220.38400000 -222.95700000 -217.81100000
347 -220.96000000 -223.53666666 -218.38333333
348 -221.53600000 -224.11633333 -218.95566666
349 -222.11200000 -224.69600000 -219.52800000
350 -222.68800000 -225.27566666 -220.10033333
351 -223.26400000 -225.85533333 -220.67266666
352 -223.84000000 -226.43500000 -221.24500000
353 -224.41600000 -227.01466666 -221.81733333
354 -224.99200000 -227.59433333 -222.38966666
355 -225.56800000 -228.17400000 -222.96200000
356 -226.14400000 -228.75366666 -223.53433333
357 -226.72000000 -229.33333333 -224.10666666
358 -227.29600000 -229.91300000 -224.67900000
359 -227.87200000 -230.49266666 -225.25133333
360 -228.44800000 -231.07233333 -225.82366666
361 -229.02400000 -231.65200000 -226.39600000
362 -229.60000000 -232.23166666 -226.96833333
363 -230.17600000 -232.81133333 -227.54066666
364 -230.75200000 -233.39100000 -228.11300000
365 -231.32800000 -233.97066666 -228.68533333
366 -231.90400000 -234.55033333 -229.25766666
367 -232.48000000 -235.13000000 -229.83000000
368 -233.00610638 -235.66114893 -230.35106382
369 -233.53221276 -236.19229787 -230.87212765
370 -234.05831914 -236.72344680 -231.39319148
371 -234.58442553 -237.25459574 -231.91425531
372 -235.11053191 -237.78574468 -232.43531914
373 -235.63663829 -238.31689361 -232.95638297
374 -236.16274468 -238.84804255 -233.47744680
375 -236.68885106 -239.37919148 -233.99851063
376 -237.21495744 -239.91034042 -234.51957446
377 -237.74106382 -240.44148936 -235.04063829
378 -238.26717021 -240.97263829 -235.56170212
379 -238.79327659 -241.50378723 -236.08276595
380 -239.31938297 -242.03493617 -236.60382978
381 -239.84548936 -242.56608510 -237.12489361
382 -240.37159574 -243.09723404 -237.64595744
383 -240.89770212 -243.62838297 -238.16702127
384 -241.42380851 -244.15953191 -238.68808510
385 -241.94991489 -244.69068085 -239.20914893
386 -242.47602127 -245.22182978 -239.73021276
387 -243.00212765 -245.75297872 -240.25127659
388 -243.52823404 -246.28412765 -240.77234042
389 -244.05434042 -246.81527659 -241.29340425
390 -244.58044680 -247.34642553 -241.81446808
391 -245.10655319 -247.87757446 -242.33553191
392 -245.63265957 -248.40872340 -242.85659574
393 -246.15876595 -248.93987234 -243.37765957
394 -246.68487234 -249.47102127 -243.89872340
395 -247.21097872 -250.00217021 -244.41978723
396 -247.73708510 -250.53331914 -244.94085106
397 -248.26319148 -251.06446808 -245.46191489
398 -248.78929787 -251.59561702 -245.98297872
399 -249.31540425 -252.12676595 -246.50404255
400 -249.84151063 -252.65791489 -247.02510638
401 -250.36761702 -253.18906382 -247.54617021
402 -250.89372340 -253.72021276 -248.06723404
403 -251.41982978 -254.25136170 -248.58829787
404 -251.94593617 -254.78251063 -249.10936170
405 -252.47204255 -255.31365957 -249.63042553
406 -252.99814893 -255.84480851 -250.15148936
407 -253.52425531 -256.37595744 -250.67255319
408 -254.05036170 -256.90710638 -251.19361702
409 -254.57646808 -257.43825531 -251.71468085
410 -255.10257446 -257.96940425 -252.23574468
411 -255.62868085 -258.50055319 -252.75680851
412 -256.15478723 -259.03170212 -253.27787234
413 -256.68089361 -259.56285106 -253.79893617
414 -257.20700000 -260.09400000 -254.32000000
415 -257.73310638 -260.62514893 -254.84106382
416 -258.25921276 -261.15629787 -255.36212765
417 -258.78531914 -261.68744680 -255.88319148
418 -259.31142553 -262.21859574 -256.40425531
419 -259.83753191 -262.74974468 -256.92531914
420 -260.36363829 -263.28089361 -257.44638297
421 -260.88974468 -263.81204255 -257.96744680
422 -261.41585106 -264.34319148 -258.48851063
423 -261.94195744 -264.87434042 -259.00957446
424 -262.46806382 -265.40548936 -259.53063829
425 -262.99417021 -265.93663829 -260.05170212
426 -263.52027659 -266.46778723 -260.57276595
427 -264.04638297 -266.99893617 -261.09382978
428 -264.57248936 -267.53008510 -261.61489361
429 -265.09859574 -268.06123404 -262.13595744
430 -265.62470212 -268.59238297 -262.65702127
431 -266.15080851 -269.12353191 -263.17808510
432 -266.67691489 -269.65468085 -263.69914893
433 -267.20302127 -270.18582978 -264.22021276
434 -267.72912765 -270.71697872 -264.74127659
435 -268.25523404 -271.24812765 -265.26234042
436 -268.78134042 -271.77927659 -265.78340425
437 -269.30744680 -272.31042553 -266.30446808
438 -269.83355319 -272.84157446 -266.82553191
439 -270.35965957 -273.37272340 -267.34659574
440 -270.88576595 -273.90387234 -267.86765957
441 -271.41187234 -274.43502127 -268.38872340
442 -271.93797872 -274.96617021 -268.90978723
443 -272.46408510 -275.49731914 -269.43085106
444 -272.99019148 -276.02846808 -269.95191489
445 -273.51629787 -276.55961702 -270.47297872
446 -274.04240425 -277.09076595 -270.99404255
447 -274.56851063 -277.62191489 -271.51510638
448 -275.09461702 -278.15306382 -272.03617021
449 -275.62072340 -278.68421276 -272.55723404
450 -276.14682978 -279.21536170 -273.07829787
451 -276.67293617 -279.74651063 -273.59936170
452 -277.19904255 -280.27765957 -274.12042553
453 -277.72514893 -280.80880851 -274.64148936
454 -278.25125531 -281.33995744 -275.16255319
455 -278.77736170 -281.87110638 -275.68361702
456 -279.30346808 -282.40225531 -276.20468085
457 -279.82957446 -282.93340425 -276.72574468
458 -280.35568085 -283.46455319 -277.24680851
459 -280.88178723 -283.99570212 -277.76787234
460 -281.40789361 -284.52685106 -278.28893617
461 -281.93400000 -285.05800000 -278.81000000
462 -282.40901086 -285.53747826 -279.28054347
463 -282.88402173 -286.01695652 -279.75108695
464 -283.35903260 -286.49643478 -280.22163043
465 -283.83404347 -286.97591304 -280.69217391
466 -284.30905434 -287.45539130 -281.16271739
467 -284.78406521 -287.93486956 -281.63326086
468 -285.25907608 -288.41434782 -282.10380434
469 -285.73408695 -288.89382608 -282.57434782
470 -286.20909782 -289.37330434 -283.04489130
471 -286.68410869 -289.85278260 -283.51543478
472 -287.15911956 -290.33226086 -283.98597826
473 -287.63413043 -290.81173913 -284.45652173
474 -288.10914130 -291.29121739 -284.92706521
475 -288.58415217 -291.77069565 -285.39760869
476 -289.05916304 -292.25017391 -285.86815217
477 -289.53417391 -292.72965217 -286.33869565
478 -290.00918478 -293.20913043 -286.80923913
479 -290.48419565 -293.68860869 -287.27978260
480 -290.95920652 -294.16808695 -287.75032608
481 -291.43421739 -294.64756521 -288.22086956
482 -291.90922826 -295.12704347 -288.69141304
483 -292.38423913 -295.60652173 -289.16195652
484 -292.85925000 -296.08600000 -289.63250000
485 -293.33426086 -296.56547826 -290.10304347
486 -293.80927173 -297.04495652 -290.57358695
487 -294.28428260 -297.52443478 -291.04413043
488 -294.75929347 -298.00391304 -291.51467391
489 -295.23430434 -298.48339130 -291.98521739
490 -295.70931521 -298.96286956 -292.45576086
491 -296.18432608 -299.44234782 -292.92630434
492 -296.65933695 -299.92182608 -293.39684782
493 -297.13434782 -300.40130434 -293.86739130
494 -297.60935869 -300.88078260 -294.33793478
495 -298.08436956 -301.36026086 -294.80847826
496 -298.55938043 -301.83973913 -295.27902173
497 -299.03439130 -302.31921739 -295.74956521
498 -299.50940217 -302.79869565 -296.22010869
499 -299.98441304 -303.27817391 -296.69065217
500 -300.45942391 -303.75765217 -297.16119565
501 -300.93443478 -304.23713043 -297.63173913
502 -301.40944565 -304.71660869 -298.10228260
503 -301.88445652 -305.19608695 -298.57282608
504 -302.35946739 -305.67556521 -299.04336956
505 -302.83447826 -306.15504347 -299.51391304
506 -303.30948913 -306.63452173 -299.98445652
507 -303.78450000 -307.11400000 -300.45500000
508 -304.25951086 -307.59347826 -300.92554347
509 -304.73452173 -308.07295652 -301.39608695
510 -305.20953260 -308.55243478 -301.86663043
511 -305.68454347 -309.03191304 -302.33717391
512 -306.15955434 -309.51139130 -302.80771739
513 -306.63456521 -309.99086956 -303.27826086
514 -307.10957608 -310.47034782 -303.74880434
515 -307.58458695 -310.94982608 -304.21934782
516 -308.05959782 -311.42930434 -304.68989130
517 -308.53460869 -311.90878260 -305.16043478
518 -309.00961956 -312.38826086 -305.63097826
519 -309.48463043 -312.86773913 -306.10152173
520 -309.95964130 -313.34721739 -306.57206521
521 -310.43465217 -313.82669565 -307.04260869
522 -310.90966304 -314.30617391 -307.51315217
523 -311.38467391 -314.78565217 -307.98369565
524 -311.85968478 -315.26513043 -308.45423913
525 -312.33469565 -315.74460869 -308.92478260
526 -312.80970652 -316.22408695 -309.39532608
527 -313.28471739 -316.70356521 -309.86586956
528 -313.75972826 -317.18304347 -310.33641304
529 -314.23473913 -317.66252173 -310.80695652
530 -314.70975000 -318.14200000 -311.27750000
531 -315.18476086 -318.62147826 -311.74804347
532 -315.65977173 -319.10095652 -312.21858695
533 -316.13478260 -319.58043478 -312.68913043
534 -316.60979347 -320.05991304 -313.15967391
535 -317.08480434 -320.53939130 -313.63021739
536 -317.55981521 -321.01886956 -314.10076086
537 -318.03482608 -321.49834782 -314.57130434
538 -318.50983695 -321.97782608 -315.04184782
539 -318.98484782 -322.45730434 -315.51239130
540 -319.45985869 -322.93678260 -315.98293478
541 -319.93486956 -323.41626086 -316.45347826
542 -320.40988043 -323.89573913 -316.92402173
543 -320.88489130 -324.37521739 -317.39456521
544 -321.35990217 -324.85469565 -317.86510869
545 -321.83491304 -325.33417391 -318.33565217
546 -322.30992391 -325.81365217 -318.80619565
547 -322.78493478 -326.29313043 -319.27673913
548 -323.25994565 -326.77260869 -319.74728260
549 -323.73495652 -327.25208695 -320.21782608
550 -324.20996739 -327.73156521 -320.68836956
551 -324.68497826 -328.21104347 -321.15891304
552 -325.15998913 -328.69052173 -321.62945652
553 -325.63500000 -329.17000000 -322.10000000
554 -326.03388333 -329.58490000 -322.48286666
555 -326.43276666 -329.99980000 -322.86573333
556 -326.83165000 -330.41470000 -323.24860000
557 -327.23053333 -330.82960000 -323.63146666
558 -327.62941666 -331.24450000 -324.01433333
559 -328.02830000 -331.65940000 -324.39720000
560 -328.42718333 -332.07430000 -324.78006666
561 -328.82606666 -332.48920000 -325.16293333
562 -329.22495000 -332.90410000 -325.54580000
563 -329.62383333 -333.31900000 -325.92866666
564 -330.02271666 -333.73390000 -326.31153333
565 -330.42160000 -334.14880000 -326.69440000
566 -330.82048333 -334.56370000 -327.07726666
567 -331.21936666 -334.97860000 -327.46013333
568 -331.61825000 -335.39350000 -327.84300000
569 -332.01713333 -335.80840000 -328.22586666
570 -332.41601666 -336.22330000 -328.60873333
571 -332.81490000 -336.63820000 -328.99160000
572 -333.21378333 -337.05310000 -329.37446666
573 -333.61266666 -337.46800000 -329.75733333
574 -334.01155000 -337.88290000 -330.14020000
575 -334.41043333 -338.29780000 -330.52306666
576 -334.80931666 -338.71270000 -330.90593333
577 -335.20820000 -339.12760000 -331.28880000
578 -335.60708333 -339.54250000 -331.67166666
579 -336.00596666 -339.95740000 -332.05453333
580 -336.40485000 -340.37230000 -332.43740000
581 -336.80373333 -340.78720000 -332.82026666
582 -337.20261666 -341.20210000 -333.20313333
583 -337.60150000 -341.61700000 -333.58600000
584 -338.00038333 -342.03190000 -333.96886666
585 -338.39926666 -342.44680000 -334.35173333
586 -338.79815000 -342.86170000 -334.73460000
587 -339.19703333 -343.27660000 -335.11746666
588 -339.59591666 -343.69150000 -335.50033333
589 -339.99480000 -344.10640000 -335.88320000
590 -340.39368333 -344.52130000 -336.26606666
591 -340.79256666 -344.93620000 -336.64893333
592 -341.19145000 -345.35110000 -337.03180000
593 -341.59033333 -345.76600000 -337.41466666
594 -341.98921666 -346.18090000 -337.79753333
595 -342.38810000 -346.59580000 -338.18040000
596 -342.78698333 -347.01070000 -338.56326666
597 -343.18586666 -347.42560000 -338.94613333
598 -343.58475000 -347.84050000 -339.32900000
599 -343.98363333 -348.25540000 -339.71186666
600 -344.38251666 -348.67030000 -340.09473333
601 -344.78140000 -349.08520000 -340.47760000
602 -345.18028333 -349.50010000 -340.86046666
603 -345.57916666 -349.91500000 -341.24333333
604 -345.97805000 -350.32990000 -341.62620000
605 -346.37693333 -350.74480000 -342.00906666
606 -346.77581666 -351.15970000 -342.39193333
607 -347.17470000 -351.57460000 -342.77480000
608 -347.57358333 -351.98950000 -343.15766666
609 -347.97246666 -352.40440000 -343.54053333
610 -348.37135000 -352.81930000 -343.92340000
611 -348.77023333 -353.23420000 -344.30626666
612 -349.16911666 -353.64910000 -344.68913333
613 -349.56800000 -354.06400000 -345.07200000
614 -349.96688333 -354.47890000 -345.45486666
615 -350.36576666 -354.89380000 -345.83773333
616 -350.76465000 -355.30870000 -346.22060000
617 -351.16353333 -355.72360000 -346.60346666
618 -351.56241666 -356.13850000 -346.98633333
619 -351.96130000 -356.55340000 -347.36920000
620 -352.36018333 -356.96830000 -347.75206666
621 -352.75906666 -357.38320000 -348.13493333
622 -353.15795000 -357.79810000 -348.51780000
623 -353.55683333 -358.21300000 -348.90066666
624 -353.95571666 -358.62790000 -349.28353333
625 -354.35460000 -359.04280000 -349.66640000
626 -354.75348333 -359.45770000 -350.04926666
627 -355.15236666 -359.87260000 -350.43213333
628 -355.55125000 -360.28750000 -350.81500000
629 -355.95013333 -360.70240000 -351.19786666
630 -356.34901666 -361.11730000 -351.58073333
631 -356.74790000 -361.53220000 -351.96360000
632 -357.14678333 -361.94710000 -352.34646666
633 -357.54566666 -362.36200000 -352.72933333
634 -357.94455000 -362.77690000 -353.11220000
635 -358.34343333 -363.19180000 -353.49506666
636 -358.74231666 -363.60670000 -353.87793333
637 -359.14120000 -364.02160000 -354.26080000
638 -359.54008333 -364.43650000 -354.64366666
639 -359.93896666 -364.85140000 -355.02653333
640 -360.33785000 -365.26630000 -355.40940000
641 -360.73673333 -365.68120000 -355.79226666
642 -361.13561666 -366.09610000 -356.17513333
643 -361.53450000 -366.51100000 -356.55800000
644 -361.93407526 -366.93163440 -356.93651612
645 -362.33365053 -367.35226881 -357.31503225
646 -362.73322580 -367.77290322 -357.69354838
647 -363.13280107 -368.19353763 -358.07206451
648 -363.53237634 -368.61417204 -358.45058064
649 -363.93195161 -369.03480645 -358.82909677
650 -364.33152688 -369.45544086 -359.20761290
651 -364.73110215 -369.87607526 -359.58612903
652 -365.13067741 -370.29670967 -359.96464516
653 -365.53025268 -370.71734408 -360.34316129
654 -365.92982795 -371.13797849 -360.72167741
655 -366.32940322 -371.55861290 -361.10019354
656 -366.72897849 -371.97924731 -361.47870967
657 -367.12855376 -372.39988172 -361.85722580
658 -367.52812903 -372.82051612 -362.23574193
659 -367.92770430 -373.24115053 -362.61425806
660 -368.32727956 -373.66178494 -362.99277419
661 -368.72685483 -374.08241935 -363.37129032
662 -369.12643010 -374.50305376 -363.74980645
663 -369.52600537 -374.92368817 -364.12832258
664 -369.92558064 -375.34432258 -364.50683870
665 -370.32515591 -375.76495698 -364.88535483
666 -370.72473118 -376.18559139 -365.26387096
667 -371.12430645 -376.60622580 -365.64238709
668 -371.52388172 -377.02686021 -366.02090322
669 -371.92345698 -377.44749462 -366.39941935
670 -372.32303225 -377.86812903 -366.77793548
671 -372.72260752 -378.28876344 -367.15645161
672 -373.12218279 -378.70939784 -367.53496774
673 -373.52175806 -379.13003225 -367.91348387
674 -373.92133333 -379.55066666 -368.29200000
675 -374.32090860 -379.97130107 -368.67051612
676 -374.72048387 -380.39193548 -369.04903225
677 -375.12005913 -380.81256989 -369.42754838
678 -375.51963440 -381.23320430 -369.80606451
679 -375.91920967 -381.65383870 -370.18458064
680 -376.31878494 -382.07447311 -370.56309677
681 -376.71836021 -382.49510752 -370.94161290
682 -377.11793548 -382.91574193 -371.32012903
683 -377.51751075 -383.33637634 -371.69864516
684 -377.91708602 -383.75701075 -372.07716129
685 -378.31666129 -384.17764516 -372.45567741
686 -378.71623655 -384.59827956 -372.83419354
687 -379.11581182 -385.01891397 -373.21270967
688 -379.51538709 -385.43954838 -373.59122580
689 -379.91496236 -385.86018279 -373.96974193
690 -380.31453763 -386.28081720 -374.34825806
691 -380.71411290 -386.70145161 -374.72677419
692 -381.11368817 -387.12208602 -375.10529032
693 -381.51326344 -387.54272043 -375.48380645
694 -381.91283870 -387.96335483 -375.86232258
695 -382.31241397 -388.38398924 -376.24083870
696 -382.71198924 -388.80462365 -376.61935483
697 -383.11156451 -389.22525806 -376.99787096
698 -383.51113978 -389.64589247 -377.37638709
699 -383.91071505 -390.06652688 -377.75490322
700 -384.31029032 -390.48716129 -378.13341935
701 -384.70986559 -390.90779569 -378.51193548
702 -385.10944086 -391.32843010 -378.89045161
703 -385.50901612 -391.74906451 -379.26896774
704 -385.90859139 -392.16969892 -379.64748387
705 -386.30816666 -392.59033333 -380.02600000
706 -386.70774193 -393.01096774 -380.40451612
707 -387.10731720 -393.43160215 -380.78303225
708 -387.50689247 -393.85223655 -381.16154838
709 -387.90646774 -394.27287096 -381.54006451
710 -388.30604301 -394.69350537 -381.91858064
711 -388.70561827 -395.11413978 -382.29709677
712 -389.10519354 -395.53477419 -382.67561290
713 -389.50476881 -395.95540860 -383.05412903
714 -389.90434408 -396.37604301 -383.43264516
715 -390.30391935 -396.79667741 -383.81116129
716 -390.70349462 -397.21731182 -384.18967741
717 -391.10306989 -397.63794623 -384.56819354
718 -391.50264516 -398.05858064 -384.94670967
719 -391.90222043 -398.47921505 -385.32522580
720 -392.30179569 -398.89984946 -385.70374193
721 -392.70137096 -399.32048387 -386.08225806
722 -393.10094623 -399.74111827 -386.46077419
723 -393.50052150 -400.16175268 -386.83929032
724 -393.90009677 -400.58238709 -387.21780645
725 -394.29967204 -401.00302150 -387.59632258
726 -394.69924731 -401.42365591 -387.97483870
727 -395.09882258 -401.84429032 -388.35335483
728 -395.49839784 -402.26492473 -388.73187096
729 -395.89797311 -402.68555913 -389.11038709
730 -396.29754838 -403.10619354 -389.48890322
731 -396.69712365 -403.52682795 -389.86741935
732 -397.09669892 -403.94746236 -390.24593548
733 -397.49627419 -404.36809677 -390.62445161
734 -397.89584946 -404.78873118 -391.00296774
735 -398.29542473 -405.20936559 -391.38148387
736 -398.69500000 -405.63000000 -391.76000000
737 -399.02924242 -405.97674931 -392.08173553
738 -399.36348484 -406.32349862 -392.40347107
739 -399.69772727 -406.67024793 -392.72520661
740 -400.03196969 -407.01699724 -393.04694214
741 -400.36621212 -407.36374655 -393.36867768
742 -400.70045454 -407.71049586 -393.69041322
743 -401.03469696 -408.05724517 -394.01214876
744 -401.36893939 -408.40399449 -394.33388429
745 -401.70318181 -408.75074380 -394.65561983
746 -402.03742424 -409.09749311 -394.97735537
747 -402.37166666 -409.44424242 -395.29909090
748 -402.70590909 -409.79099173 -395.62082644
749 -403.04015151 -410.13774104 -395.94256198
750 -403.37439393 -410.48449035 -396.26429752
751 -403.70863636 -410.83123966 -396.58603305
752 -404.04287878 -411.17798898 -396.90776859
753 -404.37712121 -411.52473829 -397.22950413
754 -404.71136363 -411.87148760 -397.55123966
755 -405.04560606 -412.21823691 -397.87297520
756 -405.37984848 -412.56498622 -398.19471074
757 -405.71409090 -412.91173553 -398.51644628
758 -406.04833333 -413.25848484 -398.83818181
759 -406.38257575 -413.60523415 -399.15991735
760 -406.71681818 -413.95198347 -399.48165289
761 -407.05106060 -414.29873278 -399.80338842
762 -407.38530303 -414.64548209 -400.12512396
763 -407.71954545 -414.99223140 -400.44685950
764 -408.05378787 -415.33898071 -400.76859504
765 -408.38803030 -415.68573002 -401.09033057
766 -408.72227272 -416.03247933 -401.41206611
767 -409.05651515 -416.37922865 -401.73380165
768 -409.39075757 -416.72597796 -402.05553719
769 -409.72500000 -417.07272727 -402.37727272
770 -410.05924242 -417.41947658 -402.69900826
771 -410.39348484 -417.76622589 -403.02074380
772 -410.72772727 -418.11297520 -403.34247933
773 -411.06196969 -418.45972451 -403.66421487
774 -411.39621212 -418.80647382 -403.98595041
775 -411.73045454 -419.15322314 -404.30768595
776 -412.06469696 -419.49997245 -404.62942148
777 -412.39893939 -419.84672176 -404.95115702
778 -412.73318181 -420.19347107 -405.27289256
779 -413.06742424 -420.54022038 -405.59462809
780 -413.40166666 -420.88696969 -405.91636363
781 -413.73590909 -421.23371900 -406.23809917
782 -414.07015151 -421.58046831 -406.55983471
783 -414.40439393 -421.92721763 -406.88157024
784 -414.73863636 -422.27396694 -407.20330578
785 -415.07287878 -422.62071625 -407.52504132
786 -415.40712121 -422.96746556 -407.84677685
787 -415.74136363 -423.31421487 -408.16851239
788 -416.07560606 -423.66096418 -408.49024793
789 -416.40984848 -424.00771349 -408.81198347
790 -416.74409090 -424.35446280 -409.13371900
791 -417.07833333 -424.70121212 -409.45545454
792 -417.41257575 -425.04796143 -409.77719008
793 -417.74681818 -425.39471074 -410.09892561
794 -418.08106060 -425.74146005 -410.42066115
795 -418.41530303 -426.08820936 -410.74239669
796 -418.74954545 -426.43495867 -411.06413223
797 -419.08378787 -426.78170798 -411.38586776
798 -419.41803030 -427.12845730 -411.70760330
799 -419.75227272 -427.47520661 -412.02933884
800 -420.08651515 -427.82195592 -412.35107438
801 -420.42075757 -428.16870523 -412.67280991
802 -420.75500000 -428.51545454 -412.99454545
803 -421.08924242 -428.86220385 -413.31628099
804 -421.42348484 -429.20895316 -413.63801652
805 -421.75772727 -429.55570247 -413.95975206
806 -422.09196969 -429.90245179 -414.28148760
807 -422.42621212 -430.24920110 -414.60322314
808 -422.76045454 -430.59595041 -414.92495867
809 -423.09469696 -430.94269972 -415.24669421
810 -423.42893939 -431.28944903 -415.56842975
811 -423.76318181 -431.63619834 -415.89016528
812 -424.09742424 -431.98294765 -416.21190082
813 -424.43166666 -432.32969696 -416.53363636
814 -424.76590909 -432.67644628 -416.85537190
815 -425.10015151 -433.02319559 -417.17710743
816 -425.43439393 -433.36994490 -417.49884297
817 -425.76863636 -433.71669421 -417.82057851
818 -426.10287878 -434.06344352 -418.14231404
819 -426.43712121 -434.41019283 -418.46404958
820 -426.77136363 -434.75694214 -418.78578512
821 -427.10560606 -435.10369146 -419.10752066
822 -427.43984848 -435.45044077 -419.42925619
823 -427.77409090 -435.79719008 -419.75099173
824 -428.10833333 -436.14393939 -420.07272727
825 -428.44257575 -436.49068870 -420.39446280
826 -428.77681818 -436.83743801 -420.71619834
827 -429.11106060 -437.18418732 -421.03793388
828 -429.44530303 -437.53093663 -421.35966942
829 -429.77954545 -437.87768595 -421.68140495
830 -430.11378787 -438.22443526 -422.00314049
831 -430.44803030 -438.57118457 -422.32487603
832 -430.78227272 -438.91793388 -422.64661157
833 -431.11651515 -439.26468319 -422.96834710
834 -431.45075757 -439.61143250 -423.29008264
835 -431.78500000 -439.95818181 -423.61181818
836 -432.11924242 -440.30493112 -423.93355371
837 -432.45348484 -440.65168044 -424.25528925
838 -432.78772727 -440.99842975 -424.57702479
839 -433.12196969 -441.34517906 -424.89876033
840 -433.45621212 -441.69192837 -425.22049586
841 -433.79045454 -442.03867768 -425.54223140
842 -434.12469696 -442.38542699 -425.86396694
843 -434.45893939 -442.73217630 -426.18570247
844 -434.79318181 -443.07892561 -426.50743801
845 -435.12742424 -443.42567493 -426.82917355
846 -435.46166666 -443.77242424 -427.15090909
847 -435.79590909 -444.11917355 -427.47264462
848 -436.13015151 -444.46592286 -427.79438016
849 -436.46439393 -444.81267217 -428.11611570
850 -436.79863636 -445.15942148 -428.43785123
851 -437.13287878 -445.50617079 -428.75958677
852 -437.46712121 -445.85292011 -429.08132231
853 -437.80136363 -446.19966942 -429.40305785
854 -438.13560606 -446.54641873 -429.72479338
855 -438.46984848 -446.89316804 -430.04652892
856 -438.80409090 -447.23991735 -430.36826446
857 -439.13833333 -447.58666666 -430.69000000
858 -439.47257575 -447.93341597 -431.01173553
859 -439.80681818 -448.28016528 -431.33347107
860 -440.14106060 -448.62691460 -431.65520661
861 -440.47530303 -448.97366391 -431.97694214
862 -440.80954545 -449.32041322 -432.29867768
863 -441.14378787 -449.66716253 -432.62041322
864 -441.47803030 -450.01391184 -432.94214876
865 -441.81227272 -450.36066115 -433.26388429
866 -442.14651515 -450.70741046 -433.58561983
867 -442.48075757 -451.05415977 -433.90735537
868 -442.81500000 -451.40090909 -434.22909090
869 -443.14924242 -451.74765840 -434.55082644
870 -443.48348484 -452.09440771 -434.87256198
871 -443.81772727 -452.44115702 -435.19429752
872 -444.15196969 -452.78790633 -435.51603305
873 -444.48621212 -453.13465564 -435.83776859
874 -444.82045454 -453.48140495 -436.15950413
875 -445.15469696 -453.82815427 -436.48123966
876 -445.48893939 -454.17490358 -436.80297520
877 -445.82318181 -454.52165289 -437.12471074
878 -446.15742424 -454.86840220 -437.44644628
879 -446.49166666 -455.21515151 -437.76818181
880 -446.82590909 -455.56190082 -438.08991735
881 -447.16015151 -455.90865013 -438.41165289
882 -447.49439393 -456.25539944 -438.73338842
883 -447.82863636 -456.60214876 -439.05512396
884 -448.16287878 -456.94889807 -439.37685950
885 -448.49712121 -457.29564738 -439.69859504
886 -448.83136363 -457.64239669 -440.02033057
887 -449.16560606 -457.98914600 -440.34206611
888 -449.49984848 -458.33589531 -440.66380165
889 -449.83409090 -458.68264462 -440.98553719
890 -450.16833333 -459.02939393 -441.30727272
891 -450.50257575 -459.37614325 -441.62900826
892 -450.83681818 -459.72289256 -441.95074380
893 -451.17106060 -460.06964187 -442.27247933
894 -451.50530303 -460.41639118 -442.59421487
895 -451.83954545 -460.76314049 -442.91595041
896 -452.17378787 -461.10988980 -443.23768595
897 -452.50803030 -461.45663911 -443.55942148
898 -452.84227272 -461.80338842 -443.88115702
899 -453.17651515 -462.15013774 -444.20289256
900 -453.51075757 -462.49688705 -444.52462809
901 -453.84500000 -462.84363636 -444.84636363
902 -454.17924242 -463.19038567 -445.16809917
903 -454.51348484 -463.53713498 -445.48983471
904 -454.84772727 -463.88388429 -445.81157024
905 -455.18196969 -464.23063360 -446.13330578
906 -455.51621212 -464.57738292 -446.45504132
907 -455.85045454 -464.92413223 -446.77677685
908 -456.18469696 -465.27088154 -447.09851239
909 -456.51893939 -465.61763085 -447.42024793
910 -456.85318181 -465.96438016 -447.74198347
911 -457.18742424 -466.31112947 -448.06371900
912 -457.52166666 -466.65787878 -448.38545454
913 -457.85590909 -467.00462809 -448.70719008
914 -458.19015151 -467.35137741 -449.02892561
915 -458.52439393 -467.69812672 -449.35066115
916 -458.85863636 -468.04487603 -449.67239669
917 -459.19287878 -468.39162534 -449.99413223
918 -459.52712121 -468.73837465 -450.31586776
919 -459.86136363 -469.08512396 -450.63760330
920 -460.19560606 -469.43187327 -450.95933884
921 -460.52984848 -469.77862258 -451.28107438
922 -460.86409090 -470.12537190 -451.60280991
923 -461.19833333 -470.47212121 -451.92454545
924 -461.53257575 -470.81887052 -452.24628099
925 -461.86681818 -471.16561983 -452.56801652
926 -462.20106060 -471.51236914 -452.88975206
927 -462.53530303 -471.85911845 -453.21148760
928 -462.86954545 -472.20586776 -453.53322314
929 -463.20378787 -472.55261707 -453.85495867
930 -463.53803030 -472.89936639 -454.17669421
931 -463.87227272 -473.24611570 -454.49842975
932 -464.20651515 -473.59286501 -454.82016528
933 -464.54075757 -473.93961432 -455.14190082
934 -464.87500000 -474.28636363 -455.46363636
935 -465.20924242 -474.63311294 -455.78537190
936 -465.54348484 -474.97986225 -456.10710743
937 -465.87772727 -475.32661157 -456.42884297
938 -466.21196969 -475.67336088 -456.75057851
939 -466.54621212 -476.02011019 -457.07231404
940 -466.88045454 -476.36685950 -457.39404958
941 -467.21469696 -476.71360881 -457.71578512
942 -467.54893939 -477.06035812 -458.03752066
943 -467.88318181 -477.40710743 -458.35925619
944 -468.21742424 -477.75385674 -458.68099173
945 -468.55166666 -478.10060606 -459.00272727
946 -468.88590909 -478.44735537 -459.32446280
947 -469.22015151 -478.79410468 -459.64619834
948 -469.55439393 -479.14085399 -459.96793388
949 -469.88863636 -479.48760330 -460.28966942
950 -470.22287878 -479.83435261 -460.61140495
951 -470.55712121 -480.18110192 -460.93314049
952 -470.89136363 -480.52785123 -461.25487603
953 -471.22560606 -480.87460055 -461.57661157
954 -471.55984848 -481.22134986 -461.89834710
955 -471.89409090 -481.56809917 -462.22008264
956 -472.22833333 -481.91484848 -462.54181818
957 -472.56257575 -482.26159779 -462.86355371
958 -472.89681818 -482.60834710 -463.18528925
959 -473.23106060 -482.95509641 -463.50702479
960 -473.56530303 -483.30184573 -463.82876033
961 -473.89954545 -483.64859504 -464.15049586
962 -474.23378787 -483.99534435 -464.47223140
963 -474.56803030 -484.34209366 -464.79396694
964 -474.90227272 -484.68884297 -465.11570247
965 -475.23651515 -485.03559228 -465.43743801
966 -475.57075757 -485.38234159 -465.75917355
967 -475.90500000 -485.72909090 -466.08090909
968 -476.23924242 -486.07584022 -466.40264462
969 -476.57348484 -486.42258953 -466.72438016
970 -476.90772727 -486.76933884 -467.04611570
971 -477.24196969 -487.11608815 -467.36785123
972 -477.57621212 -487.46283746 -467.68958677
973 -477.91045454 -487.80958677 -468.01132231
974 -478.24469696 -488.15633608 -468.33305785
975 -478.57893939 -488.50308539 -468.65479338
976 -478.91318181 -488.84983471 -468.97652892
977 -479.24742424 -489.19658402 -469.29826446
978 -479.58166666 -489.54333333 -469.62000000
979 -479.91590909 -489.89008264 -469.94173553
980 -480.25015151 -490.23683195 -470.26347107
981 -480.58439393 -490.58358126 -470.58520661
982 -480.91863636 -490.93033057 -470.90694214
983 -481.25287878 -491.27707988 -471.22867768
984 -481.58712121 -491.62382920 -471.55041322
985 -481.92136363 -491.97057851 -471.87214876
986 -482.25560606 -492.31732782 -472.19388429
987 -482.58984848 -492.66407713 -472.51561983
988 -482.92409090 -493.01082644 -472.83735537
989 -483.25833333 -493.35757575 -473.15909090
990 -483.59257575 -493.70432506 -473.48082644
991 -483.92681818 -494.05107438 -473.80256198
992 -484.26106060 -494.39782369 -474.12429752
993 -484.59530303 -494.74457300 -474.44603305
994 -484.92954545 -495.09132231 -474.76776859
995 -485.26378787 -495.43807162 -475.08950413
996 -485.59803030 -495.78482093 -475.41123966
997 -485.93227272 -496.13157024 -475.73297520
998 -486.26651515 -496.47831955 -476.05471074
999 -486.60075757 -496.82506887 -476.37644628
1000 -486.93500000 -497.17181818 -476.69818181
1001 -487.26924242 -497.51856749 -477.01991735
1002 -487.60348484 -497.86531680 -477.34165289
1003 -487.93772727 -498.21206611 -477.66338842
1004 -488.27196969 -498.55881542 -477.98512396
1005 -488.60621212 -498.90556473 -478.30685950
1006 -488.94045454 -499.25231404 -478.62859504
1007 -489.27469696 -499.59906336 -478.95033057
1008 -489.60893939 -499.94581267 -479.27206611
1009 -489.94318181 -500.29256198 -479.59380165
1010 -490.27742424 -500.63931129 -479.91553719
1011 -490.61166666 -500.98606060 -480.23727272
1012 -490.94590909 -501.33280991 -480.55900826
1013 -491.28015151 -501.67955922 -480.88074380
1014 -491.61439393 -502.02630853 -481.20247933
1015 -491.94863636 -502.37305785 -481.52421487
1016 -492.28287878 -502.71980716 -481.84595041
1017 -492.61712121 -503.06655647 -482.16768595
1018 -492.95136363 -503.41330578 -482.48942148
1019 -493.28560606 -503.76005509 -482.81115702
1020 -493.61984848 -504.10680440 -483.13289256
1021 -493.95409090 -504.45355371 -483.45462809
1022 -494.28833333 -504.80030303 -483.77636363
1023 -494.62257575 -505.14705234 -484.09809917
1024 -494.95681818 -505.49380165 -484.41983471
1025 -495.29106060 -505.84055096 -484.74157024
1026 -495.62530303 -506.18730027 -485.06330578
1027 -495.95954545 -506.53404958 -485.38504132
1028 -496.29378787 -506.88079889 -485.70677685
1029 -496.62803030 -507.22754820 -486.02851239
1030 -496.96227272 -507.57429752 -486.35024793
1031 -497.29651515 -507.92104683 -486.67198347
1032 -497.63075757 -508.26779614 -486.99371900
1033 -497.96500000 -508.61454545 -487.31545454
1034 -498.29924242 -508.96129476 -487.63719008
1035 -498.63348484 -509.30804407 -487.95892561
1036 -498.96772727 -509.65479338 -488.28066115
1037 -499.30196969 -510.00154269 -488.60239669
1038 -499.63621212 -510.34829201 -488.92413223
1039 -499.97045454 -510.69504132 -489.24586776
1040 -500.30469696 -511.04179063 -489.56760330
1041 -500.63893939 -511.38853994 -489.88933884
1042 -500.97318181 -511.73528925 -490.21107438
1043 -501.30742424 -512.08203856 -490.53280991
1044 -501.64166666 -512.42878787 -490.85454545
1045 -501.97590909 -512.77553719 -491.17628099
1046 -502.31015151 -513.12228650 -491.49801652
1047 -502.64439393 -513.46903581 -491.81975206
1048 -502.97863636 -513.81578512 -492.14148760
1049 -503.31287878 -514.16253443 -492.46322314
1050 -503.64712121 -514.50928374 -492.78495867
1051 -503.98136363 -514.85603305 -493.10669421
1052 -504.31560606 -515.20278236 -493.42842975
1053 -504.64984848 -515.54953168 -493.75016528
1054 -504.98409090 -515.89628099 -494.07190082
1055 -505.31833333 -516.24303030 -494.39363636
1056 -505.65257575 -516.58977961 -494.71537190
1057 -505.98681818 -516.93652892 -495.03710743
1058 -506.32106060 -517.28327823 -495.35884297
1059 -506.65530303 -517.63002754 -495.68057851
1060 -506.98954545 -517.97677685 -496.00231404
1061 -507.32378787 -518.32352617 -496.32404958
1062 -507.65803030 -518.67027548 -496.64578512
1063 -507.99227272 -519.01702479 -496.96752066
1064 -508.32651515 -519.36377410 -497.28925619
1065 -508.66075757 -519.71052341 -497.61099173
1066 -508.99500000 -520.05727272 -497.93272727
1067 -509.32924242 -520.40402203 -498.25446280
1068 -509.66348484 -520.75077134 -498.57619834
1069 -509.99772727 -521.09752066 -498.89793388
1070 -510.33196969 -521.44426997 -499.21966942
1071 -510.66621212 -521.79101928 -499.54140495
1072 -511.00045454 -522.13776859 -499.86314049
1073 -511.33469696 -522.48451790 -500.18487603
1074 -511.66893939 -522.83126721 -500.50661157
1075 -512.00318181 -523.17801652 -500.82834710
1076 -512.33742424 -523.52476584 -501.15008264
1077 -512.67166666 -523.87151515 -501.47181818
1078 -513.00590909 -524.21826446 -501.79355371
1079 -513.34015151 -524.56501377 -502.11528925
1080 -513.67439393 -524.91176308 -502.43702479
1081 -514.00863636 -525.25851239 -502.75876033
1082 -514.34287878 -525.60526170 -503.08049586
1083 -514.67712121 -525.95201101 -503.40223140
1084 -515.01136363 -526.29876033 -503.72396694
1085 -515.34560606 -526.64550964 -504.04570247
1086 -515.67984848 -526.99225895 -504.36743801
1087 -516.01409090 -527.33900826 -504.68917355
1088 -516.34833333 -527.68575757 -505.01090909
1089 -516.68257575 -528.03250688 -505.33264462
1090 -517.01681818 -528.37925619 -505.65438016
1091 -517.35106060 -528.72600550 -505.97611570
1092 -517.68530303 -529.07275482 -506.29785123
1093 -518.01954545 -529.41950413 -506.61958677
1094 -518.35378787 -529.76625344 -506.94132231
1095 -518.68803030 -530.11300275 -507.26305785
1096 -519.02227272 -530.45975206 -507.58479338
1097 -519.35651515 -530.80650137 -507.90652892
1098 -519.69075757 -531.15325068 -508.22826446
1099 -520.02500000 -531.50000000 -508.55000000
1100 -520.32170192 -531.81436538 -508.82903846
1101 -520.61840384 -532.12873076 -509.10807692
1102 -520.91510576 -532.44309615 -509.38711538
1103 -521.21180769 -532.75746153 -509.66615384
1104 -521.50850961 -533.07182692 -509.94519230
1105 -521.80521153 -533.38619230 -510.22423076
1106 -522.10191346 -533.70055769 -510.50326923
1107 -522.39861538 -534.01492307 -510.78230769
1108 -522.69531730 -534.32928846 -511.06134615
1109 -522.99201923 -534.64365384 -511.34038461
1110 -523.28872115 -534.95801923 -511.61942307
1111 -523.58542307 -535.27238461 -511.89846153
1112 -523.88212500 -535.58675000 -512.17750000
1113 -524.17882692 -535.90111538 -512.45653846
1114 -524.47552884 -536.21548076 -512.73557692
1115 -524.77223076 -536.52984615 -513.01461538
1116 -525.06893269 -536.84421153 -513.29365384
1117 -525.36563461 -537.15857692 -513.57269230
1118 -525.66233653 -537.47294230 -513.85173076
1119 -525.95903846 -537.78730769 -514.13076923
1120 -526.25574038 -538.10167307 -514.40980769
1121 -526.55244230 -538.41603846 -514.68884615
1122 -526.84914423 -538.73040384 -514.96788461
1123 -527.14584615 -539.04476923 -515.24692307
1124 -527.44254807 -539.35913461 -515.52596153
1125 -527.73925000 -539.67350000 -515.80500000
1126 -528.03595192 -539.98786538 -516.08403846
1127 -528.33265384 -540.30223076 -516.36307692
1128 -528.62935576 -540.61659615 -516.64211538
1129 -528.92605769 -540.93096153 -516.92115384
1130 -529.22275961 -541.24532692 -517.20019230
1131 -529.51946153 -541.55969230 -517.47923076
1132 -529.81616346 -541.87405769 -517.75826923
1133 -530.11286538 -542.18842307 -518.03730769
1134 -530.40956730 -542.50278846 -518.31634615
1135 -530.70626923 -542.81715384 -518.59538461
1136 -531.00297115 -543.13151923 -518.87442307
1137 -531.29967307 -543.44588461 -519.15346153
1138 -531.59637500 -543.76025000 -519.43250000
1139 -531.89307692 -544.07461538 -519.71153846
1140 -532.18977884 -544.38898076 -519.99057692
1141 -532.48648076 -544.70334615 -520.26961538
1142 -532.78318269 -545.01771153 -520.54865384
1143 -533.07988461 -545.33207692 -520.82769230
1144 -533.37658653 -545.64644230 -521.10673076
1145 -533.67328846 -545.96080769 -521.38576923
1146 -533.96999038 -546.27517307 -521.66480769
1147 -534.26669230 -546.58953846 -521.94384615
1148 -534.56339423 -546.90390384 -522.22288461
1149 -534.86009615 -547.21826923 -522.50192307
1150 -535.15679807 -547.53263461 -522.78096153
1151 -535.45350000 -547.84700000 -523.06000000
1152 -535.75020192 -548.16136538 -523.33903846
1153 -536.04690384 -548.47573076 -523.61807692
1154 -536.34360576 -548.79009615 -523.89711538
1155 -536.64030769 -549.10446153 -524.17615384
1156 -536.93700961 -549.41882692 -524.45519230
1157 -537.23371153 -549.73319230 -524.73423076
1158 -537.53041346 -550.04755769 -525.01326923
1159 -537.82711538 -550.36192307 -525.29230769
1160 -538.12381730 -550.67628846 -525.57134615
1161 -538.42051923 -550.99065384 -525.85038461
1162 -538.71722115 -551.30501923 -526.12942307
1163 -539.01392307 -551.61938461 -526.40846153
1164 -539.31062500 -551.93375000 -526.68750000
1165 -539.60732692 -552.24811538 -526.96653846
1166 -539.90402884 -552.56248076 -527.24557692
1167 -540.20073076 -552.87684615 -527.52461538
1168 -540.49743269 -553.19121153 -527.80365384
1169 -540.79413461 -553.50557692 -528.08269230
1170 -541.09083653 -553.81994230 -528.36173076
1171 -541.38753846 -554.13430769 -528.64076923
1172 -541.68424038 -554.44867307 -528.91980769
1173 -541.98094230 -554.76303846 -529.19884615
1174 -542.27764423 -555.07740384 -529.47788461
1175 -542.57434615 -555.39176923 -529.75692307
1176 -542.87104807 -555.70613461 -530.03596153
1177 -543.16775000 -556.02050000 -530.31500000
1178 -543.46445192 -556.33486538 -530.59403846
1179 -543.76115384 -556.64923076 -530.87307692
1180 -544.05785576 -556.96359615 -531.15211538
1181 -544.35455769 -557.27796153 -531.43115384
1182 -544.65125961 -557.59232692 -531.71019230
1183 -544.94796153 -557.90669230 -531.98923076
1184 -545.24466346 -558.22105769 -532.26826923
1185 -545.54136538 -558.53542307 -532.54730769
1186 -545.83806730 -558.84978846 -532.82634615
1187 -546.13476923 -559.16415384 -533.10538461
1188 -546.43147115 -559.47851923 -533.38442307
1189 -546.72817307 -559.79288461 -533.66346153
1190 -547.02487500 -560.10725000 -533.94250000
1191 -547.32157692 -560.42161538 -534.22153846
1192 -547.61827884 -560.73598076 -534.50057692
1193 -547.91498076 -561.05034615 -534.77961538
1194 -548.21168269 -561.36471153 -535.05865384
1195 -548.50838461 -561.67907692 -535.33769230
1196 -548.80508653 -561.99344230 -535.61673076
1197 -549.10178846 -562.30780769 -535.89576923
1198 -549.39849038 -562.62217307 -536.17480769
1199 -549.69519230 -562.93653846 -536.45384615
1200 -549.99189423 -563.25090384 -536.73288461
1201 -550.28859615 -563.56526923 -537.01192307
1202 -550.58529807 -563.87963461 -537.29096153
1203 -550.88200000 -564.19400000 -537.57000000
1204 -551.17870192 -564.50836538 -537.84903846
1205 -551.47540384 -564.82273076 -538.12807692
1206 -551.77210576 -565.13709615 -538.40711538
1207 -552.06880769 -565.45146153 -538.68615384
1208 -552.36550961 -565.76582692 -538.96519230
1209 -552.66221153 -566.08019230 -539.24423076
1210 -552.95891346 -566.39455769 -539.52326923
1211 -553.25561538 -566.70892307 -539.80230769
1212 -553.55231730 -567.02328846 -540.08134615
1213 -553.84901923 -567.33765384 -540.36038461
1214 -554.14572115 -567.65201923 -540.63942307
1215 -554.44242307 -567.96638461 -540.91846153
1216 -554.73912500 -568.28075000 -541.19750000
1217 -555.03582692 -568.59511538 -541.47653846
1218 -555.33252884 -568.90948076 -541.75557692
1219 -555.62923076 -569.22384615 -542.03461538
1220 -555.92593269 -569.53821153 -542.31365384
1221 -556.22263461 -569.85257692 -542.59269230
1222 -556.51933653 -570.16694230 -542.87173076
1223 -556.81603846 -570.48130769 -543.15076923
1224 -557.11274038 -570.79567307 -543.42980769
1225 -557.40944230 -571.11003846 -543.70884615
1226 -557.70614423 -571.42440384 -543.98788461
1227 -558.00284615 -571.73876923 -544.26692307
1228 -558.29954807 -572.05313461 -544.54596153
1229 -558.59625000 -572.36750000 -544.82500000
1230 -558.89295192 -572.68186538 -545.10403846
1231 -559.18965384 -572.99623076 -545.38307692
1232 -559.48635576 -573.31059615 -545.66211538
1233 -559.78305769 -573.62496153 -545.94115384
1234 -560.07975961 -573.93932692 -546.22019230
1235 -560.37646153 -574.25369230 -546.49923076
1236 -560.67316346 -574.56805769 -546.77826923
1237 -560.96986538 -574.88242307 -547.05730769
1238 -561.26656730 -575.19678846 -547.33634615
1239 -561.56326923 -575.51115384 -547.61538461
1240 -561.85997115 -575.82551923 -547.89442307
1241 -562.15667307 -576.13988461 -548.17346153
1242 -562.45337500 -576.45425000 -548.45250000
1243 -562.75007692 -576.76861538 -548.73153846
1244 -563.04677884 -577.08298076 -549.01057692
1245 -563.34348076 -577.39734615 -549.28961538
1246 -563.64018269 -577.71171153 -549.56865384
1247 -563.93688461 -578.02607692 -549.84769230
1248 -564.23358653 -578.34044230 -550.12673076
1249 -564.53028846 -578.65480769 -550.40576923
1250 -564.82699038 -578.96917307 -550.68480769
1251 -565.12369230 -579.28353846 -550.96384615
1252 -565.42039423 -579.59790384 -551.24288461
1253 -565.71709615 -579.91226923 -551.52192307
1254 -566.01379807 -580.22663461 -551.80096153
1255 -566.31050000 -580.54100000 -552.08000000
1256 -566.60720192 -580.85536538 -552.35903846
1257 -566.90390384 -581.16973076 -552.63807692
1258 -567.20060576 -581.48409615 -552.91711538
1259 -567.49730769 -581.79846153 -553.19615384
1260 -567.79400961 -582.11282692 -553.47519230
1261 -568.09071153 -582.42719230 -553.75423076
1262 -568.38741346 -582.74155769 -554.03326923
1263 -568.68411538 -583.05592307 -554.31230769
1264 -568.98081730 -583.37028846 -554.59134615
1265 -569.27751923 -583.68465384 -554.87038461
1266 -569.57422115 -583.99901923 -555.14942307
1267 -569.87092307 -584.31338461 -555.42846153
1268 -570.16762500 -584.62775000 -555.70750000
1269 -570.46432692 -584.94211538 -555.98653846
1270 -570.76102884 -585.25648076 -556.26557692
1271 -571.05773076 -585.57084615 -556.54461538
1272 -571.35443269 -585.88521153 -556.82365384
1273 -571.65113461 -586.19957692 -557.10269230
1274 -571.94783653 -586.51394230 -557.38173076
1275 -572.24453846 -586.82830769 -557.66076923
1276 -572.54124038 -587.14267307 -557.93980769
1277 -572.83794230 -587.45703846 -558.21884615
1278 -573.13464423 -587.77140384 -558.49788461
1279 -573.43134615 -588.08576923 -558.77692307
1280 -573.72804807 -588.40013461 -559.05596153
1281 -574.02475000 -588.71450000 -559.33500000
1282 -574.32145192 -589.02886538 -559.61403846
1283 -574.61815384 -589.34323076 -559.89307692
1284 -574.91485576 -589.65759615 -560.17211538
1285 -575.21155769 -589.97196153 -560.45115384
1286 -575.50825961 -590.28632692 -560.73019230
1287 -575.80496153 -590.60069230 -561.00923076
1288 -576.10166346 -590.91505769 -561.28826923
1289 -576.39836538 -591.22942307 -561.56730769
1290 -576.69506730 -591.54378846 -561.84634615
1291 -576.99176923 -591.85815384 -562.12538461
1292 -577.28847115 -592.17251923 -562.40442307
1293 -577.58517307 -592.48688461 -562.68346153
1294 -577.88187500 -592.80125000 -562.96250000
1295 -578.17857692 -593.11561538 -563.24153846
1296 -578.47527884 -593.42998076 -563.52057692
1297 -578.77198076 -593.74434615 -563.79961538
1298 -579.06868269 -594.05871153 -564.07865384
1299 -579.36538461 -594.37307692 -564.35769230
1300 -579.66208653 -594.68744230 -564.63673076
1301 -579.95878846 -595.00180769 -564.91576923
1302 -580.25549038 -595.31617307 -565.19480769
1303 -580.55219230 -595.63053846 -565.47384615
1304 -580.84889423 -595.94490384 -565.75288461
1305 -581.14559615 -596.25926923 -566.03192307
1306 -581.44229807 -596.57363461 -566.31096153
1307 -581.73900000 -596.88800000 -566.59000000
1308 -582.03570192 -597.20236538 -566.86903846
1309 -582.33240384 -597.51673076 -567.14807692
1310 -582.62910576 -597.83109615 -567.42711538
1311 -582.92580769 -598.14546153 -567.70615384
1312 -583.22250961 -598.45982692 -567.98519230
1313 -583.51921153 -598.77419230 -568.26423076
1314 -583.81591346 -599.08855769 -568.54326923
1315 -584.11261538 -599.40292307 -568.82230769
1316 -584.40931730 -599.71728846 -569.10134615
1317 -584.70601923 -600.03165384 -569.38038461
1318 -585.00272115 -600.34601923 -569.65942307
1319 -585.29942307 -600.66038461 -569.93846153
1320 -585.59612500 -600.97475000 -570.21750000
1321 -585.89282692 -601.28911538 -570.49653846
1322 -586.18952884 -601.60348076 -570.77557692
1323 -586.48623076 -601.91784615 -571.05461538
1324 -586.78293269 -602.23221153 -571.33365384
1325 -587.07963461 -602.54657692 -571.61269230
1326 -587.37633653 -602.86094230 -571.89173076
1327 -587.67303846 -603.17530769 -572.17076923
1328 -587.96974038 -603.48967307 -572.44980769
1329 -588.26644230 -603.80403846 -572.72884615
1330 -588.56314423 -604.11840384 -573.00788461
1331 -588.85984615 -604.43276923 -573.28692307
1332 -589.15654807 -604.74713461 -573.56596153
1333 -589.45325000 -605.06150000 -573.84500000
1334 -589.74995192 -605.37586538 -574.12403846
1335 -590.04665384 -605.69023076 -574.40307692
1336 -590.34335576 -606.00459615 -574.68211538
1337 -590.64005769 -606.31896153 -574.96115384
1338 -590.93675961 -606.63332692 -575.24019230
1339 -591.23346153 -606.94769230 -575.51923076
1340 -591.53016346 -607.26205769 -575.79826923
1341 -591.82686538 -607.57642307 -576.07730769
1342 -592.12356730 -607.89078846 -576.35634615
1343 -592.42026923 -608.20515384 -576.63538461
1344 -592.71697115 -608.51951923 -576.91442307
1345 -593.01367307 -608.83388461 -577.19346153
1346 -593.31037500 -609.14825000 -577.47250000
1347 -593.60707692 -609.46261538 -577.75153846
1348 -593.90377884 -609.77698076 -578.03057692
1349 -594.20048076 -610.09134615 -578.30961538
1350 -594.49718269 -610.40571153 -578.58865384
1351 -594.79388461 -610.72007692 -578.86769230
1352 -595.09058653 -611.03444230 -579.14673076
1353 -595.38728846 -611.34880769 -579.42576923
1354 -595.68399038 -611.66317307 -579.70480769
1355 -595.98069230 -611.97753846 -579.98384615
1356 -596.27739423 -612.29190384 -580.26288461
1357 -596.57409615 -612.60626923 -580.54192307
1358 -596.87079807 -612.92063461 -580.82096153
1359 -597.16750000 -613.23500000 -581.10000000
1360 -597.46420192 -613.54936538 -581.37903846
1361 -597.76090384 -613.86373076 -581.65807692
1362 -598.05760576 -614.17809615 -581.93711538
1363 -598.35430769 -614.49246153 -582.21615384
1364 -598.65100961 -614.80682692 -582.49519230
1365 -598.94771153 -615.12119230 -582.77423076
1366 -599.24441346 -615.43555769 -583.05326923
1367 -599.54111538 -615.74992307 -583.33230769
1368 -599.83781730 -616.06428846 -583.61134615
1369 -600.13451923 -616.37865384 -583.89038461
1370 -600.43122115 -616.69301923 -584.16942307
1371 -600.72792307 -617.00738461 -584.44846153
1372 -601.02462500 -617.32175000 -584.72750000
1373 -601.32132692 -617.63611538 -585.00653846
1374 -601.61802884 -617.95048076 -585.28557692
1375 -601.91473076 -618.26484615 -585.56461538
1376 -602.21143269 -618.57921153 -585.84365384
1377 -602.50813461 -618.89357692 -586.12269230
1378 -602.80483653 -619.20794230 -586.40173076
1379 -603.10153846 -619.52230769 -586.68076923
1380 -603.39824038 -619.83667307 -586.95980769
1381 -603.69494230 -620.15103846 -587.23884615
1382 -603.99164423 -620.46540384 -587.51788461
1383 -604.28834615 -620.77976923 -587.79692307
1384 -604.58504807 -621.09413461 -588.07596153
1385 -604.88175000 -621.40850000 -588.35500000
1386 -605.17845192 -621.72286538 -588.63403846
1387 -605.47515384 -622.03723076 -588.91307692
1388 -605.77185576 -622.35159615 -589.19211538
1389 -606.06855769 -622.66596153 -589.47115384
1390 -606.36525961 -622.98032692 -589.75019230
1391 -606.66196153 -623.29469230 -590.02923076
1392 -606.95866346 -623.60905769 -590.30826923
1393 -607.25536538 -623.92342307 -590.58730769
1394 -607.55206730 -624.23778846 -590.86634615
1395 -607.84876923 -624.55215384 -591.14538461
1396 -608.14547115 -624.86651923 -591.42442307
1397 -608.44217307 -625.18088461 -591.70346153
1398 -608.73887500 -625.49525000 -591.98250000
1399 -609.03557692 -625.80961538 -592.26153846
1400 -609.33227884 -626.12398076 -592.54057692
1401 -609.62898076 -626.43834615 -592.81961538
1402 -609.92568269 -626.75271153 -593.09865384
1403 -610.22238461 -627.06707692 -593.37769230
1404 -610.51908653 -627.38144230 -593.65673076
1405 -610.81578846 -627.69580769 -593.93576923
1406 -611.11249038 -628.01017307 -594.21480769
1407 -611.40919230 -628.32453846 -594.49384615
1408 -611.70589423 -628.63890384 -594.77288461
1409 -612.00259615 -628.95326923 -595.05192307
1410 -612.29929807 -629.26763461 -595.33096153
1411 -612.59600000 -629.58200000 -595.61000000
1412 -612.89270192 -629.89636538 -595.88903846
1413 -613.18940384 -630.21073076 -596.16807692
1414 -613.48610576 -630.52509615 -596.44711538
1415 -613.78280769 -630.83946153 -596.72615384
1416 -614.07950961 -631.15382692 -597.00519230
1417 -614.37621153 -631.46819230 -597.28423076
1418 -614.67291346 -631.78255769 -597.56326923
1419 -614.96961538 -632.09692307 -597.84230769
1420 -615.26631730 -632.41128846 -598.12134615
1421 -615.56301923 -632.72565384 -598.40038461
1422 -615.85972115 -633.04001923 -598.67942307
1423 -616.15642307 -633.35438461 -598.95846153
1424 -616.45312500 -633.66875000 -599.23750000
1425 -616.74982692 -633.98311538 -599.51653846
1426 -617.04652884 -634.29748076 -599.79557692
1427 -617.34323076 -634.61184615 -600.07461538
1428 -617.63993269 -634.92621153 -600.35365384
1429 -617.93663461 -635.24057692 -600.63269230
1430 -618.23333653 -635.55494230 -600.91173076
1431 -618.53003846 -635.86930769 -601.19076923
1432 -618.82674038 -636.18367307 -601.46980769
1433 -619.12344230 -636.49803846 -601.74884615
1434 -619.42014423 -636.81240384 -602.02788461
1435 -619.71684615 -637.12676923 -602.30692307
1436 -620.01354807 -637.44113461 -602.58596153
1437 -620.31025000 -637.75550000 -602.86500000
1438 -620.60695192 -638.06986538 -603.14403846
1439 -620.90365384 -638.38423076 -603.42307692
1440 -621.20035576 -638.69859615 -603.70211538
1441 -621.49705769 -639.01296153 -603.98115384
1442 -621.79375961 -639.32732692 -604.26019230
1443 -622.09046153 -639.64169230 -604.53923076
1444 -622.38716346 -639.95605769 -604.81826923
1445 -622.68386538 -640.27042307 -605.09730769
1446 -622.98056730 -640.58478846 -605.37634615
1447 -623.27726923 -640.89915384 -605.65538461
1448 -623.57397115 -641.21351923 -605.93442307
1449 -623.87067307 -641.52788461 -606.21346153
1450 -624.16737500 -641.84225000 -606.49250000
1451 -624.46407692 -642.15661538 -606.77153846
1452 -624.76077884 -642.47098076 -607.05057692
1453 -625.05748076 -642.78534615 -607.32961538
1454 -625.35418269 -643.09971153 -607.60865384
1455 -625.65088461 -643.41407692 -607.88769230
1456 -625.94758653 -643.72844230 -608.16673076
1457 -626.24428846 -644.04280769 -608.44576923
1458 -626.54099038 -644.35717307 -608.72480769
1459 -626.83769230 -644.67153846 -609.00384615
1460 -627.13439423 -644.98590384 -609.28288461
1461 -627.43109615 -645.30026923 -609.56192307
1462 -627.72779807 -645.61463461 -609.84096153
1463 -628.02450000 -645.92900000 -610.12000000
1464 -628.34493698 -646.25976164 -610.43011232
1465 -628.66537397 -646.59052328 -610.74022465
1466 -628.98581095 -646.92128493 -611.05033698
1467 -629.30624794 -647.25204657 -611.36044931
1468 -629.62668493 -647.58280821 -611.67056164
1469 -629.94712191 -647.91356986 -611.98067397
1470 -630.26755890 -648.24433150 -612.29078630
1471 -630.58799589 -648.57509315 -612.60089863
1472 -630.90843287 -648.90585479 -612.91101095
1473 -631.22886986 -649.23661643 -613.22112328
1474 -631.54930684 -649.56737808 -613.53123561
1475 -631.86974383 -649.89813972 -613.84134794
1476 -632.19018082 -650.22890136 -614.15146027
1477 -632.51061780 -650.55966301 -614.46157260
1478 -632.83105479 -650.89042465 -614.77168493
1479 -633.15149178 -651.22118630 -615.08179726
1480 -633.47192876 -651.55194794 -615.39190958
1481 -633.79236575 -651.88270958 -615.70202191
1482 -634.11280273 -652.21347123 -616.01213424
1483 -634.43323972 -652.54423287 -616.32224657
1484 -634.75367671 -652.87499452 -616.63235890
1485 -635.07411369 -653.20575616 -616.94247123
1486 -635.39455068 -653.53651780 -617.25258356
1487 -635.71498767 -653.86727945 -617.56269589
1488 -636.03542465 -654.19804109 -617.87280821
1489 -636.35586164 -654.52880273 -618.18292054
1490 -636.67629863 -654.85956438 -618.49303287
1491 -636.99673561 -655.19032602 -618.80314520
1492 -637.31717260 -655.52108767 -619.11325753
1493 -637.63760958 -655.85184931 -619.42336986
1494 -637.95804657 -656.18261095 -619.73348219
1495 -638.27848356 -656.51337260 -620.04359452
1496 -638.59892054 -656.84413424 -620.35370684
1497 -638.91935753 -657.17489589 -620.66381917
1498 -639.23979452 -657.50565753 -620.97393150
1499 -639.56023150 -657.83641917 -621.28404383
1500 -639.88066849 -658.16718082 -621.59415616
1501 -640.20110547 -658.49794246 -621.90426849
1502 -640.52154246 -658.82870410 -622.21438082
1503 -640.84197945 -659.15946575 -622.52449315
1504 -641.16241643 -659.49022739 -622.83460547
1505 -641.48285342 -659.82098904 -623.14471780
1506 -641.80329041 -660.15175068 -623.45483013
1507 -642.12372739 -660.48251232 -623.76494246
1508 -642.44416438 -660.81327397 -624.07505479
1509 -642.76460136 -661.14403561 -624.38516712
1510 -643.08503835 -661.47479726 -624.69527945
1511 -643.40547534 -661.80555890 -625.00539178
1512 -643.72591232 -662.13632054 -625.31550410
1513 -644.04634931 -662.46708219 -625.62561643
1514 -644.36678630 -662.79784383 -625.93572876
1515 -644.68722328 -663.12860547 -626.24584109
1516 -645.00766027 -663.45936712 -626.55595342
1517 -645.32809726 -663.79012876 -626.86606575
1518 -645.64853424 -664.12089041 -627.17617808
1519 -645.96897123 -664.45165205 -627.48629041
1520 -646.28940821 -664.78241369 -627.79640273
1521 -646.60984520 -665.11317534 -628.10651506
1522 -646.93028219 -665.44393698 -628.41662739
1523 -647.25071917 -665.77469863 -628.72673972
1524 -647.57115616 -666.10546027 -629.03685205
1525 -647.89159315 -666.43622191 -629.34696438
1526 -648.21203013 -666.76698356 -629.65707671
1527 -648.53246712 -667.09774520 -629.96718904
1528 -648.85290410 -667.42850684 -630.27730136
1529 -649.17334109 -667.75926849 -630.58741369
1530 -649.49377808 -668.09003013 -630.89752602
1531 -649.81421506 -668.42079178 -631.20763835
1532 -650.13465205 -668.75155342 -631.51775068
1533 -650.45508904 -669.08231506 -631.82786301
1534 -650.77552602 -669.41307671 -632.13797534
1535 -651.09596301 -669.74383835 -632.44808767
1536 -651.41640000 -670.07460000 -632.75820000
1537 -651.73683698 -670.40536164 -633.06831232
1538 -652.05727397 -670.73612328 -633.37842465
1539 -652.37771095 -671.06688493 -633.68853698
1540 -652.69814794 -671.39764657 -633.99864931
1541 -653.01858493 -671.72840821 -634.30876164
1542 -653.33902191 -672.05916986 -634.61887397
1543 -653.65945890 -672.38993150 -634.92898630
1544 -653.97989589 -672.72069315 -635.23909863
1545 -654.30033287 -673.05145479 -635.54921095
1546 -654.62076986 -673.38221643 -635.85932328
1547 -654.94120684 -673.71297808 -636.16943561
1548 -655.26164383 -674.04373972 -636.47954794
1549 -655.58208082 -674.37450136 -636.78966027
1550 -655.90251780 -674.70526301 -637.09977260
1551 -656.22295479 -675.03602465 -637.40988493
1552 -656.54339178 -675.36678630 -637.71999726
1553 -656.86382876 -675.69754794 -638.03010958
1554 -657.18426575 -676.02830958 -638.34022191
1555 -657.50470273 -676.35907123 -638.65033424
1556 -657.82513972 -676.68983287 -638.96044657
1557 -658.14557671 -677.02059452 -639.27055890
1558 -658.46601369 -677.35135616 -639.58067123
1559 -658.78645068 -677.68211780 -639.89078356
1560 -659.10688767 -678.01287945 -640.20089589
1561 -659.42732465 -678.34364109 -640.51100821
1562 -659.74776164 -678.67440273 -640.82112054
1563 -660.06819863 -679.00516438 -641.13123287
1564 -660.38863561 -679.33592602 -641.44134520
1565 -660.70907260 -679.66668767 -641.75145753
1566 -661.02950958 -679.99744931 -642.06156986
1567 -661.34994657 -680.32821095 -642.37168219
1568 -661.67038356 -680.65897260 -642.68179452
1569 -661.99082054 -680.98973424 -642.99190684
1570 -662.31125753 -681.32049589 -643.30201917
1571 -662.63169452 -681.65125753 -643.61213150
1572 -662.95213150 -681.98201917 -643.92224383
1573 -663.27256849 -682.31278082 -644.23235616
1574 -663.59300547 -682.64354246 -644.54246849
1575 -663.91344246 -682.97430410 -644.85258082
1576 -664.23387945 -683.30506575 -645.16269315
1577 -664.55431643 -683.63582739 -645.47280547
1578 -664.87475342 -683.96658904 -645.78291780
1579 -665.19519041 -684.29735068 -646.09303013
1580 -665.51562739 -684.62811232 -646.40314246
1581 -665.83606438 -684.95887397 -646.71325479
1582 -666.15650136 -685.28963561 -647.02336712
1583 -666.47693835 -685.62039726 -647.33347945
1584 -666.79737534 -685.95115890 -647.64359178
1585 -667.11781232 -686.28192054 -647.95370410
1586 -667.43824931 -686.61268219 -648.26381643
1587 -667.75868630 -686.94344383 -648.57392876
1588 -668.07912328 -687.27420547 -648.88404109
1589 -668.39956027 -687.60496712 -649.19415342
1590 -668.71999726 -687.93572876 -649.50426575
1591 -669.04043424 -688.26649041 -649.81437808
1592 -669.36087123 -688.59725205 -650.12449041
1593 -669.68130821 -688.92801369 -650.43460273
1594 -670.00174520 -689.25877534 -650.74471506
1595 -670.32218219 -689.58953698 -651.05482739
1596 -670.64261917 -689.92029863 -651.36493972
1597 -670.96305616 -690.25106027 -651.67505205
1598 -671.28349315 -690.58182191 -651.98516438
1599 -671.60393013 -690.91258356 -652.29527671
1600 -671.92436712 -691.24334520 -652.60538904
1601 -672.24480410 -691.57410684 -652.91550136
1602 -672.56524109 -691.90486849 -653.22561369
1603 -672.88567808 -692.23563013 -653.53572602
1604 -673.20611506 -692.56639178 -653.84583835
1605 -673.52655205 -692.89715342 -654.15595068
1606 -673.84698904 -693.22791506 -654.46606301
1607 -674.16742602 -693.55867671 -654.77617534
1608 -674.48786301 -693.88943835 -655.08628767
1609 -674.80830000 -694.22020000 -655.39640000
1610 -675.12873698 -694.55096164 -655.70651232
1611 -675.44917397 -694.88172328 -656.01662465
1612 -675.76961095 -695.21248493 -656.32673698
1613 -676.09004794 -695.54324657 -656.63684931
1614 -676.41048493 -695.87400821 -656.94696164
1615 -676.73092191 -696.20476986 -657.25707397
1616 -677.05135890 -696.53553150 -657.56718630
1617 -677.37179589 -696.86629315 -657.87729863
1618 -677.69223287 -697.19705479 -658.18741095
1619 -678.01266986 -697.52781643 -658.49752328
1620 -678.33310684 -697.85857808 -658.80763561
1621 -678.65354383 -698.18933972 -659.11774794
1622 -678.97398082 -698.52010136 -659.42786027
1623 -679.29441780 -698.85086301 -659.73797260
1624 -679.61485479 -699.18162465 -660.04808493
1625 -679.93529178 -699.51238630 -660.35819726
1626 -680.25572876 -699.84314794 -660.66830958
1627 -680.57616575 -700.17390958 -660.97842191
1628 -680.89660273 -700.50467123 -661.28853424
1629 -681.21703972 -700.83543287 -661.59864657
1630 -681.53747671 -701.16619452 -661.90875890
1631 -681.85791369 -701.49695616 -662.21887123
1632 -682.17835068 -701.82771780 -662.52898356
1633 -682.49878767 -702.15847945 -662.83909589
1634 -682.81922465 -702.48924109 -663.14920821
1635 -683.13966164 -702.82000273 -663.45932054
1636 -683.46009863 -703.15076438 -663.76943287
1637 -683.78053561 -703.48152602 -664.07954520
1638 -684.10097260 -703.81228767 -664.38965753
1639 -684.42140958 -704.14304931 -664.69976986
1640 -684.74184657 -704.47381095 -665.00988219
1641 -685.06228356 -704.80457260 -665.31999452
1642 -685.38272054 -705.13533424 -665.63010684
1643 -685.70315753 -705.46609589 -665.94021917
1644 -686.02359452 -705.79685753 -666.25033150
1645 -686.34403150 -706.12761917 -666.56044383
1646 -686.66446849 -706.45838082 -666.87055616
1647 -686.98490547 -706.78914246 -667.18066849
1648 -687.30534246 -707.11990410 -667.49078082
1649 -687.62577945 -707.45066575 -667.80089315
1650 -687.94621643 -707.78142739 -668.11100547
1651 -688.26665342 -708.11218904 -668.42111780
1652 -688.58709041 -708.44295068 -668.73123013
1653 -688.90752739 -708.77371232 -669.04134246
1654 -689.22796438 -709.10447397 -669.35145479
1655 -689.54840136 -709.43523561 -669.66156712
1656 -689.86883835 -709.76599726 -669.97167945
1657 -690.18927534 -710.09675890 -670.28179178
1658 -690.50971232 -710.42752054 -670.59190410
1659 -690.83014931 -710.75828219 -670.90201643
1660 -691.15058630 -711.08904383 -671.21212876
1661 -691.47102328 -711.41980547 -671.52224109
1662 -691.79146027 -711.75056712 -671.83235342
1663 -692.11189726 -712.08132876 -672.14246575
1664 -692.43233424 -712.41209041 -672.45257808
1665 -692.75277123 -712.74285205 -672.76269041
1666 -693.07320821 -713.07361369 -673.07280273
1667 -693.39364520 -713.40437534 -673.38291506
1668 -693.71408219 -713.73513698 -673.69302739
1669 -694.03451917 -714.06589863 -674.00313972
1670 -694.35495616 -714.39666027 -674.31325205
1671 -694.67539315 -714.72742191 -674.62336438
1672 -694.99583013 -715.05818356 -674.93347671
1673 -695.31626712 -715.38894520 -675.24358904
1674 -695.63670410 -715.71970684 -675.55370136
1675 -695.95714109 -716.05046849 -675.86381369
1676 -696.27757808 -716.38123013 -676.17392602
1677 -696.59801506 -716.71199178 -676.48403835
1678 -696.91845205 -717.04275342 -676.79415068
1679 -697.23888904 -717.37351506 -677.10426301
1680 -697.55932602 -717.70427671 -677.41437534
1681 -697.87976301 -718.03503835 -677.72448767
1682 -698.20020000 -718.36580000 -678.03460000
1683 -698.52063698 -718.69656164 -678.34471232
1684 -698.84107397 -719.02732328 -678.65482465
1685 -699.16151095 -719.35808493 -678.96493698
1686 -699.48194794 -719.68884657 -679.27504931
1687 -699.80238493 -720.01960821 -679.58516164
1688 -700.12282191 -720.35036986 -679.89527397
1689 -700.44325890 -720.68113150 -680.20538630
1690 -700.76369589 -721.01189315 -680.51549863
1691 -701.08413287 -721.34265479 -680.82561095
1692 -701.40456986 -721.67341643 -681.13572328
1693 -701.72500684 -722.00417808 -681.44583561
1694 -702.04544383 -722.33493972 -681.75594794
1695 -702.36588082 -722.66570136 -682.06606027
1696 -702.68631780 -722.99646301 -682.37617260
1697 -703.00675479 -723.32722465 -682.68628493
1698 -703.32719178 -723.65798630 -682.99639726
1699 -703.64762876 -723.98874794 -683.30650958
1700 -703.96806575 -724.31950958 -683.61662191
1701 -704.28850273 -724.65027123 -683.92673424
1702 -704.60893972 -724.98103287 -684.23684657
1703 -704.92937671 -725.31179452 -684.54695890
1704 -705.24981369 -725.64255616 -684.85707123
1705 -705.57025068 -725.97331780 -685.16718356
1706 -705.89068767 -726.30407945 -685.47729589
1707 -706.21112465 -726.63484109 -685.78740821
1708 -706.53156164 -726.96560273 -686.09752054
1709 -706.85199863 -727.29636438 -686.40763287
1710 -707.17243561 -727.62712602 -686.71774520
1711 -707.49287260 -727.95788767 -687.02785753
1712 -707.81330958 -728.28864931 -687.33796986
1713 -708.13374657 -728.61941095 -687.64808219
1714 -708.45418356 -728.95017260 -687.95819452
1715 -708.77462054 -729.28093424 -688.26830684
1716 -709.09505753 -729.61169589 -688.57841917
1717 -709.41549452 -729.94245753 -688.88853150
1718 -709.73593150 -730.27321917 -689.19864383
1719 -710.05636849 -730.60398082 -689.50875616
1720 -710.37680547 -730.93474246 -689.81886849
1721 -710.69724246 -731.26550410 -690.12898082
1722 -711.01767945 -731.59626575 -690.43909315
1723 -711.33811643 -731.92702739 -690.74920547
1724 -711.65855342 -732.25778904 -691.05931780
1725 -711.97899041 -732.58855068 -691.36943013
1726 -712.29942739 -732.91931232 -691.67954246
1727 -712.61986438 -733.25007397 -691.98965479
1728 -712.94030136 -733.58083561 -692.29976712
1729 -713.26073835 -733.91159726 -692.60987945
1730 -713.58117534 -734.24235890 -692.91999178
1731 -713.90161232 -734.57312054 -693.23010410
1732 -714.22204931 -734.90388219 -693.54021643
1733 -714.54248630 -735.23464383 -693.85032876
1734 -714.86292328 -735.56540547 -694.16044109
1735 -715.18336027 -735.89616712 -694.47055342
1736 -715.50379726 -736.22692876 -694.78066575
1737 -715.82423424 -736.55769041 -695.09077808
1738 -716.14467123 -736.88845205 -695.40089041
1739 -716.46510821 -737.21921369 -695.71100273
1740 -716.78554520 -737.54997534 -696.02111506
1741 -717.10598219 -737.88073698 -696.33122739
1742 -717.42641917 -738.21149863 -696.64133972
1743 -717.74685616 -738.54226027 -696.95145205
1744 -718.06729315 -738.87302191 -697.26156438
1745 -718.38773013 -739.20378356 -697.57167671
1746 -718.70816712 -739.53454520 -697.88178904
1747 -719.02860410 -739.86530684 -698.19190136
1748 -719.34904109 -740.19606849 -698.50201369
1749 -719.66947808 -740.52683013 -698.81212602
1750 -719.98991506 -740.85759178 -699.12223835
1751 -720.31035205 -741.18835342 -699.43235068
1752 -720.63078904 -741.51911506 -699.74246301
1753 -720.95122602 -741.84987671 -700.05257534
1754 -721.27166301 -742.18063835 -700.36268767
1755 -721.59210000 -742.51140000 -700.67280000
1756 -721.91253698 -742.84216164 -700.98291232
1757 -722.23297397 -743.17292328 -701.29302465
1758 -722.55341095 -743.50368493 -701.60313698
1759 -722.87384794 -743.83444657 -701.91324931
1760 -723.19428493 -744.16520821 -702.22336164
1761 -723.51472191 -744.49596986 -702.53347397
1762 -723.83515890 -744.82673150 -702.84358630
1763 -724.15559589 -745.15749315 -703.15369863
1764 -724.47603287 -745.48825479 -703.46381095
1765 -724.79646986 -745.81901643 -703.77392328
1766 -725.11690684 -746.14977808 -704.08403561
1767 -725.43734383 -746.48053972 -704.39414794
1768 -725.75778082 -746.81130136 -704.70426027
1769 -726.07821780 -747.14206301 -705.01437260
1770 -726.39865479 -747.47282465 -705.32448493
1771 -726.71909178 -747.80358630 -705.63459726
1772 -727.03952876 -748.13434794 -705.94470958
1773 -727.35996575 -748.46510958 -706.25482191
1774 -727.68040273 -748.79587123 -706.56493424
1775 -728.00083972 -749.12663287 -706.87504657
1776 -728.32127671 -749.45739452 -707.18515890
1777 -728.64171369 -749.78815616 -707.49527123
1778 -728.96215068 -750.11891780 -707.80538356
1779 -729.28258767 -750.44967945 -708.11549589
1780 -729.60302465 -750.78044109 -708.42560821
1781 -729.92346164 -751.11120273 -708.73572054
1782 -730.24389863 -751.44196438 -709.04583287
1783 -730.56433561 -751.77272602 -709.35594520
1784 -730.88477260 -752.10348767 -709.66605753
1785 -731.20520958 -752.43424931 -709.97616986
1786 -731.52564657 -752.76501095 -710.28628219
1787 -731.84608356 -753.09577260 -710.59639452
1788 -732.16652054 -753.42653424 -710.90650684
1789 -732.48695753 -753.75729589 -711.21661917
1790 -732.80739452 -754.08805753 -711.52673150
1791 -733.12783150 -754.41881917 -711.83684383
1792 -733.44826849 -754.74958082 -712.14695616
1793 -733.76870547 -755.08034246 -712.45706849
1794 -734.08914246 -755.41110410 -712.76718082
1795 -734.40957945 -755.74186575 -713.07729315
1796 -734.73001643 -756.07262739 -713.38740547
1797 -735.05045342 -756.40338904 -713.69751780
1798 -735.37089041 -756.73415068 -714.00763013
1799 -735.69132739 -757.06491232 -714.31774246
1800 -736.01176438 -757.39567397 -714.62785479
1801 -736.33220136 -757.72643561 -714.93796712
1802 -736.65263835 -758.05719726 -715.24807945
1803 -736.97307534 -758.38795890 -715.55819178
1804 -737.29351232 -758.71872054 -715.86830410
1805 -737.61394931 -759.04948219 -716.17841643
1806 -737.93438630 -759.38024383 -716.48852876
1807 -738.25482328 -759.71100547 -716.79864109
1808 -738.57526027 -760.04176712 -717.10875342
1809 -738.89569726 -760.37252876 -717.41886575
1810 -739.21613424 -760.70329041 -717.72897808
1811 -739.53657123 -761.03405205 -718.03909041
1812 -739.85700821 -761.36481369 -718.34920273
1813 -740.17744520 -761.69557534 -718.65931506
1814 -740.49788219 -762.02633698 -718.96942739
1815 -740.81831917 -762.35709863 -719.27953972
1816 -741.13875616 -762.68786027 -719.58965205
1817 -741.45919315 -763.01862191 -719.89976438
1818 -741.77963013 -763.34938356 -720.20987671
1819 -742.10006712 -763.68014520 -720.51998904
1820 -742.42050410 -764.01090684 -720.83010136
1821 -742.74094109 -764.34166849 -721.14021369
1822 -743.06137808 -764.67243013 -721.45032602
1823 -743.38181506 -765.00319178 -721.76043835
1824 -743.70225205 -765.33395342 -722.07055068
1825 -744.02268904 -765.66471506 -722.38066301
1826 -744.34312602 -765.99547671 -722.69077534
1827 -744.66356301 -766.32623835 -723.00088767
1828 -744.98400000 -766.65700000 -723.31100000
