1 0.00128821 0.00126200 0.00131443
2 0.00000000 0.00000000 0.00000000
3 0.00128821 0.00126200 0.00131443
4 0.00257643 0.00252400 0.00262886
5 0.00386464 0.00378600 0.00394329
6 0.00515286 0.00504800 0.00525771
7 0.00644107 0.00631000 0.00657214
8 0.00772929 0.00757200 0.00788657
9 0.00901750 0.00883400 0.00920100
10 0.01024900 0.01006460 0.01043340
11 0.01148050 0.01129520 0.01166580
12 0.01271200 0.01252580 0.01289820
13 0.01394350 0.01375640 0.01413060
14 0.01517500 0.01498700 0.01536300
15 0.01640650 0.01621760 0.01659540
16 0.01763800 0.01744820 0.01782780
17 0.01886950 0.01867880 0.01906020
18 0.02010100 0.01990940 0.02029260
19 0.02133250 0.02114000 0.02152500
20 0.02256400 0.02237060 0.02275740
21 0.02379550 0.02360120 0.02398980
22 0.02502700 0.02483180 0.02522220
23 0.02625850 0.02606240 0.02645460
24 0.02749000 0.02729300 0.02768700
25 0.02872150 0.02852360 0.02891940
26 0.02995300 0.02975420 0.03015180
27 0.03118450 0.03098480 0.03138420
28 0.03241600 0.03221540 0.03261660
29 0.03364750 0.03344600 0.03384900
30 0.03487900 0.03467660 0.03508140
31 0.03611050 0.03590720 0.03631380
32 0.03734200 0.03713780 0.03754620
33 0.03857350 0.03836840 0.03877860
34 0.03980500 0.03959900 0.04001100
35 0.04106295 0.04085610 0.04126980
36 0.04232090 0.04211320 0.04252860
37 0.04357885 0.04337030 0.04378740
38 0.04483680 0.04462740 0.04504620
39 0.04609475 0.04588450 0.04630500
40 0.04735270 0.04714160 0.04756380
41 0.04861065 0.04839870 0.04882260
42 0.04986860 0.04965580 0.05008140
43 0.05112655 0.05091290 0.05134020
44 0.05238450 0.05217000 0.05259900
45 0.05364245 0.05342710 0.05385780
46 0.05490040 0.05468420 0.05511660
47 0.05615835 0.05594130 0.05637540
48 0.05741630 0.05719840 0.05763420
49 0.05867425 0.05845550 0.05889300
50 0.05993220 0.05971260 0.06015180
51 0.06119015 0.06096970 0.06141060
52 0.06244810 0.06222680 0.06266940
53 0.06370605 0.06348390 0.06392820
54 0.06496400 0.06474100 0.06518700
55 0.06622195 0.06599810 0.06644580
56 0.06747990 0.06725520 0.06770460
57 0.06873785 0.06851230 0.06896340
58 0.06999580 0.06976940 0.07022220
59 0.07125375 0.07102650 0.07148100
60 0.07251170 0.07228360 0.07273980
61 0.07376965 0.07354070 0.07399860
62 0.07502760 0.07479780 0.07525740
63 0.07628555 0.07605490 0.07651620
64 0.07754350 0.07731200 0.07777500
65 0.07874683 0.07851483 0.07897883
66 0.07995017 0.07971767 0.08018267
67 0.08115350 0.08092050 0.08138650
68 0.08235683 0.08212333 0.08259033
69 0.08356017 0.08332617 0.08379417
70 0.08476350 0.08452900 0.08499800
71 0.08596683 0.08573183 0.08620183
72 0.08717017 0.08693467 0.08740567
73 0.08837350 0.08813750 0.08860950
74 0.08957683 0.08934033 0.08981333
75 0.09078017 0.09054317 0.09101717
76 0.09198350 0.09174600 0.09222100
77 0.09318683 0.09294883 0.09342483
78 0.09439017 0.09415167 0.09462867
79 0.09559350 0.09535450 0.09583250
80 0.09679683 0.09655733 0.09703633
81 0.09800017 0.09776017 0.09824017
82 0.09920350 0.09896300 0.09944400
83 0.10040683 0.10016583 0.10064783
84 0.10161017 0.10136867 0.10185167
85 0.10281350 0.10257150 0.10305550
86 0.10401683 0.10377433 0.10425933
87 0.10522017 0.10497717 0.10546317
88 0.10642350 0.10618000 0.10666700
89 0.10762683 0.10738283 0.10787083
90 0.10883017 0.10858567 0.10907467
91 0.11003350 0.10978850 0.11027850
92 0.11123683 0.11099133 0.11148233
93 0.11244017 0.11219417 0.11268617
94 0.11364350 0.11339700 0.11389000
95 0.11471170 0.11445919 0.11496420
96 0.11577989 0.11552138 0.11603840
97 0.11684809 0.11658357 0.11711261
98 0.11791629 0.11764577 0.11818681
99 0.11898448 0.11870796 0.11926101
100 0.12005268 0.11977015 0.12033521
101 0.12112088 0.12083234 0.12140941
102 0.12218907 0.12189453 0.12248362
103 0.12325727 0.12295672 0.12355782
104 0.12432547 0.12401891 0.12463202
105 0.12539366 0.12508111 0.12570622
106 0.12646186 0.12614330 0.12678043
107 0.12753006 0.12720549 0.12785463
108 0.12859826 0.12826768 0.12892883
109 0.12966645 0.12932987 0.13000303
110 0.13073465 0.13039206 0.13107723
111 0.13180285 0.13145426 0.13215144
112 0.13287104 0.13251645 0.13322564
113 0.13393924 0.13357864 0.13429984
114 0.13500744 0.13464083 0.13537404
115 0.13607563 0.13570302 0.13644824
116 0.13714383 0.13676521 0.13752245
117 0.13821203 0.13782740 0.13859665
118 0.13928022 0.13888960 0.13967085
119 0.14034842 0.13995179 0.14074505
120 0.14141662 0.14101398 0.14181926
121 0.14248481 0.14207617 0.14289346
122 0.14355301 0.14313836 0.14396766
123 0.14462121 0.14420055 0.14504186
124 0.14568940 0.14526274 0.14611606
125 0.14675760 0.14632494 0.14719027
126 0.14782580 0.14738713 0.14826447
127 0.14889399 0.14844932 0.14933867
128 0.14996219 0.14951151 0.15041287
129 0.15103039 0.15057370 0.15148707
130 0.15209859 0.15163589 0.15256128
131 0.15316678 0.15269809 0.15363548
132 0.15423498 0.15376028 0.15470968
133 0.15530318 0.15482247 0.15578388
134 0.15637137 0.15588466 0.15685809
135 0.15743957 0.15694685 0.15793229
136 0.15850777 0.15800904 0.15900649
137 0.15957596 0.15907123 0.16008069
138 0.16064416 0.16013343 0.16115489
139 0.16171236 0.16119562 0.16222910
140 0.16278055 0.16225781 0.16330330
141 0.16384875 0.16332000 0.16437750
142 0.16491695 0.16438219 0.16545170
143 0.16598514 0.16544438 0.16652590
144 0.16705334 0.16650657 0.16760011
145 0.16812154 0.16756877 0.16867431
146 0.16918973 0.16863096 0.16974851
147 0.17025793 0.16969315 0.17082271
148 0.17132613 0.17075534 0.17189691
149 0.17239432 0.17181753 0.17297112
150 0.17346252 0.17287972 0.17404532
151 0.17453072 0.17394191 0.17511952
152 0.17559891 0.17500411 0.17619372
153 0.17666711 0.17606630 0.17726793
154 0.17773531 0.17712849 0.17834213
155 0.17880351 0.17819068 0.17941633
156 0.17987170 0.17925287 0.18049053
157 0.18093990 0.18031506 0.18156473
158 0.18200810 0.18137726 0.18263894
159 0.18307629 0.18243945 0.18371314
160 0.18414449 0.18350164 0.18478734
161 0.18521269 0.18456383 0.18586154
162 0.18628088 0.18562602 0.18693574
163 0.18734908 0.18668821 0.18800995
164 0.18841728 0.18775040 0.18908415
165 0.18948547 0.18881260 0.19015835
166 0.19055367 0.18987479 0.19123255
167 0.19162187 0.19093698 0.19230676
168 0.19269006 0.19199917 0.19338096
169 0.19375826 0.19306136 0.19445516
170 0.19482646 0.19412355 0.19552936
171 0.19589465 0.19518574 0.19660356
172 0.19696285 0.19624794 0.19767777
173 0.19803105 0.19731013 0.19875197
174 0.19909924 0.19837232 0.19982617
175 0.20016744 0.19943451 0.20090037
176 0.20123564 0.20049670 0.20197457
177 0.20230384 0.20155889 0.20304878
178 0.20337203 0.20262109 0.20412298
179 0.20444023 0.20368328 0.20519718
180 0.20550843 0.20474547 0.20627138
181 0.20657662 0.20580766 0.20734559
182 0.20764482 0.20686985 0.20841979
183 0.20871302 0.20793204 0.20949399
184 0.20978121 0.20899423 0.21056819
185 0.21084941 0.21005643 0.21164239
186 0.21191761 0.21111862 0.21271660
187 0.21298580 0.21218081 0.21379080
188 0.21405400 0.21324300 0.21486500
189 0.21525247 0.21443558 0.21606936
190 0.21645094 0.21562816 0.21727373
191 0.21764941 0.21682074 0.21847809
192 0.21884789 0.21801332 0.21968245
193 0.22004636 0.21920590 0.22088682
194 0.22124483 0.22039848 0.22209118
195 0.22244330 0.22159106 0.22329555
196 0.22364177 0.22278364 0.22449991
197 0.22484024 0.22397622 0.22570427
198 0.22603872 0.22516880 0.22690864
199 0.22723719 0.22636138 0.22811300
200 0.22843566 0.22755395 0.22931736
201 0.22963413 0.22874653 0.23052173
202 0.23083260 0.22993911 0.23172609
203 0.23203107 0.23113169 0.23293045
204 0.23322955 0.23232427 0.23413482
205 0.23442802 0.23351685 0.23533918
206 0.23562649 0.23470943 0.23654355
207 0.23682496 0.23590201 0.23774791
208 0.23802343 0.23709459 0.23895227
209 0.23922190 0.23828717 0.24015664
210 0.24042038 0.23947975 0.24136100
211 0.24161885 0.24067233 0.24256536
212 0.24281732 0.24186491 0.24376973
213 0.24401579 0.24305749 0.24497409
214 0.24521426 0.24425007 0.24617845
215 0.24641273 0.24544265 0.24738282
216 0.24761120 0.24663523 0.24858718
217 0.24880968 0.24782781 0.24979155
218 0.25000815 0.24902039 0.25099591
219 0.25120662 0.25021297 0.25220027
220 0.25240509 0.25140555 0.25340464
221 0.25360356 0.25259813 0.25460900
222 0.25480203 0.25379070 0.25581336
223 0.25600051 0.25498328 0.25701773
224 0.25719898 0.25617586 0.25822209
225 0.25839745 0.25736844 0.25942645
226 0.25959592 0.25856102 0.26063082
227 0.26079439 0.25975360 0.26183518
228 0.26199286 0.26094618 0.26303955
229 0.26319134 0.26213876 0.26424391
230 0.26438981 0.26333134 0.26544827
231 0.26558828 0.26452392 0.26665264
232 0.26678675 0.26571650 0.26785700
233 0.26798522 0.26690908 0.26906136
234 0.26918369 0.26810166 0.27026573
235 0.27038216 0.26929424 0.27147009
236 0.27158064 0.27048682 0.27267445
237 0.27277911 0.27167940 0.27387882
238 0.27397758 0.27287198 0.27508318
239 0.27517605 0.27406456 0.27628755
240 0.27637452 0.27525714 0.27749191
241 0.27757299 0.27644972 0.27869627
242 0.27877147 0.27764230 0.27990064
243 0.27996994 0.27883488 0.28110500
244 0.28116841 0.28002745 0.28230936
245 0.28236688 0.28122003 0.28351373
246 0.28356535 0.28241261 0.28471809
247 0.28476382 0.28360519 0.28592245
248 0.28596230 0.28479777 0.28712682
249 0.28716077 0.28599035 0.28833118
250 0.28835924 0.28718293 0.28953555
251 0.28955771 0.28837551 0.29073991
252 0.29075618 0.28956809 0.29194427
253 0.29195465 0.29076067 0.29314864
254 0.29315313 0.29195325 0.29435300
255 0.29435160 0.29314583 0.29555736
256 0.29555007 0.29433841 0.29676173
257 0.29674854 0.29553099 0.29796609
258 0.29794701 0.29672357 0.29917045
259 0.29914548 0.29791615 0.30037482
260 0.30034395 0.29910873 0.30157918
261 0.30154243 0.30030131 0.30278355
262 0.30274090 0.30149389 0.30398791
263 0.30393937 0.30268647 0.30519227
264 0.30513784 0.30387905 0.30639664
265 0.30633631 0.30507163 0.30760100
266 0.30753478 0.30626420 0.30880536
267 0.30873326 0.30745678 0.31000973
268 0.30993173 0.30864936 0.31121409
269 0.31113020 0.30984194 0.31241845
270 0.31232867 0.31103452 0.31362282
271 0.31352714 0.31222710 0.31482718
272 0.31472561 0.31341968 0.31603155
273 0.31592409 0.31461226 0.31723591
274 0.31712256 0.31580484 0.31844027
275 0.31832103 0.31699742 0.31964464
276 0.31951950 0.31819000 0.32084900
277 0.32070568 0.31936824 0.32204311
278 0.32189185 0.32054648 0.32323722
279 0.32307803 0.32172473 0.32443133
280 0.32426420 0.32290297 0.32562544
281 0.32545038 0.32408121 0.32681955
282 0.32663655 0.32525945 0.32801366
283 0.32782273 0.32643769 0.32920777
284 0.32900891 0.32761593 0.33040188
285 0.33019508 0.32879418 0.33159599
286 0.33138126 0.32997242 0.33279010
287 0.33256743 0.33115066 0.33398421
288 0.33375361 0.33232890 0.33517832
289 0.33493979 0.33350714 0.33637243
290 0.33612596 0.33468538 0.33756654
291 0.33731214 0.33586363 0.33876065
292 0.33849831 0.33704187 0.33995476
293 0.33968449 0.33822011 0.34114887
294 0.34087066 0.33939835 0.34234298
295 0.34205684 0.34057659 0.34353709
296 0.34324302 0.34175484 0.34473120
297 0.34442919 0.34293308 0.34592531
298 0.34561537 0.34411132 0.34711942
299 0.34680154 0.34528956 0.34831353
300 0.34798772 0.34646780 0.34950764
301 0.34917390 0.34764604 0.35070175
302 0.35036007 0.34882429 0.35189586
303 0.35154625 0.35000253 0.35308997
304 0.35273242 0.35118077 0.35428408
305 0.35391860 0.35235901 0.35547819
306 0.35510477 0.35353725 0.35667230
307 0.35629095 0.35471549 0.35786641
308 0.35747713 0.35589374 0.35906052
309 0.35866330 0.35707198 0.36025463
310 0.35984948 0.35825022 0.36144874
311 0.36103565 0.35942846 0.36264285
312 0.36222183 0.36060670 0.36383696
313 0.36340801 0.36178495 0.36503107
314 0.36459418 0.36296319 0.36622518
315 0.36578036 0.36414143 0.36741929
316 0.36696653 0.36531967 0.36861340
317 0.36815271 0.36649791 0.36980751
318 0.36933888 0.36767615 0.37100162
319 0.37052506 0.36885440 0.37219573
320 0.37171124 0.37003264 0.37338984
321 0.37289741 0.37121088 0.37458395
322 0.37408359 0.37238912 0.37577805
323 0.37526976 0.37356736 0.37697216
324 0.37645594 0.37474560 0.37816627
325 0.37764212 0.37592385 0.37936038
326 0.37882829 0.37710209 0.38055449
327 0.38001447 0.37828033 0.38174860
328 0.38120064 0.37945857 0.38294271
329 0.38238682 0.38063681 0.38413682
330 0.38357299 0.38181505 0.38533093
331 0.38475917 0.38299330 0.38652504
332 0.38594535 0.38417154 0.38771915
333 0.38713152 0.38534978 0.38891326
334 0.38831770 0.38652802 0.39010737
335 0.38950387 0.38770626 0.39130148
336 0.39069005 0.38888451 0.39249559
337 0.39187623 0.39006275 0.39368970
338 0.39306240 0.39124099 0.39488381
339 0.39424858 0.39241923 0.39607792
340 0.39543475 0.39359747 0.39727203
341 0.39662093 0.39477571 0.39846614
342 0.39780710 0.39595396 0.39966025
343 0.39899328 0.39713220 0.40085436
344 0.40017946 0.39831044 0.40204847
345 0.40136563 0.39948868 0.40324258
346 0.40255181 0.40066692 0.40443669
347 0.40373798 0.40184516 0.40563080
348 0.40492416 0.40302341 0.40682491
349 0.40611034 0.40420165 0.40801902
350 0.40729651 0.40537989 0.40921313
351 0.40848269 0.40655813 0.41040724
352 0.40966886 0.40773637 0.41160135
353 0.41085504 0.40891462 0.41279546
354 0.41204121 0.41009286 0.41398957
355 0.41322739 0.41127110 0.41518368
356 0.41441357 0.41244934 0.41637779
357 0.41559974 0.41362758 0.41757190
358 0.41678592 0.41480582 0.41876601
359 0.41797209 0.41598407 0.41996012
360 0.41915827 0.41716231 0.42115423
361 0.42034445 0.41834055 0.42234834
362 0.42153062 0.41951879 0.42354245
363 0.42271680 0.42069703 0.42473656
364 0.42390297 0.42187527 0.42593067
365 0.42508915 0.42305352 0.42712478
366 0.42627532 0.42423176 0.42831889
367 0.42746150 0.42541000 0.42951300
368 0.42870749 0.42665604 0.43075895
369 0.42995349 0.42790207 0.43200491
370 0.43119948 0.42914811 0.43325086
371 0.43244548 0.43039414 0.43449681
372 0.43369147 0.43164018 0.43574277
373 0.43493747 0.43288621 0.43698872
374 0.43618346 0.43413225 0.43823468
375 0.43742946 0.43537828 0.43948063
376 0.43867545 0.43662432 0.44072658
377 0.43992145 0.43787035 0.44197254
378 0.44116744 0.43911639 0.44321849
379 0.44241343 0.44036243 0.44446444
380 0.44365943 0.44160846 0.44571040
381 0.44490542 0.44285450 0.44695635
382 0.44615142 0.44410053 0.44820231
383 0.44739741 0.44534657 0.44944826
384 0.44864341 0.44659260 0.45069421
385 0.44988940 0.44783864 0.45194017
386 0.45113540 0.44908467 0.45318612
387 0.45238139 0.45033071 0.45443207
388 0.45362739 0.45157674 0.45567803
389 0.45487338 0.45282278 0.45692398
390 0.45611937 0.45406881 0.45816993
391 0.45736537 0.45531485 0.45941589
392 0.45861136 0.45656089 0.46066184
393 0.45985736 0.45780692 0.46190780
394 0.46110335 0.45905296 0.46315375
395 0.46234935 0.46029899 0.46439970
396 0.46359534 0.46154503 0.46564566
397 0.46484134 0.46279106 0.46689161
398 0.46608733 0.46403710 0.46813756
399 0.46733333 0.46528313 0.46938352
400 0.46857932 0.46652917 0.47062947
401 0.46982531 0.46777520 0.47187543
402 0.47107131 0.46902124 0.47312138
403 0.47231730 0.47026728 0.47436733
404 0.47356330 0.47151331 0.47561329
405 0.47480929 0.47275935 0.47685924
406 0.47605529 0.47400538 0.47810519
407 0.47730128 0.47525142 0.47935115
408 0.47854728 0.47649745 0.48059710
409 0.47979327 0.47774349 0.48184305
410 0.48103927 0.47898952 0.48308901
411 0.48228526 0.48023556 0.48433496
412 0.48353125 0.48148159 0.48558092
413 0.48477725 0.48272763 0.48682687
414 0.48602324 0.48397366 0.48807282
415 0.48726924 0.48521970 0.48931878
416 0.48851523 0.48646574 0.49056473
417 0.48976123 0.48771177 0.49181068
418 0.49100722 0.48895781 0.49305664
419 0.49225322 0.49020384 0.49430259
420 0.49349921 0.49144988 0.49554855
421 0.49474521 0.49269591 0.49679450
422 0.49599120 0.49394195 0.49804045
423 0.49723719 0.49518798 0.49928641
424 0.49848319 0.49643402 0.50053236
425 0.49972918 0.49768005 0.50177831
426 0.50097518 0.49892609 0.50302427
427 0.50222117 0.50017213 0.50427022
428 0.50346717 0.50141816 0.50551617
429 0.50471316 0.50266420 0.50676213
430 0.50595916 0.50391023 0.50800808
431 0.50720515 0.50515627 0.50925404
432 0.50845115 0.50640230 0.51049999
433 0.50969714 0.50764834 0.51174594
434 0.51094313 0.50889437 0.51299190
435 0.51218913 0.51014041 0.51423785
436 0.51343512 0.51138644 0.51548380
437 0.51468112 0.51263248 0.51672976
438 0.51592711 0.51387852 0.51797571
439 0.51717311 0.51512455 0.51922166
440 0.51841910 0.51637059 0.52046762
441 0.51966510 0.51761662 0.52171357
442 0.52091109 0.51886266 0.52295953
443 0.52215709 0.52010869 0.52420548
444 0.52340308 0.52135473 0.52545143
445 0.52464907 0.52260076 0.52669739
446 0.52589507 0.52384680 0.52794334
447 0.52714106 0.52509283 0.52918929
448 0.52838706 0.52633887 0.53043525
449 0.52963305 0.52758490 0.53168120
450 0.53087905 0.52883094 0.53292716
451 0.53212504 0.53007698 0.53417311
452 0.53337104 0.53132301 0.53541906
453 0.53461703 0.53256905 0.53666502
454 0.53586303 0.53381508 0.53791097
455 0.53710902 0.53506112 0.53915692
456 0.53835502 0.53630715 0.54040288
457 0.53960101 0.53755319 0.54164883
458 0.54084700 0.53879922 0.54289478
459 0.54209300 0.54004526 0.54414074
460 0.54333899 0.54129129 0.54538669
461 0.54458499 0.54253733 0.54663265
462 0.54583098 0.54378337 0.54787860
463 0.54707698 0.54502940 0.54912455
464 0.54832297 0.54627544 0.55037051
465 0.54956897 0.54752147 0.55161646
466 0.55081496 0.54876751 0.55286241
467 0.55206096 0.55001354 0.55410837
468 0.55330695 0.55125958 0.55535432
469 0.55455294 0.55250561 0.55660028
470 0.55579894 0.55375165 0.55784623
471 0.55704493 0.55499768 0.55909218
472 0.55829093 0.55624372 0.56033814
473 0.55953692 0.55748975 0.56158409
474 0.56078292 0.55873579 0.56283004
475 0.56202891 0.55998183 0.56407600
476 0.56327491 0.56122786 0.56532195
477 0.56452090 0.56247390 0.56656790
478 0.56576690 0.56371993 0.56781386
479 0.56701289 0.56496597 0.56905981
480 0.56825888 0.56621200 0.57030577
481 0.56950488 0.56745804 0.57155172
482 0.57075087 0.56870407 0.57279767
483 0.57199687 0.56995011 0.57404363
484 0.57324286 0.57119614 0.57528958
485 0.57448886 0.57244218 0.57653553
486 0.57573485 0.57368822 0.57778149
487 0.57698085 0.57493425 0.57902744
488 0.57822684 0.57618029 0.58027340
489 0.57947284 0.57742632 0.58151935
490 0.58071883 0.57867236 0.58276530
491 0.58196482 0.57991839 0.58401126
492 0.58321082 0.58116443 0.58525721
493 0.58445681 0.58241046 0.58650316
494 0.58570281 0.58365650 0.58774912
495 0.58694880 0.58490253 0.58899507
496 0.58819480 0.58614857 0.59024102
497 0.58944079 0.58739460 0.59148698
498 0.59068679 0.58864064 0.59273293
499 0.59193278 0.58988668 0.59397889
500 0.59317878 0.59113271 0.59522484
501 0.59442477 0.59237875 0.59647079
502 0.59567076 0.59362478 0.59771675
503 0.59691676 0.59487082 0.59896270
504 0.59816275 0.59611685 0.60020865
505 0.59940875 0.59736289 0.60145461
506 0.60065474 0.59860892 0.60270056
507 0.60190074 0.59985496 0.60394652
508 0.60314673 0.60110099 0.60519247
509 0.60439273 0.60234703 0.60643842
510 0.60563872 0.60359307 0.60768438
511 0.60688472 0.60483910 0.60893033
512 0.60813071 0.60608514 0.61017628
513 0.60937670 0.60733117 0.61142224
514 0.61062270 0.60857721 0.61266819
515 0.61186869 0.60982324 0.61391414
516 0.61311469 0.61106928 0.61516010
517 0.61436068 0.61231531 0.61640605
518 0.61560668 0.61356135 0.61765201
519 0.61685267 0.61480738 0.61889796
520 0.61809867 0.61605342 0.62014391
521 0.61934466 0.61729946 0.62138987
522 0.62059066 0.61854549 0.62263582
523 0.62183665 0.61979153 0.62388177
524 0.62308264 0.62103756 0.62512773
525 0.62432864 0.62228360 0.62637368
526 0.62557463 0.62352963 0.62761963
527 0.62682063 0.62477567 0.62886559
528 0.62806662 0.62602170 0.63011154
529 0.62931262 0.62726774 0.63135750
530 0.63055861 0.62851377 0.63260345
531 0.63180461 0.62975981 0.63384940
532 0.63305060 0.63100584 0.63509536
533 0.63429660 0.63225188 0.63634131
534 0.63554259 0.63349792 0.63758726
535 0.63678858 0.63474395 0.63883322
536 0.63803458 0.63598999 0.64007917
537 0.63928057 0.63723602 0.64132513
538 0.64052657 0.63848206 0.64257108
539 0.64177256 0.63972809 0.64381703
540 0.64301856 0.64097413 0.64506299
541 0.64426455 0.64222016 0.64630894
542 0.64551055 0.64346620 0.64755489
543 0.64675654 0.64471223 0.64880085
544 0.64800254 0.64595827 0.65004680
545 0.64924853 0.64720431 0.65129275
546 0.65049452 0.64845034 0.65253871
547 0.65174052 0.64969638 0.65378466
548 0.65298651 0.65094241 0.65503062
549 0.65423251 0.65218845 0.65627657
550 0.65547850 0.65343448 0.65752252
551 0.65672450 0.65468052 0.65876848
552 0.65797049 0.65592655 0.66001443
553 0.65921649 0.65717259 0.66126038
554 0.66046248 0.65841862 0.66250634
555 0.66170848 0.65966466 0.66375229
556 0.66295447 0.66091069 0.66499825
557 0.66420046 0.66215673 0.66624420
558 0.66544646 0.66340277 0.66749015
559 0.66669245 0.66464880 0.66873611
560 0.66793845 0.66589484 0.66998206
561 0.66918444 0.66714087 0.67122801
562 0.67043044 0.66838691 0.67247397
563 0.67167643 0.66963294 0.67371992
564 0.67292243 0.67087898 0.67496587
565 0.67416842 0.67212501 0.67621183
566 0.67541442 0.67337105 0.67745778
567 0.67666041 0.67461708 0.67870374
568 0.67790640 0.67586312 0.67994969
569 0.67915240 0.67710916 0.68119564
570 0.68039839 0.67835519 0.68244160
571 0.68164439 0.67960123 0.68368755
572 0.68289038 0.68084726 0.68493350
573 0.68413638 0.68209330 0.68617946
574 0.68538237 0.68333933 0.68742541
575 0.68662837 0.68458537 0.68867137
576 0.68787436 0.68583140 0.68991732
577 0.68912036 0.68707744 0.69116327
578 0.69036635 0.68832347 0.69240923
579 0.69161234 0.68956951 0.69365518
580 0.69285834 0.69081555 0.69490113
581 0.69410433 0.69206158 0.69614709
582 0.69535033 0.69330762 0.69739304
583 0.69659632 0.69455365 0.69863899
584 0.69784232 0.69579969 0.69988495
585 0.69908831 0.69704572 0.70113090
586 0.70033431 0.69829176 0.70237686
587 0.70158030 0.69953779 0.70362281
588 0.70282630 0.70078383 0.70486876
589 0.70407229 0.70202986 0.70611472
590 0.70531828 0.70327590 0.70736067
591 0.70656428 0.70452193 0.70860662
592 0.70781027 0.70576797 0.70985258
593 0.70905627 0.70701401 0.71109853
594 0.71030226 0.70826004 0.71234449
595 0.71154826 0.70950608 0.71359044
596 0.71279425 0.71075211 0.71483639
597 0.71404025 0.71199815 0.71608235
598 0.71528624 0.71324418 0.71732830
599 0.71653224 0.71449022 0.71857425
600 0.71777823 0.71573625 0.71982021
601 0.71902422 0.71698229 0.72106616
602 0.72027022 0.71822832 0.72231211
603 0.72151621 0.71947436 0.72355807
604 0.72276221 0.72072040 0.72480402
605 0.72400820 0.72196643 0.72604998
606 0.72525420 0.72321247 0.72729593
607 0.72650019 0.72445850 0.72854188
608 0.72774619 0.72570454 0.72978784
609 0.72899218 0.72695057 0.73103379
610 0.73023818 0.72819661 0.73227974
611 0.73148417 0.72944264 0.73352570
612 0.73273016 0.73068868 0.73477165
613 0.73397616 0.73193471 0.73601760
614 0.73522215 0.73318075 0.73726356
615 0.73646815 0.73442678 0.73850951
616 0.73771414 0.73567282 0.73975547
617 0.73896014 0.73691886 0.74100142
618 0.74020613 0.73816489 0.74224737
619 0.74145213 0.73941093 0.74349333
620 0.74269812 0.74065696 0.74473928
621 0.74394412 0.74190300 0.74598523
622 0.74519011 0.74314903 0.74723119
623 0.74643610 0.74439507 0.74847714
624 0.74768210 0.74564110 0.74972310
625 0.74892809 0.74688714 0.75096905
626 0.75017409 0.74813317 0.75221500
627 0.75142008 0.74937921 0.75346096
628 0.75266608 0.75062525 0.75470691
629 0.75391207 0.75187128 0.75595286
630 0.75515807 0.75311732 0.75719882
631 0.75640406 0.75436335 0.75844477
632 0.75765006 0.75560939 0.75969072
633 0.75889605 0.75685542 0.76093668
634 0.76014205 0.75810146 0.76218263
635 0.76138804 0.75934749 0.76342859
636 0.76263403 0.76059353 0.76467454
637 0.76388003 0.76183956 0.76592049
638 0.76512602 0.76308560 0.76716645
639 0.76637202 0.76433163 0.76841240
640 0.76761801 0.76557767 0.76965835
641 0.76886401 0.76682371 0.77090431
642 0.77011000 0.76806974 0.77215026
643 0.77135600 0.76931578 0.77339622
644 0.77260199 0.77056181 0.77464217
645 0.77384799 0.77180785 0.77588812
646 0.77509398 0.77305388 0.77713408
647 0.77633997 0.77429992 0.77838003
648 0.77758597 0.77554595 0.77962598
649 0.77883196 0.77679199 0.78087194
650 0.78007796 0.77803802 0.78211789
651 0.78132395 0.77928406 0.78336384
652 0.78256995 0.78053010 0.78460980
653 0.78381594 0.78177613 0.78585575
654 0.78506194 0.78302217 0.78710171
655 0.78630793 0.78426820 0.78834766
656 0.78755393 0.78551424 0.78959361
657 0.78879992 0.78676027 0.79083957
658 0.79004591 0.78800631 0.79208552
659 0.79129191 0.78925234 0.79333147
660 0.79253790 0.79049838 0.79457743
661 0.79378390 0.79174441 0.79582338
662 0.79502989 0.79299045 0.79706934
663 0.79627589 0.79423649 0.79831529
664 0.79752188 0.79548252 0.79956124
665 0.79876788 0.79672856 0.80080720
666 0.80001387 0.79797459 0.80205315
667 0.80125987 0.79922063 0.80329910
668 0.80250586 0.80046666 0.80454506
669 0.80375185 0.80171270 0.80579101
670 0.80499785 0.80295873 0.80703696
671 0.80624384 0.80420477 0.80828292
672 0.80748984 0.80545080 0.80952887
673 0.80873583 0.80669684 0.81077483
674 0.80998183 0.80794287 0.81202078
675 0.81122782 0.80918891 0.81326673
676 0.81247382 0.81043495 0.81451269
677 0.81371981 0.81168098 0.81575864
678 0.81496581 0.81292702 0.81700459
679 0.81621180 0.81417305 0.81825055
680 0.81745779 0.81541909 0.81949650
681 0.81870379 0.81666512 0.82074246
682 0.81994978 0.81791116 0.82198841
683 0.82119578 0.81915719 0.82323436
684 0.82244177 0.82040323 0.82448032
685 0.82368777 0.82164926 0.82572627
686 0.82493376 0.82289530 0.82697222
687 0.82617976 0.82414134 0.82821818
688 0.82742575 0.82538737 0.82946413
689 0.82867175 0.82663341 0.83071008
690 0.82991774 0.82787944 0.83195604
691 0.83116373 0.82912548 0.83320199
692 0.83240973 0.83037151 0.83444795
693 0.83365572 0.83161755 0.83569390
694 0.83490172 0.83286358 0.83693985
695 0.83614771 0.83410962 0.83818581
696 0.83739371 0.83535565 0.83943176
697 0.83863970 0.83660169 0.84067771
698 0.83988570 0.83784772 0.84192367
699 0.84113169 0.83909376 0.84316962
700 0.84237769 0.84033980 0.84441557
701 0.84362368 0.84158583 0.84566153
702 0.84486967 0.84283187 0.84690748
703 0.84611567 0.84407790 0.84815344
704 0.84736166 0.84532394 0.84939939
705 0.84860766 0.84656997 0.85064534
706 0.84985365 0.84781601 0.85189130
707 0.85109965 0.84906204 0.85313725
708 0.85234564 0.85030808 0.85438320
709 0.85359164 0.85155411 0.85562916
710 0.85483763 0.85280015 0.85687511
711 0.85608363 0.85404619 0.85812107
712 0.85732962 0.85529222 0.85936702
713 0.85857561 0.85653826 0.86061297
714 0.85982161 0.85778429 0.86185893
715 0.86106760 0.85903033 0.86310488
716 0.86231360 0.86027636 0.86435083
717 0.86355959 0.86152240 0.86559679
718 0.86480559 0.86276843 0.86684274
719 0.86605158 0.86401447 0.86808869
720 0.86729758 0.86526050 0.86933465
721 0.86854357 0.86650654 0.87058060
722 0.86978957 0.86775257 0.87182656
723 0.87103556 0.86899861 0.87307251
724 0.87228155 0.87024465 0.87431846
725 0.87352755 0.87149068 0.87556442
726 0.87477354 0.87273672 0.87681037
727 0.87601954 0.87398275 0.87805632
728 0.87726553 0.87522879 0.87930228
729 0.87851153 0.87647482 0.88054823
730 0.87975752 0.87772086 0.88179419
731 0.88100352 0.87896689 0.88304014
732 0.88224951 0.88021293 0.88428609
733 0.88349551 0.88145896 0.88553205
734 0.88474150 0.88270500 0.88677800
735 0.88608237 0.88403868 0.88812606
736 0.88742324 0.88537235 0.88947413
737 0.88876411 0.88670603 0.89082219
738 0.89010498 0.88803970 0.89217025
739 0.89144585 0.88937338 0.89351832
740 0.89278672 0.89070705 0.89486638
741 0.89412759 0.89204073 0.89621444
742 0.89546846 0.89337441 0.89756251
743 0.89680933 0.89470808 0.89891057
744 0.89815020 0.89604176 0.90025863
745 0.89949106 0.89737543 0.90160670
746 0.90083193 0.89870911 0.90295476
747 0.90217280 0.90004279 0.90430282
748 0.90351367 0.90137646 0.90565088
749 0.90485454 0.90271014 0.90699895
750 0.90619541 0.90404381 0.90834701
751 0.90753628 0.90537749 0.90969507
752 0.90887715 0.90671116 0.91104314
753 0.91021802 0.90804484 0.91239120
754 0.91155889 0.90937852 0.91373926
755 0.91289976 0.91071219 0.91508733
756 0.91424063 0.91204587 0.91643539
757 0.91558150 0.91337954 0.91778345
758 0.91692237 0.91471322 0.91913152
759 0.91826324 0.91604690 0.92047958
760 0.91960411 0.91738057 0.92182764
761 0.92094498 0.91871425 0.92317571
762 0.92228585 0.92004792 0.92452377
763 0.92362672 0.92138160 0.92587183
764 0.92496759 0.92271527 0.92721990
765 0.92630845 0.92404895 0.92856796
766 0.92764932 0.92538263 0.92991602
767 0.92899019 0.92671630 0.93126409
768 0.93033106 0.92804998 0.93261215
769 0.93167193 0.92938365 0.93396021
770 0.93301280 0.93071733 0.93530827
771 0.93435367 0.93205101 0.93665634
772 0.93569454 0.93338468 0.93800440
773 0.93703541 0.93471836 0.93935246
774 0.93837628 0.93605203 0.94070053
775 0.93971715 0.93738571 0.94204859
776 0.94105802 0.93871938 0.94339665
777 0.94239889 0.94005306 0.94474472
778 0.94373976 0.94138674 0.94609278
779 0.94508063 0.94272041 0.94744084
780 0.94642150 0.94405409 0.94878891
781 0.94776237 0.94538776 0.95013697
782 0.94910324 0.94672144 0.95148503
783 0.95044411 0.94805512 0.95283310
784 0.95178498 0.94938879 0.95418116
785 0.95312584 0.95072247 0.95552922
786 0.95446671 0.95205614 0.95687729
787 0.95580758 0.95338982 0.95822535
788 0.95714845 0.95472349 0.95957341
789 0.95848932 0.95605717 0.96092148
790 0.95983019 0.95739085 0.96226954
791 0.96117106 0.95872452 0.96361760
792 0.96251193 0.96005820 0.96496566
793 0.96385280 0.96139187 0.96631373
794 0.96519367 0.96272555 0.96766179
795 0.96653454 0.96405923 0.96900985
796 0.96787541 0.96539290 0.97035792
797 0.96921628 0.96672658 0.97170598
798 0.97055715 0.96806025 0.97305404
799 0.97189802 0.96939393 0.97440211
800 0.97323889 0.97072760 0.97575017
801 0.97457976 0.97206128 0.97709823
802 0.97592063 0.97339496 0.97844630
803 0.97726150 0.97472863 0.97979436
804 0.97860237 0.97606231 0.98114242
805 0.97994323 0.97739598 0.98249049
806 0.98128410 0.97872966 0.98383855
807 0.98262497 0.98006334 0.98518661
808 0.98396584 0.98139701 0.98653468
809 0.98530671 0.98273069 0.98788274
810 0.98664758 0.98406436 0.98923080
811 0.98798845 0.98539804 0.99057887
812 0.98932932 0.98673171 0.99192693
813 0.99067019 0.98806539 0.99327499
814 0.99201106 0.98939907 0.99462305
815 0.99335193 0.99073274 0.99597112
816 0.99469280 0.99206642 0.99731918
817 0.99603367 0.99340009 0.99866724
818 0.99737454 0.99473377 1.00001531
819 0.99871541 0.99606745 1.00136337
820 1.00005628 0.99740112 1.00271143
821 1.00139715 0.99873480 1.00405950
822 1.00273802 1.00006847 1.00540756
823 1.00407889 1.00140215 1.00675562
824 1.00541976 1.00273582 1.00810369
825 1.00676063 1.00406950 1.00945175
826 1.00810149 1.00540318 1.01079981
827 1.00944236 1.00673685 1.01214788
828 1.01078323 1.00807053 1.01349594
829 1.01212410 1.00940420 1.01484400
830 1.01346497 1.01073788 1.01619207
831 1.01480584 1.01207155 1.01754013
832 1.01614671 1.01340523 1.01888819
833 1.01748758 1.01473891 1.02023626
834 1.01882845 1.01607258 1.02158432
835 1.02016932 1.01740626 1.02293238
836 1.02151019 1.01873993 1.02428045
837 1.02285106 1.02007361 1.02562851
838 1.02419193 1.02140729 1.02697657
839 1.02553280 1.02274096 1.02832463
840 1.02687367 1.02407464 1.02967270
841 1.02821454 1.02540831 1.03102076
842 1.02955541 1.02674199 1.03236882
843 1.03089628 1.02807566 1.03371689
844 1.03223715 1.02940934 1.03506495
845 1.03357802 1.03074302 1.03641301
846 1.03491888 1.03207669 1.03776108
847 1.03625975 1.03341037 1.03910914
848 1.03760062 1.03474404 1.04045720
849 1.03894149 1.03607772 1.04180527
850 1.04028236 1.03741140 1.04315333
851 1.04162323 1.03874507 1.04450139
852 1.04296410 1.04007875 1.04584946
853 1.04430497 1.04141242 1.04719752
854 1.04564584 1.04274610 1.04854558
855 1.04698671 1.04407977 1.04989365
856 1.04832758 1.04541345 1.05124171
857 1.04966845 1.04674713 1.05258977
858 1.05100932 1.04808080 1.05393784
859 1.05235019 1.04941448 1.05528590
860 1.05369106 1.05074815 1.05663396
861 1.05503193 1.05208183 1.05798202
862 1.05637280 1.05341551 1.05933009
863 1.05771367 1.05474918 1.06067815
864 1.05905454 1.05608286 1.06202621
865 1.06039541 1.05741653 1.06337428
866 1.06173627 1.05875021 1.06472234
867 1.06307714 1.06008388 1.06607040
868 1.06441801 1.06141756 1.06741847
869 1.06575888 1.06275124 1.06876653
870 1.06709975 1.06408491 1.07011459
871 1.06844062 1.06541859 1.07146266
872 1.06978149 1.06675226 1.07281072
873 1.07112236 1.06808594 1.07415878
874 1.07246323 1.06941962 1.07550685
875 1.07380410 1.07075329 1.07685491
876 1.07514497 1.07208697 1.07820297
877 1.07648584 1.07342064 1.07955104
878 1.07782671 1.07475432 1.08089910
879 1.07916758 1.07608799 1.08224716
880 1.08050845 1.07742167 1.08359523
881 1.08184932 1.07875535 1.08494329
882 1.08319019 1.08008902 1.08629135
883 1.08453106 1.08142270 1.08763941
884 1.08587193 1.08275637 1.08898748
885 1.08721280 1.08409005 1.09033554
886 1.08855366 1.08542373 1.09168360
887 1.08989453 1.08675740 1.09303167
888 1.09123540 1.08809108 1.09437973
889 1.09257627 1.08942475 1.09572779
890 1.09391714 1.09075843 1.09707586
891 1.09525801 1.09209210 1.09842392
892 1.09659888 1.09342578 1.09977198
893 1.09793975 1.09475946 1.10112005
894 1.09928062 1.09609313 1.10246811
895 1.10062149 1.09742681 1.10381617
896 1.10196236 1.09876048 1.10516424
897 1.10330323 1.10009416 1.10651230
898 1.10464410 1.10142784 1.10786036
899 1.10598497 1.10276151 1.10920843
900 1.10732584 1.10409519 1.11055649
901 1.10866671 1.10542886 1.11190455
902 1.11000758 1.10676254 1.11325262
903 1.11134845 1.10809621 1.11460068
904 1.11268932 1.10942989 1.11594874
905 1.11403019 1.11076357 1.11729680
906 1.11537105 1.11209724 1.11864487
907 1.11671192 1.11343092 1.11999293
908 1.11805279 1.11476459 1.12134099
909 1.11939366 1.11609827 1.12268906
910 1.12073453 1.11743195 1.12403712
911 1.12207540 1.11876562 1.12538518
912 1.12341627 1.12009930 1.12673325
913 1.12475714 1.12143297 1.12808131
914 1.12609801 1.12276665 1.12942937
915 1.12743888 1.12410032 1.13077744
916 1.12877975 1.12543400 1.13212550
917 1.13012062 1.12676768 1.13347356
918 1.13146149 1.12810135 1.13482163
919 1.13280236 1.12943503 1.13616969
920 1.13414323 1.13076870 1.13751775
921 1.13548410 1.13210238 1.13886582
922 1.13682497 1.13343605 1.14021388
923 1.13816584 1.13476973 1.14156194
924 1.13950671 1.13610341 1.14291001
925 1.14084758 1.13743708 1.14425807
926 1.14218845 1.13877076 1.14560613
927 1.14352931 1.14010443 1.14695420
928 1.14487018 1.14143811 1.14830226
929 1.14621105 1.14277179 1.14965032
930 1.14755192 1.14410546 1.15099838
931 1.14889279 1.14543914 1.15234645
932 1.15023366 1.14677281 1.15369451
933 1.15157453 1.14810649 1.15504257
934 1.15291540 1.14944016 1.15639064
935 1.15425627 1.15077384 1.15773870
936 1.15559714 1.15210752 1.15908676
937 1.15693801 1.15344119 1.16043483
938 1.15827888 1.15477487 1.16178289
939 1.15961975 1.15610854 1.16313095
940 1.16096062 1.15744222 1.16447902
941 1.16230149 1.15877590 1.16582708
942 1.16364236 1.16010957 1.16717514
943 1.16498323 1.16144325 1.16852321
944 1.16632410 1.16277692 1.16987127
945 1.16766497 1.16411060 1.17121933
946 1.16900584 1.16544427 1.17256740
947 1.17034670 1.16677795 1.17391546
948 1.17168757 1.16811163 1.17526352
949 1.17302844 1.16944530 1.17661159
950 1.17436931 1.17077898 1.17795965
951 1.17571018 1.17211265 1.17930771
952 1.17705105 1.17344633 1.18065577
953 1.17839192 1.17478001 1.18200384
954 1.17973279 1.17611368 1.18335190
955 1.18107366 1.17744736 1.18469996
956 1.18241453 1.17878103 1.18604803
957 1.18375540 1.18011471 1.18739609
958 1.18509627 1.18144838 1.18874415
959 1.18643714 1.18278206 1.19009222
960 1.18777801 1.18411574 1.19144028
961 1.18911888 1.18544941 1.19278834
962 1.19045975 1.18678309 1.19413641
963 1.19180062 1.18811676 1.19548447
964 1.19314149 1.18945044 1.19683253
965 1.19448236 1.19078412 1.19818060
966 1.19582323 1.19211779 1.19952866
967 1.19716409 1.19345147 1.20087672
968 1.19850496 1.19478514 1.20222479
969 1.19984583 1.19611882 1.20357285
970 1.20118670 1.19745249 1.20492091
971 1.20252757 1.19878617 1.20626898
972 1.20386844 1.20011985 1.20761704
973 1.20520931 1.20145352 1.20896510
974 1.20655018 1.20278720 1.21031316
975 1.20789105 1.20412087 1.21166123
976 1.20923192 1.20545455 1.21300929
977 1.21057279 1.20678823 1.21435735
978 1.21191366 1.20812190 1.21570542
979 1.21325453 1.20945558 1.21705348
980 1.21459540 1.21078925 1.21840154
981 1.21593627 1.21212293 1.21974961
982 1.21727714 1.21345660 1.22109767
983 1.21861801 1.21479028 1.22244573
984 1.21995888 1.21612396 1.22379380
985 1.22129975 1.21745763 1.22514186
986 1.22264062 1.21879131 1.22648992
987 1.22398148 1.22012498 1.22783799
988 1.22532235 1.22145866 1.22918605
989 1.22666322 1.22279234 1.23053411
990 1.22800409 1.22412601 1.23188218
991 1.22934496 1.22545969 1.23323024
992 1.23068583 1.22679336 1.23457830
993 1.23202670 1.22812704 1.23592637
994 1.23336757 1.22946071 1.23727443
995 1.23470844 1.23079439 1.23862249
996 1.23604931 1.23212807 1.23997055
997 1.23739018 1.23346174 1.24131862
998 1.23873105 1.23479542 1.24266668
999 1.24007192 1.23612909 1.24401474
1000 1.24141279 1.23746277 1.24536281
1001 1.24275366 1.23879645 1.24671087
1002 1.24409453 1.24013012 1.24805893
1003 1.24543540 1.24146380 1.24940700
1004 1.24677627 1.24279747 1.25075506
1005 1.24811714 1.24413115 1.25210312
1006 1.24945801 1.24546482 1.25345119
1007 1.25079888 1.24679850 1.25479925
1008 1.25213974 1.24813218 1.25614731
1009 1.25348061 1.24946585 1.25749538
1010 1.25482148 1.25079953 1.25884344
1011 1.25616235 1.25213320 1.26019150
1012 1.25750322 1.25346688 1.26153957
1013 1.25884409 1.25480055 1.26288763
1014 1.26018496 1.25613423 1.26423569
1015 1.26152583 1.25746791 1.26558376
1016 1.26286670 1.25880158 1.26693182
1017 1.26420757 1.26013526 1.26827988
1018 1.26554844 1.26146893 1.26962795
1019 1.26688931 1.26280261 1.27097601
1020 1.26823018 1.26413629 1.27232407
1021 1.26957105 1.26546996 1.27367213
1022 1.27091192 1.26680364 1.27502020
1023 1.27225279 1.26813731 1.27636826
1024 1.27359366 1.26947099 1.27771632
1025 1.27493453 1.27080466 1.27906439
1026 1.27627540 1.27213834 1.28041245
1027 1.27761627 1.27347202 1.28176051
1028 1.27895713 1.27480569 1.28310858
1029 1.28029800 1.27613937 1.28445664
1030 1.28163887 1.27747304 1.28580470
1031 1.28297974 1.27880672 1.28715277
1032 1.28432061 1.28014040 1.28850083
1033 1.28566148 1.28147407 1.28984889
1034 1.28700235 1.28280775 1.29119696
1035 1.28834322 1.28414142 1.29254502
1036 1.28968409 1.28547510 1.29389308
1037 1.29102496 1.28680877 1.29524115
1038 1.29236583 1.28814245 1.29658921
1039 1.29370670 1.28947613 1.29793727
1040 1.29504757 1.29080980 1.29928534
1041 1.29638844 1.29214348 1.30063340
1042 1.29772931 1.29347715 1.30198146
1043 1.29907018 1.29481083 1.30332952
1044 1.30041105 1.29614451 1.30467759
1045 1.30175192 1.29747818 1.30602565
1046 1.30309279 1.29881186 1.30737371
1047 1.30443366 1.30014553 1.30872178
1048 1.30577452 1.30147921 1.31006984
1049 1.30711539 1.30281288 1.31141790
1050 1.30845626 1.30414656 1.31276597
1051 1.30979713 1.30548024 1.31411403
1052 1.31113800 1.30681391 1.31546209
1053 1.31247887 1.30814759 1.31681016
1054 1.31381974 1.30948126 1.31815822
1055 1.31516061 1.31081494 1.31950628
1056 1.31650148 1.31214862 1.32085435
1057 1.31784235 1.31348229 1.32220241
1058 1.31918322 1.31481597 1.32355047
1059 1.32052409 1.31614964 1.32489854
1060 1.32186496 1.31748332 1.32624660
1061 1.32320583 1.31881699 1.32759466
1062 1.32454670 1.32015067 1.32894273
1063 1.32588757 1.32148435 1.33029079
1064 1.32722844 1.32281802 1.33163885
1065 1.32856931 1.32415170 1.33298691
1066 1.32991018 1.32548537 1.33433498
1067 1.33125105 1.32681905 1.33568304
1068 1.33259191 1.32815273 1.33703110
1069 1.33393278 1.32948640 1.33837917
1070 1.33527365 1.33082008 1.33972723
1071 1.33661452 1.33215375 1.34107529
1072 1.33795539 1.33348743 1.34242336
1073 1.33929626 1.33482110 1.34377142
1074 1.34063713 1.33615478 1.34511948
1075 1.34197800 1.33748846 1.34646755
1076 1.34331887 1.33882213 1.34781561
1077 1.34465974 1.34015581 1.34916367
1078 1.34600061 1.34148948 1.35051174
1079 1.34734148 1.34282316 1.35185980
1080 1.34868235 1.34415684 1.35320786
1081 1.35002322 1.34549051 1.35455593
1082 1.35136409 1.34682419 1.35590399
1083 1.35270496 1.34815786 1.35725205
1084 1.35404583 1.34949154 1.35860012
1085 1.35538670 1.35082521 1.35994818
1086 1.35672757 1.35215889 1.36129624
1087 1.35806844 1.35349257 1.36264430
1088 1.35940930 1.35482624 1.36399237
1089 1.36075017 1.35615992 1.36534043
1090 1.36209104 1.35749359 1.36668849
1091 1.36343191 1.35882727 1.36803656
1092 1.36477278 1.36016095 1.36938462
1093 1.36611365 1.36149462 1.37073268
1094 1.36745452 1.36282830 1.37208075
1095 1.36879539 1.36416197 1.37342881
1096 1.37013626 1.36549565 1.37477687
1097 1.37147713 1.36682932 1.37612494
1098 1.37281800 1.36816300 1.37747300
1099 1.37423365 1.36957412 1.37889319
1100 1.37564931 1.37098524 1.38031337
1101 1.37706496 1.37239636 1.38173356
1102 1.37848061 1.37380748 1.38315375
1103 1.37989627 1.37521860 1.38457393
1104 1.38131192 1.37662972 1.38599412
1105 1.38272757 1.37804084 1.38741430
1106 1.38414323 1.37945196 1.38883449
1107 1.38555888 1.38086308 1.39025468
1108 1.38697453 1.38227421 1.39167486
1109 1.38839019 1.38368533 1.39309505
1110 1.38980584 1.38509645 1.39451524
1111 1.39122149 1.38650757 1.39593542
1112 1.39263715 1.38791869 1.39735561
1113 1.39405280 1.38932981 1.39877579
1114 1.39546845 1.39074093 1.40019598
1115 1.39688411 1.39215205 1.40161617
1116 1.39829976 1.39356317 1.40303635
1117 1.39971542 1.39497429 1.40445654
1118 1.40113107 1.39638541 1.40587673
1119 1.40254672 1.39779653 1.40729691
1120 1.40396238 1.39920765 1.40871710
1121 1.40537803 1.40061877 1.41013728
1122 1.40679368 1.40202989 1.41155747
1123 1.40820934 1.40344101 1.41297766
1124 1.40962499 1.40485213 1.41439784
1125 1.41104064 1.40626325 1.41581803
1126 1.41245630 1.40767438 1.41723822
1127 1.41387195 1.40908550 1.41865840
1128 1.41528760 1.41049662 1.42007859
1129 1.41670326 1.41190774 1.42149878
1130 1.41811891 1.41331886 1.42291896
1131 1.41953456 1.41472998 1.42433915
1132 1.42095022 1.41614110 1.42575933
1133 1.42236587 1.41755222 1.42717952
1134 1.42378152 1.41896334 1.42859971
1135 1.42519718 1.42037446 1.43001989
1136 1.42661283 1.42178558 1.43144008
1137 1.42802848 1.42319670 1.43286027
1138 1.42944414 1.42460782 1.43428045
1139 1.43085979 1.42601894 1.43570064
1140 1.43227544 1.42743006 1.43712082
1141 1.43369110 1.42884118 1.43854101
1142 1.43510675 1.43025230 1.43996120
1143 1.43652240 1.43166342 1.44138138
1144 1.43793806 1.43307455 1.44280157
1145 1.43935371 1.43448567 1.44422176
1146 1.44076936 1.43589679 1.44564194
1147 1.44218502 1.43730791 1.44706213
1148 1.44360067 1.43871903 1.44848232
1149 1.44501632 1.44013015 1.44990250
1150 1.44643198 1.44154127 1.45132269
1151 1.44784763 1.44295239 1.45274287
1152 1.44926328 1.44436351 1.45416306
1153 1.45067894 1.44577463 1.45558325
1154 1.45209459 1.44718575 1.45700343
1155 1.45351025 1.44859687 1.45842362
1156 1.45492590 1.45000799 1.45984381
1157 1.45634155 1.45141911 1.46126399
1158 1.45775721 1.45283023 1.46268418
1159 1.45917286 1.45424135 1.46410436
1160 1.46058851 1.45565247 1.46552455
1161 1.46200417 1.45706359 1.46694474
1162 1.46341982 1.45847472 1.46836492
1163 1.46483547 1.45988584 1.46978511
1164 1.46625113 1.46129696 1.47120530
1165 1.46766678 1.46270808 1.47262548
1166 1.46908243 1.46411920 1.47404567
1167 1.47049809 1.46553032 1.47546585
1168 1.47191374 1.46694144 1.47688604
1169 1.47332939 1.46835256 1.47830623
1170 1.47474505 1.46976368 1.47972641
1171 1.47616070 1.47117480 1.48114660
1172 1.47757635 1.47258592 1.48256679
1173 1.47899201 1.47399704 1.48398697
1174 1.48040766 1.47540816 1.48540716
1175 1.48182331 1.47681928 1.48682735
1176 1.48323897 1.47823040 1.48824753
1177 1.48465462 1.47964152 1.48966772
1178 1.48607027 1.48105264 1.49108790
1179 1.48748593 1.48246376 1.49250809
1180 1.48890158 1.48387488 1.49392828
1181 1.49031723 1.48528601 1.49534846
1182 1.49173289 1.48669713 1.49676865
1183 1.49314854 1.48810825 1.49818884
1184 1.49456419 1.48951937 1.49960902
1185 1.49597985 1.49093049 1.50102921
1186 1.49739550 1.49234161 1.50244939
1187 1.49881115 1.49375273 1.50386958
1188 1.50022681 1.49516385 1.50528977
1189 1.50164246 1.49657497 1.50670995
1190 1.50305812 1.49798609 1.50813014
1191 1.50447377 1.49939721 1.50955033
1192 1.50588942 1.50080833 1.51097051
1193 1.50730508 1.50221945 1.51239070
1194 1.50872073 1.50363057 1.51381088
1195 1.51013638 1.50504169 1.51523107
1196 1.51155204 1.50645281 1.51665126
1197 1.51296769 1.50786393 1.51807144
1198 1.51438334 1.50927505 1.51949163
1199 1.51579900 1.51068618 1.52091182
1200 1.51721465 1.51209730 1.52233200
1201 1.51863030 1.51350842 1.52375219
1202 1.52004596 1.51491954 1.52517238
1203 1.52146161 1.51633066 1.52659256
1204 1.52287726 1.51774178 1.52801275
1205 1.52429292 1.51915290 1.52943293
1206 1.52570857 1.52056402 1.53085312
1207 1.52712422 1.52197514 1.53227331
1208 1.52853988 1.52338626 1.53369349
1209 1.52995553 1.52479738 1.53511368
1210 1.53137118 1.52620850 1.53653387
1211 1.53278684 1.52761962 1.53795405
1212 1.53420249 1.52903074 1.53937424
1213 1.53561814 1.53044186 1.54079442
1214 1.53703380 1.53185298 1.54221461
1215 1.53844945 1.53326410 1.54363480
1216 1.53986510 1.53467522 1.54505498
1217 1.54128076 1.53608635 1.54647517
1218 1.54269641 1.53749747 1.54789536
1219 1.54411206 1.53890859 1.54931554
1220 1.54552772 1.54031971 1.55073573
1221 1.54694337 1.54173083 1.55215592
1222 1.54835902 1.54314195 1.55357610
1223 1.54977468 1.54455307 1.55499629
1224 1.55119033 1.54596419 1.55641647
1225 1.55260598 1.54737531 1.55783666
1226 1.55402164 1.54878643 1.55925685
1227 1.55543729 1.55019755 1.56067703
1228 1.55685295 1.55160867 1.56209722
1229 1.55826860 1.55301979 1.56351741
1230 1.55968425 1.55443091 1.56493759
1231 1.56109991 1.55584203 1.56635778
1232 1.56251556 1.55725315 1.56777796
1233 1.56393121 1.55866427 1.56919815
1234 1.56534687 1.56007539 1.57061834
1235 1.56676252 1.56148652 1.57203852
1236 1.56817817 1.56289764 1.57345871
1237 1.56959383 1.56430876 1.57487890
1238 1.57100948 1.56571988 1.57629908
1239 1.57242513 1.56713100 1.57771927
1240 1.57384079 1.56854212 1.57913945
1241 1.57525644 1.56995324 1.58055964
1242 1.57667209 1.57136436 1.58197983
1243 1.57808775 1.57277548 1.58340001
1244 1.57950340 1.57418660 1.58482020
1245 1.58091905 1.57559772 1.58624039
1246 1.58233471 1.57700884 1.58766057
1247 1.58375036 1.57841996 1.58908076
1248 1.58516601 1.57983108 1.59050095
1249 1.58658167 1.58124220 1.59192113
1250 1.58799732 1.58265332 1.59334132
1251 1.58941297 1.58406444 1.59476150
1252 1.59082863 1.58547556 1.59618169
1253 1.59224428 1.58688668 1.59760188
1254 1.59365993 1.58829781 1.59902206
1255 1.59507559 1.58970893 1.60044225
1256 1.59649124 1.59112005 1.60186244
1257 1.59790689 1.59253117 1.60328262
1258 1.59932255 1.59394229 1.60470281
1259 1.60073820 1.59535341 1.60612299
1260 1.60215385 1.59676453 1.60754318
1261 1.60356951 1.59817565 1.60896337
1262 1.60498516 1.59958677 1.61038355
1263 1.60640082 1.60099789 1.61180374
1264 1.60781647 1.60240901 1.61322393
1265 1.60923212 1.60382013 1.61464411
1266 1.61064778 1.60523125 1.61606430
1267 1.61206343 1.60664237 1.61748448
1268 1.61347908 1.60805349 1.61890467
1269 1.61489474 1.60946461 1.62032486
1270 1.61631039 1.61087573 1.62174504
1271 1.61772604 1.61228685 1.62316523
1272 1.61914170 1.61369798 1.62458542
1273 1.62055735 1.61510910 1.62600560
1274 1.62197300 1.61652022 1.62742579
1275 1.62338866 1.61793134 1.62884598
1276 1.62480431 1.61934246 1.63026616
1277 1.62621996 1.62075358 1.63168635
1278 1.62763562 1.62216470 1.63310653
1279 1.62905127 1.62357582 1.63452672
1280 1.63046692 1.62498694 1.63594691
1281 1.63188258 1.62639806 1.63736709
1282 1.63329823 1.62780918 1.63878728
1283 1.63471388 1.62922030 1.64020747
1284 1.63612954 1.63063142 1.64162765
1285 1.63754519 1.63204254 1.64304784
1286 1.63896084 1.63345366 1.64446802
1287 1.64037650 1.63486478 1.64588821
1288 1.64179215 1.63627590 1.64730840
1289 1.64320780 1.63768702 1.64872858
1290 1.64462346 1.63909815 1.65014877
1291 1.64603911 1.64050927 1.65156896
1292 1.64745476 1.64192039 1.65298914
1293 1.64887042 1.64333151 1.65440933
1294 1.65028607 1.64474263 1.65582952
1295 1.65170172 1.64615375 1.65724970
1296 1.65311738 1.64756487 1.65866989
1297 1.65453303 1.64897599 1.66009007
1298 1.65594868 1.65038711 1.66151026
1299 1.65736434 1.65179823 1.66293045
1300 1.65877999 1.65320935 1.66435063
1301 1.66019565 1.65462047 1.66577082
1302 1.66161130 1.65603159 1.66719101
1303 1.66302695 1.65744271 1.66861119
1304 1.66444261 1.65885383 1.67003138
1305 1.66585826 1.66026495 1.67145156
1306 1.66727391 1.66167607 1.67287175
1307 1.66868957 1.66308719 1.67429194
1308 1.67010522 1.66449832 1.67571212
1309 1.67152087 1.66590944 1.67713231
1310 1.67293653 1.66732056 1.67855250
1311 1.67435218 1.66873168 1.67997268
1312 1.67576783 1.67014280 1.68139287
1313 1.67718349 1.67155392 1.68281305
1314 1.67859914 1.67296504 1.68423324
1315 1.68001479 1.67437616 1.68565343
1316 1.68143045 1.67578728 1.68707361
1317 1.68284610 1.67719840 1.68849380
1318 1.68426175 1.67860952 1.68991399
1319 1.68567741 1.68002064 1.69133417
1320 1.68709306 1.68143176 1.69275436
1321 1.68850871 1.68284288 1.69417455
1322 1.68992437 1.68425400 1.69559473
1323 1.69134002 1.68566512 1.69701492
1324 1.69275567 1.68707624 1.69843510
1325 1.69417133 1.68848736 1.69985529
1326 1.69558698 1.68989848 1.70127548
1327 1.69700263 1.69130961 1.70269566
1328 1.69841829 1.69272073 1.70411585
1329 1.69983394 1.69413185 1.70553604
1330 1.70124959 1.69554297 1.70695622
1331 1.70266525 1.69695409 1.70837641
1332 1.70408090 1.69836521 1.70979659
1333 1.70549655 1.69977633 1.71121678
1334 1.70691221 1.70118745 1.71263697
1335 1.70832786 1.70259857 1.71405715
1336 1.70974352 1.70400969 1.71547734
1337 1.71115917 1.70542081 1.71689753
1338 1.71257482 1.70683193 1.71831771
1339 1.71399048 1.70824305 1.71973790
1340 1.71540613 1.70965417 1.72115808
1341 1.71682178 1.71106529 1.72257827
1342 1.71823744 1.71247641 1.72399846
1343 1.71965309 1.71388753 1.72541864
1344 1.72106874 1.71529865 1.72683883
1345 1.72248440 1.71670978 1.72825902
1346 1.72390005 1.71812090 1.72967920
1347 1.72531570 1.71953202 1.73109939
1348 1.72673136 1.72094314 1.73251958
1349 1.72814701 1.72235426 1.73393976
1350 1.72956266 1.72376538 1.73535995
1351 1.73097832 1.72517650 1.73678013
1352 1.73239397 1.72658762 1.73820032
1353 1.73380962 1.72799874 1.73962051
1354 1.73522528 1.72940986 1.74104069
1355 1.73664093 1.73082098 1.74246088
1356 1.73805658 1.73223210 1.74388107
1357 1.73947224 1.73364322 1.74530125
1358 1.74088789 1.73505434 1.74672144
1359 1.74230354 1.73646546 1.74814162
1360 1.74371920 1.73787658 1.74956181
1361 1.74513485 1.73928770 1.75098200
1362 1.74655050 1.74069882 1.75240218
1363 1.74796616 1.74210995 1.75382237
1364 1.74938181 1.74352107 1.75524256
1365 1.75079746 1.74493219 1.75666274
1366 1.75221312 1.74634331 1.75808293
1367 1.75362877 1.74775443 1.75950312
1368 1.75504442 1.74916555 1.76092330
1369 1.75646008 1.75057667 1.76234349
1370 1.75787573 1.75198779 1.76376367
1371 1.75929138 1.75339891 1.76518386
1372 1.76070704 1.75481003 1.76660405
1373 1.76212269 1.75622115 1.76802423
1374 1.76353835 1.75763227 1.76944442
1375 1.76495400 1.75904339 1.77086461
1376 1.76636965 1.76045451 1.77228479
1377 1.76778531 1.76186563 1.77370498
1378 1.76920096 1.76327675 1.77512516
1379 1.77061661 1.76468787 1.77654535
1380 1.77203227 1.76609899 1.77796554
1381 1.77344792 1.76751012 1.77938572
1382 1.77486357 1.76892124 1.78080591
1383 1.77627923 1.77033236 1.78222610
1384 1.77769488 1.77174348 1.78364628
1385 1.77911053 1.77315460 1.78506647
1386 1.78052619 1.77456572 1.78648665
1387 1.78194184 1.77597684 1.78790684
1388 1.78335749 1.77738796 1.78932703
1389 1.78477315 1.77879908 1.79074721
1390 1.78618880 1.78021020 1.79216740
1391 1.78760445 1.78162132 1.79358759
1392 1.78902011 1.78303244 1.79500777
1393 1.79043576 1.78444356 1.79642796
1394 1.79185141 1.78585468 1.79784815
1395 1.79326707 1.78726580 1.79926833
1396 1.79468272 1.78867692 1.80068852
1397 1.79609837 1.79008804 1.80210870
1398 1.79751403 1.79149916 1.80352889
1399 1.79892968 1.79291028 1.80494908
1400 1.80034533 1.79432141 1.80636926
1401 1.80176099 1.79573253 1.80778945
1402 1.80317664 1.79714365 1.80920964
1403 1.80459229 1.79855477 1.81062982
1404 1.80600795 1.79996589 1.81205001
1405 1.80742360 1.80137701 1.81347019
1406 1.80883925 1.80278813 1.81489038
1407 1.81025491 1.80419925 1.81631057
1408 1.81167056 1.80561037 1.81773075
1409 1.81308622 1.80702149 1.81915094
1410 1.81450187 1.80843261 1.82057113
1411 1.81591752 1.80984373 1.82199131
1412 1.81733318 1.81125485 1.82341150
1413 1.81874883 1.81266597 1.82483168
1414 1.82016448 1.81407709 1.82625187
1415 1.82158014 1.81548821 1.82767206
1416 1.82299579 1.81689933 1.82909224
1417 1.82441144 1.81831045 1.83051243
1418 1.82582710 1.81972158 1.83193262
1419 1.82724275 1.82113270 1.83335280
1420 1.82865840 1.82254382 1.83477299
1421 1.83007406 1.82395494 1.83619318
1422 1.83148971 1.82536606 1.83761336
1423 1.83290536 1.82677718 1.83903355
1424 1.83432102 1.82818830 1.84045373
1425 1.83573667 1.82959942 1.84187392
1426 1.83715232 1.83101054 1.84329411
1427 1.83856798 1.83242166 1.84471429
1428 1.83998363 1.83383278 1.84613448
1429 1.84139928 1.83524390 1.84755467
1430 1.84281494 1.83665502 1.84897485
1431 1.84423059 1.83806614 1.85039504
1432 1.84564624 1.83947726 1.85181522
1433 1.84706190 1.84088838 1.85323541
1434 1.84847755 1.84229950 1.85465560
1435 1.84989320 1.84371062 1.85607578
1436 1.85130886 1.84512175 1.85749597
1437 1.85272451 1.84653287 1.85891616
1438 1.85414016 1.84794399 1.86033634
1439 1.85555582 1.84935511 1.86175653
1440 1.85697147 1.85076623 1.86317672
1441 1.85838712 1.85217735 1.86459690
1442 1.85980278 1.85358847 1.86601709
1443 1.86121843 1.85499959 1.86743727
1444 1.86263408 1.85641071 1.86885746
1445 1.86404974 1.85782183 1.87027765
1446 1.86546539 1.85923295 1.87169783
1447 1.86688105 1.86064407 1.87311802
1448 1.86829670 1.86205519 1.87453821
1449 1.86971235 1.86346631 1.87595839
1450 1.87112801 1.86487743 1.87737858
1451 1.87254366 1.86628855 1.87879876
1452 1.87395931 1.86769967 1.88021895
1453 1.87537497 1.86911079 1.88163914
1454 1.87679062 1.87052192 1.88305932
1455 1.87820627 1.87193304 1.88447951
1456 1.87962193 1.87334416 1.88589970
1457 1.88103758 1.87475528 1.88731988
1458 1.88245323 1.87616640 1.88874007
1459 1.88386889 1.87757752 1.89016025
1460 1.88528454 1.87898864 1.89158044
1461 1.88670019 1.88039976 1.89300063
1462 1.88811585 1.88181088 1.89442081
1463 1.88953150 1.88322200 1.89584100
1464 1.89105380 1.88472639 1.89738121
1465 1.89257610 1.88623077 1.89892142
1466 1.89409840 1.88773516 1.90046163
1467 1.89562069 1.88923955 1.90200184
1468 1.89714299 1.89074393 1.90354205
1469 1.89866529 1.89224832 1.90508227
1470 1.90018759 1.89375270 1.90662248
1471 1.90170989 1.89525709 1.90816269
1472 1.90323219 1.89676148 1.90970290
1473 1.90475449 1.89826586 1.91124311
1474 1.90627678 1.89977025 1.91278332
1475 1.90779908 1.90127464 1.91432353
1476 1.90932138 1.90277902 1.91586374
1477 1.91084368 1.90428341 1.91740395
1478 1.91236598 1.90578779 1.91894416
1479 1.91388828 1.90729218 1.92048438
1480 1.91541058 1.90879657 1.92202459
1481 1.91693288 1.91030095 1.92356480
1482 1.91845517 1.91180534 1.92510501
1483 1.91997747 1.91330973 1.92664522
1484 1.92149977 1.91481411 1.92818543
1485 1.92302207 1.91631850 1.92972564
1486 1.92454437 1.91782288 1.93126585
1487 1.92606667 1.91932727 1.93280606
1488 1.92758897 1.92083166 1.93434627
1489 1.92911126 1.92233604 1.93588648
1490 1.93063356 1.92384043 1.93742670
1491 1.93215586 1.92534482 1.93896691
1492 1.93367816 1.92684920 1.94050712
1493 1.93520046 1.92835359 1.94204733
1494 1.93672276 1.92985798 1.94358754
1495 1.93824506 1.93136236 1.94512775
1496 1.93976735 1.93286675 1.94666796
1497 1.94128965 1.93437113 1.94820817
1498 1.94281195 1.93587552 1.94974838
1499 1.94433425 1.93737991 1.95128859
1500 1.94585655 1.93888429 1.95282881
1501 1.94737885 1.94038868 1.95436902
1502 1.94890115 1.94189307 1.95590923
1503 1.95042345 1.94339745 1.95744944
1504 1.95194574 1.94490184 1.95898965
1505 1.95346804 1.94640622 1.96052986
1506 1.95499034 1.94791061 1.96207007
1507 1.95651264 1.94941500 1.96361028
1508 1.95803494 1.95091938 1.96515049
1509 1.95955724 1.95242377 1.96669070
1510 1.96107954 1.95392816 1.96823092
1511 1.96260183 1.95543254 1.96977113
1512 1.96412413 1.95693693 1.97131134
1513 1.96564643 1.95844132 1.97285155
1514 1.96716873 1.95994570 1.97439176
1515 1.96869103 1.96145009 1.97593197
1516 1.97021333 1.96295447 1.97747218
1517 1.97173563 1.96445886 1.97901239
1518 1.97325792 1.96596325 1.98055260
1519 1.97478022 1.96746763 1.98209281
1520 1.97630252 1.96897202 1.98363302
1521 1.97782482 1.97047641 1.98517324
1522 1.97934712 1.97198079 1.98671345
1523 1.98086942 1.97348518 1.98825366
1524 1.98239172 1.97498956 1.98979387
1525 1.98391402 1.97649395 1.99133408
1526 1.98543631 1.97799834 1.99287429
1527 1.98695861 1.97950272 1.99441450
1528 1.98848091 1.98100711 1.99595471
1529 1.99000321 1.98251150 1.99749492
1530 1.99152551 1.98401588 1.99903513
1531 1.99304781 1.98552027 2.00057535
1532 1.99457011 1.98702465 2.00211556
1533 1.99609240 1.98852904 2.00365577
1534 1.99761470 1.99003343 2.00519598
1535 1.99913700 1.99153781 2.00673619
1536 2.00065930 1.99304220 2.00827640
1537 2.00218160 1.99454659 2.00981661
1538 2.00370390 1.99605097 2.01135682
1539 2.00522620 1.99755536 2.01289703
1540 2.00674849 1.99905975 2.01443724
1541 2.00827079 2.00056413 2.01597745
1542 2.00979309 2.00206852 2.01751767
1543 2.01131539 2.00357290 2.01905788
1544 2.01283769 2.00507729 2.02059809
1545 2.01435999 2.00658168 2.02213830
1546 2.01588229 2.00808606 2.02367851
1547 2.01740458 2.00959045 2.02521872
1548 2.01892688 2.01109484 2.02675893
1549 2.02044918 2.01259922 2.02829914
1550 2.02197148 2.01410361 2.02983935
1551 2.02349378 2.01560799 2.03137956
1552 2.02501608 2.01711238 2.03291978
1553 2.02653838 2.01861677 2.03445999
1554 2.02806068 2.02012115 2.03600020
1555 2.02958297 2.02162554 2.03754041
1556 2.03110527 2.02312993 2.03908062
1557 2.03262757 2.02463431 2.04062083
1558 2.03414987 2.02613870 2.04216104
1559 2.03567217 2.02764308 2.04370125
1560 2.03719447 2.02914747 2.04524146
1561 2.03871677 2.03065186 2.04678167
1562 2.04023906 2.03215624 2.04832188
1563 2.04176136 2.03366063 2.04986210
1564 2.04328366 2.03516502 2.05140231
1565 2.04480596 2.03666940 2.05294252
1566 2.04632826 2.03817379 2.05448273
1567 2.04785056 2.03967818 2.05602294
1568 2.04937286 2.04118256 2.05756315
1569 2.05089515 2.04268695 2.05910336
1570 2.05241745 2.04419133 2.06064357
1571 2.05393975 2.04569572 2.06218378
1572 2.05546205 2.04720011 2.06372399
1573 2.05698435 2.04870449 2.06526421
1574 2.05850665 2.05020888 2.06680442
1575 2.06002895 2.05171327 2.06834463
1576 2.06155125 2.05321765 2.06988484
1577 2.06307354 2.05472204 2.07142505
1578 2.06459584 2.05622642 2.07296526
1579 2.06611814 2.05773081 2.07450547
1580 2.06764044 2.05923520 2.07604568
1581 2.06916274 2.06073958 2.07758589
1582 2.07068504 2.06224397 2.07912610
1583 2.07220734 2.06374836 2.08066632
1584 2.07372963 2.06525274 2.08220653
1585 2.07525193 2.06675713 2.08374674
1586 2.07677423 2.06826152 2.08528695
1587 2.07829653 2.06976590 2.08682716
1588 2.07981883 2.07127029 2.08836737
1589 2.08134113 2.07277467 2.08990758
1590 2.08286343 2.07427906 2.09144779
1591 2.08438572 2.07578345 2.09298800
1592 2.08590802 2.07728783 2.09452821
1593 2.08743032 2.07879222 2.09606842
1594 2.08895262 2.08029661 2.09760864
1595 2.09047492 2.08180099 2.09914885
1596 2.09199722 2.08330538 2.10068906
1597 2.09351952 2.08480976 2.10222927
1598 2.09504182 2.08631415 2.10376948
1599 2.09656411 2.08781854 2.10530969
1600 2.09808641 2.08932292 2.10684990
1601 2.09960871 2.09082731 2.10839011
1602 2.10113101 2.09233170 2.10993032
1603 2.10265331 2.09383608 2.11147053
1604 2.10417561 2.09534047 2.11301075
1605 2.10569791 2.09684485 2.11455096
1606 2.10722020 2.09834924 2.11609117
1607 2.10874250 2.09985363 2.11763138
1608 2.11026480 2.10135801 2.11917159
1609 2.11178710 2.10286240 2.12071180
1610 2.11330940 2.10436679 2.12225201
1611 2.11483170 2.10587117 2.12379222
1612 2.11635400 2.10737556 2.12533243
1613 2.11787629 2.10887995 2.12687264
1614 2.11939859 2.11038433 2.12841285
1615 2.12092089 2.11188872 2.12995307
1616 2.12244319 2.11339310 2.13149328
1617 2.12396549 2.11489749 2.13303349
1618 2.12548779 2.11640188 2.13457370
1619 2.12701009 2.11790626 2.13611391
1620 2.12853238 2.11941065 2.13765412
1621 2.13005468 2.12091504 2.13919433
1622 2.13157698 2.12241942 2.14073454
1623 2.13309928 2.12392381 2.14227475
1624 2.13462158 2.12542819 2.14381496
1625 2.13614388 2.12693258 2.14535518
1626 2.13766618 2.12843697 2.14689539
1627 2.13918848 2.12994135 2.14843560
1628 2.14071077 2.13144574 2.14997581
1629 2.14223307 2.13295013 2.15151602
1630 2.14375537 2.13445451 2.15305623
1631 2.14527767 2.13595890 2.15459644
1632 2.14679997 2.13746328 2.15613665
1633 2.14832227 2.13896767 2.15767686
1634 2.14984457 2.14047206 2.15921707
1635 2.15136686 2.14197644 2.16075728
1636 2.15288916 2.14348083 2.16229750
1637 2.15441146 2.14498522 2.16383771
1638 2.15593376 2.14648960 2.16537792
1639 2.15745606 2.14799399 2.16691813
1640 2.15897836 2.14949838 2.16845834
1641 2.16050066 2.15100276 2.16999855
1642 2.16202295 2.15250715 2.17153876
1643 2.16354525 2.15401153 2.17307897
1644 2.16506755 2.15551592 2.17461918
1645 2.16658985 2.15702031 2.17615939
1646 2.16811215 2.15852469 2.17769961
1647 2.16963445 2.16002908 2.17923982
1648 2.17115675 2.16153347 2.18078003
1649 2.17267905 2.16303785 2.18232024
1650 2.17420134 2.16454224 2.18386045
1651 2.17572364 2.16604662 2.18540066
1652 2.17724594 2.16755101 2.18694087
1653 2.17876824 2.16905540 2.18848108
1654 2.18029054 2.17055978 2.19002129
1655 2.18181284 2.17206417 2.19156150
1656 2.18333514 2.17356856 2.19310172
1657 2.18485743 2.17507294 2.19464193
1658 2.18637973 2.17657733 2.19618214
1659 2.18790203 2.17808172 2.19772235
1660 2.18942433 2.17958610 2.19926256
1661 2.19094663 2.18109049 2.20080277
1662 2.19246893 2.18259487 2.20234298
1663 2.19399123 2.18409926 2.20388319
1664 2.19551352 2.18560365 2.20542340
1665 2.19703582 2.18710803 2.20696361
1666 2.19855812 2.18861242 2.20850382
1667 2.20008042 2.19011681 2.21004404
1668 2.20160272 2.19162119 2.21158425
1669 2.20312502 2.19312558 2.21312446
1670 2.20464732 2.19462996 2.21466467
1671 2.20616962 2.19613435 2.21620488
1672 2.20769191 2.19763874 2.21774509
1673 2.20921421 2.19914312 2.21928530
1674 2.21073651 2.20064751 2.22082551
1675 2.21225881 2.20215190 2.22236572
1676 2.21378111 2.20365628 2.22390593
1677 2.21530341 2.20516067 2.22544615
1678 2.21682571 2.20666505 2.22698636
1679 2.21834800 2.20816944 2.22852657
1680 2.21987030 2.20967383 2.23006678
1681 2.22139260 2.21117821 2.23160699
1682 2.22291490 2.21268260 2.23314720
1683 2.22443720 2.21418699 2.23468741
1684 2.22595950 2.21569137 2.23622762
1685 2.22748180 2.21719576 2.23776783
1686 2.22900409 2.21870015 2.23930804
1687 2.23052639 2.22020453 2.24084825
1688 2.23204869 2.22170892 2.24238847
1689 2.23357099 2.22321330 2.24392868
1690 2.23509329 2.22471769 2.24546889
1691 2.23661559 2.22622208 2.24700910
1692 2.23813789 2.22772646 2.24854931
1693 2.23966018 2.22923085 2.25008952
1694 2.24118248 2.23073524 2.25162973
1695 2.24270478 2.23223962 2.25316994
1696 2.24422708 2.23374401 2.25471015
1697 2.24574938 2.23524839 2.25625036
1698 2.24727168 2.23675278 2.25779058
1699 2.24879398 2.23825717 2.25933079
1700 2.25031628 2.23976155 2.26087100
1701 2.25183857 2.24126594 2.26241121
1702 2.25336087 2.24277033 2.26395142
1703 2.25488317 2.24427471 2.26549163
1704 2.25640547 2.24577910 2.26703184
1705 2.25792777 2.24728348 2.26857205
1706 2.25945007 2.24878787 2.27011226
1707 2.26097237 2.25029226 2.27165247
1708 2.26249466 2.25179664 2.27319268
1709 2.26401696 2.25330103 2.27473290
1710 2.26553926 2.25480542 2.27627311
1711 2.26706156 2.25630980 2.27781332
1712 2.26858386 2.25781419 2.27935353
1713 2.27010616 2.25931858 2.28089374
1714 2.27162846 2.26082296 2.28243395
1715 2.27315075 2.26232735 2.28397416
1716 2.27467305 2.26383173 2.28551437
1717 2.27619535 2.26533612 2.28705458
1718 2.27771765 2.26684051 2.28859479
1719 2.27923995 2.26834489 2.29013501
1720 2.28076225 2.26984928 2.29167522
1721 2.28228455 2.27135367 2.29321543
1722 2.28380685 2.27285805 2.29475564
1723 2.28532914 2.27436244 2.29629585
1724 2.28685144 2.27586682 2.29783606
1725 2.28837374 2.27737121 2.29937627
1726 2.28989604 2.27887560 2.30091648
1727 2.29141834 2.28037998 2.30245669
1728 2.29294064 2.28188437 2.30399690
1729 2.29446294 2.28338876 2.30553712
1730 2.29598523 2.28489314 2.30707733
1731 2.29750753 2.28639753 2.30861754
1732 2.29902983 2.28790192 2.31015775
1733 2.30055213 2.28940630 2.31169796
1734 2.30207443 2.29091069 2.31323817
1735 2.30359673 2.29241507 2.31477838
1736 2.30511903 2.29391946 2.31631859
1737 2.30664132 2.29542385 2.31785880
1738 2.30816362 2.29692823 2.31939901
1739 2.30968592 2.29843262 2.32093922
1740 2.31120822 2.29993701 2.32247944
1741 2.31273052 2.30144139 2.32401965
1742 2.31425282 2.30294578 2.32555986
1743 2.31577512 2.30445016 2.32710007
1744 2.31729742 2.30595455 2.32864028
1745 2.31881971 2.30745894 2.33018049
1746 2.32034201 2.30896332 2.33172070
1747 2.32186431 2.31046771 2.33326091
1748 2.32338661 2.31197210 2.33480112
1749 2.32490891 2.31347648 2.33634133
1750 2.32643121 2.31498087 2.33788155
1751 2.32795351 2.31648525 2.33942176
1752 2.32947580 2.31798964 2.34096197
1753 2.33099810 2.31949403 2.34250218
1754 2.33252040 2.32099841 2.34404239
1755 2.33404270 2.32250280 2.34558260
1756 2.33556500 2.32400719 2.34712281
1757 2.33708730 2.32551157 2.34866302
1758 2.33860960 2.32701596 2.35020323
1759 2.34013189 2.32852035 2.35174344
1760 2.34165419 2.33002473 2.35328365
1761 2.34317649 2.33152912 2.35482387
1762 2.34469879 2.33303350 2.35636408
1763 2.34622109 2.33453789 2.35790429
1764 2.34774339 2.33604228 2.35944450
1765 2.34926569 2.33754666 2.36098471
1766 2.35078798 2.33905105 2.36252492
1767 2.35231028 2.34055544 2.36406513
1768 2.35383258 2.34205982 2.36560534
1769 2.35535488 2.34356421 2.36714555
1770 2.35687718 2.34506859 2.36868576
1771 2.35839948 2.34657298 2.37022598
1772 2.35992178 2.34807737 2.37176619
1773 2.36144408 2.34958175 2.37330640
1774 2.36296637 2.35108614 2.37484661
1775 2.36448867 2.35259053 2.37638682
1776 2.36601097 2.35409491 2.37792703
1777 2.36753327 2.35559930 2.37946724
1778 2.36905557 2.35710368 2.38100745
1779 2.37057787 2.35860807 2.38254766
1780 2.37210017 2.36011246 2.38408787
1781 2.37362246 2.36161684 2.38562808
1782 2.37514476 2.36312123 2.38716830
1783 2.37666706 2.36462562 2.38870851
1784 2.37818936 2.36613000 2.39024872
1785 2.37971166 2.36763439 2.39178893
1786 2.38123396 2.36913878 2.39332914
1787 2.38275626 2.37064316 2.39486935
1788 2.38427855 2.37214755 2.39640956
1789 2.38580085 2.37365193 2.39794977
1790 2.38732315 2.37515632 2.39948998
1791 2.38884545 2.37666071 2.40103019
1792 2.39036775 2.37816509 2.40257041
1793 2.39189005 2.37966948 2.40411062
1794 2.39341235 2.38117387 2.40565083
1795 2.39493465 2.38267825 2.40719104
1796 2.39645694 2.38418264 2.40873125
1797 2.39797924 2.38568702 2.41027146
1798 2.39950154 2.38719141 2.41181167
1799 2.40102384 2.38869580 2.41335188
1800 2.40254614 2.39020018 2.41489209
1801 2.40406844 2.39170457 2.41643230
1802 2.40559074 2.39320896 2.41797252
1803 2.40711303 2.39471334 2.41951273
1804 2.40863533 2.39621773 2.42105294
1805 2.41015763 2.39772212 2.42259315
1806 2.41167993 2.39922650 2.42413336
1807 2.41320223 2.40073089 2.42567357
1808 2.41472453 2.40223527 2.42721378
1809 2.41624683 2.40373966 2.42875399
1810 2.41776912 2.40524405 2.43029420
1811 2.41929142 2.40674843 2.43183441
1812 2.42081372 2.40825282 2.43337462
1813 2.42233602 2.40975721 2.43491484
1814 2.42385832 2.41126159 2.43645505
1815 2.42538062 2.41276598 2.43799526
1816 2.42690292 2.41427036 2.43953547
1817 2.42842522 2.41577475 2.44107568
1818 2.42994751 2.41727914 2.44261589
1819 2.43146981 2.41878352 2.44415610
1820 2.43299211 2.42028791 2.44569631
1821 2.43451441 2.42179230 2.44723652
1822 2.43603671 2.42329668 2.44877673
1823 2.43755901 2.42480107 2.45031695
1824 2.43908131 2.42630545 2.45185716
1825 2.44060360 2.42780984 2.45339737
1826 2.44212590 2.42931423 2.45493758
1827 2.44364820 2.43081861 2.45647779
1828 2.44517050 2.43232300 2.45801800
