1 -2.60500000 -2.87000000 -2.34000000
2 0.00000000 0.00000000 0.00000000
3 -1.27500000 -1.30000000 -1.25000000
4 -2.53833333 -2.57000000 -2.50666666
5 -3.80166666 -3.84000000 -3.76333333
6 -5.06500000 -5.11000000 -5.02000000
7 -6.32833333 -6.38000000 -6.27666666
8 -7.59166666 -7.65000000 -7.53333333
9 -8.85500000 -8.92000000 -8.79000000
10 -10.11928571 -10.18857142 -10.05000000
11 -11.38357142 -11.45714285 -11.31000000
12 -12.64785714 -12.72571428 -12.57000000
13 -13.91214285 -13.99428571 -13.83000000
14 -15.17642857 -15.26285714 -15.09000000
15 -16.44071428 -16.53142857 -16.35000000
16 -17.70500000 -17.80000000 -17.61000000
17 -18.96928571 -19.06714285 -18.87142857
18 -20.23357142 -20.33428571 -20.13285714
19 -21.49785714 -21.60142857 -21.39428571
20 -22.76214285 -22.86857142 -22.65571428
21 -24.02642857 -24.13571428 -23.91714285
22 -25.29071428 -25.40285714 -25.17857142
23 -26.55500000 -26.67000000 -26.44000000
24 -27.85545454 -27.97363636 -27.73727272
25 -29.15590909 -29.27727272 -29.03454545
26 -30.45636363 -30.58090909 -30.33181818
27 -31.75681818 -31.88454545 -31.62909090
28 -33.05727272 -33.18818181 -32.92636363
29 -34.35772727 -34.49181818 -34.22363636
30 -35.65818181 -35.79545454 -35.52090909
31 -36.95863636 -37.09909090 -36.81818181
32 -38.25909090 -38.40272727 -38.11545454
33 -39.55954545 -39.70636363 -39.41272727
34 -40.86000000 -41.01000000 -40.71000000
35 -42.16500000 -42.31966666 -42.01033333
36 -43.47000000 -43.62933333 -43.31066666
37 -44.77500000 -44.93900000 -44.61100000
38 -46.08000000 -46.24866666 -45.91133333
39 -47.38500000 -47.55833333 -47.21166666
40 -48.69000000 -48.86800000 -48.51200000
41 -49.99500000 -50.17766666 -49.81233333
42 -51.30000000 -51.48733333 -51.11266666
43 -52.60500000 -52.79700000 -52.41300000
44 -53.91000000 -54.10666666 -53.71333333
45 -55.21500000 -55.41633333 -55.01366666
46 -56.52000000 -56.72600000 -56.31400000
47 -57.82500000 -58.03566666 -57.61433333
48 -59.13000000 -59.34533333 -58.91466666
49 -60.43500000 -60.65500000 -60.21500000
50 -61.74000000 -61.96466666 -61.51533333
51 -63.04500000 -63.27433333 -62.81566666
52 -64.35000000 -64.58400000 -64.11600000
53 -65.65500000 -65.89366666 -65.41633333
54 -66.96000000 -67.20333333 -66.71666666
55 -68.26500000 -68.51300000 -68.01700000
56 -69.57000000 -69.82266666 -69.31733333
57 -70.87500000 -71.13233333 -70.61766666
58 -72.18000000 -72.44200000 -71.91800000
59 -73.48500000 -73.75166666 -73.21833333
60 -74.79000000 -75.06133333 -74.51866666
61 -76.09500000 -76.37100000 -75.81900000
62 -77.40000000 -77.68066666 -77.11933333
63 -78.70500000 -78.99033333 -78.41966666
64 -80.01000000 -80.30000000 -79.72000000
65 -81.35566666 -81.64900000 -81.06233333
66 -82.70133333 -82.99800000 -82.40466666
67 -84.04700000 -84.34700000 -83.74700000
68 -85.39266666 -85.69600000 -85.08933333
69 -86.73833333 -87.04500000 -86.43166666
70 -88.08400000 -88.39400000 -87.77400000
71 -89.42966666 -89.74300000 -89.11633333
72 -90.77533333 -91.09200000 -90.45866666
73 -92.12100000 -92.44100000 -91.80100000
74 -93.46666666 -93.79000000 -93.14333333
75 -94.81233333 -95.13900000 -94.48566666
76 -96.15800000 -96.48800000 -95.82800000
77 -97.50366666 -97.83700000 -97.17033333
78 -98.84933333 -99.18600000 -98.51266666
79 -100.19500000 -100.53500000 -99.85500000
80 -101.54066666 -101.88400000 -101.19733333
81 -102.88633333 -103.23300000 -102.53966666
82 -104.23200000 -104.58200000 -103.88200000
83 -105.57766666 -105.93100000 -105.22433333
84 -106.92333333 -107.28000000 -106.56666666
85 -108.26900000 -108.62900000 -107.90900000
86 -109.61466666 -109.97800000 -109.25133333
87 -110.96033333 -111.32700000 -110.59366666
88 -112.30600000 -112.67600000 -111.93600000
89 -113.65166666 -114.02500000 -113.27833333
90 -114.99733333 -115.37400000 -114.62066666
91 -116.34300000 -116.72300000 -115.96300000
92 -117.68866666 -118.07200000 -117.30533333
93 -119.03433333 -119.42100000 -118.64766666
94 -120.38000000 -120.77000000 -119.99000000
95 -121.72258064 -122.11354838 -121.33161290
96 -123.06516129 -123.45709677 -122.67322580
97 -124.40774193 -124.80064516 -124.01483870
98 -125.75032258 -126.14419354 -125.35645161
99 -127.09290322 -127.48774193 -126.69806451
100 -128.43548387 -128.83129032 -128.03967741
101 -129.77806451 -130.17483870 -129.38129032
102 -131.12064516 -131.51838709 -130.72290322
103 -132.46322580 -132.86193548 -132.06451612
104 -133.80580645 -134.20548387 -133.40612903
105 -135.14838709 -135.54903225 -134.74774193
106 -136.49096774 -136.89258064 -136.08935483
107 -137.83354838 -138.23612903 -137.43096774
108 -139.17612903 -139.57967741 -138.77258064
109 -140.51870967 -140.92322580 -140.11419354
110 -141.86129032 -142.26677419 -141.45580645
111 -143.20387096 -143.61032258 -142.79741935
112 -144.54645161 -144.95387096 -144.13903225
113 -145.88903225 -146.29741935 -145.48064516
114 -147.23161290 -147.64096774 -146.82225806
115 -148.57419354 -148.98451612 -148.16387096
116 -149.91677419 -150.32806451 -149.50548387
117 -151.25935483 -151.67161290 -150.84709677
118 -152.60193548 -153.01516129 -152.18870967
119 -153.94451612 -154.35870967 -153.53032258
120 -155.28709677 -155.70225806 -154.87193548
121 -156.62967741 -157.04580645 -156.21354838
122 -157.97225806 -158.38935483 -157.55516129
123 -159.31483870 -159.73290322 -158.89677419
124 -160.65741935 -161.07645161 -160.23838709
125 -162.00000000 -162.42000000 -161.58000000
126 -163.32300000 -163.74300000 -162.90300000
127 -164.64600000 -165.06600000 -164.22600000
128 -165.96900000 -166.38900000 -165.54900000
129 -167.29200000 -167.71200000 -166.87200000
130 -168.61500000 -169.03500000 -168.19500000
131 -169.93800000 -170.35800000 -169.51800000
132 -171.26100000 -171.68100000 -170.84100000
133 -172.58400000 -173.00400000 -172.16400000
134 -173.90700000 -174.32700000 -173.48700000
135 -175.23000000 -175.65000000 -174.81000000
136 -176.55300000 -176.97300000 -176.13300000
137 -177.87600000 -178.29600000 -177.45600000
138 -179.19900000 -179.61900000 -178.77900000
139 -180.52200000 -180.94200000 -180.10200000
140 -181.84500000 -182.26500000 -181.42500000
141 -183.16800000 -183.58800000 -182.74800000
142 -184.49100000 -184.91100000 -184.07100000
143 -185.81400000 -186.23400000 -185.39400000
144 -187.13700000 -187.55700000 -186.71700000
145 -188.46000000 -188.88000000 -188.04000000
146 -189.78300000 -190.20300000 -189.36300000
147 -191.10600000 -191.52600000 -190.68600000
148 -192.42900000 -192.84900000 -192.00900000
149 -193.75200000 -194.17200000 -193.33200000
150 -195.07500000 -195.49500000 -194.65500000
151 -196.39800000 -196.81800000 -195.97800000
152 -197.72100000 -198.14100000 -197.30100000
153 -199.04400000 -199.46400000 -198.62400000
154 -200.36700000 -200.78700000 -199.94700000
155 -201.69000000 -202.11000000 -201.27000000
156 -203.14469696 -203.59000000 -202.69939393
157 -204.59939393 -205.07000000 -204.12878787
158 -206.05409090 -206.55000000 -205.55818181
159 -207.50878787 -208.03000000 -206.98757575
160 -208.96348484 -209.51000000 -208.41696969
161 -210.41818181 -210.99000000 -209.84636363
162 -211.87287878 -212.47000000 -211.27575757
163 -213.32757575 -213.95000000 -212.70515151
164 -214.78227272 -215.43000000 -214.13454545
165 -216.23696969 -216.91000000 -215.56393939
166 -217.69166666 -218.39000000 -216.99333333
167 -219.14636363 -219.87000000 -218.42272727
168 -220.60106060 -221.35000000 -219.85212121
169 -222.05575757 -222.83000000 -221.28151515
170 -223.51045454 -224.31000000 -222.71090909
171 -224.96515151 -225.79000000 -224.14030303
172 -226.41984848 -227.27000000 -225.56969696
173 -227.87454545 -228.75000000 -226.99909090
174 -229.32924242 -230.23000000 -228.42848484
175 -230.78393939 -231.71000000 -229.85787878
176 -232.23863636 -233.19000000 -231.28727272
177 -233.69333333 -234.67000000 -232.71666666
178 -235.14803030 -236.15000000 -234.14606060
179 -236.60272727 -237.63000000 -235.57545454
180 -238.05742424 -239.11000000 -237.00484848
181 -239.51212121 -240.59000000 -238.43424242
182 -240.96681818 -242.07000000 -239.86363636
183 -242.42151515 -243.55000000 -241.29303030
184 -243.87621212 -245.03000000 -242.72242424
185 -245.33090909 -246.51000000 -244.15181818
186 -246.78560606 -247.99000000 -245.58121212
187 -248.24030303 -249.47000000 -247.01060606
188 -249.69500000 -250.95000000 -248.44000000
189 -251.01086206 -252.24344827 -249.77827586
190 -252.32672413 -253.53689655 -251.11655172
191 -253.64258620 -254.83034482 -252.45482758
192 -254.95844827 -256.12379310 -253.79310344
193 -256.27431034 -257.41724137 -255.13137931
194 -257.59017241 -258.71068965 -256.46965517
195 -258.90603448 -260.00413793 -257.80793103
196 -260.22189655 -261.29758620 -259.14620689
197 -261.53775862 -262.59103448 -260.48448275
198 -262.85362068 -263.88448275 -261.82275862
199 -264.16948275 -265.17793103 -263.16103448
200 -265.48534482 -266.47137931 -264.49931034
201 -266.80120689 -267.76482758 -265.83758620
202 -268.11706896 -269.05827586 -267.17586206
203 -269.43293103 -270.35172413 -268.51413793
204 -270.74879310 -271.64517241 -269.85241379
205 -272.06465517 -272.93862068 -271.19068965
206 -273.38051724 -274.23206896 -272.52896551
207 -274.69637931 -275.52551724 -273.86724137
208 -276.01224137 -276.81896551 -275.20551724
209 -277.32810344 -278.11241379 -276.54379310
210 -278.64396551 -279.40586206 -277.88206896
211 -279.95982758 -280.69931034 -279.22034482
212 -281.27568965 -281.99275862 -280.55862068
213 -282.59155172 -283.28620689 -281.89689655
214 -283.90741379 -284.57965517 -283.23517241
215 -285.22327586 -285.87310344 -284.57344827
216 -286.53913793 -287.16655172 -285.91172413
217 -287.85500000 -288.46000000 -287.25000000
218 -289.16053571 -289.76607142 -288.55500000
219 -290.46607142 -291.07214285 -289.86000000
220 -291.77160714 -292.37821428 -291.16500000
221 -293.07714285 -293.68428571 -292.47000000
222 -294.38267857 -294.99035714 -293.77500000
223 -295.68821428 -296.29642857 -295.08000000
224 -296.99375000 -297.60250000 -296.38500000
225 -298.29928571 -298.90857142 -297.69000000
226 -299.60482142 -300.21464285 -298.99500000
227 -300.91035714 -301.52071428 -300.30000000
228 -302.21589285 -302.82678571 -301.60500000
229 -303.52142857 -304.13285714 -302.91000000
230 -304.82696428 -305.43892857 -304.21500000
231 -306.13250000 -306.74500000 -305.52000000
232 -307.43803571 -308.05107142 -306.82500000
233 -308.74357142 -309.35714285 -308.13000000
234 -310.04910714 -310.66321428 -309.43500000
235 -311.35464285 -311.96928571 -310.74000000
236 -312.66017857 -313.27535714 -312.04500000
237 -313.96571428 -314.58142857 -313.35000000
238 -315.27125000 -315.88750000 -314.65500000
239 -316.57678571 -317.19357142 -315.96000000
240 -317.88232142 -318.49964285 -317.26500000
241 -319.18785714 -319.80571428 -318.57000000
242 -320.49339285 -321.11178571 -319.87500000
243 -321.79892857 -322.41785714 -321.18000000
244 -323.10446428 -323.72392857 -322.48500000
245 -324.41000000 -325.03000000 -323.79000000
246 -325.73161290 -326.35645161 -325.10677419
247 -327.05322580 -327.68290322 -326.42354838
248 -328.37483870 -329.00935483 -327.74032258
249 -329.69645161 -330.33580645 -329.05709677
250 -331.01806451 -331.66225806 -330.37387096
251 -332.33967741 -332.98870967 -331.69064516
252 -333.66129032 -334.31516129 -333.00741935
253 -334.98290322 -335.64161290 -334.32419354
254 -336.30451612 -336.96806451 -335.64096774
255 -337.62612903 -338.29451612 -336.95774193
256 -338.94774193 -339.62096774 -338.27451612
257 -340.26935483 -340.94741935 -339.59129032
258 -341.59096774 -342.27387096 -340.90806451
259 -342.91258064 -343.60032258 -342.22483870
260 -344.23419354 -344.92677419 -343.54161290
261 -345.55580645 -346.25322580 -344.85838709
262 -346.87741935 -347.57967741 -346.17516129
263 -348.19903225 -348.90612903 -347.49193548
264 -349.52064516 -350.23258064 -348.80870967
265 -350.84225806 -351.55903225 -350.12548387
266 -352.16387096 -352.88548387 -351.44225806
267 -353.48548387 -354.21193548 -352.75903225
268 -354.80709677 -355.53838709 -354.07580645
269 -356.12870967 -356.86483870 -355.39258064
270 -357.45032258 -358.19129032 -356.70935483
271 -358.77193548 -359.51774193 -358.02612903
272 -360.09354838 -360.84419354 -359.34290322
273 -361.41516129 -362.17064516 -360.65967741
274 -362.73677419 -363.49709677 -361.97645161
275 -364.05838709 -364.82354838 -363.29322580
276 -365.38000000 -366.15000000 -364.61000000
277 -366.67485294 -367.47382352 -365.87588235
278 -367.96970588 -368.79764705 -367.14176470
279 -369.26455882 -370.12147058 -368.40764705
280 -370.55941176 -371.44529411 -369.67352941
281 -371.85426470 -372.76911764 -370.93941176
282 -373.14911764 -374.09294117 -372.20529411
283 -374.44397058 -375.41676470 -373.47117647
284 -375.73882352 -376.74058823 -374.73705882
285 -377.03367647 -378.06441176 -376.00294117
286 -378.32852941 -379.38823529 -377.26882352
287 -379.62338235 -380.71205882 -378.53470588
288 -380.91823529 -382.03588235 -379.80058823
289 -382.21308823 -383.35970588 -381.06647058
290 -383.50794117 -384.68352941 -382.33235294
291 -384.80279411 -386.00735294 -383.59823529
292 -386.09764705 -387.33117647 -384.86411764
293 -387.39250000 -388.65500000 -386.13000000
294 -388.68735294 -389.97882352 -387.39588235
295 -389.98220588 -391.30264705 -388.66176470
296 -391.27705882 -392.62647058 -389.92764705
297 -392.57191176 -393.95029411 -391.19352941
298 -393.86676470 -395.27411764 -392.45941176
299 -395.16161764 -396.59794117 -393.72529411
300 -396.45647058 -397.92176470 -394.99117647
301 -397.75132352 -399.24558823 -396.25705882
302 -399.04617647 -400.56941176 -397.52294117
303 -400.34102941 -401.89323529 -398.78882352
304 -401.63588235 -403.21705882 -400.05470588
305 -402.93073529 -404.54088235 -401.32058823
306 -404.22558823 -405.86470588 -402.58647058
307 -405.52044117 -407.18852941 -403.85235294
308 -406.81529411 -408.51235294 -405.11823529
309 -408.11014705 -409.83617647 -406.38411764
310 -409.40500000 -411.16000000 -407.65000000
311 -410.68296296 -412.44740740 -408.91851851
312 -411.96092592 -413.73481481 -410.18703703
313 -413.23888888 -415.02222222 -411.45555555
314 -414.51685185 -416.30962962 -412.72407407
315 -415.79481481 -417.59703703 -413.99259259
316 -417.07277777 -418.88444444 -415.26111111
317 -418.35074074 -420.17185185 -416.52962962
318 -419.62870370 -421.45925925 -417.79814814
319 -420.90666666 -422.74666666 -419.06666666
320 -422.18462962 -424.03407407 -420.33518518
321 -423.46259259 -425.32148148 -421.60370370
322 -424.74055555 -426.60888888 -422.87222222
323 -426.01851851 -427.89629629 -424.14074074
324 -427.29648148 -429.18370370 -425.40925925
325 -428.57444444 -430.47111111 -426.67777777
326 -429.85240740 -431.75851851 -427.94629629
327 -431.13037037 -433.04592592 -429.21481481
328 -432.40833333 -434.33333333 -430.48333333
329 -433.68629629 -435.62074074 -431.75185185
330 -434.96425925 -436.90814814 -433.02037037
331 -436.24222222 -438.19555555 -434.28888888
332 -437.52018518 -439.48296296 -435.55740740
333 -438.79814814 -440.77037037 -436.82592592
334 -440.07611111 -442.05777777 -438.09444444
335 -441.35407407 -443.34518518 -439.36296296
336 -442.63203703 -444.63259259 -440.63148148
337 -443.91000000 -445.92000000 -441.90000000
338 -445.17283333 -447.18900000 -443.15666666
339 -446.43566666 -448.45800000 -444.41333333
340 -447.69850000 -449.72700000 -445.67000000
341 -448.96133333 -450.99600000 -446.92666666
342 -450.22416666 -452.26500000 -448.18333333
343 -451.48700000 -453.53400000 -449.44000000
344 -452.74983333 -454.80300000 -450.69666666
345 -454.01266666 -456.07200000 -451.95333333
346 -455.27550000 -457.34100000 -453.21000000
347 -456.53833333 -458.61000000 -454.46666666
348 -457.80116666 -459.87900000 -455.72333333
349 -459.06400000 -461.14800000 -456.98000000
350 -460.32683333 -462.41700000 -458.23666666
351 -461.58966666 -463.68600000 -459.49333333
352 -462.85250000 -464.95500000 -460.75000000
353 -464.11533333 -466.22400000 -462.00666666
354 -465.37816666 -467.49300000 -463.26333333
355 -466.64100000 -468.76200000 -464.52000000
356 -467.90383333 -470.03100000 -465.77666666
357 -469.16666666 -471.30000000 -467.03333333
358 -470.42950000 -472.56900000 -468.29000000
359 -471.69233333 -473.83800000 -469.54666666
360 -472.95516666 -475.10700000 -470.80333333
361 -474.21800000 -476.37600000 -472.06000000
362 -475.48083333 -477.64500000 -473.31666666
363 -476.74366666 -478.91400000 -474.57333333
364 -478.00650000 -480.18300000 -475.83000000
365 -479.26933333 -481.45200000 -477.08666666
366 -480.53216666 -482.72100000 -478.34333333
367 -481.79500000 -483.99000000 -479.60000000
368 -483.00356382 -485.19946808 -480.80765957
369 -484.21212765 -486.40893617 -482.01531914
370 -485.42069148 -487.61840425 -483.22297872
371 -486.62925531 -488.82787234 -484.43063829
372 -487.83781914 -490.03734042 -485.63829787
373 -489.04638297 -491.24680851 -486.84595744
374 -490.25494680 -492.45627659 -488.05361702
375 -491.46351063 -493.66574468 -489.26127659
376 -492.67207446 -494.87521276 -490.46893617
377 -493.88063829 -496.08468085 -491.67659574
378 -495.08920212 -497.29414893 -492.88425531
379 -496.29776595 -498.50361702 -494.09191489
380 -497.50632978 -499.71308510 -495.29957446
381 -498.71489361 -500.92255319 -496.50723404
382 -499.92345744 -502.13202127 -497.71489361
383 -501.13202127 -503.34148936 -498.92255319
384 -502.34058510 -504.55095744 -500.13021276
385 -503.54914893 -505.76042553 -501.33787234
386 -504.75771276 -506.96989361 -502.54553191
387 -505.96627659 -508.17936170 -503.75319148
388 -507.17484042 -509.38882978 -504.96085106
389 -508.38340425 -510.59829787 -506.16851063
390 -509.59196808 -511.80776595 -507.37617021
391 -510.80053191 -513.01723404 -508.58382978
392 -512.00909574 -514.22670212 -509.79148936
393 -513.21765957 -515.43617021 -510.99914893
394 -514.42622340 -516.64563829 -512.20680851
395 -515.63478723 -517.85510638 -513.41446808
396 -516.84335106 -519.06457446 -514.62212765
397 -518.05191489 -520.27404255 -515.82978723
398 -519.26047872 -521.48351063 -517.03744680
399 -520.46904255 -522.69297872 -518.24510638
400 -521.67760638 -523.90244680 -519.45276595
401 -522.88617021 -525.11191489 -520.66042553
402 -524.09473404 -526.32138297 -521.86808510
403 -525.30329787 -527.53085106 -523.07574468
404 -526.51186170 -528.74031914 -524.28340425
405 -527.72042553 -529.94978723 -525.49106382
406 -528.92898936 -531.15925531 -526.69872340
407 -530.13755319 -532.36872340 -527.90638297
408 -531.34611702 -533.57819148 -529.11404255
409 -532.55468085 -534.78765957 -530.32170212
410 -533.76324468 -535.99712765 -531.52936170
411 -534.97180851 -537.20659574 -532.73702127
412 -536.18037234 -538.41606382 -533.94468085
413 -537.38893617 -539.62553191 -535.15234042
414 -538.59750000 -540.83500000 -536.36000000
415 -539.80606382 -542.04446808 -537.56765957
416 -541.01462765 -543.25393617 -538.77531914
417 -542.22319148 -544.46340425 -539.98297872
418 -543.43175531 -545.67287234 -541.19063829
419 -544.64031914 -546.88234042 -542.39829787
420 -545.84888297 -548.09180851 -543.60595744
421 -547.05744680 -549.30127659 -544.81361702
422 -548.26601063 -550.51074468 -546.02127659
423 -549.47457446 -551.72021276 -547.22893617
424 -550.68313829 -552.92968085 -548.43659574
425 -551.89170212 -554.13914893 -549.64425531
426 -553.10026595 -555.34861702 -550.85191489
427 -554.30882978 -556.55808510 -552.05957446
428 -555.51739361 -557.76755319 -553.26723404
429 -556.72595744 -558.97702127 -554.47489361
430 -557.93452127 -560.18648936 -555.68255319
431 -559.14308510 -561.39595744 -556.89021276
432 -560.35164893 -562.60542553 -558.09787234
433 -561.56021276 -563.81489361 -559.30553191
434 -562.76877659 -565.02436170 -560.51319148
435 -563.97734042 -566.23382978 -561.72085106
436 -565.18590425 -567.44329787 -562.92851063
437 -566.39446808 -568.65276595 -564.13617021
438 -567.60303191 -569.86223404 -565.34382978
439 -568.81159574 -571.07170212 -566.55148936
440 -570.02015957 -572.28117021 -567.75914893
441 -571.22872340 -573.49063829 -568.96680851
442 -572.43728723 -574.70010638 -570.17446808
443 -573.64585106 -575.90957446 -571.38212765
444 -574.85441489 -577.11904255 -572.58978723
445 -576.06297872 -578.32851063 -573.79744680
446 -577.27154255 -579.53797872 -575.00510638
447 -578.48010638 -580.74744680 -576.21276595
448 -579.68867021 -581.95691489 -577.42042553
449 -580.89723404 -583.16638297 -578.62808510
450 -582.10579787 -584.37585106 -579.83574468
451 -583.31436170 -585.58531914 -581.04340425
452 -584.52292553 -586.79478723 -582.25106382
453 -585.73148936 -588.00425531 -583.45872340
454 -586.94005319 -589.21372340 -584.66638297
455 -588.14861702 -590.42319148 -585.87404255
456 -589.35718085 -591.63265957 -587.08170212
457 -590.56574468 -592.84212765 -588.28936170
458 -591.77430851 -594.05159574 -589.49702127
459 -592.98287234 -595.26106382 -590.70468085
460 -594.19143617 -596.47053191 -591.91234042
461 -595.40000000 -597.68000000 -593.12000000
462 -596.52668478 -598.81217391 -594.24119565
463 -597.65336956 -599.94434782 -595.36239130
464 -598.78005434 -601.07652173 -596.48358695
465 -599.90673913 -602.20869565 -597.60478260
466 -601.03342391 -603.34086956 -598.72597826
467 -602.16010869 -604.47304347 -599.84717391
468 -603.28679347 -605.60521739 -600.96836956
469 -604.41347826 -606.73739130 -602.08956521
470 -605.54016304 -607.86956521 -603.21076086
471 -606.66684782 -609.00173913 -604.33195652
472 -607.79353260 -610.13391304 -605.45315217
473 -608.92021739 -611.26608695 -606.57434782
474 -610.04690217 -612.39826086 -607.69554347
475 -611.17358695 -613.53043478 -608.81673913
476 -612.30027173 -614.66260869 -609.93793478
477 -613.42695652 -615.79478260 -611.05913043
478 -614.55364130 -616.92695652 -612.18032608
479 -615.68032608 -618.05913043 -613.30152173
480 -616.80701086 -619.19130434 -614.42271739
481 -617.93369565 -620.32347826 -615.54391304
482 -619.06038043 -621.45565217 -616.66510869
483 -620.18706521 -622.58782608 -617.78630434
484 -621.31375000 -623.72000000 -618.90750000
485 -622.44043478 -624.85217391 -620.02869565
486 -623.56711956 -625.98434782 -621.14989130
487 -624.69380434 -627.11652173 -622.27108695
488 -625.82048913 -628.24869565 -623.39228260
489 -626.94717391 -629.38086956 -624.51347826
490 -628.07385869 -630.51304347 -625.63467391
491 -629.20054347 -631.64521739 -626.75586956
492 -630.32722826 -632.77739130 -627.87706521
493 -631.45391304 -633.90956521 -628.99826086
494 -632.58059782 -635.04173913 -630.11945652
495 -633.70728260 -636.17391304 -631.24065217
496 -634.83396739 -637.30608695 -632.36184782
497 -635.96065217 -638.43826086 -633.48304347
498 -637.08733695 -639.57043478 -634.60423913
499 -638.21402173 -640.70260869 -635.72543478
500 -639.34070652 -641.83478260 -636.84663043
501 -640.46739130 -642.96695652 -637.96782608
502 -641.59407608 -644.09913043 -639.08902173
503 -642.72076086 -645.23130434 -640.21021739
504 -643.84744565 -646.36347826 -641.33141304
505 -644.97413043 -647.49565217 -642.45260869
506 -646.10081521 -648.62782608 -643.57380434
507 -647.22750000 -649.76000000 -644.69500000
508 -648.35418478 -650.89217391 -645.81619565
509 -649.48086956 -652.02434782 -646.93739130
510 -650.60755434 -653.15652173 -648.05858695
511 -651.73423913 -654.28869565 -649.17978260
512 -652.86092391 -655.42086956 -650.30097826
513 -653.98760869 -656.55304347 -651.42217391
514 -655.11429347 -657.68521739 -652.54336956
515 -656.24097826 -658.81739130 -653.66456521
516 -657.36766304 -659.94956521 -654.78576086
517 -658.49434782 -661.08173913 -655.90695652
518 -659.62103260 -662.21391304 -657.02815217
519 -660.74771739 -663.34608695 -658.14934782
520 -661.87440217 -664.47826086 -659.27054347
521 -663.00108695 -665.61043478 -660.39173913
522 -664.12777173 -666.74260869 -661.51293478
523 -665.25445652 -667.87478260 -662.63413043
524 -666.38114130 -669.00695652 -663.75532608
525 -667.50782608 -670.13913043 -664.87652173
526 -668.63451086 -671.27130434 -665.99771739
527 -669.76119565 -672.40347826 -667.11891304
528 -670.88788043 -673.53565217 -668.24010869
529 -672.01456521 -674.66782608 -669.36130434
530 -673.14125000 -675.80000000 -670.48250000
531 -674.26793478 -676.93217391 -671.60369565
532 -675.39461956 -678.06434782 -672.72489130
533 -676.52130434 -679.19652173 -673.84608695
534 -677.64798913 -680.32869565 -674.96728260
535 -678.77467391 -681.46086956 -676.08847826
536 -679.90135869 -682.59304347 -677.20967391
537 -681.02804347 -683.72521739 -678.33086956
538 -682.15472826 -684.85739130 -679.45206521
539 -683.28141304 -685.98956521 -680.57326086
540 -684.40809782 -687.12173913 -681.69445652
541 -685.53478260 -688.25391304 -682.81565217
542 -686.66146739 -689.38608695 -683.93684782
543 -687.78815217 -690.51826086 -685.05804347
544 -688.91483695 -691.65043478 -686.17923913
545 -690.04152173 -692.78260869 -687.30043478
546 -691.16820652 -693.91478260 -688.42163043
547 -692.29489130 -695.04695652 -689.54282608
548 -693.42157608 -696.17913043 -690.66402173
549 -694.54826086 -697.31130434 -691.78521739
550 -695.67494565 -698.44347826 -692.90641304
551 -696.80163043 -699.57565217 -694.02760869
552 -697.92831521 -700.70782608 -695.14880434
553 -699.05500000 -701.84000000 -696.27000000
554 -700.07455555 -702.87700000 -697.27211111
555 -701.09411111 -703.91400000 -698.27422222
556 -702.11366666 -704.95100000 -699.27633333
557 -703.13322222 -705.98800000 -700.27844444
558 -704.15277777 -707.02500000 -701.28055555
559 -705.17233333 -708.06200000 -702.28266666
560 -706.19188888 -709.09900000 -703.28477777
561 -707.21144444 -710.13600000 -704.28688888
562 -708.23100000 -711.17300000 -705.28900000
563 -709.25055555 -712.21000000 -706.29111111
564 -710.27011111 -713.24700000 -707.29322222
565 -711.28966666 -714.28400000 -708.29533333
566 -712.30922222 -715.32100000 -709.29744444
567 -713.32877777 -716.35800000 -710.29955555
568 -714.34833333 -717.39500000 -711.30166666
569 -715.36788888 -718.43200000 -712.30377777
570 -716.38744444 -719.46900000 -713.30588888
571 -717.40700000 -720.50600000 -714.30800000
572 -718.42655555 -721.54300000 -715.31011111
573 -719.44611111 -722.58000000 -716.31222222
574 -720.46566666 -723.61700000 -717.31433333
575 -721.48522222 -724.65400000 -718.31644444
576 -722.50477777 -725.69100000 -719.31855555
577 -723.52433333 -726.72800000 -720.32066666
578 -724.54388888 -727.76500000 -721.32277777
579 -725.56344444 -728.80200000 -722.32488888
580 -726.58300000 -729.83900000 -723.32700000
581 -727.60255555 -730.87600000 -724.32911111
582 -728.62211111 -731.91300000 -725.33122222
583 -729.64166666 -732.95000000 -726.33333333
584 -730.66122222 -733.98700000 -727.33544444
585 -731.68077777 -735.02400000 -728.33755555
586 -732.70033333 -736.06100000 -729.33966666
587 -733.71988888 -737.09800000 -730.34177777
588 -734.73944444 -738.13500000 -731.34388888
589 -735.75900000 -739.17200000 -732.34600000
590 -736.77855555 -740.20900000 -733.34811111
591 -737.79811111 -741.24600000 -734.35022222
592 -738.81766666 -742.28300000 -735.35233333
593 -739.83722222 -743.32000000 -736.35444444
594 -740.85677777 -744.35700000 -737.35655555
595 -741.87633333 -745.39400000 -738.35866666
596 -742.89588888 -746.43100000 -739.36077777
597 -743.91544444 -747.46800000 -740.36288888
598 -744.93500000 -748.50500000 -741.36500000
599 -745.95455555 -749.54200000 -742.36711111
600 -746.97411111 -750.57900000 -743.36922222
601 -747.99366666 -751.61600000 -744.37133333
602 -749.01322222 -752.65300000 -745.37344444
603 -750.03277777 -753.69000000 -746.37555555
604 -751.05233333 -754.72700000 -747.37766666
605 -752.07188888 -755.76400000 -748.37977777
606 -753.09144444 -756.80100000 -749.38188888
607 -754.11100000 -757.83800000 -750.38400000
608 -755.13055555 -758.87500000 -751.38611111
609 -756.15011111 -759.91200000 -752.38822222
610 -757.16966666 -760.94900000 -753.39033333
611 -758.18922222 -761.98600000 -754.39244444
612 -759.20877777 -763.02300000 -755.39455555
613 -760.22833333 -764.06000000 -756.39666666
614 -761.24788888 -765.09700000 -757.39877777
615 -762.26744444 -766.13400000 -758.40088888
616 -763.28700000 -767.17100000 -759.40300000
617 -764.30655555 -768.20800000 -760.40511111
618 -765.32611111 -769.24500000 -761.40722222
619 -766.34566666 -770.28200000 -762.40933333
620 -767.36522222 -771.31900000 -763.41144444
621 -768.38477777 -772.35600000 -764.41355555
622 -769.40433333 -773.39300000 -765.41566666
623 -770.42388888 -774.43000000 -766.41777777
624 -771.44344444 -775.46700000 -767.41988888
625 -772.46300000 -776.50400000 -768.42200000
626 -773.48255555 -777.54100000 -769.42411111
627 -774.50211111 -778.57800000 -770.42622222
628 -775.52166666 -779.61500000 -771.42833333
629 -776.54122222 -780.65200000 -772.43044444
630 -777.56077777 -781.68900000 -773.43255555
631 -778.58033333 -782.72600000 -774.43466666
632 -779.59988888 -783.76300000 -775.43677777
633 -780.61944444 -784.80000000 -776.43888888
634 -781.63900000 -785.83700000 -777.44100000
635 -782.65855555 -786.87400000 -778.44311111
636 -783.67811111 -787.91100000 -779.44522222
637 -784.69766666 -788.94800000 -780.44733333
638 -785.71722222 -789.98500000 -781.44944444
639 -786.73677777 -791.02200000 -782.45155555
640 -787.75633333 -792.05900000 -783.45366666
641 -788.77588888 -793.09600000 -784.45577777
642 -789.79544444 -794.13300000 -785.45788888
643 -790.81500000 -795.17000000 -786.46000000
644 -791.79082417 -796.14054945 -787.44109890
645 -792.76664835 -797.11109890 -788.42219780
646 -793.74247252 -798.08164835 -789.40329670
647 -794.71829670 -799.05219780 -790.38439560
648 -795.69412087 -800.02274725 -791.36549450
649 -796.66994505 -800.99329670 -792.34659340
650 -797.64576923 -801.96384615 -793.32769230
651 -798.62159340 -802.93439560 -794.30879120
652 -799.59741758 -803.90494505 -795.28989010
653 -800.57324175 -804.87549450 -796.27098901
654 -801.54906593 -805.84604395 -797.25208791
655 -802.52489010 -806.81659340 -798.23318681
656 -803.50071428 -807.78714285 -799.21428571
657 -804.47653846 -808.75769230 -800.19538461
658 -805.45236263 -809.72824175 -801.17648351
659 -806.42818681 -810.69879120 -802.15758241
660 -807.40401098 -811.66934065 -803.13868131
661 -808.37983516 -812.63989010 -804.11978021
662 -809.35565934 -813.61043956 -805.10087912
663 -810.33148351 -814.58098901 -806.08197802
664 -811.30730769 -815.55153846 -807.06307692
665 -812.28313186 -816.52208791 -808.04417582
666 -813.25895604 -817.49263736 -809.02527472
667 -814.23478021 -818.46318681 -810.00637362
668 -815.21060439 -819.43373626 -810.98747252
669 -816.18642857 -820.40428571 -811.96857142
670 -817.16225274 -821.37483516 -812.94967032
671 -818.13807692 -822.34538461 -813.93076923
672 -819.11390109 -823.31593406 -814.91186813
673 -820.08972527 -824.28648351 -815.89296703
674 -821.06554945 -825.25703296 -816.87406593
675 -822.04137362 -826.22758241 -817.85516483
676 -823.01719780 -827.19813186 -818.83626373
677 -823.99302197 -828.16868131 -819.81736263
678 -824.96884615 -829.13923076 -820.79846153
679 -825.94467032 -830.10978021 -821.77956043
680 -826.92049450 -831.08032967 -822.76065934
681 -827.89631868 -832.05087912 -823.74175824
682 -828.87214285 -833.02142857 -824.72285714
683 -829.84796703 -833.99197802 -825.70395604
684 -830.82379120 -834.96252747 -826.68505494
685 -831.79961538 -835.93307692 -827.66615384
686 -832.77543956 -836.90362637 -828.64725274
687 -833.75126373 -837.87417582 -829.62835164
688 -834.72708791 -838.84472527 -830.60945054
689 -835.70291208 -839.81527472 -831.59054945
690 -836.67873626 -840.78582417 -832.57164835
691 -837.65456043 -841.75637362 -833.55274725
692 -838.63038461 -842.72692307 -834.53384615
693 -839.60620879 -843.69747252 -835.51494505
694 -840.58203296 -844.66802197 -836.49604395
695 -841.55785714 -845.63857142 -837.47714285
696 -842.53368131 -846.60912087 -838.45824175
697 -843.50950549 -847.57967032 -839.43934065
698 -844.48532967 -848.55021978 -840.42043956
699 -845.46115384 -849.52076923 -841.40153846
700 -846.43697802 -850.49131868 -842.38263736
701 -847.41280219 -851.46186813 -843.36373626
702 -848.38862637 -852.43241758 -844.34483516
703 -849.36445054 -853.40296703 -845.32593406
704 -850.34027472 -854.37351648 -846.30703296
705 -851.31609890 -855.34406593 -847.28813186
706 -852.29192307 -856.31461538 -848.26923076
707 -853.26774725 -857.28516483 -849.25032967
708 -854.24357142 -858.25571428 -850.23142857
709 -855.21939560 -859.22626373 -851.21252747
710 -856.19521978 -860.19681318 -852.19362637
711 -857.17104395 -861.16736263 -853.17472527
712 -858.14686813 -862.13791208 -854.15582417
713 -859.12269230 -863.10846153 -855.13692307
714 -860.09851648 -864.07901098 -856.11802197
715 -861.07434065 -865.04956043 -857.09912087
716 -862.05016483 -866.02010989 -858.08021978
717 -863.02598901 -866.99065934 -859.06131868
718 -864.00181318 -867.96120879 -860.04241758
719 -864.97763736 -868.93175824 -861.02351648
720 -865.95346153 -869.90230769 -862.00461538
721 -866.92928571 -870.87285714 -862.98571428
722 -867.90510989 -871.84340659 -863.96681318
723 -868.88093406 -872.81395604 -864.94791208
724 -869.85675824 -873.78450549 -865.92901098
725 -870.83258241 -874.75505494 -866.91010989
726 -871.80840659 -875.72560439 -867.89120879
727 -872.78423076 -876.69615384 -868.87230769
728 -873.76005494 -877.66670329 -869.85340659
729 -874.73587912 -878.63725274 -870.83450549
730 -875.71170329 -879.60780219 -871.81560439
731 -876.68752747 -880.57835164 -872.79670329
732 -877.66335164 -881.54890109 -873.77780219
733 -878.63917582 -882.51945054 -874.75890109
734 -879.61500000 -883.49000000 -875.74000000
735 -880.48451923 -884.36722527 -876.60181318
736 -881.35403846 -885.24445054 -877.46362637
737 -882.22355769 -886.12167582 -878.32543956
738 -883.09307692 -886.99890109 -879.18725274
739 -883.96259615 -887.87612637 -880.04906593
740 -884.83211538 -888.75335164 -880.91087912
741 -885.70163461 -889.63057692 -881.77269230
742 -886.57115384 -890.50780219 -882.63450549
743 -887.44067307 -891.38502747 -883.49631868
744 -888.31019230 -892.26225274 -884.35813186
745 -889.17971153 -893.13947802 -885.21994505
746 -890.04923076 -894.01670329 -886.08175824
747 -890.91875000 -894.89392857 -886.94357142
748 -891.78826923 -895.77115384 -887.80538461
749 -892.65778846 -896.64837912 -888.66719780
750 -893.52730769 -897.52560439 -889.52901098
751 -894.39682692 -898.40282967 -890.39082417
752 -895.26634615 -899.28005494 -891.25263736
753 -896.13586538 -900.15728021 -892.11445054
754 -897.00538461 -901.03450549 -892.97626373
755 -897.87490384 -901.91173076 -893.83807692
756 -898.74442307 -902.78895604 -894.69989010
757 -899.61394230 -903.66618131 -895.56170329
758 -900.48346153 -904.54340659 -896.42351648
759 -901.35298076 -905.42063186 -897.28532967
760 -902.22250000 -906.29785714 -898.14714285
761 -903.09201923 -907.17508241 -899.00895604
762 -903.96153846 -908.05230769 -899.87076923
763 -904.83105769 -908.92953296 -900.73258241
764 -905.70057692 -909.80675824 -901.59439560
765 -906.57009615 -910.68398351 -902.45620879
766 -907.43961538 -911.56120879 -903.31802197
767 -908.30913461 -912.43843406 -904.17983516
768 -909.17865384 -913.31565934 -905.04164835
769 -910.04817307 -914.19288461 -905.90346153
770 -910.91769230 -915.07010989 -906.76527472
771 -911.78721153 -915.94733516 -907.62708791
772 -912.65673076 -916.82456043 -908.48890109
773 -913.52625000 -917.70178571 -909.35071428
774 -914.39576923 -918.57901098 -910.21252747
775 -915.26528846 -919.45623626 -911.07434065
776 -916.13480769 -920.33346153 -911.93615384
777 -917.00432692 -921.21068681 -912.79796703
778 -917.87384615 -922.08791208 -913.65978021
779 -918.74336538 -922.96513736 -914.52159340
780 -919.61288461 -923.84236263 -915.38340659
781 -920.48240384 -924.71958791 -916.24521978
782 -921.35192307 -925.59681318 -917.10703296
783 -922.22144230 -926.47403846 -917.96884615
784 -923.09096153 -927.35126373 -918.83065934
785 -923.96048076 -928.22848901 -919.69247252
786 -924.83000000 -929.10571428 -920.55428571
787 -925.69951923 -929.98293956 -921.41609890
788 -926.56903846 -930.86016483 -922.27791208
789 -927.43855769 -931.73739010 -923.13972527
790 -928.30807692 -932.61461538 -924.00153846
791 -929.17759615 -933.49184065 -924.86335164
792 -930.04711538 -934.36906593 -925.72516483
793 -930.91663461 -935.24629120 -926.58697802
794 -931.78615384 -936.12351648 -927.44879120
795 -932.65567307 -937.00074175 -928.31060439
796 -933.52519230 -937.87796703 -929.17241758
797 -934.39471153 -938.75519230 -930.03423076
798 -935.26423076 -939.63241758 -930.89604395
799 -936.13375000 -940.50964285 -931.75785714
800 -937.00326923 -941.38686813 -932.61967032
801 -937.87278846 -942.26409340 -933.48148351
802 -938.74230769 -943.14131868 -934.34329670
803 -939.61182692 -944.01854395 -935.20510989
804 -940.48134615 -944.89576923 -936.06692307
805 -941.35086538 -945.77299450 -936.92873626
806 -942.22038461 -946.65021978 -937.79054945
807 -943.08990384 -947.52744505 -938.65236263
808 -943.95942307 -948.40467032 -939.51417582
809 -944.82894230 -949.28189560 -940.37598901
810 -945.69846153 -950.15912087 -941.23780219
811 -946.56798076 -951.03634615 -942.09961538
812 -947.43750000 -951.91357142 -942.96142857
813 -948.30701923 -952.79079670 -943.82324175
814 -949.17653846 -953.66802197 -944.68505494
815 -950.04605769 -954.54524725 -945.54686813
816 -950.91557692 -955.42247252 -946.40868131
817 -951.78509615 -956.29969780 -947.27049450
818 -952.65461538 -957.17692307 -948.13230769
819 -953.52413461 -958.05414835 -948.99412087
820 -954.39365384 -958.93137362 -949.85593406
821 -955.26317307 -959.80859890 -950.71774725
822 -956.13269230 -960.68582417 -951.57956043
823 -957.00221153 -961.56304945 -952.44137362
824 -957.87173076 -962.44027472 -953.30318681
825 -958.74125000 -963.31750000 -954.16500000
826 -959.61076923 -964.19472527 -955.02681318
827 -960.48028846 -965.07195054 -955.88862637
828 -961.34980769 -965.94917582 -956.75043956
829 -962.21932692 -966.82640109 -957.61225274
830 -963.08884615 -967.70362637 -958.47406593
831 -963.95836538 -968.58085164 -959.33587912
832 -964.82788461 -969.45807692 -960.19769230
833 -965.69740384 -970.33530219 -961.05950549
834 -966.56692307 -971.21252747 -961.92131868
835 -967.43644230 -972.08975274 -962.78313186
836 -968.30596153 -972.96697802 -963.64494505
837 -969.17548076 -973.84420329 -964.50675824
838 -970.04500000 -974.72142857 -965.36857142
839 -970.91451923 -975.59865384 -966.23038461
840 -971.78403846 -976.47587912 -967.09219780
841 -972.65355769 -977.35310439 -967.95401098
842 -973.52307692 -978.23032967 -968.81582417
843 -974.39259615 -979.10755494 -969.67763736
844 -975.26211538 -979.98478021 -970.53945054
845 -976.13163461 -980.86200549 -971.40126373
846 -977.00115384 -981.73923076 -972.26307692
847 -977.87067307 -982.61645604 -973.12489010
848 -978.74019230 -983.49368131 -973.98670329
849 -979.60971153 -984.37090659 -974.84851648
850 -980.47923076 -985.24813186 -975.71032967
851 -981.34875000 -986.12535714 -976.57214285
852 -982.21826923 -987.00258241 -977.43395604
853 -983.08778846 -987.87980769 -978.29576923
854 -983.95730769 -988.75703296 -979.15758241
855 -984.82682692 -989.63425824 -980.01939560
856 -985.69634615 -990.51148351 -980.88120879
857 -986.56586538 -991.38870879 -981.74302197
858 -987.43538461 -992.26593406 -982.60483516
859 -988.30490384 -993.14315934 -983.46664835
860 -989.17442307 -994.02038461 -984.32846153
861 -990.04394230 -994.89760989 -985.19027472
862 -990.91346153 -995.77483516 -986.05208791
863 -991.78298076 -996.65206043 -986.91390109
864 -992.65250000 -997.52928571 -987.77571428
865 -993.52201923 -998.40651098 -988.63752747
866 -994.39153846 -999.28373626 -989.49934065
867 -995.26105769 -1000.16096153 -990.36115384
868 -996.13057692 -1001.03818681 -991.22296703
869 -997.00009615 -1001.91541208 -992.08478021
870 -997.86961538 -1002.79263736 -992.94659340
871 -998.73913461 -1003.66986263 -993.80840659
872 -999.60865384 -1004.54708791 -994.67021978
873 -1000.47817307 -1005.42431318 -995.53203296
874 -1001.34769230 -1006.30153846 -996.39384615
875 -1002.21721153 -1007.17876373 -997.25565934
876 -1003.08673076 -1008.05598901 -998.11747252
877 -1003.95625000 -1008.93321428 -998.97928571
878 -1004.82576923 -1009.81043956 -999.84109890
879 -1005.69528846 -1010.68766483 -1000.70291208
880 -1006.56480769 -1011.56489010 -1001.56472527
881 -1007.43432692 -1012.44211538 -1002.42653846
882 -1008.30384615 -1013.31934065 -1003.28835164
883 -1009.17336538 -1014.19656593 -1004.15016483
884 -1010.04288461 -1015.07379120 -1005.01197802
885 -1010.91240384 -1015.95101648 -1005.87379120
886 -1011.78192307 -1016.82824175 -1006.73560439
887 -1012.65144230 -1017.70546703 -1007.59741758
888 -1013.52096153 -1018.58269230 -1008.45923076
889 -1014.39048076 -1019.45991758 -1009.32104395
890 -1015.26000000 -1020.33714285 -1010.18285714
891 -1016.12951923 -1021.21436813 -1011.04467032
892 -1016.99903846 -1022.09159340 -1011.90648351
893 -1017.86855769 -1022.96881868 -1012.76829670
894 -1018.73807692 -1023.84604395 -1013.63010989
895 -1019.60759615 -1024.72326923 -1014.49192307
896 -1020.47711538 -1025.60049450 -1015.35373626
897 -1021.34663461 -1026.47771978 -1016.21554945
898 -1022.21615384 -1027.35494505 -1017.07736263
899 -1023.08567307 -1028.23217032 -1017.93917582
900 -1023.95519230 -1029.10939560 -1018.80098901
901 -1024.82471153 -1029.98662087 -1019.66280219
902 -1025.69423076 -1030.86384615 -1020.52461538
903 -1026.56375000 -1031.74107142 -1021.38642857
904 -1027.43326923 -1032.61829670 -1022.24824175
905 -1028.30278846 -1033.49552197 -1023.11005494
906 -1029.17230769 -1034.37274725 -1023.97186813
907 -1030.04182692 -1035.24997252 -1024.83368131
908 -1030.91134615 -1036.12719780 -1025.69549450
909 -1031.78086538 -1037.00442307 -1026.55730769
910 -1032.65038461 -1037.88164835 -1027.41912087
911 -1033.51990384 -1038.75887362 -1028.28093406
912 -1034.38942307 -1039.63609890 -1029.14274725
913 -1035.25894230 -1040.51332417 -1030.00456043
914 -1036.12846153 -1041.39054945 -1030.86637362
915 -1036.99798076 -1042.26777472 -1031.72818681
916 -1037.86750000 -1043.14500000 -1032.59000000
917 -1038.73701923 -1044.02222527 -1033.45181318
918 -1039.60653846 -1044.89945054 -1034.31362637
919 -1040.47605769 -1045.77667582 -1035.17543956
920 -1041.34557692 -1046.65390109 -1036.03725274
921 -1042.21509615 -1047.53112637 -1036.89906593
922 -1043.08461538 -1048.40835164 -1037.76087912
923 -1043.95413461 -1049.28557692 -1038.62269230
924 -1044.82365384 -1050.16280219 -1039.48450549
925 -1045.69317307 -1051.04002747 -1040.34631868
926 -1046.56269230 -1051.91725274 -1041.20813186
927 -1047.43221153 -1052.79447802 -1042.06994505
928 -1048.30173076 -1053.67170329 -1042.93175824
929 -1049.17125000 -1054.54892857 -1043.79357142
930 -1050.04076923 -1055.42615384 -1044.65538461
931 -1050.91028846 -1056.30337912 -1045.51719780
932 -1051.77980769 -1057.18060439 -1046.37901098
933 -1052.64932692 -1058.05782967 -1047.24082417
934 -1053.51884615 -1058.93505494 -1048.10263736
935 -1054.38836538 -1059.81228021 -1048.96445054
936 -1055.25788461 -1060.68950549 -1049.82626373
937 -1056.12740384 -1061.56673076 -1050.68807692
938 -1056.99692307 -1062.44395604 -1051.54989010
939 -1057.86644230 -1063.32118131 -1052.41170329
940 -1058.73596153 -1064.19840659 -1053.27351648
941 -1059.60548076 -1065.07563186 -1054.13532967
942 -1060.47500000 -1065.95285714 -1054.99714285
943 -1061.34451923 -1066.83008241 -1055.85895604
944 -1062.21403846 -1067.70730769 -1056.72076923
945 -1063.08355769 -1068.58453296 -1057.58258241
946 -1063.95307692 -1069.46175824 -1058.44439560
947 -1064.82259615 -1070.33898351 -1059.30620879
948 -1065.69211538 -1071.21620879 -1060.16802197
949 -1066.56163461 -1072.09343406 -1061.02983516
950 -1067.43115384 -1072.97065934 -1061.89164835
951 -1068.30067307 -1073.84788461 -1062.75346153
952 -1069.17019230 -1074.72510989 -1063.61527472
953 -1070.03971153 -1075.60233516 -1064.47708791
954 -1070.90923076 -1076.47956043 -1065.33890109
955 -1071.77875000 -1077.35678571 -1066.20071428
956 -1072.64826923 -1078.23401098 -1067.06252747
957 -1073.51778846 -1079.11123626 -1067.92434065
958 -1074.38730769 -1079.98846153 -1068.78615384
959 -1075.25682692 -1080.86568681 -1069.64796703
960 -1076.12634615 -1081.74291208 -1070.50978021
961 -1076.99586538 -1082.62013736 -1071.37159340
962 -1077.86538461 -1083.49736263 -1072.23340659
963 -1078.73490384 -1084.37458791 -1073.09521978
964 -1079.60442307 -1085.25181318 -1073.95703296
965 -1080.47394230 -1086.12903846 -1074.81884615
966 -1081.34346153 -1087.00626373 -1075.68065934
967 -1082.21298076 -1087.88348901 -1076.54247252
968 -1083.08250000 -1088.76071428 -1077.40428571
969 -1083.95201923 -1089.63793956 -1078.26609890
970 -1084.82153846 -1090.51516483 -1079.12791208
971 -1085.69105769 -1091.39239010 -1079.98972527
972 -1086.56057692 -1092.26961538 -1080.85153846
973 -1087.43009615 -1093.14684065 -1081.71335164
974 -1088.29961538 -1094.02406593 -1082.57516483
975 -1089.16913461 -1094.90129120 -1083.43697802
976 -1090.03865384 -1095.77851648 -1084.29879120
977 -1090.90817307 -1096.65574175 -1085.16060439
978 -1091.77769230 -1097.53296703 -1086.02241758
979 -1092.64721153 -1098.41019230 -1086.88423076
980 -1093.51673076 -1099.28741758 -1087.74604395
981 -1094.38625000 -1100.16464285 -1088.60785714
982 -1095.25576923 -1101.04186813 -1089.46967032
983 -1096.12528846 -1101.91909340 -1090.33148351
984 -1096.99480769 -1102.79631868 -1091.19329670
985 -1097.86432692 -1103.67354395 -1092.05510989
986 -1098.73384615 -1104.55076923 -1092.91692307
987 -1099.60336538 -1105.42799450 -1093.77873626
988 -1100.47288461 -1106.30521978 -1094.64054945
989 -1101.34240384 -1107.18244505 -1095.50236263
990 -1102.21192307 -1108.05967032 -1096.36417582
991 -1103.08144230 -1108.93689560 -1097.22598901
992 -1103.95096153 -1109.81412087 -1098.08780219
993 -1104.82048076 -1110.69134615 -1098.94961538
994 -1105.69000000 -1111.56857142 -1099.81142857
995 -1106.55951923 -1112.44579670 -1100.67324175
996 -1107.42903846 -1113.32302197 -1101.53505494
997 -1108.29855769 -1114.20024725 -1102.39686813
998 -1109.16807692 -1115.07747252 -1103.25868131
999 -1110.03759615 -1115.95469780 -1104.12049450
1000 -1110.90711538 -1116.83192307 -1104.98230769
1001 -1111.77663461 -1117.70914835 -1105.84412087
1002 -1112.64615384 -1118.58637362 -1106.70593406
1003 -1113.51567307 -1119.46359890 -1107.56774725
1004 -1114.38519230 -1120.34082417 -1108.42956043
1005 -1115.25471153 -1121.21804945 -1109.29137362
1006 -1116.12423076 -1122.09527472 -1110.15318681
1007 -1116.99375000 -1122.97250000 -1111.01500000
1008 -1117.86326923 -1123.84972527 -1111.87681318
1009 -1118.73278846 -1124.72695054 -1112.73862637
1010 -1119.60230769 -1125.60417582 -1113.60043956
1011 -1120.47182692 -1126.48140109 -1114.46225274
1012 -1121.34134615 -1127.35862637 -1115.32406593
1013 -1122.21086538 -1128.23585164 -1116.18587912
1014 -1123.08038461 -1129.11307692 -1117.04769230
1015 -1123.94990384 -1129.99030219 -1117.90950549
1016 -1124.81942307 -1130.86752747 -1118.77131868
1017 -1125.68894230 -1131.74475274 -1119.63313186
1018 -1126.55846153 -1132.62197802 -1120.49494505
1019 -1127.42798076 -1133.49920329 -1121.35675824
1020 -1128.29750000 -1134.37642857 -1122.21857142
1021 -1129.16701923 -1135.25365384 -1123.08038461
1022 -1130.03653846 -1136.13087912 -1123.94219780
1023 -1130.90605769 -1137.00810439 -1124.80401098
1024 -1131.77557692 -1137.88532967 -1125.66582417
1025 -1132.64509615 -1138.76255494 -1126.52763736
1026 -1133.51461538 -1139.63978021 -1127.38945054
1027 -1134.38413461 -1140.51700549 -1128.25126373
1028 -1135.25365384 -1141.39423076 -1129.11307692
1029 -1136.12317307 -1142.27145604 -1129.97489010
1030 -1136.99269230 -1143.14868131 -1130.83670329
1031 -1137.86221153 -1144.02590659 -1131.69851648
1032 -1138.73173076 -1144.90313186 -1132.56032967
1033 -1139.60125000 -1145.78035714 -1133.42214285
1034 -1140.47076923 -1146.65758241 -1134.28395604
1035 -1141.34028846 -1147.53480769 -1135.14576923
1036 -1142.20980769 -1148.41203296 -1136.00758241
1037 -1143.07932692 -1149.28925824 -1136.86939560
1038 -1143.94884615 -1150.16648351 -1137.73120879
1039 -1144.81836538 -1151.04370879 -1138.59302197
1040 -1145.68788461 -1151.92093406 -1139.45483516
1041 -1146.55740384 -1152.79815934 -1140.31664835
1042 -1147.42692307 -1153.67538461 -1141.17846153
1043 -1148.29644230 -1154.55260989 -1142.04027472
1044 -1149.16596153 -1155.42983516 -1142.90208791
1045 -1150.03548076 -1156.30706043 -1143.76390109
1046 -1150.90500000 -1157.18428571 -1144.62571428
1047 -1151.77451923 -1158.06151098 -1145.48752747
1048 -1152.64403846 -1158.93873626 -1146.34934065
1049 -1153.51355769 -1159.81596153 -1147.21115384
1050 -1154.38307692 -1160.69318681 -1148.07296703
1051 -1155.25259615 -1161.57041208 -1148.93478021
1052 -1156.12211538 -1162.44763736 -1149.79659340
1053 -1156.99163461 -1163.32486263 -1150.65840659
1054 -1157.86115384 -1164.20208791 -1151.52021978
1055 -1158.73067307 -1165.07931318 -1152.38203296
1056 -1159.60019230 -1165.95653846 -1153.24384615
1057 -1160.46971153 -1166.83376373 -1154.10565934
1058 -1161.33923076 -1167.71098901 -1154.96747252
1059 -1162.20875000 -1168.58821428 -1155.82928571
1060 -1163.07826923 -1169.46543956 -1156.69109890
1061 -1163.94778846 -1170.34266483 -1157.55291208
1062 -1164.81730769 -1171.21989010 -1158.41472527
1063 -1165.68682692 -1172.09711538 -1159.27653846
1064 -1166.55634615 -1172.97434065 -1160.13835164
1065 -1167.42586538 -1173.85156593 -1161.00016483
1066 -1168.29538461 -1174.72879120 -1161.86197802
1067 -1169.16490384 -1175.60601648 -1162.72379120
1068 -1170.03442307 -1176.48324175 -1163.58560439
1069 -1170.90394230 -1177.36046703 -1164.44741758
1070 -1171.77346153 -1178.23769230 -1165.30923076
1071 -1172.64298076 -1179.11491758 -1166.17104395
1072 -1173.51250000 -1179.99214285 -1167.03285714
1073 -1174.38201923 -1180.86936813 -1167.89467032
1074 -1175.25153846 -1181.74659340 -1168.75648351
1075 -1176.12105769 -1182.62381868 -1169.61829670
1076 -1176.99057692 -1183.50104395 -1170.48010989
1077 -1177.86009615 -1184.37826923 -1171.34192307
1078 -1178.72961538 -1185.25549450 -1172.20373626
1079 -1179.59913461 -1186.13271978 -1173.06554945
1080 -1180.46865384 -1187.00994505 -1173.92736263
1081 -1181.33817307 -1187.88717032 -1174.78917582
1082 -1182.20769230 -1188.76439560 -1175.65098901
1083 -1183.07721153 -1189.64162087 -1176.51280219
1084 -1183.94673076 -1190.51884615 -1177.37461538
1085 -1184.81625000 -1191.39607142 -1178.23642857
1086 -1185.68576923 -1192.27329670 -1179.09824175
1087 -1186.55528846 -1193.15052197 -1179.96005494
1088 -1187.42480769 -1194.02774725 -1180.82186813
1089 -1188.29432692 -1194.90497252 -1181.68368131
1090 -1189.16384615 -1195.78219780 -1182.54549450
1091 -1190.03336538 -1196.65942307 -1183.40730769
1092 -1190.90288461 -1197.53664835 -1184.26912087
1093 -1191.77240384 -1198.41387362 -1185.13093406
1094 -1192.64192307 -1199.29109890 -1185.99274725
1095 -1193.51144230 -1200.16832417 -1186.85456043
1096 -1194.38096153 -1201.04554945 -1187.71637362
1097 -1195.25048076 -1201.92277472 -1188.57818681
1098 -1196.12000000 -1202.80000000 -1189.44000000
1099 -1196.85613698 -1203.53216438 -1190.18010958
1100 -1197.59227397 -1204.26432876 -1190.92021917
1101 -1198.32841095 -1204.99649315 -1191.66032876
1102 -1199.06454794 -1205.72865753 -1192.40043835
1103 -1199.80068493 -1206.46082191 -1193.14054794
1104 -1200.53682191 -1207.19298630 -1193.88065753
1105 -1201.27295890 -1207.92515068 -1194.62076712
1106 -1202.00909589 -1208.65731506 -1195.36087671
1107 -1202.74523287 -1209.38947945 -1196.10098630
1108 -1203.48136986 -1210.12164383 -1196.84109589
1109 -1204.21750684 -1210.85380821 -1197.58120547
1110 -1204.95364383 -1211.58597260 -1198.32131506
1111 -1205.68978082 -1212.31813698 -1199.06142465
1112 -1206.42591780 -1213.05030136 -1199.80153424
1113 -1207.16205479 -1213.78246575 -1200.54164383
1114 -1207.89819178 -1214.51463013 -1201.28175342
1115 -1208.63432876 -1215.24679452 -1202.02186301
1116 -1209.37046575 -1215.97895890 -1202.76197260
1117 -1210.10660273 -1216.71112328 -1203.50208219
1118 -1210.84273972 -1217.44328767 -1204.24219178
1119 -1211.57887671 -1218.17545205 -1204.98230136
1120 -1212.31501369 -1218.90761643 -1205.72241095
1121 -1213.05115068 -1219.63978082 -1206.46252054
1122 -1213.78728767 -1220.37194520 -1207.20263013
1123 -1214.52342465 -1221.10410958 -1207.94273972
1124 -1215.25956164 -1221.83627397 -1208.68284931
1125 -1215.99569863 -1222.56843835 -1209.42295890
1126 -1216.73183561 -1223.30060273 -1210.16306849
1127 -1217.46797260 -1224.03276712 -1210.90317808
1128 -1218.20410958 -1224.76493150 -1211.64328767
1129 -1218.94024657 -1225.49709589 -1212.38339726
1130 -1219.67638356 -1226.22926027 -1213.12350684
1131 -1220.41252054 -1226.96142465 -1213.86361643
1132 -1221.14865753 -1227.69358904 -1214.60372602
1133 -1221.88479452 -1228.42575342 -1215.34383561
1134 -1222.62093150 -1229.15791780 -1216.08394520
1135 -1223.35706849 -1229.89008219 -1216.82405479
1136 -1224.09320547 -1230.62224657 -1217.56416438
1137 -1224.82934246 -1231.35441095 -1218.30427397
1138 -1225.56547945 -1232.08657534 -1219.04438356
1139 -1226.30161643 -1232.81873972 -1219.78449315
1140 -1227.03775342 -1233.55090410 -1220.52460273
1141 -1227.77389041 -1234.28306849 -1221.26471232
1142 -1228.51002739 -1235.01523287 -1222.00482191
1143 -1229.24616438 -1235.74739726 -1222.74493150
1144 -1229.98230136 -1236.47956164 -1223.48504109
1145 -1230.71843835 -1237.21172602 -1224.22515068
1146 -1231.45457534 -1237.94389041 -1224.96526027
1147 -1232.19071232 -1238.67605479 -1225.70536986
1148 -1232.92684931 -1239.40821917 -1226.44547945
1149 -1233.66298630 -1240.14038356 -1227.18558904
1150 -1234.39912328 -1240.87254794 -1227.92569863
1151 -1235.13526027 -1241.60471232 -1228.66580821
1152 -1235.87139726 -1242.33687671 -1229.40591780
1153 -1236.60753424 -1243.06904109 -1230.14602739
1154 -1237.34367123 -1243.80120547 -1230.88613698
1155 -1238.07980821 -1244.53336986 -1231.62624657
1156 -1238.81594520 -1245.26553424 -1232.36635616
1157 -1239.55208219 -1245.99769863 -1233.10646575
1158 -1240.28821917 -1246.72986301 -1233.84657534
1159 -1241.02435616 -1247.46202739 -1234.58668493
1160 -1241.76049315 -1248.19419178 -1235.32679452
1161 -1242.49663013 -1248.92635616 -1236.06690410
1162 -1243.23276712 -1249.65852054 -1236.80701369
1163 -1243.96890410 -1250.39068493 -1237.54712328
1164 -1244.70504109 -1251.12284931 -1238.28723287
1165 -1245.44117808 -1251.85501369 -1239.02734246
1166 -1246.17731506 -1252.58717808 -1239.76745205
1167 -1246.91345205 -1253.31934246 -1240.50756164
1168 -1247.64958904 -1254.05150684 -1241.24767123
1169 -1248.38572602 -1254.78367123 -1241.98778082
1170 -1249.12186301 -1255.51583561 -1242.72789041
1171 -1249.85800000 -1256.24800000 -1243.46800000
1172 -1250.59413698 -1256.98016438 -1244.20810958
1173 -1251.33027397 -1257.71232876 -1244.94821917
1174 -1252.06641095 -1258.44449315 -1245.68832876
1175 -1252.80254794 -1259.17665753 -1246.42843835
1176 -1253.53868493 -1259.90882191 -1247.16854794
1177 -1254.27482191 -1260.64098630 -1247.90865753
1178 -1255.01095890 -1261.37315068 -1248.64876712
1179 -1255.74709589 -1262.10531506 -1249.38887671
1180 -1256.48323287 -1262.83747945 -1250.12898630
1181 -1257.21936986 -1263.56964383 -1250.86909589
1182 -1257.95550684 -1264.30180821 -1251.60920547
1183 -1258.69164383 -1265.03397260 -1252.34931506
1184 -1259.42778082 -1265.76613698 -1253.08942465
1185 -1260.16391780 -1266.49830136 -1253.82953424
1186 -1260.90005479 -1267.23046575 -1254.56964383
1187 -1261.63619178 -1267.96263013 -1255.30975342
1188 -1262.37232876 -1268.69479452 -1256.04986301
1189 -1263.10846575 -1269.42695890 -1256.78997260
1190 -1263.84460273 -1270.15912328 -1257.53008219
1191 -1264.58073972 -1270.89128767 -1258.27019178
1192 -1265.31687671 -1271.62345205 -1259.01030136
1193 -1266.05301369 -1272.35561643 -1259.75041095
1194 -1266.78915068 -1273.08778082 -1260.49052054
1195 -1267.52528767 -1273.81994520 -1261.23063013
1196 -1268.26142465 -1274.55210958 -1261.97073972
1197 -1268.99756164 -1275.28427397 -1262.71084931
1198 -1269.73369863 -1276.01643835 -1263.45095890
1199 -1270.46983561 -1276.74860273 -1264.19106849
1200 -1271.20597260 -1277.48076712 -1264.93117808
1201 -1271.94210958 -1278.21293150 -1265.67128767
1202 -1272.67824657 -1278.94509589 -1266.41139726
1203 -1273.41438356 -1279.67726027 -1267.15150684
1204 -1274.15052054 -1280.40942465 -1267.89161643
1205 -1274.88665753 -1281.14158904 -1268.63172602
1206 -1275.62279452 -1281.87375342 -1269.37183561
1207 -1276.35893150 -1282.60591780 -1270.11194520
1208 -1277.09506849 -1283.33808219 -1270.85205479
1209 -1277.83120547 -1284.07024657 -1271.59216438
1210 -1278.56734246 -1284.80241095 -1272.33227397
1211 -1279.30347945 -1285.53457534 -1273.07238356
1212 -1280.03961643 -1286.26673972 -1273.81249315
1213 -1280.77575342 -1286.99890410 -1274.55260273
1214 -1281.51189041 -1287.73106849 -1275.29271232
1215 -1282.24802739 -1288.46323287 -1276.03282191
1216 -1282.98416438 -1289.19539726 -1276.77293150
1217 -1283.72030136 -1289.92756164 -1277.51304109
1218 -1284.45643835 -1290.65972602 -1278.25315068
1219 -1285.19257534 -1291.39189041 -1278.99326027
1220 -1285.92871232 -1292.12405479 -1279.73336986
1221 -1286.66484931 -1292.85621917 -1280.47347945
1222 -1287.40098630 -1293.58838356 -1281.21358904
1223 -1288.13712328 -1294.32054794 -1281.95369863
1224 -1288.87326027 -1295.05271232 -1282.69380821
1225 -1289.60939726 -1295.78487671 -1283.43391780
1226 -1290.34553424 -1296.51704109 -1284.17402739
1227 -1291.08167123 -1297.24920547 -1284.91413698
1228 -1291.81780821 -1297.98136986 -1285.65424657
1229 -1292.55394520 -1298.71353424 -1286.39435616
1230 -1293.29008219 -1299.44569863 -1287.13446575
1231 -1294.02621917 -1300.17786301 -1287.87457534
1232 -1294.76235616 -1300.91002739 -1288.61468493
1233 -1295.49849315 -1301.64219178 -1289.35479452
1234 -1296.23463013 -1302.37435616 -1290.09490410
1235 -1296.97076712 -1303.10652054 -1290.83501369
1236 -1297.70690410 -1303.83868493 -1291.57512328
1237 -1298.44304109 -1304.57084931 -1292.31523287
1238 -1299.17917808 -1305.30301369 -1293.05534246
1239 -1299.91531506 -1306.03517808 -1293.79545205
1240 -1300.65145205 -1306.76734246 -1294.53556164
1241 -1301.38758904 -1307.49950684 -1295.27567123
1242 -1302.12372602 -1308.23167123 -1296.01578082
1243 -1302.85986301 -1308.96383561 -1296.75589041
1244 -1303.59600000 -1309.69600000 -1297.49600000
1245 -1304.33213698 -1310.42816438 -1298.23610958
1246 -1305.06827397 -1311.16032876 -1298.97621917
1247 -1305.80441095 -1311.89249315 -1299.71632876
1248 -1306.54054794 -1312.62465753 -1300.45643835
1249 -1307.27668493 -1313.35682191 -1301.19654794
1250 -1308.01282191 -1314.08898630 -1301.93665753
1251 -1308.74895890 -1314.82115068 -1302.67676712
1252 -1309.48509589 -1315.55331506 -1303.41687671
1253 -1310.22123287 -1316.28547945 -1304.15698630
1254 -1310.95736986 -1317.01764383 -1304.89709589
1255 -1311.69350684 -1317.74980821 -1305.63720547
1256 -1312.42964383 -1318.48197260 -1306.37731506
1257 -1313.16578082 -1319.21413698 -1307.11742465
1258 -1313.90191780 -1319.94630136 -1307.85753424
1259 -1314.63805479 -1320.67846575 -1308.59764383
1260 -1315.37419178 -1321.41063013 -1309.33775342
1261 -1316.11032876 -1322.14279452 -1310.07786301
1262 -1316.84646575 -1322.87495890 -1310.81797260
1263 -1317.58260273 -1323.60712328 -1311.55808219
1264 -1318.31873972 -1324.33928767 -1312.29819178
1265 -1319.05487671 -1325.07145205 -1313.03830136
1266 -1319.79101369 -1325.80361643 -1313.77841095
1267 -1320.52715068 -1326.53578082 -1314.51852054
1268 -1321.26328767 -1327.26794520 -1315.25863013
1269 -1321.99942465 -1328.00010958 -1315.99873972
1270 -1322.73556164 -1328.73227397 -1316.73884931
1271 -1323.47169863 -1329.46443835 -1317.47895890
1272 -1324.20783561 -1330.19660273 -1318.21906849
1273 -1324.94397260 -1330.92876712 -1318.95917808
1274 -1325.68010958 -1331.66093150 -1319.69928767
1275 -1326.41624657 -1332.39309589 -1320.43939726
1276 -1327.15238356 -1333.12526027 -1321.17950684
1277 -1327.88852054 -1333.85742465 -1321.91961643
1278 -1328.62465753 -1334.58958904 -1322.65972602
1279 -1329.36079452 -1335.32175342 -1323.39983561
1280 -1330.09693150 -1336.05391780 -1324.13994520
1281 -1330.83306849 -1336.78608219 -1324.88005479
1282 -1331.56920547 -1337.51824657 -1325.62016438
1283 -1332.30534246 -1338.25041095 -1326.36027397
1284 -1333.04147945 -1338.98257534 -1327.10038356
1285 -1333.77761643 -1339.71473972 -1327.84049315
1286 -1334.51375342 -1340.44690410 -1328.58060273
1287 -1335.24989041 -1341.17906849 -1329.32071232
1288 -1335.98602739 -1341.91123287 -1330.06082191
1289 -1336.72216438 -1342.64339726 -1330.80093150
1290 -1337.45830136 -1343.37556164 -1331.54104109
1291 -1338.19443835 -1344.10772602 -1332.28115068
1292 -1338.93057534 -1344.83989041 -1333.02126027
1293 -1339.66671232 -1345.57205479 -1333.76136986
1294 -1340.40284931 -1346.30421917 -1334.50147945
1295 -1341.13898630 -1347.03638356 -1335.24158904
1296 -1341.87512328 -1347.76854794 -1335.98169863
1297 -1342.61126027 -1348.50071232 -1336.72180821
1298 -1343.34739726 -1349.23287671 -1337.46191780
1299 -1344.08353424 -1349.96504109 -1338.20202739
1300 -1344.81967123 -1350.69720547 -1338.94213698
1301 -1345.55580821 -1351.42936986 -1339.68224657
1302 -1346.29194520 -1352.16153424 -1340.42235616
1303 -1347.02808219 -1352.89369863 -1341.16246575
1304 -1347.76421917 -1353.62586301 -1341.90257534
1305 -1348.50035616 -1354.35802739 -1342.64268493
1306 -1349.23649315 -1355.09019178 -1343.38279452
1307 -1349.97263013 -1355.82235616 -1344.12290410
1308 -1350.70876712 -1356.55452054 -1344.86301369
1309 -1351.44490410 -1357.28668493 -1345.60312328
1310 -1352.18104109 -1358.01884931 -1346.34323287
1311 -1352.91717808 -1358.75101369 -1347.08334246
1312 -1353.65331506 -1359.48317808 -1347.82345205
1313 -1354.38945205 -1360.21534246 -1348.56356164
1314 -1355.12558904 -1360.94750684 -1349.30367123
1315 -1355.86172602 -1361.67967123 -1350.04378082
1316 -1356.59786301 -1362.41183561 -1350.78389041
1317 -1357.33400000 -1363.14400000 -1351.52400000
1318 -1358.07013698 -1363.87616438 -1352.26410958
1319 -1358.80627397 -1364.60832876 -1353.00421917
1320 -1359.54241095 -1365.34049315 -1353.74432876
1321 -1360.27854794 -1366.07265753 -1354.48443835
1322 -1361.01468493 -1366.80482191 -1355.22454794
1323 -1361.75082191 -1367.53698630 -1355.96465753
1324 -1362.48695890 -1368.26915068 -1356.70476712
1325 -1363.22309589 -1369.00131506 -1357.44487671
1326 -1363.95923287 -1369.73347945 -1358.18498630
1327 -1364.69536986 -1370.46564383 -1358.92509589
1328 -1365.43150684 -1371.19780821 -1359.66520547
1329 -1366.16764383 -1371.92997260 -1360.40531506
1330 -1366.90378082 -1372.66213698 -1361.14542465
1331 -1367.63991780 -1373.39430136 -1361.88553424
1332 -1368.37605479 -1374.12646575 -1362.62564383
1333 -1369.11219178 -1374.85863013 -1363.36575342
1334 -1369.84832876 -1375.59079452 -1364.10586301
1335 -1370.58446575 -1376.32295890 -1364.84597260
1336 -1371.32060273 -1377.05512328 -1365.58608219
1337 -1372.05673972 -1377.78728767 -1366.32619178
1338 -1372.79287671 -1378.51945205 -1367.06630136
1339 -1373.52901369 -1379.25161643 -1367.80641095
1340 -1374.26515068 -1379.98378082 -1368.54652054
1341 -1375.00128767 -1380.71594520 -1369.28663013
1342 -1375.73742465 -1381.44810958 -1370.02673972
1343 -1376.47356164 -1382.18027397 -1370.76684931
1344 -1377.20969863 -1382.91243835 -1371.50695890
1345 -1377.94583561 -1383.64460273 -1372.24706849
1346 -1378.68197260 -1384.37676712 -1372.98717808
1347 -1379.41810958 -1385.10893150 -1373.72728767
1348 -1380.15424657 -1385.84109589 -1374.46739726
1349 -1380.89038356 -1386.57326027 -1375.20750684
1350 -1381.62652054 -1387.30542465 -1375.94761643
1351 -1382.36265753 -1388.03758904 -1376.68772602
1352 -1383.09879452 -1388.76975342 -1377.42783561
1353 -1383.83493150 -1389.50191780 -1378.16794520
1354 -1384.57106849 -1390.23408219 -1378.90805479
1355 -1385.30720547 -1390.96624657 -1379.64816438
1356 -1386.04334246 -1391.69841095 -1380.38827397
1357 -1386.77947945 -1392.43057534 -1381.12838356
1358 -1387.51561643 -1393.16273972 -1381.86849315
1359 -1388.25175342 -1393.89490410 -1382.60860273
1360 -1388.98789041 -1394.62706849 -1383.34871232
1361 -1389.72402739 -1395.35923287 -1384.08882191
1362 -1390.46016438 -1396.09139726 -1384.82893150
1363 -1391.19630136 -1396.82356164 -1385.56904109
1364 -1391.93243835 -1397.55572602 -1386.30915068
1365 -1392.66857534 -1398.28789041 -1387.04926027
1366 -1393.40471232 -1399.02005479 -1387.78936986
1367 -1394.14084931 -1399.75221917 -1388.52947945
1368 -1394.87698630 -1400.48438356 -1389.26958904
1369 -1395.61312328 -1401.21654794 -1390.00969863
1370 -1396.34926027 -1401.94871232 -1390.74980821
1371 -1397.08539726 -1402.68087671 -1391.48991780
1372 -1397.82153424 -1403.41304109 -1392.23002739
1373 -1398.55767123 -1404.14520547 -1392.97013698
1374 -1399.29380821 -1404.87736986 -1393.71024657
1375 -1400.02994520 -1405.60953424 -1394.45035616
1376 -1400.76608219 -1406.34169863 -1395.19046575
1377 -1401.50221917 -1407.07386301 -1395.93057534
1378 -1402.23835616 -1407.80602739 -1396.67068493
1379 -1402.97449315 -1408.53819178 -1397.41079452
1380 -1403.71063013 -1409.27035616 -1398.15090410
1381 -1404.44676712 -1410.00252054 -1398.89101369
1382 -1405.18290410 -1410.73468493 -1399.63112328
1383 -1405.91904109 -1411.46684931 -1400.37123287
1384 -1406.65517808 -1412.19901369 -1401.11134246
1385 -1407.39131506 -1412.93117808 -1401.85145205
1386 -1408.12745205 -1413.66334246 -1402.59156164
1387 -1408.86358904 -1414.39550684 -1403.33167123
1388 -1409.59972602 -1415.12767123 -1404.07178082
1389 -1410.33586301 -1415.85983561 -1404.81189041
1390 -1411.07200000 -1416.59200000 -1405.55200000
1391 -1411.80813698 -1417.32416438 -1406.29210958
1392 -1412.54427397 -1418.05632876 -1407.03221917
1393 -1413.28041095 -1418.78849315 -1407.77232876
1394 -1414.01654794 -1419.52065753 -1408.51243835
1395 -1414.75268493 -1420.25282191 -1409.25254794
1396 -1415.48882191 -1420.98498630 -1409.99265753
1397 -1416.22495890 -1421.71715068 -1410.73276712
1398 -1416.96109589 -1422.44931506 -1411.47287671
1399 -1417.69723287 -1423.18147945 -1412.21298630
1400 -1418.43336986 -1423.91364383 -1412.95309589
1401 -1419.16950684 -1424.64580821 -1413.69320547
1402 -1419.90564383 -1425.37797260 -1414.43331506
1403 -1420.64178082 -1426.11013698 -1415.17342465
1404 -1421.37791780 -1426.84230136 -1415.91353424
1405 -1422.11405479 -1427.57446575 -1416.65364383
1406 -1422.85019178 -1428.30663013 -1417.39375342
1407 -1423.58632876 -1429.03879452 -1418.13386301
1408 -1424.32246575 -1429.77095890 -1418.87397260
1409 -1425.05860273 -1430.50312328 -1419.61408219
1410 -1425.79473972 -1431.23528767 -1420.35419178
1411 -1426.53087671 -1431.96745205 -1421.09430136
1412 -1427.26701369 -1432.69961643 -1421.83441095
1413 -1428.00315068 -1433.43178082 -1422.57452054
1414 -1428.73928767 -1434.16394520 -1423.31463013
1415 -1429.47542465 -1434.89610958 -1424.05473972
1416 -1430.21156164 -1435.62827397 -1424.79484931
1417 -1430.94769863 -1436.36043835 -1425.53495890
1418 -1431.68383561 -1437.09260273 -1426.27506849
1419 -1432.41997260 -1437.82476712 -1427.01517808
1420 -1433.15610958 -1438.55693150 -1427.75528767
1421 -1433.89224657 -1439.28909589 -1428.49539726
1422 -1434.62838356 -1440.02126027 -1429.23550684
1423 -1435.36452054 -1440.75342465 -1429.97561643
1424 -1436.10065753 -1441.48558904 -1430.71572602
1425 -1436.83679452 -1442.21775342 -1431.45583561
1426 -1437.57293150 -1442.94991780 -1432.19594520
1427 -1438.30906849 -1443.68208219 -1432.93605479
1428 -1439.04520547 -1444.41424657 -1433.67616438
1429 -1439.78134246 -1445.14641095 -1434.41627397
1430 -1440.51747945 -1445.87857534 -1435.15638356
1431 -1441.25361643 -1446.61073972 -1435.89649315
1432 -1441.98975342 -1447.34290410 -1436.63660273
1433 -1442.72589041 -1448.07506849 -1437.37671232
1434 -1443.46202739 -1448.80723287 -1438.11682191
1435 -1444.19816438 -1449.53939726 -1438.85693150
1436 -1444.93430136 -1450.27156164 -1439.59704109
1437 -1445.67043835 -1451.00372602 -1440.33715068
1438 -1446.40657534 -1451.73589041 -1441.07726027
1439 -1447.14271232 -1452.46805479 -1441.81736986
1440 -1447.87884931 -1453.20021917 -1442.55747945
1441 -1448.61498630 -1453.93238356 -1443.29758904
1442 -1449.35112328 -1454.66454794 -1444.03769863
1443 -1450.08726027 -1455.39671232 -1444.77780821
1444 -1450.82339726 -1456.12887671 -1445.51791780
1445 -1451.55953424 -1456.86104109 -1446.25802739
1446 -1452.29567123 -1457.59320547 -1446.99813698
1447 -1453.03180821 -1458.32536986 -1447.73824657
1448 -1453.76794520 -1459.05753424 -1448.47835616
1449 -1454.50408219 -1459.78969863 -1449.21846575
1450 -1455.24021917 -1460.52186301 -1449.95857534
1451 -1455.97635616 -1461.25402739 -1450.69868493
1452 -1456.71249315 -1461.98619178 -1451.43879452
1453 -1457.44863013 -1462.71835616 -1452.17890410
1454 -1458.18476712 -1463.45052054 -1452.91901369
1455 -1458.92090410 -1464.18268493 -1453.65912328
1456 -1459.65704109 -1464.91484931 -1454.39923287
1457 -1460.39317808 -1465.64701369 -1455.13934246
1458 -1461.12931506 -1466.37917808 -1455.87945205
1459 -1461.86545205 -1467.11134246 -1456.61956164
1460 -1462.60158904 -1467.84350684 -1457.35967123
1461 -1463.33772602 -1468.57567123 -1458.09978082
1462 -1464.07386301 -1469.30783561 -1458.83989041
1463 -1464.81000000 -1470.04000000 -1459.58000000
1464 -1465.47469863 -1470.70906849 -1460.24032876
1465 -1466.13939726 -1471.37813698 -1460.90065753
1466 -1466.80409589 -1472.04720547 -1461.56098630
1467 -1467.46879452 -1472.71627397 -1462.22131506
1468 -1468.13349315 -1473.38534246 -1462.88164383
1469 -1468.79819178 -1474.05441095 -1463.54197260
1470 -1469.46289041 -1474.72347945 -1464.20230136
1471 -1470.12758904 -1475.39254794 -1464.86263013
1472 -1470.79228767 -1476.06161643 -1465.52295890
1473 -1471.45698630 -1476.73068493 -1466.18328767
1474 -1472.12168493 -1477.39975342 -1466.84361643
1475 -1472.78638356 -1478.06882191 -1467.50394520
1476 -1473.45108219 -1478.73789041 -1468.16427397
1477 -1474.11578082 -1479.40695890 -1468.82460273
1478 -1474.78047945 -1480.07602739 -1469.48493150
1479 -1475.44517808 -1480.74509589 -1470.14526027
1480 -1476.10987671 -1481.41416438 -1470.80558904
1481 -1476.77457534 -1482.08323287 -1471.46591780
1482 -1477.43927397 -1482.75230136 -1472.12624657
1483 -1478.10397260 -1483.42136986 -1472.78657534
1484 -1478.76867123 -1484.09043835 -1473.44690410
1485 -1479.43336986 -1484.75950684 -1474.10723287
1486 -1480.09806849 -1485.42857534 -1474.76756164
1487 -1480.76276712 -1486.09764383 -1475.42789041
1488 -1481.42746575 -1486.76671232 -1476.08821917
1489 -1482.09216438 -1487.43578082 -1476.74854794
1490 -1482.75686301 -1488.10484931 -1477.40887671
1491 -1483.42156164 -1488.77391780 -1478.06920547
1492 -1484.08626027 -1489.44298630 -1478.72953424
1493 -1484.75095890 -1490.11205479 -1479.38986301
1494 -1485.41565753 -1490.78112328 -1480.05019178
1495 -1486.08035616 -1491.45019178 -1480.71052054
1496 -1486.74505479 -1492.11926027 -1481.37084931
1497 -1487.40975342 -1492.78832876 -1482.03117808
1498 -1488.07445205 -1493.45739726 -1482.69150684
1499 -1488.73915068 -1494.12646575 -1483.35183561
1500 -1489.40384931 -1494.79553424 -1484.01216438
1501 -1490.06854794 -1495.46460273 -1484.67249315
1502 -1490.73324657 -1496.13367123 -1485.33282191
1503 -1491.39794520 -1496.80273972 -1485.99315068
1504 -1492.06264383 -1497.47180821 -1486.65347945
1505 -1492.72734246 -1498.14087671 -1487.31380821
1506 -1493.39204109 -1498.80994520 -1487.97413698
1507 -1494.05673972 -1499.47901369 -1488.63446575
1508 -1494.72143835 -1500.14808219 -1489.29479452
1509 -1495.38613698 -1500.81715068 -1489.95512328
1510 -1496.05083561 -1501.48621917 -1490.61545205
1511 -1496.71553424 -1502.15528767 -1491.27578082
1512 -1497.38023287 -1502.82435616 -1491.93610958
1513 -1498.04493150 -1503.49342465 -1492.59643835
1514 -1498.70963013 -1504.16249315 -1493.25676712
1515 -1499.37432876 -1504.83156164 -1493.91709589
1516 -1500.03902739 -1505.50063013 -1494.57742465
1517 -1500.70372602 -1506.16969863 -1495.23775342
1518 -1501.36842465 -1506.83876712 -1495.89808219
1519 -1502.03312328 -1507.50783561 -1496.55841095
1520 -1502.69782191 -1508.17690410 -1497.21873972
1521 -1503.36252054 -1508.84597260 -1497.87906849
1522 -1504.02721917 -1509.51504109 -1498.53939726
1523 -1504.69191780 -1510.18410958 -1499.19972602
1524 -1505.35661643 -1510.85317808 -1499.86005479
1525 -1506.02131506 -1511.52224657 -1500.52038356
1526 -1506.68601369 -1512.19131506 -1501.18071232
1527 -1507.35071232 -1512.86038356 -1501.84104109
1528 -1508.01541095 -1513.52945205 -1502.50136986
1529 -1508.68010958 -1514.19852054 -1503.16169863
1530 -1509.34480821 -1514.86758904 -1503.82202739
1531 -1510.00950684 -1515.53665753 -1504.48235616
1532 -1510.67420547 -1516.20572602 -1505.14268493
1533 -1511.33890410 -1516.87479452 -1505.80301369
1534 -1512.00360273 -1517.54386301 -1506.46334246
1535 -1512.66830136 -1518.21293150 -1507.12367123
1536 -1513.33300000 -1518.88200000 -1507.78400000
1537 -1513.99769863 -1519.55106849 -1508.44432876
1538 -1514.66239726 -1520.22013698 -1509.10465753
1539 -1515.32709589 -1520.88920547 -1509.76498630
1540 -1515.99179452 -1521.55827397 -1510.42531506
1541 -1516.65649315 -1522.22734246 -1511.08564383
1542 -1517.32119178 -1522.89641095 -1511.74597260
1543 -1517.98589041 -1523.56547945 -1512.40630136
1544 -1518.65058904 -1524.23454794 -1513.06663013
1545 -1519.31528767 -1524.90361643 -1513.72695890
1546 -1519.97998630 -1525.57268493 -1514.38728767
1547 -1520.64468493 -1526.24175342 -1515.04761643
1548 -1521.30938356 -1526.91082191 -1515.70794520
1549 -1521.97408219 -1527.57989041 -1516.36827397
1550 -1522.63878082 -1528.24895890 -1517.02860273
1551 -1523.30347945 -1528.91802739 -1517.68893150
1552 -1523.96817808 -1529.58709589 -1518.34926027
1553 -1524.63287671 -1530.25616438 -1519.00958904
1554 -1525.29757534 -1530.92523287 -1519.66991780
1555 -1525.96227397 -1531.59430136 -1520.33024657
1556 -1526.62697260 -1532.26336986 -1520.99057534
1557 -1527.29167123 -1532.93243835 -1521.65090410
1558 -1527.95636986 -1533.60150684 -1522.31123287
1559 -1528.62106849 -1534.27057534 -1522.97156164
1560 -1529.28576712 -1534.93964383 -1523.63189041
1561 -1529.95046575 -1535.60871232 -1524.29221917
1562 -1530.61516438 -1536.27778082 -1524.95254794
1563 -1531.27986301 -1536.94684931 -1525.61287671
1564 -1531.94456164 -1537.61591780 -1526.27320547
1565 -1532.60926027 -1538.28498630 -1526.93353424
1566 -1533.27395890 -1538.95405479 -1527.59386301
1567 -1533.93865753 -1539.62312328 -1528.25419178
1568 -1534.60335616 -1540.29219178 -1528.91452054
1569 -1535.26805479 -1540.96126027 -1529.57484931
1570 -1535.93275342 -1541.63032876 -1530.23517808
1571 -1536.59745205 -1542.29939726 -1530.89550684
1572 -1537.26215068 -1542.96846575 -1531.55583561
1573 -1537.92684931 -1543.63753424 -1532.21616438
1574 -1538.59154794 -1544.30660273 -1532.87649315
1575 -1539.25624657 -1544.97567123 -1533.53682191
1576 -1539.92094520 -1545.64473972 -1534.19715068
1577 -1540.58564383 -1546.31380821 -1534.85747945
1578 -1541.25034246 -1546.98287671 -1535.51780821
1579 -1541.91504109 -1547.65194520 -1536.17813698
1580 -1542.57973972 -1548.32101369 -1536.83846575
1581 -1543.24443835 -1548.99008219 -1537.49879452
1582 -1543.90913698 -1549.65915068 -1538.15912328
1583 -1544.57383561 -1550.32821917 -1538.81945205
1584 -1545.23853424 -1550.99728767 -1539.47978082
1585 -1545.90323287 -1551.66635616 -1540.14010958
1586 -1546.56793150 -1552.33542465 -1540.80043835
1587 -1547.23263013 -1553.00449315 -1541.46076712
1588 -1547.89732876 -1553.67356164 -1542.12109589
1589 -1548.56202739 -1554.34263013 -1542.78142465
1590 -1549.22672602 -1555.01169863 -1543.44175342
1591 -1549.89142465 -1555.68076712 -1544.10208219
1592 -1550.55612328 -1556.34983561 -1544.76241095
1593 -1551.22082191 -1557.01890410 -1545.42273972
1594 -1551.88552054 -1557.68797260 -1546.08306849
1595 -1552.55021917 -1558.35704109 -1546.74339726
1596 -1553.21491780 -1559.02610958 -1547.40372602
1597 -1553.87961643 -1559.69517808 -1548.06405479
1598 -1554.54431506 -1560.36424657 -1548.72438356
1599 -1555.20901369 -1561.03331506 -1549.38471232
1600 -1555.87371232 -1561.70238356 -1550.04504109
1601 -1556.53841095 -1562.37145205 -1550.70536986
1602 -1557.20310958 -1563.04052054 -1551.36569863
1603 -1557.86780821 -1563.70958904 -1552.02602739
1604 -1558.53250684 -1564.37865753 -1552.68635616
1605 -1559.19720547 -1565.04772602 -1553.34668493
1606 -1559.86190410 -1565.71679452 -1554.00701369
1607 -1560.52660273 -1566.38586301 -1554.66734246
1608 -1561.19130136 -1567.05493150 -1555.32767123
1609 -1561.85600000 -1567.72400000 -1555.98800000
1610 -1562.52069863 -1568.39306849 -1556.64832876
1611 -1563.18539726 -1569.06213698 -1557.30865753
1612 -1563.85009589 -1569.73120547 -1557.96898630
1613 -1564.51479452 -1570.40027397 -1558.62931506
1614 -1565.17949315 -1571.06934246 -1559.28964383
1615 -1565.84419178 -1571.73841095 -1559.94997260
1616 -1566.50889041 -1572.40747945 -1560.61030136
1617 -1567.17358904 -1573.07654794 -1561.27063013
1618 -1567.83828767 -1573.74561643 -1561.93095890
1619 -1568.50298630 -1574.41468493 -1562.59128767
1620 -1569.16768493 -1575.08375342 -1563.25161643
1621 -1569.83238356 -1575.75282191 -1563.91194520
1622 -1570.49708219 -1576.42189041 -1564.57227397
1623 -1571.16178082 -1577.09095890 -1565.23260273
1624 -1571.82647945 -1577.76002739 -1565.89293150
1625 -1572.49117808 -1578.42909589 -1566.55326027
1626 -1573.15587671 -1579.09816438 -1567.21358904
1627 -1573.82057534 -1579.76723287 -1567.87391780
1628 -1574.48527397 -1580.43630136 -1568.53424657
1629 -1575.14997260 -1581.10536986 -1569.19457534
1630 -1575.81467123 -1581.77443835 -1569.85490410
1631 -1576.47936986 -1582.44350684 -1570.51523287
1632 -1577.14406849 -1583.11257534 -1571.17556164
1633 -1577.80876712 -1583.78164383 -1571.83589041
1634 -1578.47346575 -1584.45071232 -1572.49621917
1635 -1579.13816438 -1585.11978082 -1573.15654794
1636 -1579.80286301 -1585.78884931 -1573.81687671
1637 -1580.46756164 -1586.45791780 -1574.47720547
1638 -1581.13226027 -1587.12698630 -1575.13753424
1639 -1581.79695890 -1587.79605479 -1575.79786301
1640 -1582.46165753 -1588.46512328 -1576.45819178
1641 -1583.12635616 -1589.13419178 -1577.11852054
1642 -1583.79105479 -1589.80326027 -1577.77884931
1643 -1584.45575342 -1590.47232876 -1578.43917808
1644 -1585.12045205 -1591.14139726 -1579.09950684
1645 -1585.78515068 -1591.81046575 -1579.75983561
1646 -1586.44984931 -1592.47953424 -1580.42016438
1647 -1587.11454794 -1593.14860273 -1581.08049315
1648 -1587.77924657 -1593.81767123 -1581.74082191
1649 -1588.44394520 -1594.48673972 -1582.40115068
1650 -1589.10864383 -1595.15580821 -1583.06147945
1651 -1589.77334246 -1595.82487671 -1583.72180821
1652 -1590.43804109 -1596.49394520 -1584.38213698
1653 -1591.10273972 -1597.16301369 -1585.04246575
1654 -1591.76743835 -1597.83208219 -1585.70279452
1655 -1592.43213698 -1598.50115068 -1586.36312328
1656 -1593.09683561 -1599.17021917 -1587.02345205
1657 -1593.76153424 -1599.83928767 -1587.68378082
1658 -1594.42623287 -1600.50835616 -1588.34410958
1659 -1595.09093150 -1601.17742465 -1589.00443835
1660 -1595.75563013 -1601.84649315 -1589.66476712
1661 -1596.42032876 -1602.51556164 -1590.32509589
1662 -1597.08502739 -1603.18463013 -1590.98542465
1663 -1597.74972602 -1603.85369863 -1591.64575342
1664 -1598.41442465 -1604.52276712 -1592.30608219
1665 -1599.07912328 -1605.19183561 -1592.96641095
1666 -1599.74382191 -1605.86090410 -1593.62673972
1667 -1600.40852054 -1606.52997260 -1594.28706849
1668 -1601.07321917 -1607.19904109 -1594.94739726
1669 -1601.73791780 -1607.86810958 -1595.60772602
1670 -1602.40261643 -1608.53717808 -1596.26805479
1671 -1603.06731506 -1609.20624657 -1596.92838356
1672 -1603.73201369 -1609.87531506 -1597.58871232
1673 -1604.39671232 -1610.54438356 -1598.24904109
1674 -1605.06141095 -1611.21345205 -1598.90936986
1675 -1605.72610958 -1611.88252054 -1599.56969863
1676 -1606.39080821 -1612.55158904 -1600.23002739
1677 -1607.05550684 -1613.22065753 -1600.89035616
1678 -1607.72020547 -1613.88972602 -1601.55068493
1679 -1608.38490410 -1614.55879452 -1602.21101369
1680 -1609.04960273 -1615.22786301 -1602.87134246
1681 -1609.71430136 -1615.89693150 -1603.53167123
1682 -1610.37900000 -1616.56600000 -1604.19200000
1683 -1611.04369863 -1617.23506849 -1604.85232876
1684 -1611.70839726 -1617.90413698 -1605.51265753
1685 -1612.37309589 -1618.57320547 -1606.17298630
1686 -1613.03779452 -1619.24227397 -1606.83331506
1687 -1613.70249315 -1619.91134246 -1607.49364383
1688 -1614.36719178 -1620.58041095 -1608.15397260
1689 -1615.03189041 -1621.24947945 -1608.81430136
1690 -1615.69658904 -1621.91854794 -1609.47463013
1691 -1616.36128767 -1622.58761643 -1610.13495890
1692 -1617.02598630 -1623.25668493 -1610.79528767
1693 -1617.69068493 -1623.92575342 -1611.45561643
1694 -1618.35538356 -1624.59482191 -1612.11594520
1695 -1619.02008219 -1625.26389041 -1612.77627397
1696 -1619.68478082 -1625.93295890 -1613.43660273
1697 -1620.34947945 -1626.60202739 -1614.09693150
1698 -1621.01417808 -1627.27109589 -1614.75726027
1699 -1621.67887671 -1627.94016438 -1615.41758904
1700 -1622.34357534 -1628.60923287 -1616.07791780
1701 -1623.00827397 -1629.27830136 -1616.73824657
1702 -1623.67297260 -1629.94736986 -1617.39857534
1703 -1624.33767123 -1630.61643835 -1618.05890410
1704 -1625.00236986 -1631.28550684 -1618.71923287
1705 -1625.66706849 -1631.95457534 -1619.37956164
1706 -1626.33176712 -1632.62364383 -1620.03989041
1707 -1626.99646575 -1633.29271232 -1620.70021917
1708 -1627.66116438 -1633.96178082 -1621.36054794
1709 -1628.32586301 -1634.63084931 -1622.02087671
1710 -1628.99056164 -1635.29991780 -1622.68120547
1711 -1629.65526027 -1635.96898630 -1623.34153424
1712 -1630.31995890 -1636.63805479 -1624.00186301
1713 -1630.98465753 -1637.30712328 -1624.66219178
1714 -1631.64935616 -1637.97619178 -1625.32252054
1715 -1632.31405479 -1638.64526027 -1625.98284931
1716 -1632.97875342 -1639.31432876 -1626.64317808
1717 -1633.64345205 -1639.98339726 -1627.30350684
1718 -1634.30815068 -1640.65246575 -1627.96383561
1719 -1634.97284931 -1641.32153424 -1628.62416438
1720 -1635.63754794 -1641.99060273 -1629.28449315
1721 -1636.30224657 -1642.65967123 -1629.94482191
1722 -1636.96694520 -1643.32873972 -1630.60515068
1723 -1637.63164383 -1643.99780821 -1631.26547945
1724 -1638.29634246 -1644.66687671 -1631.92580821
1725 -1638.96104109 -1645.33594520 -1632.58613698
1726 -1639.62573972 -1646.00501369 -1633.24646575
1727 -1640.29043835 -1646.67408219 -1633.90679452
1728 -1640.95513698 -1647.34315068 -1634.56712328
1729 -1641.61983561 -1648.01221917 -1635.22745205
1730 -1642.28453424 -1648.68128767 -1635.88778082
1731 -1642.94923287 -1649.35035616 -1636.54810958
1732 -1643.61393150 -1650.01942465 -1637.20843835
1733 -1644.27863013 -1650.68849315 -1637.86876712
1734 -1644.94332876 -1651.35756164 -1638.52909589
1735 -1645.60802739 -1652.02663013 -1639.18942465
1736 -1646.27272602 -1652.69569863 -1639.84975342
1737 -1646.93742465 -1653.36476712 -1640.51008219
1738 -1647.60212328 -1654.03383561 -1641.17041095
1739 -1648.26682191 -1654.70290410 -1641.83073972
1740 -1648.93152054 -1655.37197260 -1642.49106849
1741 -1649.59621917 -1656.04104109 -1643.15139726
1742 -1650.26091780 -1656.71010958 -1643.81172602
1743 -1650.92561643 -1657.37917808 -1644.47205479
1744 -1651.59031506 -1658.04824657 -1645.13238356
1745 -1652.25501369 -1658.71731506 -1645.79271232
1746 -1652.91971232 -1659.38638356 -1646.45304109
1747 -1653.58441095 -1660.05545205 -1647.11336986
1748 -1654.24910958 -1660.72452054 -1647.77369863
1749 -1654.91380821 -1661.39358904 -1648.43402739
1750 -1655.57850684 -1662.06265753 -1649.09435616
1751 -1656.24320547 -1662.73172602 -1649.75468493
1752 -1656.90790410 -1663.40079452 -1650.41501369
1753 -1657.57260273 -1664.06986301 -1651.07534246
1754 -1658.23730136 -1664.73893150 -1651.73567123
1755 -1658.90200000 -1665.40800000 -1652.39600000
1756 -1659.56669863 -1666.07706849 -1653.05632876
1757 -1660.23139726 -1666.74613698 -1653.71665753
1758 -1660.89609589 -1667.41520547 -1654.37698630
1759 -1661.56079452 -1668.08427397 -1655.03731506
1760 -1662.22549315 -1668.75334246 -1655.69764383
1761 -1662.89019178 -1669.42241095 -1656.35797260
1762 -1663.55489041 -1670.09147945 -1657.01830136
1763 -1664.21958904 -1670.76054794 -1657.67863013
1764 -1664.88428767 -1671.42961643 -1658.33895890
1765 -1665.54898630 -1672.09868493 -1658.99928767
1766 -1666.21368493 -1672.76775342 -1659.65961643
1767 -1666.87838356 -1673.43682191 -1660.31994520
1768 -1667.54308219 -1674.10589041 -1660.98027397
1769 -1668.20778082 -1674.77495890 -1661.64060273
1770 -1668.87247945 -1675.44402739 -1662.30093150
1771 -1669.53717808 -1676.11309589 -1662.96126027
1772 -1670.20187671 -1676.78216438 -1663.62158904
1773 -1670.86657534 -1677.45123287 -1664.28191780
1774 -1671.53127397 -1678.12030136 -1664.94224657
1775 -1672.19597260 -1678.78936986 -1665.60257534
1776 -1672.86067123 -1679.45843835 -1666.26290410
1777 -1673.52536986 -1680.12750684 -1666.92323287
1778 -1674.19006849 -1680.79657534 -1667.58356164
1779 -1674.85476712 -1681.46564383 -1668.24389041
1780 -1675.51946575 -1682.13471232 -1668.90421917
1781 -1676.18416438 -1682.80378082 -1669.56454794
1782 -1676.84886301 -1683.47284931 -1670.22487671
1783 -1677.51356164 -1684.14191780 -1670.88520547
1784 -1678.17826027 -1684.81098630 -1671.54553424
1785 -1678.84295890 -1685.48005479 -1672.20586301
1786 -1679.50765753 -1686.14912328 -1672.86619178
1787 -1680.17235616 -1686.81819178 -1673.52652054
1788 -1680.83705479 -1687.48726027 -1674.18684931
1789 -1681.50175342 -1688.15632876 -1674.84717808
1790 -1682.16645205 -1688.82539726 -1675.50750684
1791 -1682.83115068 -1689.49446575 -1676.16783561
1792 -1683.49584931 -1690.16353424 -1676.82816438
1793 -1684.16054794 -1690.83260273 -1677.48849315
1794 -1684.82524657 -1691.50167123 -1678.14882191
1795 -1685.48994520 -1692.17073972 -1678.80915068
1796 -1686.15464383 -1692.83980821 -1679.46947945
1797 -1686.81934246 -1693.50887671 -1680.12980821
1798 -1687.48404109 -1694.17794520 -1680.79013698
1799 -1688.14873972 -1694.84701369 -1681.45046575
1800 -1688.81343835 -1695.51608219 -1682.11079452
1801 -1689.47813698 -1696.18515068 -1682.77112328
1802 -1690.14283561 -1696.85421917 -1683.43145205
1803 -1690.80753424 -1697.52328767 -1684.09178082
1804 -1691.47223287 -1698.19235616 -1684.75210958
1805 -1692.13693150 -1698.86142465 -1685.41243835
1806 -1692.80163013 -1699.53049315 -1686.07276712
1807 -1693.46632876 -1700.19956164 -1686.73309589
1808 -1694.13102739 -1700.86863013 -1687.39342465
1809 -1694.79572602 -1701.53769863 -1688.05375342
1810 -1695.46042465 -1702.20676712 -1688.71408219
1811 -1696.12512328 -1702.87583561 -1689.37441095
1812 -1696.78982191 -1703.54490410 -1690.03473972
1813 -1697.45452054 -1704.21397260 -1690.69506849
1814 -1698.11921917 -1704.88304109 -1691.35539726
1815 -1698.78391780 -1705.55210958 -1692.01572602
1816 -1699.44861643 -1706.22117808 -1692.67605479
1817 -1700.11331506 -1706.89024657 -1693.33638356
1818 -1700.77801369 -1707.55931506 -1693.99671232
1819 -1701.44271232 -1708.22838356 -1694.65704109
1820 -1702.10741095 -1708.89745205 -1695.31736986
1821 -1702.77210958 -1709.56652054 -1695.97769863
1822 -1703.43680821 -1710.23558904 -1696.63802739
1823 -1704.10150684 -1710.90465753 -1697.29835616
1824 -1704.76620547 -1711.57372602 -1697.95868493
1825 -1705.43090410 -1712.24279452 -1698.61901369
1826 -1706.09560273 -1712.91186301 -1699.27934246
1827 -1706.76030136 -1713.58093150 -1699.93967123
1828 -1707.42500000 -1714.25000000 -1700.60000000
