1 -1.90400000 -2.02400000 -1.78400000
2 0.00000000 0.00000000 0.00000000
3 -0.88950000 -0.90400000 -0.87500000
4 -1.77400000 -1.78966666 -1.75833333
5 -2.65850000 -2.67533333 -2.64166666
6 -3.54300000 -3.56100000 -3.52500000
7 -4.42750000 -4.44666666 -4.40833333
8 -5.31200000 -5.33233333 -5.29166666
9 -6.19650000 -6.21800000 -6.17500000
10 -7.06578571 -7.11957142 -7.01200000
11 -7.93507142 -8.02114285 -7.84900000
12 -8.80435714 -8.92271428 -8.68600000
13 -9.67364285 -9.82428571 -9.52300000
14 -10.54292857 -10.72585714 -10.36000000
15 -11.41221428 -11.62742857 -11.19700000
16 -12.28150000 -12.52900000 -12.03400000
17 -13.15135714 -13.37914285 -12.92357142
18 -14.02121428 -14.22928571 -13.81314285
19 -14.89107142 -15.07942857 -14.70271428
20 -15.76092857 -15.92957142 -15.59228571
21 -16.63078571 -16.77971428 -16.48185714
22 -17.50064285 -17.62985714 -17.37142857
23 -18.37050000 -18.48000000 -18.26100000
24 -19.26700000 -19.37272727 -19.16127272
25 -20.16350000 -20.26545454 -20.06154545
26 -21.06000000 -21.15818181 -20.96181818
27 -21.95650000 -22.05090909 -21.86209090
28 -22.85300000 -22.94363636 -22.76236363
29 -23.74950000 -23.83636363 -23.66263636
30 -24.64600000 -24.72909090 -24.56290909
31 -25.54250000 -25.62181818 -25.46318181
32 -26.43900000 -26.51454545 -26.36345454
33 -27.33550000 -27.40727272 -27.26372727
34 -28.23200000 -28.30000000 -28.16400000
35 -29.11168333 -29.18573333 -29.03763333
36 -29.99136666 -30.07146666 -29.91126666
37 -30.87105000 -30.95720000 -30.78490000
38 -31.75073333 -31.84293333 -31.65853333
39 -32.63041666 -32.72866666 -32.53216666
40 -33.51010000 -33.61440000 -33.40580000
41 -34.38978333 -34.50013333 -34.27943333
42 -35.26946666 -35.38586666 -35.15306666
43 -36.14915000 -36.27160000 -36.02670000
44 -37.02883333 -37.15733333 -36.90033333
45 -37.90851666 -38.04306666 -37.77396666
46 -38.78820000 -38.92880000 -38.64760000
47 -39.66788333 -39.81453333 -39.52123333
48 -40.54756666 -40.70026666 -40.39486666
49 -41.42725000 -41.58600000 -41.26850000
50 -42.30693333 -42.47173333 -42.14213333
51 -43.18661666 -43.35746666 -43.01576666
52 -44.06630000 -44.24320000 -43.88940000
53 -44.94598333 -45.12893333 -44.76303333
54 -45.82566666 -46.01466666 -45.63666666
55 -46.70535000 -46.90040000 -46.51030000
56 -47.58503333 -47.78613333 -47.38393333
57 -48.46471666 -48.67186666 -48.25756666
58 -49.34440000 -49.55760000 -49.13120000
59 -50.22408333 -50.44333333 -50.00483333
60 -51.10376666 -51.32906666 -50.87846666
61 -51.98345000 -52.21480000 -51.75210000
62 -52.86313333 -53.10053333 -52.62573333
63 -53.74281666 -53.98626666 -53.49936666
64 -54.62250000 -54.87200000 -54.37300000
65 -55.51443333 -55.76700000 -55.26186666
66 -56.40636666 -56.66200000 -56.15073333
67 -57.29830000 -57.55700000 -57.03960000
68 -58.19023333 -58.45200000 -57.92846666
69 -59.08216666 -59.34700000 -58.81733333
70 -59.97410000 -60.24200000 -59.70620000
71 -60.86603333 -61.13700000 -60.59506666
72 -61.75796666 -62.03200000 -61.48393333
73 -62.64990000 -62.92700000 -62.37280000
74 -63.54183333 -63.82200000 -63.26166666
75 -64.43376666 -64.71700000 -64.15053333
76 -65.32570000 -65.61200000 -65.03940000
77 -66.21763333 -66.50700000 -65.92826666
78 -67.10956666 -67.40200000 -66.81713333
79 -68.00150000 -68.29700000 -67.70600000
80 -68.89343333 -69.19200000 -68.59486666
81 -69.78536666 -70.08700000 -69.48373333
82 -70.67730000 -70.98200000 -70.37260000
83 -71.56923333 -71.87700000 -71.26146666
84 -72.46116666 -72.77200000 -72.15033333
85 -73.35310000 -73.66700000 -73.03920000
86 -74.24503333 -74.56200000 -73.92806666
87 -75.13696666 -75.45700000 -74.81693333
88 -76.02890000 -76.35200000 -75.70580000
89 -76.92083333 -77.24700000 -76.59466666
90 -77.81276666 -78.14200000 -77.48353333
91 -78.70470000 -79.03700000 -78.37240000
92 -79.59663333 -79.93200000 -79.26126666
93 -80.48856666 -80.82700000 -80.15013333
94 -81.38050000 -81.72200000 -81.03900000
95 -82.27982258 -82.61909677 -81.94054838
96 -83.17914516 -83.51619354 -82.84209677
97 -84.07846774 -84.41329032 -83.74364516
98 -84.97779032 -85.31038709 -84.64519354
99 -85.87711290 -86.20748387 -85.54674193
100 -86.77643548 -87.10458064 -86.44829032
101 -87.67575806 -88.00167741 -87.34983870
102 -88.57508064 -88.89877419 -88.25138709
103 -89.47440322 -89.79587096 -89.15293548
104 -90.37372580 -90.69296774 -90.05448387
105 -91.27304838 -91.59006451 -90.95603225
106 -92.17237096 -92.48716129 -91.85758064
107 -93.07169354 -93.38425806 -92.75912903
108 -93.97101612 -94.28135483 -93.66067741
109 -94.87033870 -95.17845161 -94.56222580
110 -95.76966129 -96.07554838 -95.46377419
111 -96.66898387 -96.97264516 -96.36532258
112 -97.56830645 -97.86974193 -97.26687096
113 -98.46762903 -98.76683870 -98.16841935
114 -99.36695161 -99.66393548 -99.06996774
115 -100.26627419 -100.56103225 -99.97151612
116 -101.16559677 -101.45812903 -100.87306451
117 -102.06491935 -102.35522580 -101.77461290
118 -102.96424193 -103.25232258 -102.67616129
119 -103.86356451 -104.14941935 -103.57770967
120 -104.76288709 -105.04651612 -104.47925806
121 -105.66220967 -105.94361290 -105.38080645
122 -106.56153225 -106.84070967 -106.28235483
123 -107.46085483 -107.73780645 -107.18390322
124 -108.36017741 -108.63490322 -108.08545161
125 -109.25950000 -109.53200000 -108.98700000
126 -110.16216666 -110.43540000 -109.88893333
127 -111.06483333 -111.33880000 -110.79086666
128 -111.96750000 -112.24220000 -111.69280000
129 -112.87016666 -113.14560000 -112.59473333
130 -113.77283333 -114.04900000 -113.49666666
131 -114.67550000 -114.95240000 -114.39860000
132 -115.57816666 -115.85580000 -115.30053333
133 -116.48083333 -116.75920000 -116.20246666
134 -117.38350000 -117.66260000 -117.10440000
135 -118.28616666 -118.56600000 -118.00633333
136 -119.18883333 -119.46940000 -118.90826666
137 -120.09150000 -120.37280000 -119.81020000
138 -120.99416666 -121.27620000 -120.71213333
139 -121.89683333 -122.17960000 -121.61406666
140 -122.79950000 -123.08300000 -122.51600000
141 -123.70216666 -123.98640000 -123.41793333
142 -124.60483333 -124.88980000 -124.31986666
143 -125.50750000 -125.79320000 -125.22180000
144 -126.41016666 -126.69660000 -126.12373333
145 -127.31283333 -127.60000000 -127.02566666
146 -128.21550000 -128.50340000 -127.92760000
147 -129.11816666 -129.40680000 -128.82953333
148 -130.02083333 -130.31020000 -129.73146666
149 -130.92350000 -131.21360000 -130.63340000
150 -131.82616666 -132.11700000 -131.53533333
151 -132.72883333 -133.02040000 -132.43726666
152 -133.63150000 -133.92380000 -133.33920000
153 -134.53416666 -134.82720000 -134.24113333
154 -135.43683333 -135.73060000 -135.14306666
155 -136.33950000 -136.63400000 -136.04500000
156 -137.27575757 -137.57981818 -136.97169696
157 -138.21201515 -138.52563636 -137.89839393
158 -139.14827272 -139.47145454 -138.82509090
159 -140.08453030 -140.41727272 -139.75178787
160 -141.02078787 -141.36309090 -140.67848484
161 -141.95704545 -142.30890909 -141.60518181
162 -142.89330303 -143.25472727 -142.53187878
163 -143.82956060 -144.20054545 -143.45857575
164 -144.76581818 -145.14636363 -144.38527272
165 -145.70207575 -146.09218181 -145.31196969
166 -146.63833333 -147.03800000 -146.23866666
167 -147.57459090 -147.98381818 -147.16536363
168 -148.51084848 -148.92963636 -148.09206060
169 -149.44710606 -149.87545454 -149.01875757
170 -150.38336363 -150.82127272 -149.94545454
171 -151.31962121 -151.76709090 -150.87215151
172 -152.25587878 -152.71290909 -151.79884848
173 -153.19213636 -153.65872727 -152.72554545
174 -154.12839393 -154.60454545 -153.65224242
175 -155.06465151 -155.55036363 -154.57893939
176 -156.00090909 -156.49618181 -155.50563636
177 -156.93716666 -157.44200000 -156.43233333
178 -157.87342424 -158.38781818 -157.35903030
179 -158.80968181 -159.33363636 -158.28572727
180 -159.74593939 -160.27945454 -159.21242424
181 -160.68219696 -161.22527272 -160.13912121
182 -161.61845454 -162.17109090 -161.06581818
183 -162.55471212 -163.11690909 -161.99251515
184 -163.49096969 -164.06272727 -162.91921212
185 -164.42722727 -165.00854545 -163.84590909
186 -165.36348484 -165.95436363 -164.77260606
187 -166.29974242 -166.90018181 -165.69930303
188 -167.23600000 -167.84600000 -166.62600000
189 -168.15115517 -168.75303448 -167.54927586
190 -169.06631034 -169.66006896 -168.47255172
191 -169.98146551 -170.56710344 -169.39582758
192 -170.89662068 -171.47413793 -170.31910344
193 -171.81177586 -172.38117241 -171.24237931
194 -172.72693103 -173.28820689 -172.16565517
195 -173.64208620 -174.19524137 -173.08893103
196 -174.55724137 -175.10227586 -174.01220689
197 -175.47239655 -176.00931034 -174.93548275
198 -176.38755172 -176.91634482 -175.85875862
199 -177.30270689 -177.82337931 -176.78203448
200 -178.21786206 -178.73041379 -177.70531034
201 -179.13301724 -179.63744827 -178.62858620
202 -180.04817241 -180.54448275 -179.55186206
203 -180.96332758 -181.45151724 -180.47513793
204 -181.87848275 -182.35855172 -181.39841379
205 -182.79363793 -183.26558620 -182.32168965
206 -183.70879310 -184.17262068 -183.24496551
207 -184.62394827 -185.07965517 -184.16824137
208 -185.53910344 -185.98668965 -185.09151724
209 -186.45425862 -186.89372413 -186.01479310
210 -187.36941379 -187.80075862 -186.93806896
211 -188.28456896 -188.70779310 -187.86134482
212 -189.19972413 -189.61482758 -188.78462068
213 -190.11487931 -190.52186206 -189.70789655
214 -191.03003448 -191.42889655 -190.63117241
215 -191.94518965 -192.33593103 -191.55444827
216 -192.86034482 -193.24296551 -192.47772413
217 -193.77550000 -194.15000000 -193.40100000
218 -194.68300000 -195.05935714 -194.30664285
219 -195.59050000 -195.96871428 -195.21228571
220 -196.49800000 -196.87807142 -196.11792857
221 -197.40550000 -197.78742857 -197.02357142
222 -198.31300000 -198.69678571 -197.92921428
223 -199.22050000 -199.60614285 -198.83485714
224 -200.12800000 -200.51550000 -199.74050000
225 -201.03550000 -201.42485714 -200.64614285
226 -201.94300000 -202.33421428 -201.55178571
227 -202.85050000 -203.24357142 -202.45742857
228 -203.75800000 -204.15292857 -203.36307142
229 -204.66550000 -205.06228571 -204.26871428
230 -205.57300000 -205.97164285 -205.17435714
231 -206.48050000 -206.88100000 -206.08000000
232 -207.38800000 -207.79035714 -206.98564285
233 -208.29550000 -208.69971428 -207.89128571
234 -209.20300000 -209.60907142 -208.79692857
235 -210.11050000 -210.51842857 -209.70257142
236 -211.01800000 -211.42778571 -210.60821428
237 -211.92550000 -212.33714285 -211.51385714
238 -212.83300000 -213.24650000 -212.41950000
239 -213.74050000 -214.15585714 -213.32514285
240 -214.64800000 -215.06521428 -214.23078571
241 -215.55550000 -215.97457142 -215.13642857
242 -216.46300000 -216.88392857 -216.04207142
243 -217.37050000 -217.79328571 -216.94771428
244 -218.27800000 -218.70264285 -217.85335714
245 -219.18550000 -219.61200000 -218.75900000
246 -220.09287096 -220.54080645 -219.64493548
247 -221.00024193 -221.46961290 -220.53087096
248 -221.90761290 -222.39841935 -221.41680645
249 -222.81498387 -223.32722580 -222.30274193
250 -223.72235483 -224.25603225 -223.18867741
251 -224.62972580 -225.18483870 -224.07461290
252 -225.53709677 -226.11364516 -224.96054838
253 -226.44446774 -227.04245161 -225.84648387
254 -227.35183870 -227.97125806 -226.73241935
255 -228.25920967 -228.90006451 -227.61835483
256 -229.16658064 -229.82887096 -228.50429032
257 -230.07395161 -230.75767741 -229.39022580
258 -230.98132258 -231.68648387 -230.27616129
259 -231.88869354 -232.61529032 -231.16209677
260 -232.79606451 -233.54409677 -232.04803225
261 -233.70343548 -234.47290322 -232.93396774
262 -234.61080645 -235.40170967 -233.81990322
263 -235.51817741 -236.33051612 -234.70583870
264 -236.42554838 -237.25932258 -235.59177419
265 -237.33291935 -238.18812903 -236.47770967
266 -238.24029032 -239.11693548 -237.36364516
267 -239.14766129 -240.04574193 -238.24958064
268 -240.05503225 -240.97454838 -239.13551612
269 -240.96240322 -241.90335483 -240.02145161
270 -241.86977419 -242.83216129 -240.90738709
271 -242.77714516 -243.76096774 -241.79332258
272 -243.68451612 -244.68977419 -242.67925806
273 -244.59188709 -245.61858064 -243.56519354
274 -245.49925806 -246.54738709 -244.45112903
275 -246.40662903 -247.47619354 -245.33706451
276 -247.31400000 -248.40500000 -246.22300000
277 -248.20875806 -249.28180645 -247.13570967
278 -249.10351612 -250.15861290 -248.04841935
279 -249.99827419 -251.03541935 -248.96112903
280 -250.89303225 -251.91222580 -249.87383870
281 -251.78779032 -252.78903225 -250.78654838
282 -252.68254838 -253.66583870 -251.69925806
283 -253.57730645 -254.54264516 -252.61196774
284 -254.47206451 -255.41945161 -253.52467741
285 -255.36682258 -256.29625806 -254.43738709
286 -256.26158064 -257.17306451 -255.35009677
287 -257.15633870 -258.04987096 -256.26280645
288 -258.05109677 -258.92667741 -257.17551612
289 -258.94585483 -259.80348387 -258.08822580
290 -259.84061290 -260.68029032 -259.00093548
291 -260.73537096 -261.55709677 -259.91364516
292 -261.63012903 -262.43390322 -260.82635483
293 -262.52488709 -263.31070967 -261.73906451
294 -263.41964516 -264.18751612 -262.65177419
295 -264.31440322 -265.06432258 -263.56448387
296 -265.20916129 -265.94112903 -264.47719354
297 -266.10391935 -266.81793548 -265.38990322
298 -266.99867741 -267.69474193 -266.30261290
299 -267.89343548 -268.57154838 -267.21532258
300 -268.78819354 -269.44835483 -268.12803225
301 -269.68295161 -270.32516129 -269.04074193
302 -270.57770967 -271.20196774 -269.95345161
303 -271.47246774 -272.07877419 -270.86616129
304 -272.36722580 -272.95558064 -271.77887096
305 -273.26198387 -273.83238709 -272.69158064
306 -274.15674193 -274.70919354 -273.60429032
307 -275.05150000 -275.58600000 -274.51700000
308 -275.94501666 -276.48106666 -275.40896666
309 -276.83853333 -277.37613333 -276.30093333
310 -277.73205000 -278.27120000 -277.19290000
311 -278.62556666 -279.16626666 -278.08486666
312 -279.51908333 -280.06133333 -278.97683333
313 -280.41260000 -280.95640000 -279.86880000
314 -281.30611666 -281.85146666 -280.76076666
315 -282.19963333 -282.74653333 -281.65273333
316 -283.09315000 -283.64160000 -282.54470000
317 -283.98666666 -284.53666666 -283.43666666
318 -284.88018333 -285.43173333 -284.32863333
319 -285.77370000 -286.32680000 -285.22060000
320 -286.66721666 -287.22186666 -286.11256666
321 -287.56073333 -288.11693333 -287.00453333
322 -288.45425000 -289.01200000 -287.89650000
323 -289.34776666 -289.90706666 -288.78846666
324 -290.24128333 -290.80213333 -289.68043333
325 -291.13480000 -291.69720000 -290.57240000
326 -292.02831666 -292.59226666 -291.46436666
327 -292.92183333 -293.48733333 -292.35633333
328 -293.81535000 -294.38240000 -293.24830000
329 -294.70886666 -295.27746666 -294.14026666
330 -295.60238333 -296.17253333 -295.03223333
331 -296.49590000 -297.06760000 -295.92420000
332 -297.38941666 -297.96266666 -296.81616666
333 -298.28293333 -298.85773333 -297.70813333
334 -299.17645000 -299.75280000 -298.60010000
335 -300.06996666 -300.64786666 -299.49206666
336 -300.96348333 -301.54293333 -300.38403333
337 -301.85700000 -302.43800000 -301.27600000
338 -302.73476666 -303.38793333 -302.08160000
339 -303.61253333 -304.33786666 -302.88720000
340 -304.49030000 -305.28780000 -303.69280000
341 -305.36806666 -306.23773333 -304.49840000
342 -306.24583333 -307.18766666 -305.30400000
343 -307.12360000 -308.13760000 -306.10960000
344 -308.00136666 -309.08753333 -306.91520000
345 -308.87913333 -310.03746666 -307.72080000
346 -309.75690000 -310.98740000 -308.52640000
347 -310.63466666 -311.93733333 -309.33200000
348 -311.51243333 -312.88726666 -310.13760000
349 -312.39020000 -313.83720000 -310.94320000
350 -313.26796666 -314.78713333 -311.74880000
351 -314.14573333 -315.73706666 -312.55440000
352 -315.02350000 -316.68700000 -313.36000000
353 -315.90126666 -317.63693333 -314.16560000
354 -316.77903333 -318.58686666 -314.97120000
355 -317.65680000 -319.53680000 -315.77680000
356 -318.53456666 -320.48673333 -316.58240000
357 -319.41233333 -321.43666666 -317.38800000
358 -320.29010000 -322.38660000 -318.19360000
359 -321.16786666 -323.33653333 -318.99920000
360 -322.04563333 -324.28646666 -319.80480000
361 -322.92340000 -325.23640000 -320.61040000
362 -323.80116666 -326.18633333 -321.41600000
363 -324.67893333 -327.13626666 -322.22160000
364 -325.55670000 -328.08620000 -323.02720000
365 -326.43446666 -329.03613333 -323.83280000
366 -327.31223333 -329.98606666 -324.63840000
367 -328.19000000 -330.93600000 -325.44400000
368 -329.04806914 -331.78202127 -326.31411702
369 -329.90613829 -332.62804255 -327.18423404
370 -330.76420744 -333.47406382 -328.05435106
371 -331.62227659 -334.32008510 -328.92446808
372 -332.48034574 -335.16610638 -329.79458510
373 -333.33841489 -336.01212765 -330.66470212
374 -334.19648404 -336.85814893 -331.53481914
375 -335.05455319 -337.70417021 -332.40493617
376 -335.91262234 -338.55019148 -333.27505319
377 -336.77069148 -339.39621276 -334.14517021
378 -337.62876063 -340.24223404 -335.01528723
379 -338.48682978 -341.08825531 -335.88540425
380 -339.34489893 -341.93427659 -336.75552127
381 -340.20296808 -342.78029787 -337.62563829
382 -341.06103723 -343.62631914 -338.49575531
383 -341.91910638 -344.47234042 -339.36587234
384 -342.77717553 -345.31836170 -340.23598936
385 -343.63524468 -346.16438297 -341.10610638
386 -344.49331382 -347.01040425 -341.97622340
387 -345.35138297 -347.85642553 -342.84634042
388 -346.20945212 -348.70244680 -343.71645744
389 -347.06752127 -349.54846808 -344.58657446
390 -347.92559042 -350.39448936 -345.45669148
391 -348.78365957 -351.24051063 -346.32680851
392 -349.64172872 -352.08653191 -347.19692553
393 -350.49979787 -352.93255319 -348.06704255
394 -351.35786702 -353.77857446 -348.93715957
395 -352.21593617 -354.62459574 -349.80727659
396 -353.07400531 -355.47061702 -350.67739361
397 -353.93207446 -356.31663829 -351.54751063
398 -354.79014361 -357.16265957 -352.41762765
399 -355.64821276 -358.00868085 -353.28774468
400 -356.50628191 -358.85470212 -354.15786170
401 -357.36435106 -359.70072340 -355.02797872
402 -358.22242021 -360.54674468 -355.89809574
403 -359.08048936 -361.39276595 -356.76821276
404 -359.93855851 -362.23878723 -357.63832978
405 -360.79662765 -363.08480851 -358.50844680
406 -361.65469680 -363.93082978 -359.37856382
407 -362.51276595 -364.77685106 -360.24868085
408 -363.37083510 -365.62287234 -361.11879787
409 -364.22890425 -366.46889361 -361.98891489
410 -365.08697340 -367.31491489 -362.85903191
411 -365.94504255 -368.16093617 -363.72914893
412 -366.80311170 -369.00695744 -364.59926595
413 -367.66118085 -369.85297872 -365.46938297
414 -368.51925000 -370.69900000 -366.33950000
415 -369.37731914 -371.54502127 -367.20961702
416 -370.23538829 -372.39104255 -368.07973404
417 -371.09345744 -373.23706382 -368.94985106
418 -371.95152659 -374.08308510 -369.81996808
419 -372.80959574 -374.92910638 -370.69008510
420 -373.66766489 -375.77512765 -371.56020212
421 -374.52573404 -376.62114893 -372.43031914
422 -375.38380319 -377.46717021 -373.30043617
423 -376.24187234 -378.31319148 -374.17055319
424 -377.09994148 -379.15921276 -375.04067021
425 -377.95801063 -380.00523404 -375.91078723
426 -378.81607978 -380.85125531 -376.78090425
427 -379.67414893 -381.69727659 -377.65102127
428 -380.53221808 -382.54329787 -378.52113829
429 -381.39028723 -383.38931914 -379.39125531
430 -382.24835638 -384.23534042 -380.26137234
431 -383.10642553 -385.08136170 -381.13148936
432 -383.96449468 -385.92738297 -382.00160638
433 -384.82256382 -386.77340425 -382.87172340
434 -385.68063297 -387.61942553 -383.74184042
435 -386.53870212 -388.46544680 -384.61195744
436 -387.39677127 -389.31146808 -385.48207446
437 -388.25484042 -390.15748936 -386.35219148
438 -389.11290957 -391.00351063 -387.22230851
439 -389.97097872 -391.84953191 -388.09242553
440 -390.82904787 -392.69555319 -388.96254255
441 -391.68711702 -393.54157446 -389.83265957
442 -392.54518617 -394.38759574 -390.70277659
443 -393.40325531 -395.23361702 -391.57289361
444 -394.26132446 -396.07963829 -392.44301063
445 -395.11939361 -396.92565957 -393.31312765
446 -395.97746276 -397.77168085 -394.18324468
447 -396.83553191 -398.61770212 -395.05336170
448 -397.69360106 -399.46372340 -395.92347872
449 -398.55167021 -400.30974468 -396.79359574
450 -399.40973936 -401.15576595 -397.66371276
451 -400.26780851 -402.00178723 -398.53382978
452 -401.12587765 -402.84780851 -399.40394680
453 -401.98394680 -403.69382978 -400.27406382
454 -402.84201595 -404.53985106 -401.14418085
455 -403.70008510 -405.38587234 -402.01429787
456 -404.55815425 -406.23189361 -402.88441489
457 -405.41622340 -407.07791489 -403.75453191
458 -406.27429255 -407.92393617 -404.62464893
459 -407.13236170 -408.76995744 -405.49476595
460 -407.99043085 -409.61597872 -406.36488297
461 -408.84850000 -410.46200000 -407.23500000
462 -409.68903296 -411.30980219 -408.06826373
463 -410.52956593 -412.15760439 -408.90152747
464 -411.37009890 -413.00540659 -409.73479120
465 -412.21063186 -413.85320879 -410.56805494
466 -413.05116483 -414.70101098 -411.40131868
467 -413.89169780 -415.54881318 -412.23458241
468 -414.73223076 -416.39661538 -413.06784615
469 -415.57276373 -417.24441758 -413.90110989
470 -416.41329670 -418.09221978 -414.73437362
471 -417.25382967 -418.94002197 -415.56763736
472 -418.09436263 -419.78782417 -416.40090109
473 -418.93489560 -420.63562637 -417.23416483
474 -419.77542857 -421.48342857 -418.06742857
475 -420.61596153 -422.33123076 -418.90069230
476 -421.45649450 -423.17903296 -419.73395604
477 -422.29702747 -424.02683516 -420.56721978
478 -423.13756043 -424.87463736 -421.40048351
479 -423.97809340 -425.72243956 -422.23374725
480 -424.81862637 -426.57024175 -423.06701098
481 -425.65915934 -427.41804395 -423.90027472
482 -426.49969230 -428.26584615 -424.73353846
483 -427.34022527 -429.11364835 -425.56680219
484 -428.18075824 -429.96145054 -426.40006593
485 -429.02129120 -430.80925274 -427.23332967
486 -429.86182417 -431.65705494 -428.06659340
487 -430.70235714 -432.50485714 -428.89985714
488 -431.54289010 -433.35265934 -429.73312087
489 -432.38342307 -434.20046153 -430.56638461
490 -433.22395604 -435.04826373 -431.39964835
491 -434.06448901 -435.89606593 -432.23291208
492 -434.90502197 -436.74386813 -433.06617582
493 -435.74555494 -437.59167032 -433.89943956
494 -436.58608791 -438.43947252 -434.73270329
495 -437.42662087 -439.28727472 -435.56596703
496 -438.26715384 -440.13507692 -436.39923076
497 -439.10768681 -440.98287912 -437.23249450
498 -439.94821978 -441.83068131 -438.06575824
499 -440.78875274 -442.67848351 -438.89902197
500 -441.62928571 -443.52628571 -439.73228571
501 -442.46981868 -444.37408791 -440.56554945
502 -443.31035164 -445.22189010 -441.39881318
503 -444.15088461 -446.06969230 -442.23207692
504 -444.99141758 -446.91749450 -443.06534065
505 -445.83195054 -447.76529670 -443.89860439
506 -446.67248351 -448.61309890 -444.73186813
507 -447.51301648 -449.46090109 -445.56513186
508 -448.35354945 -450.30870329 -446.39839560
509 -449.19408241 -451.15650549 -447.23165934
510 -450.03461538 -452.00430769 -448.06492307
511 -450.87514835 -452.85210989 -448.89818681
512 -451.71568131 -453.69991208 -449.73145054
513 -452.55621428 -454.54771428 -450.56471428
514 -453.39674725 -455.39551648 -451.39797802
515 -454.23728021 -456.24331868 -452.23124175
516 -455.07781318 -457.09112087 -453.06450549
517 -455.91834615 -457.93892307 -453.89776923
518 -456.75887912 -458.78672527 -454.73103296
519 -457.59941208 -459.63452747 -455.56429670
520 -458.43994505 -460.48232967 -456.39756043
521 -459.28047802 -461.33013186 -457.23082417
522 -460.12101098 -462.17793406 -458.06408791
523 -460.96154395 -463.02573626 -458.89735164
524 -461.80207692 -463.87353846 -459.73061538
525 -462.64260989 -464.72134065 -460.56387912
526 -463.48314285 -465.56914285 -461.39714285
527 -464.32367582 -466.41694505 -462.23040659
528 -465.16420879 -467.26474725 -463.06367032
529 -466.00474175 -468.11254945 -463.89693406
530 -466.84527472 -468.96035164 -464.73019780
531 -467.68580769 -469.80815384 -465.56346153
532 -468.52634065 -470.65595604 -466.39672527
533 -469.36687362 -471.50375824 -467.22998901
534 -470.20740659 -472.35156043 -468.06325274
535 -471.04793956 -473.19936263 -468.89651648
536 -471.88847252 -474.04716483 -469.72978021
537 -472.72900549 -474.89496703 -470.56304395
538 -473.56953846 -475.74276923 -471.39630769
539 -474.41007142 -476.59057142 -472.22957142
540 -475.25060439 -477.43837362 -473.06283516
541 -476.09113736 -478.28617582 -473.89609890
542 -476.93167032 -479.13397802 -474.72936263
543 -477.77220329 -479.98178021 -475.56262637
544 -478.61273626 -480.82958241 -476.39589010
545 -479.45326923 -481.67738461 -477.22915384
546 -480.29380219 -482.52518681 -478.06241758
547 -481.13433516 -483.37298901 -478.89568131
548 -481.97486813 -484.22079120 -479.72894505
549 -482.81540109 -485.06859340 -480.56220879
550 -483.65593406 -485.91639560 -481.39547252
551 -484.49646703 -486.76419780 -482.22873626
552 -485.33700000 -487.61200000 -483.06200000
553 -486.13354945 -488.41657142 -483.85052747
554 -486.93009890 -489.22114285 -484.63905494
555 -487.72664835 -490.02571428 -485.42758241
556 -488.52319780 -490.83028571 -486.21610989
557 -489.31974725 -491.63485714 -487.00463736
558 -490.11629670 -492.43942857 -487.79316483
559 -490.91284615 -493.24400000 -488.58169230
560 -491.70939560 -494.04857142 -489.37021978
561 -492.50594505 -494.85314285 -490.15874725
562 -493.30249450 -495.65771428 -490.94727472
563 -494.09904395 -496.46228571 -491.73580219
564 -494.89559340 -497.26685714 -492.52432967
565 -495.69214285 -498.07142857 -493.31285714
566 -496.48869230 -498.87600000 -494.10138461
567 -497.28524175 -499.68057142 -494.88991208
568 -498.08179120 -500.48514285 -495.67843956
569 -498.87834065 -501.28971428 -496.46696703
570 -499.67489010 -502.09428571 -497.25549450
571 -500.47143956 -502.89885714 -498.04402197
572 -501.26798901 -503.70342857 -498.83254945
573 -502.06453846 -504.50800000 -499.62107692
574 -502.86108791 -505.31257142 -500.40960439
575 -503.65763736 -506.11714285 -501.19813186
576 -504.45418681 -506.92171428 -501.98665934
577 -505.25073626 -507.72628571 -502.77518681
578 -506.04728571 -508.53085714 -503.56371428
579 -506.84383516 -509.33542857 -504.35224175
580 -507.64038461 -510.14000000 -505.14076923
581 -508.43693406 -510.94457142 -505.92929670
582 -509.23348351 -511.74914285 -506.71782417
583 -510.03003296 -512.55371428 -507.50635164
584 -510.82658241 -513.35828571 -508.29487912
585 -511.62313186 -514.16285714 -509.08340659
586 -512.41968131 -514.96742857 -509.87193406
587 -513.21623076 -515.77200000 -510.66046153
588 -514.01278021 -516.57657142 -511.44898901
589 -514.80932967 -517.38114285 -512.23751648
590 -515.60587912 -518.18571428 -513.02604395
591 -516.40242857 -518.99028571 -513.81457142
592 -517.19897802 -519.79485714 -514.60309890
593 -517.99552747 -520.59942857 -515.39162637
594 -518.79207692 -521.40400000 -516.18015384
595 -519.58862637 -522.20857142 -516.96868131
596 -520.38517582 -523.01314285 -517.75720879
597 -521.18172527 -523.81771428 -518.54573626
598 -521.97827472 -524.62228571 -519.33426373
599 -522.77482417 -525.42685714 -520.12279120
600 -523.57137362 -526.23142857 -520.91131868
601 -524.36792307 -527.03600000 -521.69984615
602 -525.16447252 -527.84057142 -522.48837362
603 -525.96102197 -528.64514285 -523.27690109
604 -526.75757142 -529.44971428 -524.06542857
605 -527.55412087 -530.25428571 -524.85395604
606 -528.35067032 -531.05885714 -525.64248351
607 -529.14721978 -531.86342857 -526.43101098
608 -529.94376923 -532.66800000 -527.21953846
609 -530.74031868 -533.47257142 -528.00806593
610 -531.53686813 -534.27714285 -528.79659340
611 -532.33341758 -535.08171428 -529.58512087
612 -533.12996703 -535.88628571 -530.37364835
613 -533.92651648 -536.69085714 -531.16217582
614 -534.72306593 -537.49542857 -531.95070329
615 -535.51961538 -538.30000000 -532.73923076
616 -536.31616483 -539.10457142 -533.52775824
617 -537.11271428 -539.90914285 -534.31628571
618 -537.90926373 -540.71371428 -535.10481318
619 -538.70581318 -541.51828571 -535.89334065
620 -539.50236263 -542.32285714 -536.68186813
621 -540.29891208 -543.12742857 -537.47039560
622 -541.09546153 -543.93200000 -538.25892307
623 -541.89201098 -544.73657142 -539.04745054
624 -542.68856043 -545.54114285 -539.83597802
625 -543.48510989 -546.34571428 -540.62450549
626 -544.28165934 -547.15028571 -541.41303296
627 -545.07820879 -547.95485714 -542.20156043
628 -545.87475824 -548.75942857 -542.99008791
629 -546.67130769 -549.56400000 -543.77861538
630 -547.46785714 -550.36857142 -544.56714285
631 -548.26440659 -551.17314285 -545.35567032
632 -549.06095604 -551.97771428 -546.14419780
633 -549.85750549 -552.78228571 -546.93272527
634 -550.65405494 -553.58685714 -547.72125274
635 -551.45060439 -554.39142857 -548.50978021
636 -552.24715384 -555.19600000 -549.29830769
637 -553.04370329 -556.00057142 -550.08683516
638 -553.84025274 -556.80514285 -550.87536263
639 -554.63680219 -557.60971428 -551.66389010
640 -555.43335164 -558.41428571 -552.45241758
641 -556.22990109 -559.21885714 -553.24094505
642 -557.02645054 -560.02342857 -554.02947252
643 -557.82300000 -560.82800000 -554.81800000
644 -558.59420329 -561.61317582 -555.57523076
645 -559.36540659 -562.39835164 -556.33246153
646 -560.13660989 -563.18352747 -557.08969230
647 -560.90781318 -563.96870329 -557.84692307
648 -561.67901648 -564.75387912 -558.60415384
649 -562.45021978 -565.53905494 -559.36138461
650 -563.22142307 -566.32423076 -560.11861538
651 -563.99262637 -567.10940659 -560.87584615
652 -564.76382967 -567.89458241 -561.63307692
653 -565.53503296 -568.67975824 -562.39030769
654 -566.30623626 -569.46493406 -563.14753846
655 -567.07743956 -570.25010989 -563.90476923
656 -567.84864285 -571.03528571 -564.66200000
657 -568.61984615 -571.82046153 -565.41923076
658 -569.39104945 -572.60563736 -566.17646153
659 -570.16225274 -573.39081318 -566.93369230
660 -570.93345604 -574.17598901 -567.69092307
661 -571.70465934 -574.96116483 -568.44815384
662 -572.47586263 -575.74634065 -569.20538461
663 -573.24706593 -576.53151648 -569.96261538
664 -574.01826923 -577.31669230 -570.71984615
665 -574.78947252 -578.10186813 -571.47707692
666 -575.56067582 -578.88704395 -572.23430769
667 -576.33187912 -579.67221978 -572.99153846
668 -577.10308241 -580.45739560 -573.74876923
669 -577.87428571 -581.24257142 -574.50600000
670 -578.64548901 -582.02774725 -575.26323076
671 -579.41669230 -582.81292307 -576.02046153
672 -580.18789560 -583.59809890 -576.77769230
673 -580.95909890 -584.38327472 -577.53492307
674 -581.73030219 -585.16845054 -578.29215384
675 -582.50150549 -585.95362637 -579.04938461
676 -583.27270879 -586.73880219 -579.80661538
677 -584.04391208 -587.52397802 -580.56384615
678 -584.81511538 -588.30915384 -581.32107692
679 -585.58631868 -589.09432967 -582.07830769
680 -586.35752197 -589.87950549 -582.83553846
681 -587.12872527 -590.66468131 -583.59276923
682 -587.89992857 -591.44985714 -584.35000000
683 -588.67113186 -592.23503296 -585.10723076
684 -589.44233516 -593.02020879 -585.86446153
685 -590.21353846 -593.80538461 -586.62169230
686 -590.98474175 -594.59056043 -587.37892307
687 -591.75594505 -595.37573626 -588.13615384
688 -592.52714835 -596.16091208 -588.89338461
689 -593.29835164 -596.94608791 -589.65061538
690 -594.06955494 -597.73126373 -590.40784615
691 -594.84075824 -598.51643956 -591.16507692
692 -595.61196153 -599.30161538 -591.92230769
693 -596.38316483 -600.08679120 -592.67953846
694 -597.15436813 -600.87196703 -593.43676923
695 -597.92557142 -601.65714285 -594.19400000
696 -598.69677472 -602.44231868 -594.95123076
697 -599.46797802 -603.22749450 -595.70846153
698 -600.23918131 -604.01267032 -596.46569230
699 -601.01038461 -604.79784615 -597.22292307
700 -601.78158791 -605.58302197 -597.98015384
701 -602.55279120 -606.36819780 -598.73738461
702 -603.32399450 -607.15337362 -599.49461538
703 -604.09519780 -607.93854945 -600.25184615
704 -604.86640109 -608.72372527 -601.00907692
705 -605.63760439 -609.50890109 -601.76630769
706 -606.40880769 -610.29407692 -602.52353846
707 -607.18001098 -611.07925274 -603.28076923
708 -607.95121428 -611.86442857 -604.03800000
709 -608.72241758 -612.64960439 -604.79523076
710 -609.49362087 -613.43478021 -605.55246153
711 -610.26482417 -614.21995604 -606.30969230
712 -611.03602747 -615.00513186 -607.06692307
713 -611.80723076 -615.79030769 -607.82415384
714 -612.57843406 -616.57548351 -608.58138461
715 -613.34963736 -617.36065934 -609.33861538
716 -614.12084065 -618.14583516 -610.09584615
717 -614.89204395 -618.93101098 -610.85307692
718 -615.66324725 -619.71618681 -611.61030769
719 -616.43445054 -620.50136263 -612.36753846
720 -617.20565384 -621.28653846 -613.12476923
721 -617.97685714 -622.07171428 -613.88200000
722 -618.74806043 -622.85689010 -614.63923076
723 -619.51926373 -623.64206593 -615.39646153
724 -620.29046703 -624.42724175 -616.15369230
725 -621.06167032 -625.21241758 -616.91092307
726 -621.83287362 -625.99759340 -617.66815384
727 -622.60407692 -626.78276923 -618.42538461
728 -623.37528021 -627.56794505 -619.18261538
729 -624.14648351 -628.35312087 -619.93984615
730 -624.91768681 -629.13829670 -620.69707692
731 -625.68889010 -629.92347252 -621.45430769
732 -626.46009340 -630.70864835 -622.21153846
733 -627.23129670 -631.49382417 -622.96876923
734 -628.00250000 -632.27900000 -623.72600000
735 -628.72851923 -633.01714835 -624.43989010
736 -629.45453846 -633.75529670 -625.15378021
737 -630.18055769 -634.49344505 -625.86767032
738 -630.90657692 -635.23159340 -626.58156043
739 -631.63259615 -635.96974175 -627.29545054
740 -632.35861538 -636.70789010 -628.00934065
741 -633.08463461 -637.44603846 -628.72323076
742 -633.81065384 -638.18418681 -629.43712087
743 -634.53667307 -638.92233516 -630.15101098
744 -635.26269230 -639.66048351 -630.86490109
745 -635.98871153 -640.39863186 -631.57879120
746 -636.71473076 -641.13678021 -632.29268131
747 -637.44075000 -641.87492857 -633.00657142
748 -638.16676923 -642.61307692 -633.72046153
749 -638.89278846 -643.35122527 -634.43435164
750 -639.61880769 -644.08937362 -635.14824175
751 -640.34482692 -644.82752197 -635.86213186
752 -641.07084615 -645.56567032 -636.57602197
753 -641.79686538 -646.30381868 -637.28991208
754 -642.52288461 -647.04196703 -638.00380219
755 -643.24890384 -647.78011538 -638.71769230
756 -643.97492307 -648.51826373 -639.43158241
757 -644.70094230 -649.25641208 -640.14547252
758 -645.42696153 -649.99456043 -640.85936263
759 -646.15298076 -650.73270879 -641.57325274
760 -646.87900000 -651.47085714 -642.28714285
761 -647.60501923 -652.20900549 -643.00103296
762 -648.33103846 -652.94715384 -643.71492307
763 -649.05705769 -653.68530219 -644.42881318
764 -649.78307692 -654.42345054 -645.14270329
765 -650.50909615 -655.16159890 -645.85659340
766 -651.23511538 -655.89974725 -646.57048351
767 -651.96113461 -656.63789560 -647.28437362
768 -652.68715384 -657.37604395 -647.99826373
769 -653.41317307 -658.11419230 -648.71215384
770 -654.13919230 -658.85234065 -649.42604395
771 -654.86521153 -659.59048901 -650.13993406
772 -655.59123076 -660.32863736 -650.85382417
773 -656.31725000 -661.06678571 -651.56771428
774 -657.04326923 -661.80493406 -652.28160439
775 -657.76928846 -662.54308241 -652.99549450
776 -658.49530769 -663.28123076 -653.70938461
777 -659.22132692 -664.01937912 -654.42327472
778 -659.94734615 -664.75752747 -655.13716483
779 -660.67336538 -665.49567582 -655.85105494
780 -661.39938461 -666.23382417 -656.56494505
781 -662.12540384 -666.97197252 -657.27883516
782 -662.85142307 -667.71012087 -657.99272527
783 -663.57744230 -668.44826923 -658.70661538
784 -664.30346153 -669.18641758 -659.42050549
785 -665.02948076 -669.92456593 -660.13439560
786 -665.75550000 -670.66271428 -660.84828571
787 -666.48151923 -671.40086263 -661.56217582
788 -667.20753846 -672.13901098 -662.27606593
789 -667.93355769 -672.87715934 -662.98995604
790 -668.65957692 -673.61530769 -663.70384615
791 -669.38559615 -674.35345604 -664.41773626
792 -670.11161538 -675.09160439 -665.13162637
793 -670.83763461 -675.82975274 -665.84551648
794 -671.56365384 -676.56790109 -666.55940659
795 -672.28967307 -677.30604945 -667.27329670
796 -673.01569230 -678.04419780 -667.98718681
797 -673.74171153 -678.78234615 -668.70107692
798 -674.46773076 -679.52049450 -669.41496703
799 -675.19375000 -680.25864285 -670.12885714
800 -675.91976923 -680.99679120 -670.84274725
801 -676.64578846 -681.73493956 -671.55663736
802 -677.37180769 -682.47308791 -672.27052747
803 -678.09782692 -683.21123626 -672.98441758
804 -678.82384615 -683.94938461 -673.69830769
805 -679.54986538 -684.68753296 -674.41219780
806 -680.27588461 -685.42568131 -675.12608791
807 -681.00190384 -686.16382967 -675.83997802
808 -681.72792307 -686.90197802 -676.55386813
809 -682.45394230 -687.64012637 -677.26775824
810 -683.17996153 -688.37827472 -677.98164835
811 -683.90598076 -689.11642307 -678.69553846
812 -684.63200000 -689.85457142 -679.40942857
813 -685.35801923 -690.59271978 -680.12331868
814 -686.08403846 -691.33086813 -680.83720879
815 -686.81005769 -692.06901648 -681.55109890
816 -687.53607692 -692.80716483 -682.26498901
817 -688.26209615 -693.54531318 -682.97887912
818 -688.98811538 -694.28346153 -683.69276923
819 -689.71413461 -695.02160989 -684.40665934
820 -690.44015384 -695.75975824 -685.12054945
821 -691.16617307 -696.49790659 -685.83443956
822 -691.89219230 -697.23605494 -686.54832967
823 -692.61821153 -697.97420329 -687.26221978
824 -693.34423076 -698.71235164 -687.97610989
825 -694.07025000 -699.45050000 -688.69000000
826 -694.79626923 -700.18864835 -689.40389010
827 -695.52228846 -700.92679670 -690.11778021
828 -696.24830769 -701.66494505 -690.83167032
829 -696.97432692 -702.40309340 -691.54556043
830 -697.70034615 -703.14124175 -692.25945054
831 -698.42636538 -703.87939010 -692.97334065
832 -699.15238461 -704.61753846 -693.68723076
833 -699.87840384 -705.35568681 -694.40112087
834 -700.60442307 -706.09383516 -695.11501098
835 -701.33044230 -706.83198351 -695.82890109
836 -702.05646153 -707.57013186 -696.54279120
837 -702.78248076 -708.30828021 -697.25668131
838 -703.50850000 -709.04642857 -697.97057142
839 -704.23451923 -709.78457692 -698.68446153
840 -704.96053846 -710.52272527 -699.39835164
841 -705.68655769 -711.26087362 -700.11224175
842 -706.41257692 -711.99902197 -700.82613186
843 -707.13859615 -712.73717032 -701.54002197
844 -707.86461538 -713.47531868 -702.25391208
845 -708.59063461 -714.21346703 -702.96780219
846 -709.31665384 -714.95161538 -703.68169230
847 -710.04267307 -715.68976373 -704.39558241
848 -710.76869230 -716.42791208 -705.10947252
849 -711.49471153 -717.16606043 -705.82336263
850 -712.22073076 -717.90420879 -706.53725274
851 -712.94675000 -718.64235714 -707.25114285
852 -713.67276923 -719.38050549 -707.96503296
853 -714.39878846 -720.11865384 -708.67892307
854 -715.12480769 -720.85680219 -709.39281318
855 -715.85082692 -721.59495054 -710.10670329
856 -716.57684615 -722.33309890 -710.82059340
857 -717.30286538 -723.07124725 -711.53448351
858 -718.02888461 -723.80939560 -712.24837362
859 -718.75490384 -724.54754395 -712.96226373
860 -719.48092307 -725.28569230 -713.67615384
861 -720.20694230 -726.02384065 -714.39004395
862 -720.93296153 -726.76198901 -715.10393406
863 -721.65898076 -727.50013736 -715.81782417
864 -722.38500000 -728.23828571 -716.53171428
865 -723.11101923 -728.97643406 -717.24560439
866 -723.83703846 -729.71458241 -717.95949450
867 -724.56305769 -730.45273076 -718.67338461
868 -725.28907692 -731.19087912 -719.38727472
869 -726.01509615 -731.92902747 -720.10116483
870 -726.74111538 -732.66717582 -720.81505494
871 -727.46713461 -733.40532417 -721.52894505
872 -728.19315384 -734.14347252 -722.24283516
873 -728.91917307 -734.88162087 -722.95672527
874 -729.64519230 -735.61976923 -723.67061538
875 -730.37121153 -736.35791758 -724.38450549
876 -731.09723076 -737.09606593 -725.09839560
877 -731.82325000 -737.83421428 -725.81228571
878 -732.54926923 -738.57236263 -726.52617582
879 -733.27528846 -739.31051098 -727.24006593
880 -734.00130769 -740.04865934 -727.95395604
881 -734.72732692 -740.78680769 -728.66784615
882 -735.45334615 -741.52495604 -729.38173626
883 -736.17936538 -742.26310439 -730.09562637
884 -736.90538461 -743.00125274 -730.80951648
885 -737.63140384 -743.73940109 -731.52340659
886 -738.35742307 -744.47754945 -732.23729670
887 -739.08344230 -745.21569780 -732.95118681
888 -739.80946153 -745.95384615 -733.66507692
889 -740.53548076 -746.69199450 -734.37896703
890 -741.26150000 -747.43014285 -735.09285714
891 -741.98751923 -748.16829120 -735.80674725
892 -742.71353846 -748.90643956 -736.52063736
893 -743.43955769 -749.64458791 -737.23452747
894 -744.16557692 -750.38273626 -737.94841758
895 -744.89159615 -751.12088461 -738.66230769
896 -745.61761538 -751.85903296 -739.37619780
897 -746.34363461 -752.59718131 -740.09008791
898 -747.06965384 -753.33532967 -740.80397802
899 -747.79567307 -754.07347802 -741.51786813
900 -748.52169230 -754.81162637 -742.23175824
901 -749.24771153 -755.54977472 -742.94564835
902 -749.97373076 -756.28792307 -743.65953846
903 -750.69975000 -757.02607142 -744.37342857
904 -751.42576923 -757.76421978 -745.08731868
905 -752.15178846 -758.50236813 -745.80120879
906 -752.87780769 -759.24051648 -746.51509890
907 -753.60382692 -759.97866483 -747.22898901
908 -754.32984615 -760.71681318 -747.94287912
909 -755.05586538 -761.45496153 -748.65676923
910 -755.78188461 -762.19310989 -749.37065934
911 -756.50790384 -762.93125824 -750.08454945
912 -757.23392307 -763.66940659 -750.79843956
913 -757.95994230 -764.40755494 -751.51232967
914 -758.68596153 -765.14570329 -752.22621978
915 -759.41198076 -765.88385164 -752.94010989
916 -760.13800000 -766.62200000 -753.65400000
917 -760.86401923 -767.36014835 -754.36789010
918 -761.59003846 -768.09829670 -755.08178021
919 -762.31605769 -768.83644505 -755.79567032
920 -763.04207692 -769.57459340 -756.50956043
921 -763.76809615 -770.31274175 -757.22345054
922 -764.49411538 -771.05089010 -757.93734065
923 -765.22013461 -771.78903846 -758.65123076
924 -765.94615384 -772.52718681 -759.36512087
925 -766.67217307 -773.26533516 -760.07901098
926 -767.39819230 -774.00348351 -760.79290109
927 -768.12421153 -774.74163186 -761.50679120
928 -768.85023076 -775.47978021 -762.22068131
929 -769.57625000 -776.21792857 -762.93457142
930 -770.30226923 -776.95607692 -763.64846153
931 -771.02828846 -777.69422527 -764.36235164
932 -771.75430769 -778.43237362 -765.07624175
933 -772.48032692 -779.17052197 -765.79013186
934 -773.20634615 -779.90867032 -766.50402197
935 -773.93236538 -780.64681868 -767.21791208
936 -774.65838461 -781.38496703 -767.93180219
937 -775.38440384 -782.12311538 -768.64569230
938 -776.11042307 -782.86126373 -769.35958241
939 -776.83644230 -783.59941208 -770.07347252
940 -777.56246153 -784.33756043 -770.78736263
941 -778.28848076 -785.07570879 -771.50125274
942 -779.01450000 -785.81385714 -772.21514285
943 -779.74051923 -786.55200549 -772.92903296
944 -780.46653846 -787.29015384 -773.64292307
945 -781.19255769 -788.02830219 -774.35681318
946 -781.91857692 -788.76645054 -775.07070329
947 -782.64459615 -789.50459890 -775.78459340
948 -783.37061538 -790.24274725 -776.49848351
949 -784.09663461 -790.98089560 -777.21237362
950 -784.82265384 -791.71904395 -777.92626373
951 -785.54867307 -792.45719230 -778.64015384
952 -786.27469230 -793.19534065 -779.35404395
953 -787.00071153 -793.93348901 -780.06793406
954 -787.72673076 -794.67163736 -780.78182417
955 -788.45275000 -795.40978571 -781.49571428
956 -789.17876923 -796.14793406 -782.20960439
957 -789.90478846 -796.88608241 -782.92349450
958 -790.63080769 -797.62423076 -783.63738461
959 -791.35682692 -798.36237912 -784.35127472
960 -792.08284615 -799.10052747 -785.06516483
961 -792.80886538 -799.83867582 -785.77905494
962 -793.53488461 -800.57682417 -786.49294505
963 -794.26090384 -801.31497252 -787.20683516
964 -794.98692307 -802.05312087 -787.92072527
965 -795.71294230 -802.79126923 -788.63461538
966 -796.43896153 -803.52941758 -789.34850549
967 -797.16498076 -804.26756593 -790.06239560
968 -797.89100000 -805.00571428 -790.77628571
969 -798.61701923 -805.74386263 -791.49017582
970 -799.34303846 -806.48201098 -792.20406593
971 -800.06905769 -807.22015934 -792.91795604
972 -800.79507692 -807.95830769 -793.63184615
973 -801.52109615 -808.69645604 -794.34573626
974 -802.24711538 -809.43460439 -795.05962637
975 -802.97313461 -810.17275274 -795.77351648
976 -803.69915384 -810.91090109 -796.48740659
977 -804.42517307 -811.64904945 -797.20129670
978 -805.15119230 -812.38719780 -797.91518681
979 -805.87721153 -813.12534615 -798.62907692
980 -806.60323076 -813.86349450 -799.34296703
981 -807.32925000 -814.60164285 -800.05685714
982 -808.05526923 -815.33979120 -800.77074725
983 -808.78128846 -816.07793956 -801.48463736
984 -809.50730769 -816.81608791 -802.19852747
985 -810.23332692 -817.55423626 -802.91241758
986 -810.95934615 -818.29238461 -803.62630769
987 -811.68536538 -819.03053296 -804.34019780
988 -812.41138461 -819.76868131 -805.05408791
989 -813.13740384 -820.50682967 -805.76797802
990 -813.86342307 -821.24497802 -806.48186813
991 -814.58944230 -821.98312637 -807.19575824
992 -815.31546153 -822.72127472 -807.90964835
993 -816.04148076 -823.45942307 -808.62353846
994 -816.76750000 -824.19757142 -809.33742857
995 -817.49351923 -824.93571978 -810.05131868
996 -818.21953846 -825.67386813 -810.76520879
997 -818.94555769 -826.41201648 -811.47909890
998 -819.67157692 -827.15016483 -812.19298901
999 -820.39759615 -827.88831318 -812.90687912
1000 -821.12361538 -828.62646153 -813.62076923
1001 -821.84963461 -829.36460989 -814.33465934
1002 -822.57565384 -830.10275824 -815.04854945
1003 -823.30167307 -830.84090659 -815.76243956
1004 -824.02769230 -831.57905494 -816.47632967
1005 -824.75371153 -832.31720329 -817.19021978
1006 -825.47973076 -833.05535164 -817.90410989
1007 -826.20575000 -833.79350000 -818.61800000
1008 -826.93176923 -834.53164835 -819.33189010
1009 -827.65778846 -835.26979670 -820.04578021
1010 -828.38380769 -836.00794505 -820.75967032
1011 -829.10982692 -836.74609340 -821.47356043
1012 -829.83584615 -837.48424175 -822.18745054
1013 -830.56186538 -838.22239010 -822.90134065
1014 -831.28788461 -838.96053846 -823.61523076
1015 -832.01390384 -839.69868681 -824.32912087
1016 -832.73992307 -840.43683516 -825.04301098
1017 -833.46594230 -841.17498351 -825.75690109
1018 -834.19196153 -841.91313186 -826.47079120
1019 -834.91798076 -842.65128021 -827.18468131
1020 -835.64400000 -843.38942857 -827.89857142
1021 -836.37001923 -844.12757692 -828.61246153
1022 -837.09603846 -844.86572527 -829.32635164
1023 -837.82205769 -845.60387362 -830.04024175
1024 -838.54807692 -846.34202197 -830.75413186
1025 -839.27409615 -847.08017032 -831.46802197
1026 -840.00011538 -847.81831868 -832.18191208
1027 -840.72613461 -848.55646703 -832.89580219
1028 -841.45215384 -849.29461538 -833.60969230
1029 -842.17817307 -850.03276373 -834.32358241
1030 -842.90419230 -850.77091208 -835.03747252
1031 -843.63021153 -851.50906043 -835.75136263
1032 -844.35623076 -852.24720879 -836.46525274
1033 -845.08225000 -852.98535714 -837.17914285
1034 -845.80826923 -853.72350549 -837.89303296
1035 -846.53428846 -854.46165384 -838.60692307
1036 -847.26030769 -855.19980219 -839.32081318
1037 -847.98632692 -855.93795054 -840.03470329
1038 -848.71234615 -856.67609890 -840.74859340
1039 -849.43836538 -857.41424725 -841.46248351
1040 -850.16438461 -858.15239560 -842.17637362
1041 -850.89040384 -858.89054395 -842.89026373
1042 -851.61642307 -859.62869230 -843.60415384
1043 -852.34244230 -860.36684065 -844.31804395
1044 -853.06846153 -861.10498901 -845.03193406
1045 -853.79448076 -861.84313736 -845.74582417
1046 -854.52050000 -862.58128571 -846.45971428
1047 -855.24651923 -863.31943406 -847.17360439
1048 -855.97253846 -864.05758241 -847.88749450
1049 -856.69855769 -864.79573076 -848.60138461
1050 -857.42457692 -865.53387912 -849.31527472
1051 -858.15059615 -866.27202747 -850.02916483
1052 -858.87661538 -867.01017582 -850.74305494
1053 -859.60263461 -867.74832417 -851.45694505
1054 -860.32865384 -868.48647252 -852.17083516
1055 -861.05467307 -869.22462087 -852.88472527
1056 -861.78069230 -869.96276923 -853.59861538
1057 -862.50671153 -870.70091758 -854.31250549
1058 -863.23273076 -871.43906593 -855.02639560
1059 -863.95875000 -872.17721428 -855.74028571
1060 -864.68476923 -872.91536263 -856.45417582
1061 -865.41078846 -873.65351098 -857.16806593
1062 -866.13680769 -874.39165934 -857.88195604
1063 -866.86282692 -875.12980769 -858.59584615
1064 -867.58884615 -875.86795604 -859.30973626
1065 -868.31486538 -876.60610439 -860.02362637
1066 -869.04088461 -877.34425274 -860.73751648
1067 -869.76690384 -878.08240109 -861.45140659
1068 -870.49292307 -878.82054945 -862.16529670
1069 -871.21894230 -879.55869780 -862.87918681
1070 -871.94496153 -880.29684615 -863.59307692
1071 -872.67098076 -881.03499450 -864.30696703
1072 -873.39700000 -881.77314285 -865.02085714
1073 -874.12301923 -882.51129120 -865.73474725
1074 -874.84903846 -883.24943956 -866.44863736
1075 -875.57505769 -883.98758791 -867.16252747
1076 -876.30107692 -884.72573626 -867.87641758
1077 -877.02709615 -885.46388461 -868.59030769
1078 -877.75311538 -886.20203296 -869.30419780
1079 -878.47913461 -886.94018131 -870.01808791
1080 -879.20515384 -887.67832967 -870.73197802
1081 -879.93117307 -888.41647802 -871.44586813
1082 -880.65719230 -889.15462637 -872.15975824
1083 -881.38321153 -889.89277472 -872.87364835
1084 -882.10923076 -890.63092307 -873.58753846
1085 -882.83525000 -891.36907142 -874.30142857
1086 -883.56126923 -892.10721978 -875.01531868
1087 -884.28728846 -892.84536813 -875.72920879
1088 -885.01330769 -893.58351648 -876.44309890
1089 -885.73932692 -894.32166483 -877.15698901
1090 -886.46534615 -895.05981318 -877.87087912
1091 -887.19136538 -895.79796153 -878.58476923
1092 -887.91738461 -896.53610989 -879.29865934
1093 -888.64340384 -897.27425824 -880.01254945
1094 -889.36942307 -898.01240659 -880.72643956
1095 -890.09544230 -898.75055494 -881.44032967
1096 -890.82146153 -899.48870329 -882.15421978
1097 -891.54748076 -900.22685164 -882.86810989
1098 -892.27350000 -900.96500000 -883.58200000
1099 -892.95476301 -901.64716438 -884.26236164
1100 -893.63602602 -902.32932876 -884.94272328
1101 -894.31728904 -903.01149315 -885.62308493
1102 -894.99855205 -903.69365753 -886.30344657
1103 -895.67981506 -904.37582191 -886.98380821
1104 -896.36107808 -905.05798630 -887.66416986
1105 -897.04234109 -905.74015068 -888.34453150
1106 -897.72360410 -906.42231506 -889.02489315
1107 -898.40486712 -907.10447945 -889.70525479
1108 -899.08613013 -907.78664383 -890.38561643
1109 -899.76739315 -908.46880821 -891.06597808
1110 -900.44865616 -909.15097260 -891.74633972
1111 -901.12991917 -909.83313698 -892.42670136
1112 -901.81118219 -910.51530136 -893.10706301
1113 -902.49244520 -911.19746575 -893.78742465
1114 -903.17370821 -911.87963013 -894.46778630
1115 -903.85497123 -912.56179452 -895.14814794
1116 -904.53623424 -913.24395890 -895.82850958
1117 -905.21749726 -913.92612328 -896.50887123
1118 -905.89876027 -914.60828767 -897.18923287
1119 -906.58002328 -915.29045205 -897.86959452
1120 -907.26128630 -915.97261643 -898.54995616
1121 -907.94254931 -916.65478082 -899.23031780
1122 -908.62381232 -917.33694520 -899.91067945
1123 -909.30507534 -918.01910958 -900.59104109
1124 -909.98633835 -918.70127397 -901.27140273
1125 -910.66760136 -919.38343835 -901.95176438
1126 -911.34886438 -920.06560273 -902.63212602
1127 -912.03012739 -920.74776712 -903.31248767
1128 -912.71139041 -921.42993150 -903.99284931
1129 -913.39265342 -922.11209589 -904.67321095
1130 -914.07391643 -922.79426027 -905.35357260
1131 -914.75517945 -923.47642465 -906.03393424
1132 -915.43644246 -924.15858904 -906.71429589
1133 -916.11770547 -924.84075342 -907.39465753
1134 -916.79896849 -925.52291780 -908.07501917
1135 -917.48023150 -926.20508219 -908.75538082
1136 -918.16149452 -926.88724657 -909.43574246
1137 -918.84275753 -927.56941095 -910.11610410
1138 -919.52402054 -928.25157534 -910.79646575
1139 -920.20528356 -928.93373972 -911.47682739
1140 -920.88654657 -929.61590410 -912.15718904
1141 -921.56780958 -930.29806849 -912.83755068
1142 -922.24907260 -930.98023287 -913.51791232
1143 -922.93033561 -931.66239726 -914.19827397
1144 -923.61159863 -932.34456164 -914.87863561
1145 -924.29286164 -933.02672602 -915.55899726
1146 -924.97412465 -933.70889041 -916.23935890
1147 -925.65538767 -934.39105479 -916.91972054
1148 -926.33665068 -935.07321917 -917.60008219
1149 -927.01791369 -935.75538356 -918.28044383
1150 -927.69917671 -936.43754794 -918.96080547
1151 -928.38043972 -937.11971232 -919.64116712
1152 -929.06170273 -937.80187671 -920.32152876
1153 -929.74296575 -938.48404109 -921.00189041
1154 -930.42422876 -939.16620547 -921.68225205
1155 -931.10549178 -939.84836986 -922.36261369
1156 -931.78675479 -940.53053424 -923.04297534
1157 -932.46801780 -941.21269863 -923.72333698
1158 -933.14928082 -941.89486301 -924.40369863
1159 -933.83054383 -942.57702739 -925.08406027
1160 -934.51180684 -943.25919178 -925.76442191
1161 -935.19306986 -943.94135616 -926.44478356
1162 -935.87433287 -944.62352054 -927.12514520
1163 -936.55559589 -945.30568493 -927.80550684
1164 -937.23685890 -945.98784931 -928.48586849
1165 -937.91812191 -946.67001369 -929.16623013
1166 -938.59938493 -947.35217808 -929.84659178
1167 -939.28064794 -948.03434246 -930.52695342
1168 -939.96191095 -948.71650684 -931.20731506
1169 -940.64317397 -949.39867123 -931.88767671
1170 -941.32443698 -950.08083561 -932.56803835
1171 -942.00570000 -950.76300000 -933.24840000
1172 -942.68696301 -951.44516438 -933.92876164
1173 -943.36822602 -952.12732876 -934.60912328
1174 -944.04948904 -952.80949315 -935.28948493
1175 -944.73075205 -953.49165753 -935.96984657
1176 -945.41201506 -954.17382191 -936.65020821
1177 -946.09327808 -954.85598630 -937.33056986
1178 -946.77454109 -955.53815068 -938.01093150
1179 -947.45580410 -956.22031506 -938.69129315
1180 -948.13706712 -956.90247945 -939.37165479
1181 -948.81833013 -957.58464383 -940.05201643
1182 -949.49959315 -958.26680821 -940.73237808
1183 -950.18085616 -958.94897260 -941.41273972
1184 -950.86211917 -959.63113698 -942.09310136
1185 -951.54338219 -960.31330136 -942.77346301
1186 -952.22464520 -960.99546575 -943.45382465
1187 -952.90590821 -961.67763013 -944.13418630
1188 -953.58717123 -962.35979452 -944.81454794
1189 -954.26843424 -963.04195890 -945.49490958
1190 -954.94969726 -963.72412328 -946.17527123
1191 -955.63096027 -964.40628767 -946.85563287
1192 -956.31222328 -965.08845205 -947.53599452
1193 -956.99348630 -965.77061643 -948.21635616
1194 -957.67474931 -966.45278082 -948.89671780
1195 -958.35601232 -967.13494520 -949.57707945
1196 -959.03727534 -967.81710958 -950.25744109
1197 -959.71853835 -968.49927397 -950.93780273
1198 -960.39980136 -969.18143835 -951.61816438
1199 -961.08106438 -969.86360273 -952.29852602
1200 -961.76232739 -970.54576712 -952.97888767
1201 -962.44359041 -971.22793150 -953.65924931
1202 -963.12485342 -971.91009589 -954.33961095
1203 -963.80611643 -972.59226027 -955.01997260
1204 -964.48737945 -973.27442465 -955.70033424
1205 -965.16864246 -973.95658904 -956.38069589
1206 -965.84990547 -974.63875342 -957.06105753
1207 -966.53116849 -975.32091780 -957.74141917
1208 -967.21243150 -976.00308219 -958.42178082
1209 -967.89369452 -976.68524657 -959.10214246
1210 -968.57495753 -977.36741095 -959.78250410
1211 -969.25622054 -978.04957534 -960.46286575
1212 -969.93748356 -978.73173972 -961.14322739
1213 -970.61874657 -979.41390410 -961.82358904
1214 -971.30000958 -980.09606849 -962.50395068
1215 -971.98127260 -980.77823287 -963.18431232
1216 -972.66253561 -981.46039726 -963.86467397
1217 -973.34379863 -982.14256164 -964.54503561
1218 -974.02506164 -982.82472602 -965.22539726
1219 -974.70632465 -983.50689041 -965.90575890
1220 -975.38758767 -984.18905479 -966.58612054
1221 -976.06885068 -984.87121917 -967.26648219
1222 -976.75011369 -985.55338356 -967.94684383
1223 -977.43137671 -986.23554794 -968.62720547
1224 -978.11263972 -986.91771232 -969.30756712
1225 -978.79390273 -987.59987671 -969.98792876
1226 -979.47516575 -988.28204109 -970.66829041
1227 -980.15642876 -988.96420547 -971.34865205
1228 -980.83769178 -989.64636986 -972.02901369
1229 -981.51895479 -990.32853424 -972.70937534
1230 -982.20021780 -991.01069863 -973.38973698
1231 -982.88148082 -991.69286301 -974.07009863
1232 -983.56274383 -992.37502739 -974.75046027
1233 -984.24400684 -993.05719178 -975.43082191
1234 -984.92526986 -993.73935616 -976.11118356
1235 -985.60653287 -994.42152054 -976.79154520
1236 -986.28779589 -995.10368493 -977.47190684
1237 -986.96905890 -995.78584931 -978.15226849
1238 -987.65032191 -996.46801369 -978.83263013
1239 -988.33158493 -997.15017808 -979.51299178
1240 -989.01284794 -997.83234246 -980.19335342
1241 -989.69411095 -998.51450684 -980.87371506
1242 -990.37537397 -999.19667123 -981.55407671
1243 -991.05663698 -999.87883561 -982.23443835
1244 -991.73790000 -1000.56100000 -982.91480000
1245 -992.41916301 -1001.24316438 -983.59516164
1246 -993.10042602 -1001.92532876 -984.27552328
1247 -993.78168904 -1002.60749315 -984.95588493
1248 -994.46295205 -1003.28965753 -985.63624657
1249 -995.14421506 -1003.97182191 -986.31660821
1250 -995.82547808 -1004.65398630 -986.99696986
1251 -996.50674109 -1005.33615068 -987.67733150
1252 -997.18800410 -1006.01831506 -988.35769315
1253 -997.86926712 -1006.70047945 -989.03805479
1254 -998.55053013 -1007.38264383 -989.71841643
1255 -999.23179315 -1008.06480821 -990.39877808
1256 -999.91305616 -1008.74697260 -991.07913972
1257 -1000.59431917 -1009.42913698 -991.75950136
1258 -1001.27558219 -1010.11130136 -992.43986301
1259 -1001.95684520 -1010.79346575 -993.12022465
1260 -1002.63810821 -1011.47563013 -993.80058630
1261 -1003.31937123 -1012.15779452 -994.48094794
1262 -1004.00063424 -1012.83995890 -995.16130958
1263 -1004.68189726 -1013.52212328 -995.84167123
1264 -1005.36316027 -1014.20428767 -996.52203287
1265 -1006.04442328 -1014.88645205 -997.20239452
1266 -1006.72568630 -1015.56861643 -997.88275616
1267 -1007.40694931 -1016.25078082 -998.56311780
1268 -1008.08821232 -1016.93294520 -999.24347945
1269 -1008.76947534 -1017.61510958 -999.92384109
1270 -1009.45073835 -1018.29727397 -1000.60420273
1271 -1010.13200136 -1018.97943835 -1001.28456438
1272 -1010.81326438 -1019.66160273 -1001.96492602
1273 -1011.49452739 -1020.34376712 -1002.64528767
1274 -1012.17579041 -1021.02593150 -1003.32564931
1275 -1012.85705342 -1021.70809589 -1004.00601095
1276 -1013.53831643 -1022.39026027 -1004.68637260
1277 -1014.21957945 -1023.07242465 -1005.36673424
1278 -1014.90084246 -1023.75458904 -1006.04709589
1279 -1015.58210547 -1024.43675342 -1006.72745753
1280 -1016.26336849 -1025.11891780 -1007.40781917
1281 -1016.94463150 -1025.80108219 -1008.08818082
1282 -1017.62589452 -1026.48324657 -1008.76854246
1283 -1018.30715753 -1027.16541095 -1009.44890410
1284 -1018.98842054 -1027.84757534 -1010.12926575
1285 -1019.66968356 -1028.52973972 -1010.80962739
1286 -1020.35094657 -1029.21190410 -1011.48998904
1287 -1021.03220958 -1029.89406849 -1012.17035068
1288 -1021.71347260 -1030.57623287 -1012.85071232
1289 -1022.39473561 -1031.25839726 -1013.53107397
1290 -1023.07599863 -1031.94056164 -1014.21143561
1291 -1023.75726164 -1032.62272602 -1014.89179726
1292 -1024.43852465 -1033.30489041 -1015.57215890
1293 -1025.11978767 -1033.98705479 -1016.25252054
1294 -1025.80105068 -1034.66921917 -1016.93288219
1295 -1026.48231369 -1035.35138356 -1017.61324383
1296 -1027.16357671 -1036.03354794 -1018.29360547
1297 -1027.84483972 -1036.71571232 -1018.97396712
1298 -1028.52610273 -1037.39787671 -1019.65432876
1299 -1029.20736575 -1038.08004109 -1020.33469041
1300 -1029.88862876 -1038.76220547 -1021.01505205
1301 -1030.56989178 -1039.44436986 -1021.69541369
1302 -1031.25115479 -1040.12653424 -1022.37577534
1303 -1031.93241780 -1040.80869863 -1023.05613698
1304 -1032.61368082 -1041.49086301 -1023.73649863
1305 -1033.29494383 -1042.17302739 -1024.41686027
1306 -1033.97620684 -1042.85519178 -1025.09722191
1307 -1034.65746986 -1043.53735616 -1025.77758356
1308 -1035.33873287 -1044.21952054 -1026.45794520
1309 -1036.01999589 -1044.90168493 -1027.13830684
1310 -1036.70125890 -1045.58384931 -1027.81866849
1311 -1037.38252191 -1046.26601369 -1028.49903013
1312 -1038.06378493 -1046.94817808 -1029.17939178
1313 -1038.74504794 -1047.63034246 -1029.85975342
1314 -1039.42631095 -1048.31250684 -1030.54011506
1315 -1040.10757397 -1048.99467123 -1031.22047671
1316 -1040.78883698 -1049.67683561 -1031.90083835
1317 -1041.47010000 -1050.35900000 -1032.58120000
1318 -1042.15136301 -1051.04116438 -1033.26156164
1319 -1042.83262602 -1051.72332876 -1033.94192328
1320 -1043.51388904 -1052.40549315 -1034.62228493
1321 -1044.19515205 -1053.08765753 -1035.30264657
1322 -1044.87641506 -1053.76982191 -1035.98300821
1323 -1045.55767808 -1054.45198630 -1036.66336986
1324 -1046.23894109 -1055.13415068 -1037.34373150
1325 -1046.92020410 -1055.81631506 -1038.02409315
1326 -1047.60146712 -1056.49847945 -1038.70445479
1327 -1048.28273013 -1057.18064383 -1039.38481643
1328 -1048.96399315 -1057.86280821 -1040.06517808
1329 -1049.64525616 -1058.54497260 -1040.74553972
1330 -1050.32651917 -1059.22713698 -1041.42590136
1331 -1051.00778219 -1059.90930136 -1042.10626301
1332 -1051.68904520 -1060.59146575 -1042.78662465
1333 -1052.37030821 -1061.27363013 -1043.46698630
1334 -1053.05157123 -1061.95579452 -1044.14734794
1335 -1053.73283424 -1062.63795890 -1044.82770958
1336 -1054.41409726 -1063.32012328 -1045.50807123
1337 -1055.09536027 -1064.00228767 -1046.18843287
1338 -1055.77662328 -1064.68445205 -1046.86879452
1339 -1056.45788630 -1065.36661643 -1047.54915616
1340 -1057.13914931 -1066.04878082 -1048.22951780
1341 -1057.82041232 -1066.73094520 -1048.90987945
1342 -1058.50167534 -1067.41310958 -1049.59024109
1343 -1059.18293835 -1068.09527397 -1050.27060273
1344 -1059.86420136 -1068.77743835 -1050.95096438
1345 -1060.54546438 -1069.45960273 -1051.63132602
1346 -1061.22672739 -1070.14176712 -1052.31168767
1347 -1061.90799041 -1070.82393150 -1052.99204931
1348 -1062.58925342 -1071.50609589 -1053.67241095
1349 -1063.27051643 -1072.18826027 -1054.35277260
1350 -1063.95177945 -1072.87042465 -1055.03313424
1351 -1064.63304246 -1073.55258904 -1055.71349589
1352 -1065.31430547 -1074.23475342 -1056.39385753
1353 -1065.99556849 -1074.91691780 -1057.07421917
1354 -1066.67683150 -1075.59908219 -1057.75458082
1355 -1067.35809452 -1076.28124657 -1058.43494246
1356 -1068.03935753 -1076.96341095 -1059.11530410
1357 -1068.72062054 -1077.64557534 -1059.79566575
1358 -1069.40188356 -1078.32773972 -1060.47602739
1359 -1070.08314657 -1079.00990410 -1061.15638904
1360 -1070.76440958 -1079.69206849 -1061.83675068
1361 -1071.44567260 -1080.37423287 -1062.51711232
1362 -1072.12693561 -1081.05639726 -1063.19747397
1363 -1072.80819863 -1081.73856164 -1063.87783561
1364 -1073.48946164 -1082.42072602 -1064.55819726
1365 -1074.17072465 -1083.10289041 -1065.23855890
1366 -1074.85198767 -1083.78505479 -1065.91892054
1367 -1075.53325068 -1084.46721917 -1066.59928219
1368 -1076.21451369 -1085.14938356 -1067.27964383
1369 -1076.89577671 -1085.83154794 -1067.96000547
1370 -1077.57703972 -1086.51371232 -1068.64036712
1371 -1078.25830273 -1087.19587671 -1069.32072876
1372 -1078.93956575 -1087.87804109 -1070.00109041
1373 -1079.62082876 -1088.56020547 -1070.68145205
1374 -1080.30209178 -1089.24236986 -1071.36181369
1375 -1080.98335479 -1089.92453424 -1072.04217534
1376 -1081.66461780 -1090.60669863 -1072.72253698
1377 -1082.34588082 -1091.28886301 -1073.40289863
1378 -1083.02714383 -1091.97102739 -1074.08326027
1379 -1083.70840684 -1092.65319178 -1074.76362191
1380 -1084.38966986 -1093.33535616 -1075.44398356
1381 -1085.07093287 -1094.01752054 -1076.12434520
1382 -1085.75219589 -1094.69968493 -1076.80470684
1383 -1086.43345890 -1095.38184931 -1077.48506849
1384 -1087.11472191 -1096.06401369 -1078.16543013
1385 -1087.79598493 -1096.74617808 -1078.84579178
1386 -1088.47724794 -1097.42834246 -1079.52615342
1387 -1089.15851095 -1098.11050684 -1080.20651506
1388 -1089.83977397 -1098.79267123 -1080.88687671
1389 -1090.52103698 -1099.47483561 -1081.56723835
1390 -1091.20230000 -1100.15700000 -1082.24760000
1391 -1091.88356301 -1100.83916438 -1082.92796164
1392 -1092.56482602 -1101.52132876 -1083.60832328
1393 -1093.24608904 -1102.20349315 -1084.28868493
1394 -1093.92735205 -1102.88565753 -1084.96904657
1395 -1094.60861506 -1103.56782191 -1085.64940821
1396 -1095.28987808 -1104.24998630 -1086.32976986
1397 -1095.97114109 -1104.93215068 -1087.01013150
1398 -1096.65240410 -1105.61431506 -1087.69049315
1399 -1097.33366712 -1106.29647945 -1088.37085479
1400 -1098.01493013 -1106.97864383 -1089.05121643
1401 -1098.69619315 -1107.66080821 -1089.73157808
1402 -1099.37745616 -1108.34297260 -1090.41193972
1403 -1100.05871917 -1109.02513698 -1091.09230136
1404 -1100.73998219 -1109.70730136 -1091.77266301
1405 -1101.42124520 -1110.38946575 -1092.45302465
1406 -1102.10250821 -1111.07163013 -1093.13338630
1407 -1102.78377123 -1111.75379452 -1093.81374794
1408 -1103.46503424 -1112.43595890 -1094.49410958
1409 -1104.14629726 -1113.11812328 -1095.17447123
1410 -1104.82756027 -1113.80028767 -1095.85483287
1411 -1105.50882328 -1114.48245205 -1096.53519452
1412 -1106.19008630 -1115.16461643 -1097.21555616
1413 -1106.87134931 -1115.84678082 -1097.89591780
1414 -1107.55261232 -1116.52894520 -1098.57627945
1415 -1108.23387534 -1117.21110958 -1099.25664109
1416 -1108.91513835 -1117.89327397 -1099.93700273
1417 -1109.59640136 -1118.57543835 -1100.61736438
1418 -1110.27766438 -1119.25760273 -1101.29772602
1419 -1110.95892739 -1119.93976712 -1101.97808767
1420 -1111.64019041 -1120.62193150 -1102.65844931
1421 -1112.32145342 -1121.30409589 -1103.33881095
1422 -1113.00271643 -1121.98626027 -1104.01917260
1423 -1113.68397945 -1122.66842465 -1104.69953424
1424 -1114.36524246 -1123.35058904 -1105.37989589
1425 -1115.04650547 -1124.03275342 -1106.06025753
1426 -1115.72776849 -1124.71491780 -1106.74061917
1427 -1116.40903150 -1125.39708219 -1107.42098082
1428 -1117.09029452 -1126.07924657 -1108.10134246
1429 -1117.77155753 -1126.76141095 -1108.78170410
1430 -1118.45282054 -1127.44357534 -1109.46206575
1431 -1119.13408356 -1128.12573972 -1110.14242739
1432 -1119.81534657 -1128.80790410 -1110.82278904
1433 -1120.49660958 -1129.49006849 -1111.50315068
1434 -1121.17787260 -1130.17223287 -1112.18351232
1435 -1121.85913561 -1130.85439726 -1112.86387397
1436 -1122.54039863 -1131.53656164 -1113.54423561
1437 -1123.22166164 -1132.21872602 -1114.22459726
1438 -1123.90292465 -1132.90089041 -1114.90495890
1439 -1124.58418767 -1133.58305479 -1115.58532054
1440 -1125.26545068 -1134.26521917 -1116.26568219
1441 -1125.94671369 -1134.94738356 -1116.94604383
1442 -1126.62797671 -1135.62954794 -1117.62640547
1443 -1127.30923972 -1136.31171232 -1118.30676712
1444 -1127.99050273 -1136.99387671 -1118.98712876
1445 -1128.67176575 -1137.67604109 -1119.66749041
1446 -1129.35302876 -1138.35820547 -1120.34785205
1447 -1130.03429178 -1139.04036986 -1121.02821369
1448 -1130.71555479 -1139.72253424 -1121.70857534
1449 -1131.39681780 -1140.40469863 -1122.38893698
1450 -1132.07808082 -1141.08686301 -1123.06929863
1451 -1132.75934383 -1141.76902739 -1123.74966027
1452 -1133.44060684 -1142.45119178 -1124.43002191
1453 -1134.12186986 -1143.13335616 -1125.11038356
1454 -1134.80313287 -1143.81552054 -1125.79074520
1455 -1135.48439589 -1144.49768493 -1126.47110684
1456 -1136.16565890 -1145.17984931 -1127.15146849
1457 -1136.84692191 -1145.86201369 -1127.83183013
1458 -1137.52818493 -1146.54417808 -1128.51219178
1459 -1138.20944794 -1147.22634246 -1129.19255342
1460 -1138.89071095 -1147.90850684 -1129.87291506
1461 -1139.57197397 -1148.59067123 -1130.55327671
1462 -1140.25323698 -1149.27283561 -1131.23363835
1463 -1140.93450000 -1149.95500000 -1131.91400000
1464 -1141.58186027 -1150.61336712 -1132.55035342
1465 -1142.22922054 -1151.27173424 -1133.18670684
1466 -1142.87658082 -1151.93010136 -1133.82306027
1467 -1143.52394109 -1152.58846849 -1134.45941369
1468 -1144.17130136 -1153.24683561 -1135.09576712
1469 -1144.81866164 -1153.90520273 -1135.73212054
1470 -1145.46602191 -1154.56356986 -1136.36847397
1471 -1146.11338219 -1155.22193698 -1137.00482739
1472 -1146.76074246 -1155.88030410 -1137.64118082
1473 -1147.40810273 -1156.53867123 -1138.27753424
1474 -1148.05546301 -1157.19703835 -1138.91388767
1475 -1148.70282328 -1157.85540547 -1139.55024109
1476 -1149.35018356 -1158.51377260 -1140.18659452
1477 -1149.99754383 -1159.17213972 -1140.82294794
1478 -1150.64490410 -1159.83050684 -1141.45930136
1479 -1151.29226438 -1160.48887397 -1142.09565479
1480 -1151.93962465 -1161.14724109 -1142.73200821
1481 -1152.58698493 -1161.80560821 -1143.36836164
1482 -1153.23434520 -1162.46397534 -1144.00471506
1483 -1153.88170547 -1163.12234246 -1144.64106849
1484 -1154.52906575 -1163.78070958 -1145.27742191
1485 -1155.17642602 -1164.43907671 -1145.91377534
1486 -1155.82378630 -1165.09744383 -1146.55012876
1487 -1156.47114657 -1165.75581095 -1147.18648219
1488 -1157.11850684 -1166.41417808 -1147.82283561
1489 -1157.76586712 -1167.07254520 -1148.45918904
1490 -1158.41322739 -1167.73091232 -1149.09554246
1491 -1159.06058767 -1168.38927945 -1149.73189589
1492 -1159.70794794 -1169.04764657 -1150.36824931
1493 -1160.35530821 -1169.70601369 -1151.00460273
1494 -1161.00266849 -1170.36438082 -1151.64095616
1495 -1161.65002876 -1171.02274794 -1152.27730958
1496 -1162.29738904 -1171.68111506 -1152.91366301
1497 -1162.94474931 -1172.33948219 -1153.55001643
1498 -1163.59210958 -1172.99784931 -1154.18636986
1499 -1164.23946986 -1173.65621643 -1154.82272328
1500 -1164.88683013 -1174.31458356 -1155.45907671
1501 -1165.53419041 -1174.97295068 -1156.09543013
1502 -1166.18155068 -1175.63131780 -1156.73178356
1503 -1166.82891095 -1176.28968493 -1157.36813698
1504 -1167.47627123 -1176.94805205 -1158.00449041
1505 -1168.12363150 -1177.60641917 -1158.64084383
1506 -1168.77099178 -1178.26478630 -1159.27719726
1507 -1169.41835205 -1178.92315342 -1159.91355068
1508 -1170.06571232 -1179.58152054 -1160.54990410
1509 -1170.71307260 -1180.23988767 -1161.18625753
1510 -1171.36043287 -1180.89825479 -1161.82261095
1511 -1172.00779315 -1181.55662191 -1162.45896438
1512 -1172.65515342 -1182.21498904 -1163.09531780
1513 -1173.30251369 -1182.87335616 -1163.73167123
1514 -1173.94987397 -1183.53172328 -1164.36802465
1515 -1174.59723424 -1184.19009041 -1165.00437808
1516 -1175.24459452 -1184.84845753 -1165.64073150
1517 -1175.89195479 -1185.50682465 -1166.27708493
1518 -1176.53931506 -1186.16519178 -1166.91343835
1519 -1177.18667534 -1186.82355890 -1167.54979178
1520 -1177.83403561 -1187.48192602 -1168.18614520
1521 -1178.48139589 -1188.14029315 -1168.82249863
1522 -1179.12875616 -1188.79866027 -1169.45885205
1523 -1179.77611643 -1189.45702739 -1170.09520547
1524 -1180.42347671 -1190.11539452 -1170.73155890
1525 -1181.07083698 -1190.77376164 -1171.36791232
1526 -1181.71819726 -1191.43212876 -1172.00426575
1527 -1182.36555753 -1192.09049589 -1172.64061917
1528 -1183.01291780 -1192.74886301 -1173.27697260
1529 -1183.66027808 -1193.40723013 -1173.91332602
1530 -1184.30763835 -1194.06559726 -1174.54967945
1531 -1184.95499863 -1194.72396438 -1175.18603287
1532 -1185.60235890 -1195.38233150 -1175.82238630
1533 -1186.24971917 -1196.04069863 -1176.45873972
1534 -1186.89707945 -1196.69906575 -1177.09509315
1535 -1187.54443972 -1197.35743287 -1177.73144657
1536 -1188.19180000 -1198.01580000 -1178.36780000
1537 -1188.83916027 -1198.67416712 -1179.00415342
1538 -1189.48652054 -1199.33253424 -1179.64050684
1539 -1190.13388082 -1199.99090136 -1180.27686027
1540 -1190.78124109 -1200.64926849 -1180.91321369
1541 -1191.42860136 -1201.30763561 -1181.54956712
1542 -1192.07596164 -1201.96600273 -1182.18592054
1543 -1192.72332191 -1202.62436986 -1182.82227397
1544 -1193.37068219 -1203.28273698 -1183.45862739
1545 -1194.01804246 -1203.94110410 -1184.09498082
1546 -1194.66540273 -1204.59947123 -1184.73133424
1547 -1195.31276301 -1205.25783835 -1185.36768767
1548 -1195.96012328 -1205.91620547 -1186.00404109
1549 -1196.60748356 -1206.57457260 -1186.64039452
1550 -1197.25484383 -1207.23293972 -1187.27674794
1551 -1197.90220410 -1207.89130684 -1187.91310136
1552 -1198.54956438 -1208.54967397 -1188.54945479
1553 -1199.19692465 -1209.20804109 -1189.18580821
1554 -1199.84428493 -1209.86640821 -1189.82216164
1555 -1200.49164520 -1210.52477534 -1190.45851506
1556 -1201.13900547 -1211.18314246 -1191.09486849
1557 -1201.78636575 -1211.84150958 -1191.73122191
1558 -1202.43372602 -1212.49987671 -1192.36757534
1559 -1203.08108630 -1213.15824383 -1193.00392876
1560 -1203.72844657 -1213.81661095 -1193.64028219
1561 -1204.37580684 -1214.47497808 -1194.27663561
1562 -1205.02316712 -1215.13334520 -1194.91298904
1563 -1205.67052739 -1215.79171232 -1195.54934246
1564 -1206.31788767 -1216.45007945 -1196.18569589
1565 -1206.96524794 -1217.10844657 -1196.82204931
1566 -1207.61260821 -1217.76681369 -1197.45840273
1567 -1208.25996849 -1218.42518082 -1198.09475616
1568 -1208.90732876 -1219.08354794 -1198.73110958
1569 -1209.55468904 -1219.74191506 -1199.36746301
1570 -1210.20204931 -1220.40028219 -1200.00381643
1571 -1210.84940958 -1221.05864931 -1200.64016986
1572 -1211.49676986 -1221.71701643 -1201.27652328
1573 -1212.14413013 -1222.37538356 -1201.91287671
1574 -1212.79149041 -1223.03375068 -1202.54923013
1575 -1213.43885068 -1223.69211780 -1203.18558356
1576 -1214.08621095 -1224.35048493 -1203.82193698
1577 -1214.73357123 -1225.00885205 -1204.45829041
1578 -1215.38093150 -1225.66721917 -1205.09464383
1579 -1216.02829178 -1226.32558630 -1205.73099726
1580 -1216.67565205 -1226.98395342 -1206.36735068
1581 -1217.32301232 -1227.64232054 -1207.00370410
1582 -1217.97037260 -1228.30068767 -1207.64005753
1583 -1218.61773287 -1228.95905479 -1208.27641095
1584 -1219.26509315 -1229.61742191 -1208.91276438
1585 -1219.91245342 -1230.27578904 -1209.54911780
1586 -1220.55981369 -1230.93415616 -1210.18547123
1587 -1221.20717397 -1231.59252328 -1210.82182465
1588 -1221.85453424 -1232.25089041 -1211.45817808
1589 -1222.50189452 -1232.90925753 -1212.09453150
1590 -1223.14925479 -1233.56762465 -1212.73088493
1591 -1223.79661506 -1234.22599178 -1213.36723835
1592 -1224.44397534 -1234.88435890 -1214.00359178
1593 -1225.09133561 -1235.54272602 -1214.63994520
1594 -1225.73869589 -1236.20109315 -1215.27629863
1595 -1226.38605616 -1236.85946027 -1215.91265205
1596 -1227.03341643 -1237.51782739 -1216.54900547
1597 -1227.68077671 -1238.17619452 -1217.18535890
1598 -1228.32813698 -1238.83456164 -1217.82171232
1599 -1228.97549726 -1239.49292876 -1218.45806575
1600 -1229.62285753 -1240.15129589 -1219.09441917
1601 -1230.27021780 -1240.80966301 -1219.73077260
1602 -1230.91757808 -1241.46803013 -1220.36712602
1603 -1231.56493835 -1242.12639726 -1221.00347945
1604 -1232.21229863 -1242.78476438 -1221.63983287
1605 -1232.85965890 -1243.44313150 -1222.27618630
1606 -1233.50701917 -1244.10149863 -1222.91253972
1607 -1234.15437945 -1244.75986575 -1223.54889315
1608 -1234.80173972 -1245.41823287 -1224.18524657
1609 -1235.44910000 -1246.07660000 -1224.82160000
1610 -1236.09646027 -1246.73496712 -1225.45795342
1611 -1236.74382054 -1247.39333424 -1226.09430684
1612 -1237.39118082 -1248.05170136 -1226.73066027
1613 -1238.03854109 -1248.71006849 -1227.36701369
1614 -1238.68590136 -1249.36843561 -1228.00336712
1615 -1239.33326164 -1250.02680273 -1228.63972054
1616 -1239.98062191 -1250.68516986 -1229.27607397
1617 -1240.62798219 -1251.34353698 -1229.91242739
1618 -1241.27534246 -1252.00190410 -1230.54878082
1619 -1241.92270273 -1252.66027123 -1231.18513424
1620 -1242.57006301 -1253.31863835 -1231.82148767
1621 -1243.21742328 -1253.97700547 -1232.45784109
1622 -1243.86478356 -1254.63537260 -1233.09419452
1623 -1244.51214383 -1255.29373972 -1233.73054794
1624 -1245.15950410 -1255.95210684 -1234.36690136
1625 -1245.80686438 -1256.61047397 -1235.00325479
1626 -1246.45422465 -1257.26884109 -1235.63960821
1627 -1247.10158493 -1257.92720821 -1236.27596164
1628 -1247.74894520 -1258.58557534 -1236.91231506
1629 -1248.39630547 -1259.24394246 -1237.54866849
1630 -1249.04366575 -1259.90230958 -1238.18502191
1631 -1249.69102602 -1260.56067671 -1238.82137534
1632 -1250.33838630 -1261.21904383 -1239.45772876
1633 -1250.98574657 -1261.87741095 -1240.09408219
1634 -1251.63310684 -1262.53577808 -1240.73043561
1635 -1252.28046712 -1263.19414520 -1241.36678904
1636 -1252.92782739 -1263.85251232 -1242.00314246
1637 -1253.57518767 -1264.51087945 -1242.63949589
1638 -1254.22254794 -1265.16924657 -1243.27584931
1639 -1254.86990821 -1265.82761369 -1243.91220273
1640 -1255.51726849 -1266.48598082 -1244.54855616
1641 -1256.16462876 -1267.14434794 -1245.18490958
1642 -1256.81198904 -1267.80271506 -1245.82126301
1643 -1257.45934931 -1268.46108219 -1246.45761643
1644 -1258.10670958 -1269.11944931 -1247.09396986
1645 -1258.75406986 -1269.77781643 -1247.73032328
1646 -1259.40143013 -1270.43618356 -1248.36667671
1647 -1260.04879041 -1271.09455068 -1249.00303013
1648 -1260.69615068 -1271.75291780 -1249.63938356
1649 -1261.34351095 -1272.41128493 -1250.27573698
1650 -1261.99087123 -1273.06965205 -1250.91209041
1651 -1262.63823150 -1273.72801917 -1251.54844383
1652 -1263.28559178 -1274.38638630 -1252.18479726
1653 -1263.93295205 -1275.04475342 -1252.82115068
1654 -1264.58031232 -1275.70312054 -1253.45750410
1655 -1265.22767260 -1276.36148767 -1254.09385753
1656 -1265.87503287 -1277.01985479 -1254.73021095
1657 -1266.52239315 -1277.67822191 -1255.36656438
1658 -1267.16975342 -1278.33658904 -1256.00291780
1659 -1267.81711369 -1278.99495616 -1256.63927123
1660 -1268.46447397 -1279.65332328 -1257.27562465
1661 -1269.11183424 -1280.31169041 -1257.91197808
1662 -1269.75919452 -1280.97005753 -1258.54833150
1663 -1270.40655479 -1281.62842465 -1259.18468493
1664 -1271.05391506 -1282.28679178 -1259.82103835
1665 -1271.70127534 -1282.94515890 -1260.45739178
1666 -1272.34863561 -1283.60352602 -1261.09374520
1667 -1272.99599589 -1284.26189315 -1261.73009863
1668 -1273.64335616 -1284.92026027 -1262.36645205
1669 -1274.29071643 -1285.57862739 -1263.00280547
1670 -1274.93807671 -1286.23699452 -1263.63915890
1671 -1275.58543698 -1286.89536164 -1264.27551232
1672 -1276.23279726 -1287.55372876 -1264.91186575
1673 -1276.88015753 -1288.21209589 -1265.54821917
1674 -1277.52751780 -1288.87046301 -1266.18457260
1675 -1278.17487808 -1289.52883013 -1266.82092602
1676 -1278.82223835 -1290.18719726 -1267.45727945
1677 -1279.46959863 -1290.84556438 -1268.09363287
1678 -1280.11695890 -1291.50393150 -1268.72998630
1679 -1280.76431917 -1292.16229863 -1269.36633972
1680 -1281.41167945 -1292.82066575 -1270.00269315
1681 -1282.05903972 -1293.47903287 -1270.63904657
1682 -1282.70640000 -1294.13740000 -1271.27540000
1683 -1283.35376027 -1294.79576712 -1271.91175342
1684 -1284.00112054 -1295.45413424 -1272.54810684
1685 -1284.64848082 -1296.11250136 -1273.18446027
1686 -1285.29584109 -1296.77086849 -1273.82081369
1687 -1285.94320136 -1297.42923561 -1274.45716712
1688 -1286.59056164 -1298.08760273 -1275.09352054
1689 -1287.23792191 -1298.74596986 -1275.72987397
1690 -1287.88528219 -1299.40433698 -1276.36622739
1691 -1288.53264246 -1300.06270410 -1277.00258082
1692 -1289.18000273 -1300.72107123 -1277.63893424
1693 -1289.82736301 -1301.37943835 -1278.27528767
1694 -1290.47472328 -1302.03780547 -1278.91164109
1695 -1291.12208356 -1302.69617260 -1279.54799452
1696 -1291.76944383 -1303.35453972 -1280.18434794
1697 -1292.41680410 -1304.01290684 -1280.82070136
1698 -1293.06416438 -1304.67127397 -1281.45705479
1699 -1293.71152465 -1305.32964109 -1282.09340821
1700 -1294.35888493 -1305.98800821 -1282.72976164
1701 -1295.00624520 -1306.64637534 -1283.36611506
1702 -1295.65360547 -1307.30474246 -1284.00246849
1703 -1296.30096575 -1307.96310958 -1284.63882191
1704 -1296.94832602 -1308.62147671 -1285.27517534
1705 -1297.59568630 -1309.27984383 -1285.91152876
1706 -1298.24304657 -1309.93821095 -1286.54788219
1707 -1298.89040684 -1310.59657808 -1287.18423561
1708 -1299.53776712 -1311.25494520 -1287.82058904
1709 -1300.18512739 -1311.91331232 -1288.45694246
1710 -1300.83248767 -1312.57167945 -1289.09329589
1711 -1301.47984794 -1313.23004657 -1289.72964931
1712 -1302.12720821 -1313.88841369 -1290.36600273
1713 -1302.77456849 -1314.54678082 -1291.00235616
1714 -1303.42192876 -1315.20514794 -1291.63870958
1715 -1304.06928904 -1315.86351506 -1292.27506301
1716 -1304.71664931 -1316.52188219 -1292.91141643
1717 -1305.36400958 -1317.18024931 -1293.54776986
1718 -1306.01136986 -1317.83861643 -1294.18412328
1719 -1306.65873013 -1318.49698356 -1294.82047671
1720 -1307.30609041 -1319.15535068 -1295.45683013
1721 -1307.95345068 -1319.81371780 -1296.09318356
1722 -1308.60081095 -1320.47208493 -1296.72953698
1723 -1309.24817123 -1321.13045205 -1297.36589041
1724 -1309.89553150 -1321.78881917 -1298.00224383
1725 -1310.54289178 -1322.44718630 -1298.63859726
1726 -1311.19025205 -1323.10555342 -1299.27495068
1727 -1311.83761232 -1323.76392054 -1299.91130410
1728 -1312.48497260 -1324.42228767 -1300.54765753
1729 -1313.13233287 -1325.08065479 -1301.18401095
1730 -1313.77969315 -1325.73902191 -1301.82036438
1731 -1314.42705342 -1326.39738904 -1302.45671780
1732 -1315.07441369 -1327.05575616 -1303.09307123
1733 -1315.72177397 -1327.71412328 -1303.72942465
1734 -1316.36913424 -1328.37249041 -1304.36577808
1735 -1317.01649452 -1329.03085753 -1305.00213150
1736 -1317.66385479 -1329.68922465 -1305.63848493
1737 -1318.31121506 -1330.34759178 -1306.27483835
1738 -1318.95857534 -1331.00595890 -1306.91119178
1739 -1319.60593561 -1331.66432602 -1307.54754520
1740 -1320.25329589 -1332.32269315 -1308.18389863
1741 -1320.90065616 -1332.98106027 -1308.82025205
1742 -1321.54801643 -1333.63942739 -1309.45660547
1743 -1322.19537671 -1334.29779452 -1310.09295890
1744 -1322.84273698 -1334.95616164 -1310.72931232
1745 -1323.49009726 -1335.61452876 -1311.36566575
1746 -1324.13745753 -1336.27289589 -1312.00201917
1747 -1324.78481780 -1336.93126301 -1312.63837260
1748 -1325.43217808 -1337.58963013 -1313.27472602
1749 -1326.07953835 -1338.24799726 -1313.91107945
1750 -1326.72689863 -1338.90636438 -1314.54743287
1751 -1327.37425890 -1339.56473150 -1315.18378630
1752 -1328.02161917 -1340.22309863 -1315.82013972
1753 -1328.66897945 -1340.88146575 -1316.45649315
1754 -1329.31633972 -1341.53983287 -1317.09284657
1755 -1329.96370000 -1342.19820000 -1317.72920000
1756 -1330.61106027 -1342.85656712 -1318.36555342
1757 -1331.25842054 -1343.51493424 -1319.00190684
1758 -1331.90578082 -1344.17330136 -1319.63826027
1759 -1332.55314109 -1344.83166849 -1320.27461369
1760 -1333.20050136 -1345.49003561 -1320.91096712
1761 -1333.84786164 -1346.14840273 -1321.54732054
1762 -1334.49522191 -1346.80676986 -1322.18367397
1763 -1335.14258219 -1347.46513698 -1322.82002739
1764 -1335.78994246 -1348.12350410 -1323.45638082
1765 -1336.43730273 -1348.78187123 -1324.09273424
1766 -1337.08466301 -1349.44023835 -1324.72908767
1767 -1337.73202328 -1350.09860547 -1325.36544109
1768 -1338.37938356 -1350.75697260 -1326.00179452
1769 -1339.02674383 -1351.41533972 -1326.63814794
1770 -1339.67410410 -1352.07370684 -1327.27450136
1771 -1340.32146438 -1352.73207397 -1327.91085479
1772 -1340.96882465 -1353.39044109 -1328.54720821
1773 -1341.61618493 -1354.04880821 -1329.18356164
1774 -1342.26354520 -1354.70717534 -1329.81991506
1775 -1342.91090547 -1355.36554246 -1330.45626849
1776 -1343.55826575 -1356.02390958 -1331.09262191
1777 -1344.20562602 -1356.68227671 -1331.72897534
1778 -1344.85298630 -1357.34064383 -1332.36532876
1779 -1345.50034657 -1357.99901095 -1333.00168219
1780 -1346.14770684 -1358.65737808 -1333.63803561
1781 -1346.79506712 -1359.31574520 -1334.27438904
1782 -1347.44242739 -1359.97411232 -1334.91074246
1783 -1348.08978767 -1360.63247945 -1335.54709589
1784 -1348.73714794 -1361.29084657 -1336.18344931
1785 -1349.38450821 -1361.94921369 -1336.81980273
1786 -1350.03186849 -1362.60758082 -1337.45615616
1787 -1350.67922876 -1363.26594794 -1338.09250958
1788 -1351.32658904 -1363.92431506 -1338.72886301
1789 -1351.97394931 -1364.58268219 -1339.36521643
1790 -1352.62130958 -1365.24104931 -1340.00156986
1791 -1353.26866986 -1365.89941643 -1340.63792328
1792 -1353.91603013 -1366.55778356 -1341.27427671
1793 -1354.56339041 -1367.21615068 -1341.91063013
1794 -1355.21075068 -1367.87451780 -1342.54698356
1795 -1355.85811095 -1368.53288493 -1343.18333698
1796 -1356.50547123 -1369.19125205 -1343.81969041
1797 -1357.15283150 -1369.84961917 -1344.45604383
1798 -1357.80019178 -1370.50798630 -1345.09239726
1799 -1358.44755205 -1371.16635342 -1345.72875068
1800 -1359.09491232 -1371.82472054 -1346.36510410
1801 -1359.74227260 -1372.48308767 -1347.00145753
1802 -1360.38963287 -1373.14145479 -1347.63781095
1803 -1361.03699315 -1373.79982191 -1348.27416438
1804 -1361.68435342 -1374.45818904 -1348.91051780
1805 -1362.33171369 -1375.11655616 -1349.54687123
1806 -1362.97907397 -1375.77492328 -1350.18322465
1807 -1363.62643424 -1376.43329041 -1350.81957808
1808 -1364.27379452 -1377.09165753 -1351.45593150
1809 -1364.92115479 -1377.75002465 -1352.09228493
1810 -1365.56851506 -1378.40839178 -1352.72863835
1811 -1366.21587534 -1379.06675890 -1353.36499178
1812 -1366.86323561 -1379.72512602 -1354.00134520
1813 -1367.51059589 -1380.38349315 -1354.63769863
1814 -1368.15795616 -1381.04186027 -1355.27405205
1815 -1368.80531643 -1381.70022739 -1355.91040547
1816 -1369.45267671 -1382.35859452 -1356.54675890
1817 -1370.10003698 -1383.01696164 -1357.18311232
1818 -1370.74739726 -1383.67532876 -1357.81946575
1819 -1371.39475753 -1384.33369589 -1358.45581917
1820 -1372.04211780 -1384.99206301 -1359.09217260
1821 -1372.68947808 -1385.65043013 -1359.72852602
1822 -1373.33683835 -1386.30879726 -1360.36487945
1823 -1373.98419863 -1386.96716438 -1361.00123287
1824 -1374.63155890 -1387.62553150 -1361.63758630
1825 -1375.27891917 -1388.28389863 -1362.27393972
1826 -1375.92627945 -1388.94226575 -1362.91029315
1827 -1376.57363972 -1389.60063287 -1363.54664657
1828 -1377.22100000 -1390.25900000 -1364.18300000
