 1.89204016120243
2 2.99504039631632
1 4.09762903849125
4 5.2002937898736
5 6.30303465497007
6 7.40585161443331
7 8.43593271281585
8 9.46608404750006
9 10.4963754213792
10 11.5267370694216
11 12.5571689847284
12 13.5876711742002
13 14.6182436309355
14 15.6524488526848
15 16.6867246287496
16 17.7220579062999
17 18.7574621770914
18 19.7929374480335
19 20.828483715672
20 21.8641009800087
21 22.8997892375831
22 23.9355484953125
23 24.9745688364857
24 26.0136615874369
25 27.0528267550866
26 28.0920643359779
27 29.1313743266436
28 30.1707567340105
29 31.2102115511535
30 32.3021416937052
31 33.3941485801504
32 34.486232207021
33 35.5783925812508
34 36.6748968211667
35 37.7714798045927
36 38.8681415384693
37 39.9648820193233
38 41.0617012436864
39 42.1585992184993
40 43.255575940293
41 44.3526314055924
42 45.4497656213442
43 46.546978584075
44 47.6442702903106
45 48.7416407469996
46 49.8390899506693
47 50.9366178978403
48 52.034224595469
49 53.1319100400767
50 54.2296742281831
51 55.3275171667498
52 56.4254388522956
53 57.5234392813383
54 58.6215184608438
55 59.7196763873293
56 60.8179130573074
57 61.9162284777501
58 63.0146226451736
59 64.1130955560871
60 65.2116472174678
61 66.3102776258311
62 67.4167210130557
63 68.5232438171417
64 69.6296713721218
65 70.7361782434719
66 71.8427644495999
67 72.9494299641649
68 74.0561747950946
69 75.1629989608083
70 76.2699024349573
71 77.37688522547
72 78.4839473507678
73 79.5910887845007
74 80.6983095345931
75 81.8056096194757
76 82.9129890127926
77 84.0204477224672
78 85.1279857669364
79 86.2356031198355
80 87.3432997890898
81 88.4510757931438
82 89.5589311056278
83 90.6668657344643
84 91.7748796981023
85 92.8829729701702
86 93.991145558588
87 95.0993974818118
88 96.2077287134628
89 97.3161392614611
90 98.4246291442714
91 99.5331983355047
92 100.668851747532
93 101.804586775992
94 102.941672335451
95 104.078840120615
96 105.216090101577
97 106.35342230473
98 107.490836710715
99 108.628333335374
100 109.765912159344
101 110.903573197588
102 112.041316454505
103 113.179141914256
104 114.317049592678
105 115.45503947041
106 116.593111573863
107 117.731265873098
108 118.869502394531
109 120.0078211188
110 121.146222050292
111 122.284705203982
112 123.42327056051
113 124.561918135707
114 125.700647910205
115 126.839459910441
116 127.978354106447
117 129.117330528189
118 130.256389145699
119 131.39552997396
120 132.534753027962
121 133.674058277729
122 134.813445749698
123 135.952915424509
124 137.092467317984
125 138.234012325621
126 139.37564046265
127 140.517351713251
128 141.659146085332
129 142.801023586802
130 143.942984201848
131 145.085027949831
132 146.22715480429
133 147.369364795236
134 148.511657896208
135 149.654034126566
136 150.796493470499
137 151.939035935915
138 153.081661530718
139 154.224370239097
140 155.367162080417
141 156.510037028203
142 157.652995112487
143 158.796036306792
144 159.939160630483
145 161.082368067749
146 162.2256586265
147 163.369032314633
148 164.512489116344
149 165.656029051004
150 166.799652092116
151 167.943358269739
152 169.087147557377
153 170.231019974399
154 171.374975504999
155 172.536410324073
156 173.69793650815
157 174.859554034294
158 176.021262925442
159 177.183063158656
160 178.344954760449
161 179.506937700731
162 180.669012006023
163 181.831177653377
164 182.993434654267
165 184.155783020163
166 185.318222728123
167 186.48075380109
168 187.64337621612
169 188.806089996159
170 189.968895118258
171 191.131791608951
172 192.294779438121
173 193.457858620825
174 194.621029168544
175 195.784291058318
176 196.947644313107
177 198.11108890995
178 199.27462487181
179 200.438252175725
180 201.601970844656
181 202.76578085564
182 203.941366178453
183 205.11704394049
184 206.29281416831
185 207.468676838943
186 208.644631975359
187 209.820679554588
188 210.98712816631
189 212.153664611944
190 213.320288921661
191 214.487001068887
192 215.653801076599
193 216.82068891822
194 217.987664623927
195 219.154728167144
196 220.321879570847
197 221.489118808454
198 222.656445910153
199 223.823860849359
200 224.991363645447
201 226.158954282646
202 227.326632780338
203 228.494399115532
204 229.662253307608
205 230.830195352292
206 231.99822523448
207 233.166342973547
208 234.334548553727
209 235.502841994403
210 236.671223272579
211 237.839692407634
212 239.008249383805
213 240.176894220473
214 241.345626894639
215 242.514447425682
216 243.683355797843
217 244.853567447575
218 246.023867508411
219 247.19425600335
220 248.364732905765
221 249.535298245911
222 250.705951997156
223 251.876694182509
224 253.047524778959
225 254.218443809518
226 255.389451251175
227 256.56054712331
228 257.731731421677
229 258.903004131142
230 260.074365274718
231 261.245814829388
232 262.41735281817
233 263.588979218046
234 264.760694048399
235 265.932497293479
236 267.104388972673
237 268.276369062959
238 269.448437587359
239 270.620594522852
240 271.79283989246
241 272.965173669516
242 274.137595884328
243 275.310106510233
244 276.482705570253
245 277.653841120689
246 278.825064373989
247 279.996375314416
248 281.167773957705
249 282.339260288121
250 283.510834325048
251 284.682496053322
252 285.854245468722
253 287.026082590636
254 288.198007392373
255 289.370019904278
256 290.542120096002
257 291.714307997898
258 292.886583583267
259 294.058946871496
260 295.231397846854
261 296.403936525072
262 297.57656289042
263 298.749276962288
264 299.922078713964
265 301.094968175822
266 302.267945317487
267 303.441010169335
268 304.614162704651
269 305.787402942825
270 306.960730868131
271 308.134146499961
272 309.307649811589
273 310.481240833409
274 311.597643126447
275 312.714128032434
276 313.834663647499
277 314.955283611565
278 316.075987897894
279 317.196776536899
280 318.317649501838
281 319.438606815781
282 320.559648451983
283 321.680774440866
284 322.801984755681
285 323.923279419502
286 325.044658409256
287 326.166121744335
288 327.287669409026
289 328.409301422725
290 329.531017762355
291 330.652818447309
292 331.774703461875
293 332.896672825452
294 334.018726514957
295 335.140864549784
296 336.263086914228
297 337.385393627681
298 338.507784667062
299 339.630260055455
300 340.752819766082
301 341.875463829414
302 342.998192218669
303 344.121004956941
304 345.243902017441
305 346.36688343065
306 347.489949169782
307 348.612161105585
308 349.734456962475
309 350.856836756152
310 351.97930046722
311 353.101848122473
312 354.224479691414
313 355.347195200842
314 356.469994631361
315 357.592877998666
316 358.715845283356
317 359.83889651224
318 360.962031654806
319 362.085250737861
320 363.208553742006
321 364.331940682937
322 365.455411541251
323 366.578966343766
324 367.702605059954
325 368.826327716637
326 369.950134294411
327 371.074024808968
328 372.197999240904
329 373.322057617051
330 374.446199906863
331 375.57042613717
332 376.694736288572
333 377.819130376756
334 378.943608382316
335 380.068170332095
336 381.192816195528
337 382.315003251439
338 383.437273124634
339 384.559625838238
340 385.682061369124
341 386.80457974042
342 387.927180928998
343 389.049864957988
344 390.172631804256
345 391.295481490938
346 392.4184139949
347 393.541429339274
348 394.664527500929
349 395.787708502996
350 396.91097232234
351 398.034318982102
352 399.157748459137
353 400.281260776591
354 401.40485591132
355 402.528533886467
356 403.652294678886
357 404.776138311726
358 405.900064761838
359 407.02407405237
360 408.148166160173
361 409.272341108399
362 410.396598873895
363 411.520939479813
364 412.645362903
365 413.804856586822
366 414.96443619753
367 416.117953831262
368 417.271554646303
369 418.4252386733
370 419.579005885354
371 420.73285630187
372 421.88678990719
373 423.040806716972
374 424.194906715556
375 425.349089922359
376 426.503356310457
377 427.657705910524
378 428.812138695643
379 429.966654685223
380 431.121253863607
381 432.27593625021
382 433.430701818103
383 434.585550597974
384 435.740482559131
385 436.895497732267
386 438.050596090452
387 439.205777653095
388 440.361042404545
389 441.516390364216
390 442.671821505169
391 443.827335858108
392 444.982933396091
393 446.138614138531
394 447.294378069781
395 448.450225209255
396 449.606155541594
397 450.762169062743
398 451.918265788348
399 453.074445702763
400 454.230708825406
401 455.387055129313
402 456.543484645225
403 457.699997346172
404 458.856593251574
405 460.013272345788
406 461.170034648234
407 462.326880131937
408 463.483808827648
409 464.640820704614
410 465.797915793596
411 466.955094067609
412 468.112355546073
413 469.269700213354
414 470.427128088868
415 471.584639145629
416 472.742233414411
417 473.899910868224
418 475.057671526486
419 476.215515373565
420 477.373442425093
421 478.531452665437
422 479.689546114021
423 480.847722743842
424 482.005982585693
425 483.164325624179
426 484.322751843897
427 485.481261275649
428 486.639853892427
429 487.79852971365
430 488.957288723695
431 490.116130938185
432 491.275056341494
433 492.434064953049
434 493.593156745826
435 494.752331750649
436 495.911589940492
437 497.070931334778
438 498.230355917887
439 499.389863709245
440 500.549454681815
441 501.709128866439
442 502.868886236083
443 504.028726810167
444 505.188650573075
445 506.348657540424
446 507.508747696599
447 508.668921061026
448 509.829177606655
449 510.989517364349
450 512.149940307059
451 513.310446454205
452 514.471035790178
453 515.631708334407
454 516.792464059831
455 517.953302997328
456 519.114225127638
457 520.275230446777
458 521.436318974176
459 522.597490682762
460 523.758745603425
461 524.921173106103
462 526.083684289083
463 527.246279136765
464 528.408957664752
465 529.57171985744
466 530.734565734262
467 531.89749526813
468 533.060508489958
469 534.22360536883
470 535.386785935666
471 536.550050163377
472 537.713398071387
473 538.876829644104
474 540.040344897121
475 541.203943814845
476 542.367626412868
477 543.531392675598
478 544.695242622464
479 545.859176226364
480 547.023193518239
481 548.187294467142
482 549.351479104024
483 550.515747401775
484 551.680099379823
485 552.844535022581
486 554.009054345634
487 555.173657345037
488 556.338344005304
489 557.503114345869
490 558.667968351142
491 559.832906036712
492 560.997927386993
493 562.16303242142
494 563.328221112856
495 564.49349349229
496 565.658849528731
497 566.824289253173
498 567.989812638474
499 569.155419704069
500 570.321110434377
501 571.486884844978
502 572.652742920292
503 573.818684679756
504 574.984710096221
505 576.150819200693
506 577.317011962161
507 578.483288411641
508 579.649648518113
509 580.816092312603
510 581.982619767944
511 583.149230903575
512 584.315925703924
513 585.482704184562
514 586.649566329916
515 587.816512159428
516 588.983541657575
517 590.150654820441
518 591.317851663594
519 592.485132171465
520 593.652496363498
521 594.819944212504
522 595.987475749543
523 597.155090943553
524 598.3227898256
525 599.490572368494
526 600.658438591671
527 601.826388479572
528 602.994422047755
529 604.162539280661
530 605.330740197732
531 606.499024771764
532 607.667393033842
533 608.835844952881
534 610.004380559966
535 611.172999827893
536 612.3417027761
537 613.510489389035
538 614.679359682249
539 615.848313640188
540 617.017351278408
541 618.186472581357
542 619.355677568474
543 620.524966212536
544 621.694338544661
545 622.863794533728
546 624.033334210861
547 625.13886533074
548 626.244255296031
549 627.349503141045
550 628.454609518158
551 629.559574897048
552 630.599997806773
553 631.640080036755
554 632.679822279661
555 633.719225064892
556 634.758287065916
557 635.797009037766
558 636.835391443755
559 637.873433015568
560 638.911135053202
561 639.948496288258
562 640.985517861261
563 642.022198492032
564 643.058538908643
565 644.09453959402
566 645.130199260078
567 646.165518638849
568 647.200498225016
569 648.23513670313
570 649.269434824782
571 650.30339308864
572 651.33701017129
573 652.37028742016
574 653.403223531257
575 654.435819688594
576 655.46807456856
577 656.499988915227
578 657.531563246891
579 658.562796224264
580 659.593688610973
581 660.624240894262
582 661.65445176191
583 662.684321954281
584 663.713852001595
585 664.743041265403
586 665.771888982523
587 666.800395951895
588 667.828562680475
589 668.85638780503
590 669.883872116849
591 670.91101611512
592 671.937818448141
593 672.964279891795
594 673.990400964796
595 675.016181009032
596 676.041618664765
597 677.066716602041
598 678.091473469052
599 679.115888486658
600 680.139962469912
601 681.163695929954
602 682.187087491192
603 683.210137941585
604 684.232847823502
605 685.25521573005
606 686.277242464818
607 687.29892855856
608 688.320273349068
609 689.341275436917
610 690.361937556074
611 691.382258318877
612 692.402236945959
613 693.421874260638
614 694.441170809504
615 695.460125150037
616 696.47873810567
617 697.497010242666
618 698.514940863369
619 699.532528548379
620 700.549776091346
621 701.566682057283
622 702.58324501112
623 703.599467778032
624 704.615348915119
625 705.63088764649
626 706.646084795967
627 707.660940918404
628 708.675454566642
629 709.689626580279
630 710.703457518058
631 711.716946693727
632 712.730092624868
633 713.742898208115
634 714.755361953198
635 715.767482400788
636 716.779262448057
637 717.790700600612
638 718.801796082226
639 719.8125497329
640 720.822962131123
641 721.833032567171
642 722.842759557907
643 723.850468702515
644 724.857835232583
645 725.864857680933
646 726.871538946242
647 727.877877557626
648 728.883872008629
649 729.889525260853
650 730.894835788448
651 731.899803588704
652 732.904427158917
653 733.90870946119
654 734.912648965478
655 735.91624418857
656 736.919498088977
657 737.922409163897
658 738.924975886855
659 739.927201244148
660 740.929083721091
661 741.930621787063
662 742.93181844842
663 743.932672174609
664 744.933182963001
665 745.93334926328
666 746.933174109531
667 747.932655951507
668 748.931793262172
669 749.930589060291
670 750.929041815136
671 751.927149983796
672 752.924916612855
673 753.922340140001
674 754.91941985891
675 755.916156329958
676 756.912550488987
677 757.908600781109
678 758.904307786496
679 759.899672448865
680 760.894693909341
681 761.889370593239
682 762.883705607094
683 763.877697376294
684 764.871344321986
685 765.864649559085
686 766.857611508818
687 767.850229417627
688 768.842503904937
689 769.834435895429
690 770.826023813998
691 771.817268256692
692 772.808170156057
693 773.798728684322
694 774.788942215105
695 775.778813915345
696 776.768342186208
697 777.757526273897
698 778.746366774668
699 779.734864656595
700 780.723018328526
701 781.710828371069
702 782.698295756432
703 783.685418885288
704 784.672198342333
705 785.658635111658
706 786.644728310167
707 787.630477191558
708 788.615882348662
709 789.600944773497
710 790.585662831084
711 791.570037129824
712 792.554068654131
713 793.537755780602
714 794.521099105977
715 795.504099622544
716 796.486755691252
717 797.469067928421
718 798.451037330489
719 799.432663002234
720 800.413944177555
721 801.394881453409
722 802.375475857658
723 803.355725715587
724 804.335631655479
725 805.31519469761
726 806.294413147291
727 807.273287636918
728 808.251819186913
729 809.230006125902
730 810.207849964047
731 811.185349037885
732 812.16250511634
733 813.139316539556
734 814.105578580414
735 815.116900242298
736 816.171918526527
737 817.226836959631
738 818.281657984304
739 819.336379006373
740 820.391000959359
741 821.445523828342
742 822.499946821831
743 823.554271524398
744 824.608498070093
745 825.66262462092
746 826.716652090798
747 827.770580476584
748 828.824409018217
749 829.878139261328
750 830.931771367583
751 831.985303474704
752 833.038736520715
753 834.092070486688
754 835.145304600638
755 836.198440447912
756 837.251478166342
757 838.304415881827
758 839.357254540349
759 840.409993346256
760 841.462633885214
761 842.515175377051
762 843.56761874852
763 844.619962121069
764 845.672206452686
765 846.724350928063
766 847.77639714464
767 848.828345276023
768 849.880193407998
769 850.931942502806
770 851.98359173284
771 853.035142731562
772 854.086594691279
773 855.137948570446
774 856.189202458489
775 857.240357305716
776 858.291412296515
777 859.342369072459
778 860.393226825691
779 861.44398650719
780 862.49464619378
781 863.545206035452
782 864.595667662334
783 865.64603026643
784 866.696293856505
785 867.746459395145
786 868.7965249356
787 869.846490623851
788 870.896358137539
789 871.946126625446
790 872.995796095942
791 874.045367547607
792 875.094838169003
793 876.144210608355
794 877.193484049226
795 878.242658465074
796 879.291734885968
797 880.340711301391
798 881.389587885062
799 882.438366295423
800 883.487045716297
801 884.53562612887
802 885.584108551678
803 886.632490140851
804 887.68077358069
805 888.728958019507
806 889.777043473871
807 890.825029936771
808 891.872918431075
809 892.920706076465
810 893.968395593685
811 895.015986126798
812 896.0634776806
813 897.110870252183
814 898.15816401508
815 899.205358636176
816 900.252454285383
817 901.299450959803
818 902.346348667875
819 903.393147406706
820 904.439847334468
821 905.486448137496
822 906.532949989851
823 907.579352864585
824 908.625656794219
825 909.671860886912
826 910.717967920138
827 911.763974976825
828 912.809883068291
829 913.85569221528
830 914.901402410847
831 915.947013825066
832 916.992526124664
833 918.037939483323
834 919.083253886403
835 920.128469362376
836 921.173585011364
837 922.218603651044
838 923.263522304142
839 924.308342026043
840 925.353062821628
841 926.397684676283
842 927.442206724851
843 928.486631774366
844 929.5309568546
845 930.575182997581
846 931.619310235936
847 932.663337657118
848 933.70726704136
849 934.75109857081
850 935.794830136585
851 936.838462775079
852 937.881996506609
853 938.925430442582
854 939.968766347732
855 941.012004427892
856 942.055142542398
857 943.098181739176
858 944.141121141292
859 945.183962549266
860 946.226706125861
861 947.269349741284
862 948.311894456031
863 949.354340286877
864 950.396686317145
865 951.438934363722
866 952.481084612505
867 953.523134886521
868 954.565086289672
869 955.606937893301
870 956.648691538297
871 957.690346299613
872 958.731903273757
873 959.773360290975
874 960.814718431796
875 961.855976795145
876 962.897137198136
877 963.938198739736
878 964.979162524416
879 966.020026346484
880 967.060790380486
881 968.101456491186
882 969.142023730099
883 970.182492125902
884 971.222862775648
885 972.263133476708
886 973.303304391867
887 974.343377382771
888 975.383351543913
889 976.423226860824
890 977.463004453893
891 978.502681150697
892 979.54225994866
893 980.58173991846
894 981.621121057476
895 982.660404486312
896 983.699587966563
897 984.738671680628
898 985.777657502795
899 986.816544507701
900 987.855332692129
901 988.89402320123
902 989.932612809827
903 990.971104552122
904 992.009497478924
905 993.047791598862
906 994.085986909352
907 995.124084551671
908 996.162081315922
909 997.199980216866
910 998.237780316954
911 999.27548160947
912 1000.3130841232
913 1001.35058804499
914 1002.38799296919
915 1003.42529909446
916 1004.46250644962
917 1005.49961501613
918 1006.53662479144
919 1007.57353599734
920 1008.61034821689
921 1009.64706166836
922 1010.68367633322
923 1011.72019224447
924 1012.75660957657
925 1013.79292793622
926 1014.82914754173
927 1015.86526837876
928 1016.90129044413
929 1017.93721375904
930 1018.97303851819
931 1020.00876432402
932 1021.04439137541
933 1022.0799196692
934 1023.11534921475
935 1024.15067904574
936 1025.18591229517
937 1026.22104560767
938 1027.25608018855
939 1028.29101603534
940 1029.3258531414
941 1030.36059052836
942 1031.39523136969
943 1032.42977227302
944 1033.46421446834
945 1034.49855792533
946 1035.53280167729
947 1036.56694770115
948 1037.60099620726
949 1038.6349447988
950 1039.66879467818
951 1040.70254584298
952 1041.73619730607
953 1042.76975105672
954 1043.80320731369
955 1044.83656365176
956 1045.86982130153
957 1046.90297925198
958 1047.93603950462
959 1048.96900227828
960 1050.00186514729
961 1051.03462933064
962 1052.06729483708
963 1053.09986064426
964 1054.13232877367
965 1055.16469944421
966 1056.19697023387
967 1057.2291423375
968 1058.26121475628
969 1059.29318951209
970 1060.32506560198
971 1061.35684426929
972 1062.38852304331
973 1063.42010314361
974 1064.45158357883
975 1065.48296637555
976 1066.51425051032
977 1067.54543725053
978 1068.57652408585
979 1069.60751227941
980 1070.63840082013
981 1071.66919172245
982 1072.69988399904
983 1073.7304788778
984 1074.76097388345
985 1075.79136922721
986 1076.82166697138
987 1077.851866081
988 1078.88196783169
989 1079.91196970023
990 1080.94187294266
991 1081.97167654675
992 1083.00138255231
993 1084.03098995555
994 1085.06050002054
995 1086.08991020397
996 1087.11922075204
997 1088.1484337287
998 1089.17754810626
999 1090.20656388247
1000 1091.23548234888
1001 1092.26430093786
1002 1093.29301989225
1003 1094.32164130791
1004 1095.3501641374
1005 1096.37858838957
1006 1097.4069153333
1007 1098.43514137451
1008 1099.46326989244
1009 1100.49129982757
1010 1101.51923120065
1011 1102.54706399759
1012 1103.57479953088
1013 1104.60243414623
1014 1105.62997126353
1015 1106.65740981036
1016 1107.68474982019
1017 1108.71199255822
1018 1109.73913440939
1019 1110.76617875778
1020 1111.79312455536
1021 1112.81997181949
1022 1113.84672054377
1023 1114.87337203361
1024 1115.89992262478
1025 1116.92637573862
1026 1117.95273032265
1027 1118.97898638236
1028 1120.00514392749
1029 1121.03120318098
1030 1122.05716367697
1031 1123.08302565876
1032 1124.10878911996
1033 1125.13445407034
1034 1126.16002051881
1035 1127.18548870109
1036 1128.21085813513
1037 1129.23612906428
1038 1130.26130151021
1039 1131.28637544618
1040 1132.31134981143
1041 1133.33622809669
1042 1134.36100656488
1043 1135.38568654525
1044 1136.41026804762
1045 1137.43475105373
1046 1138.45913451026
1047 1139.4834219249
1048 1140.50760952318
1049 1141.53169864743
1050 1142.55568930325
1051 1143.5795804014
1052 1144.60337548595
1053 1145.62707076985
1054 1146.65066758379
1055 1147.67416594527
1056 1148.69756585987
1057 1149.72086623051
1058 1150.74407061311
1059 1151.76717519683
1060 1152.79018133224
1061 1153.81308903685
1062 1154.8358972015
1063 1155.85860803749
1064 1156.88122181674
1065 1157.90373579475
1066 1158.92615136238
1067 1159.94846850483
1068 1160.97068611269
1069 1161.99280641822
1070 1163.01482968918
1071 1164.03675317279
1072 1165.05857824747
1073 1166.08030381553
1074 1167.10193208585
1075 1168.12346195654
1076 1169.14489481918
1077 1170.1662279076
1078 1171.18746260144
1079 1172.20859778659
1080 1173.22963570821
1081 1174.25057665036
1082 1175.27141781061
1083 1176.29216060462
1084 1177.31280389427
1085 1178.33334993706
1086 1179.35379761109
1087 1180.37414831959
1088 1181.39439927233
1089 1182.4145518572
1090 1183.43460496397
1091 1184.454560854
1092 1185.47441838134
1093 1186.49417897002
1094 1187.51383980109
1095 1188.53340117047
1096 1189.55286532804
1097 1190.57223115149
1098 1191.58143762886
1099 1192.66098735915
1100 1193.74056454136
1101 1194.82017030752
1102 1195.89980238095
1103 1196.97946191414
1104 1198.05914890749
1105 1199.13886336044
1106 1200.21860643001
1107 1201.29837582291
1108 1202.37817270807
1109 1203.45799706107
1110 1204.53784891809
1111 1205.61772940823
1112 1206.69763623779
1113 1207.77757058784
1114 1208.85753243396
1115 1209.93752178849
1116 1211.01753981652
1117 1212.09758421631
1118 1213.17765613239
1119 1214.25775557711
1120 1215.3378825585
1121 1216.41803824618
1122 1217.49822031317
1123 1218.57842992903
1124 1219.65866710183
1125 1220.73893183198
1126 1221.81922528833
1127 1222.89954514446
1128 1223.97989256586
1129 1225.06026757251
1130 1226.14067016486
1131 1227.22110151194
1132 1228.30155927501
1133 1229.38204463171
1134 1230.4625575944
1135 1231.54309815058
1136 1232.62366749439
1137 1233.70426328236
1138 1234.78488668471
1139 1235.86553771281
1140 1236.94621636712
1141 1238.02692383766
1142 1239.10765775669
1143 1240.18841933046
1144 1241.26920853452
1145 1242.35002539321
1146 1243.43087109678
1147 1244.51174328139
1148 1245.59264311665
1149 1246.67357062692
1150 1247.75452582028
1151 1248.83550986764
1152 1249.91652041564
1153 1250.9975586471
1154 1252.07862458205
1155 1253.15971820902
1156 1254.24084072199
1157 1255.32198975627
1158 1256.40316649057
1159 1257.48437095687
1160 1258.56560162643
1161 1259.64686272796
1162 1260.72815035522
1163 1261.80946571105
1164 1262.89080881981
1165 1263.972179669
1166 1265.05357945408
1167 1266.13500580519
1168 1267.21645990582
1169 1268.29794176735
1170 1269.37945139026
1171 1270.46099000176
1172 1271.54255517184
1173 1272.62414813198
1174 1273.70576886967
1175 1274.78741739737
1176 1275.86909493053
1177 1276.95079904307
1178 1278.03253096562
1179 1279.1142906987
1180 1280.19607822651
1181 1281.27789480497
1182 1282.35973798255
1183 1283.44160897923
1184 1284.52350781511
1185 1285.60543447441
1186 1286.68739021325
1187 1287.76937255576
1188 1288.85138274607
1189 1289.93342080428
1190 1291.01548670701
1191 1292.0975817095
1192 1293.17970333655
1193 1294.26185284013
1194 1295.34403023274
1195 1296.42623548989
1196 1297.50846986816
1197 1298.59073089951
1198 1299.67301982856
1199 1300.75533665471
1200 1301.83768137852
1201 1302.92005525244
1202 1304.00245580802
1203 1305.08488427811
1204 1306.16734066213
1205 1307.24982497261
1206 1308.33233845026
1207 1309.41487863056
1208 1310.49744674545
1209 1311.58004279549
1210 1312.66266680082
1211 1313.74532000675
1212 1314.82799992324
1213 1315.91070780754
1214 1316.99344364388
1215 1318.07620746436
1216 1319.15900050256
1217 1320.241820268
1218 1321.32466801816
1219 1322.40754376121
1220 1323.49044749772
1221 1324.5733804843
1222 1325.6563402192
1223 1326.73932796773
1224 1327.82234371849
1225 1328.90538748289
1226 1329.98846053087
1227 1331.07155873918
1228 1332.15468658715
1229 1333.23784245752
1230 1334.32102636289
1231 1335.404239593
1232 1336.48747959296
1233 1337.57074764489
1234 1338.65404376018
1235 1339.73736792746
1236 1340.82072143674
1237 1341.90410174901
1238 1342.9875101215
1239 1344.07094657876
1240 1345.15441111703
1241 1346.23790503093
1242 1347.32142574388
1243 1348.40497456244
1244 1349.48855148284
1245 1350.57215650131
1246 1351.65579092468
1247 1352.73945217593
1248 1353.82314153789
1249 1354.90685903076
1250 1355.99060464317
1251 1357.07437968101
1252 1358.15818156799
1253 1359.24201159476
1254 1360.32586977397
1255 1361.40975609302
1256 1362.49367185924
1257 1363.57761449151
1258 1364.6615852927
1259 1365.74558426346
1260 1366.8296114032
1261 1367.91366801948
1262 1368.99775151873
1263 1370.08186320848
1264 1371.16600307614
1265 1372.25017114636
1266 1373.33436871052
1267 1374.41859319102
1268 1375.50284585839
1269 1376.58712674927
1270 1377.6714358599
1271 1378.75577449833
1272 1379.84014004926
1273 1380.92453383267
1274 1382.00895585681
1275 1383.09340610595
1276 1384.17788592434
1277 1385.26239267224
1278 1386.34692766987
1279 1387.43149092548
1280 1388.51608243976
1281 1389.60070354396
1282 1390.68535159911
1283 1391.77002792127
1284 1392.85473253512
1285 1393.93946541608
1286 1395.02422790889
1287 1396.10901738173
1288 1397.19383513888
1289 1398.27868120503
1290 1399.3635555796
1291 1400.44845958358
1292 1401.53339057268
1293 1402.61834989185
1294 1403.70333581193
1295 1404.7883517667
1296 1405.87339739248
1297 1406.95847001293
1298 1408.04357098395
1299 1409.12870029424
1300 1410.2138579521
1301 1411.29904530301
1302 1412.38425968086
1303 1413.4695024071
1304 1414.55477351403
1305 1415.64007297389
1306 1416.72540216848
1307 1417.81075839518
1308 1418.89614299968
1309 1419.98155600229
1310 1421.06699739172
1311 1422.15246852465
1312 1423.23796671133
1313 1424.32349330527
1314 1425.40904831922
1315 1426.49463174056
1316 1427.58024492754
1317 1428.6658851855
1318 1429.7515538802
1319 1430.83725100038
1320 1431.92297655744
1321 1433.00873190988
1322 1434.09451436257
1323 1435.18032524993
1324 1436.2661646074
1325 1437.3520324117
1326 1438.43793002914
1327 1439.52385476856
1328 1440.6098079753
1329 1441.69578966212
1330 1442.78179982533
1331 1443.86783983148
1332 1444.95390697692
1333 1446.04000260723
1334 1447.12612672316
1335 1448.21227935709
1336 1449.29846185623
1337 1450.38467150307
1338 1451.47090965682
1339 1452.55717633783
1340 1453.64347153484
1341 1454.72979664205
1342 1455.81614889474
1343 1456.90252969599
1344 1457.98893903456
1345 1459.07537692187
1346 1460.16184472968
1347 1461.24833971239
1348 1462.33486324927
1349 1463.42141536517
1350 1464.50799603542
1351 1465.5946066561
1352 1466.6812444691
1353 1467.76791087043
1354 1468.85460584748
1355 1469.94132942508
1356 1471.02808297104
1357 1472.11486373123
1358 1473.2016730885
1359 1474.28851105568
1360 1475.3753776291
1361 1476.46227238394
1362 1477.54919619937
1363 1478.63614861756
1364 1479.72312967542
1365 1480.81013935724
1366 1481.89717908393
1367 1482.98424603882
1368 1484.07134164277
1369 1485.15846589211
1370 1486.2456187997
1371 1487.33280176119
1372 1488.42001198492
1373 1489.50725087548
1374 1490.59451843371
1375 1491.68181465899
1376 1492.76914097273
1377 1493.85649456627
1378 1494.94387684444
1379 1496.03128782012
1380 1497.11872748066
1381 1498.20619725978
1382 1499.29369432422
1383 1500.38122010767
1384 1501.46877459747
1385 1502.55635779445
1386 1503.64397114016
1387 1504.7316117933
1388 1505.81928117429
1389 1506.90697928399
1390 1507.99470614284
1391 1509.08246315649
1392 1510.1702474952
1393 1511.25806059169
1394 1512.34590243478
1395 1513.43377303287
1396 1514.5216738325
1397 1515.60960197788
1398 1516.69755887937
1399 1517.78554456947
1400 1518.873559037
1401 1519.96160371524
1402 1521.04967574936
1403 1522.13777658163
1404 1523.2259062084
1405 1524.3140646426
1406 1525.40225331777
1407 1526.49046936653
1408 1527.5787142314
1409 1528.66698791327
1410 1529.7552904115
1411 1530.8436231855
1412 1531.93198333878
1413 1533.02037234274
1414 1534.10879017265
1415 1535.19723685351
1416 1536.28571382839
1417 1537.37421821689
1418 1538.46275145299
1419 1539.55131354964
1420 1540.63990451527
1421 1541.72852579322
1422 1542.81717450259
1423 1543.90585207758
1424 1544.99455854324
1425 1546.08329389594
1426 1547.17205959587
1427 1548.26085081832
1428 1549.34967284658
1429 1550.43852378358
1430 1551.52740363025
1431 1552.61631384548
1432 1553.70525151118
1433 1554.79421809528
1434 1555.88321360623
1435 1556.97223805702
1436 1558.06129289475
1437 1559.15037520082
1438 1560.23948645547
1439 1561.32862664759
1440 1562.41779580067
1441 1563.50699536363
1442 1564.59622241282
1443 1565.6854784333
1444 1566.77476341238
1445 1567.86407736306
1446 1568.95342176619
1447 1570.04279367801
1448 1571.13219455814
1449 1572.22162443167
1450 1573.311083295
1451 1574.40057262924
1452 1575.49008949011
1453 1576.57963536164
1454 1577.66921022065
1455 1578.75881409974
1456 1579.84844848485
1457 1580.93811040546
1458 1582.02780134744
1459 1583.11752130721
1460 1584.20727032195
1461 1585.29704984003
1462 1586.38685691616
1463 1587.53045232086
1464 1588.67413102912
1465 1589.81788607736
1466 1590.96172288627
1467 1592.10563892407
1468 1593.24963515534
1469 1594.39370906005
1470 1595.53786605522
1471 1596.68209915324
1472 1597.82641376971
1473 1598.97080741472
1474 1600.11528099854
1475 1601.25983352897
1476 1602.40446594047
1477 1603.54917570181
1478 1604.69396827983
1479 1605.83883662285
1480 1606.98378620253
1481 1608.12881448578
1482 1609.27392242094
1483 1610.41910748831
1484 1611.56437312397
1485 1612.70971832337
1486 1613.85514050443
1487 1615.00064518862
1488 1616.14622527365
1489 1617.29188777541
1490 1618.43762560483
1491 1619.58344426568
1492 1620.72934121795
1493 1621.8753173966
1494 1623.0213702613
1495 1624.16750532881
1496 1625.31371548435
1497 1626.46000625866
1498 1627.60637506867
1499 1628.75282290412
1500 1629.89934869304
1501 1631.04595344941
1502 1632.19263455333
1503 1633.33939758523
1504 1634.48623537992
1505 1635.63315144833
1506 1636.78014933234
1507 1637.92722186432
1508 1639.07437460589
1509 1640.22160496082
1510 1641.36891392671
1511 1642.5163004449
1512 1643.66376548714
1513 1644.81130646297
1514 1645.95892897741
1515 1647.10662579449
1516 1648.25440254366
1517 1649.40225659332
1518 1650.55018896551
1519 1651.69819702658
1520 1652.84628641323
1521 1653.99444986953
1522 1655.14269302777
1523 1656.29101328002
1524 1657.43941161046
1525 1658.58788694029
1526 1659.73643822051
1527 1660.8850690196
1528 1662.0337767032
1529 1663.18256229369
1530 1664.33142314598
1531 1665.48036492887
1532 1666.62938035359
1533 1667.77847506498
1534 1668.92764644653
1535 1670.07689550698
1536 1671.22622115034
1537 1672.37562439925
1538 1673.52510259401
1539 1674.67466143554
1540 1675.82429359031
1541 1676.9740047595
1542 1678.12379228315
1543 1679.2736571841
1544 1680.42359680379
1545 1681.57361686219
1546 1682.72370998213
1547 1683.87388137511
1548 1685.02412996148
1549 1686.17445305621
1550 1687.32485641834
1551 1688.47533265266
1552 1689.62588750457
1553 1690.77651829519
1554 1691.92722605807
1555 1693.07800809722
1556 1694.22887019714
1557 1695.37980491077
1558 1696.53081803957
1559 1697.68190686131
1560 1698.83307245251
1561 1699.98431366586
1562 1701.13563156116
1563 1702.28702341744
1564 1703.43849505532
1565 1704.59003899569
1566 1705.74166104731
1567 1706.89335850572
1568 1708.04513028377
1569 1709.19698007167
1570 1710.34890513578
1571 1711.50090655864
1572 1712.65298318679
1573 1713.80513609073
1574 1714.95736254089
1575 1716.10966837221
1576 1717.26204607379
1577 1718.41450149474
1578 1719.56703189881
1579 1720.71963836316
1580 1721.87231811477
1581 1723.02507706904
1582 1724.17790763885
1583 1725.33081731167
1584 1726.48379855021
1585 1727.63685721547
1586 1728.78999055264
1587 1729.94319966904
1588 1731.09648176097
1589 1732.249840592
1590 1733.403275064
1591 1734.55678242894
1592 1735.71036858581
1593 1736.86402592677
1594 1738.01776200093
1595 1739.17156918314
1596 1740.32545341127
1597 1741.47941189861
1598 1742.63344574725
1599 1743.78755215796
1600 1744.94173709855
1601 1746.09599289182
1602 1747.25032552541
1603 1748.40473220174
1604 1749.55921400442
1605 1750.71376814017
1606 1751.86840059574
1607 1753.02310368671
1608 1754.17788501437
1609 1755.33273688909
1610 1756.48766311522
1611 1757.64266748366
1612 1758.79774228434
1613 1759.95289352956
1614 1761.10811837673
1615 1762.26341798268
1616 1763.41878947548
1617 1764.5742389189
1618 1765.72975854606
1619 1766.8853560406
1620 1768.04102364724
1621 1769.19676742294
1622 1770.35258450557
1623 1771.50847604199
1624 1772.66443917159
1625 1773.8204799579
1626 1774.9765906263
1627 1776.13277724054
1628 1777.28903693977
1629 1778.44537087109
1630 1779.60177781118
1631 1780.75825667678
1632 1781.91481130988
1633 1783.0714388295
1634 1784.22814041742
1635 1785.38491316332
1636 1786.54176319566
1637 1787.69868266941
1638 1788.85567770587
1639 1790.01274540463
1640 1791.16988695436
1641 1792.32709942997
1642 1793.48438898551
1643 1794.64174775193
1644 1795.79918351007
1645 1796.95668840717
1646 1798.11426858385
1647 1799.27192113336
1648 1800.42964721371
1649 1801.58744393737
1650 1802.74531746011
1651 1803.90325987219
1652 1805.06127507324
1653 1806.21936698109
1654 1807.37752765537
1655 1808.53576495281
1656 1809.69407095208
1657 1810.85245184674
1658 1812.01090469787
1659 1813.16943069489
1660 1814.3280268985
1661 1815.4866995323
1662 1816.64544062268
1663 1817.80425638874
1664 1818.96314389297
1665 1820.12210433042
1666 1821.28113643412
1667 1822.44024138706
1668 1823.59941625107
1669 1824.75866725894
1670 1825.91798641042
1671 1827.07737997975
1672 1828.2368449657
1673 1829.39638029548
1674 1830.55598991381
1675 1831.71567085766
1676 1832.87542434885
1677 1834.03524738543
1678 1835.19514626766
1679 1836.35511294406
1680 1837.51515540656
1681 1838.67526557876
1682 1839.83544976907
1683 1840.99570497707
1684 1842.15603243504
1685 1843.31642915909
1686 1844.47690144444
1687 1845.6374412076
1688 1846.79805478056
1689 1847.95873916227
1690 1849.11949557511
1691 1850.28032270762
1692 1851.44122182351
1693 1852.60218987037
1694 1853.76323087537
1695 1854.9243437461
1696 1856.08552544404
1697 1857.24678235407
1698 1858.40810629752
1699 1859.56950367646
1700 1860.73097143786
1701 1861.89251085325
1702 1863.05412058832
1703 1864.21580188825
1704 1865.3775517184
1705 1866.5393764755
1706 1867.7012679854
1707 1868.86323263291
1708 1870.0252673662
1709 1871.1873734693
1710 1872.34954786353
1711 1873.51179700253
1712 1874.67411263044
1713 1875.83650121335
1714 1876.99895964794
1715 1878.16148685496
1716 1879.32408862654
1717 1880.48675670539
1718 1881.64949755869
1719 1882.81230808255
1720 1883.9751895906
1721 1885.13813897856
1722 1886.30116270991
1723 1887.4642525399
1724 1888.62741491798
1725 1889.79064675866
1726 1890.95394935675
1727 1892.1173213449
1728 1893.280764018
1729 1894.44427427299
1730 1895.60785862388
1731 1896.77150873613
1732 1897.93523112882
1733 1899.09902269648
1734 1900.26288472895
1735 1901.42681412035
1736 1902.59081739826
1737 1903.75488621629
1738 1904.91902641735
1739 1906.08323693841
1740 1907.24751461207
1741 1908.4118660036
1742 1909.57628274076
1743 1910.74077138695
1744 1911.90532878141
1745 1913.06995626849
1746 1914.23465069923
1747 1915.39941865028
1748 1916.56425169886
1749 1917.72915646065
1750 1918.89412975507
1751 1920.05917292147
1752 1921.22428455991
1753 1922.38946600982
1754 1923.55471408999
1755 1924.72003541764
1756 1925.8854215554
1757 1927.0508791064
1758 1928.2164049083
1759 1929.38199785348
1760 1930.5476621125
1761 1931.71339451572
1762 1932.87919639817
1763 1934.04506636151
1764 1935.21100572648
1765 1936.37701132976
1766 1937.5430898011
1767 1938.70923265584
1768 1939.87544656061
1769 1941.04172831042
1770 1942.20807926507
1771 1943.37449621696
1772 1944.54098585302
1773 1945.70753964316
1774 1946.87416604001
1775 1948.04085652728
1776 1949.20761777342
1777 1950.37444657733
1778 1951.54134430916
1779 1952.70830773077
1780 1953.87534109396
1781 1955.04244326819
1782 1956.20961103459
1783 1957.37685111221
1784 1958.54415492585
1785 1959.71152919485
1786 1960.87897070487
1787 1962.04648081423
1788 1963.21405807442
1789 1964.38170388274
1790 1965.54941496826
1791 1966.71719812004
1792 1967.8850446801
1793 1969.05296144997
1794 1970.22094513403
1795 1971.3889971665
1796 1972.55711425356
1797 1973.72530320302
1798 1974.89355533772
1799 1976.0618792619
1800 1977.23026631
1801 1978.39872074885
1802 1979.56724687259
1803 1980.73583600991
1804 1981.90449495784
1805 1983.07322045097
1806 1984.2420138851
1807 1985.41087196995
1808 1986.57980155257
1809 1987.74879389868
1810 1988.91785767918
1811 1990.08698415694
1812 1991.25618018682
1813 1992.42544245872
1814 1993.5947723955
1815 1994.76416668891
1816 1995.93363221229
1817 1997.10316020931
1818 1998.2727575536
1819 1999.44242091699
1820 2000.6121517448
1821 2001.78194670361
1822 2002.95181013912
1823 2004.12174092894
1824 2005.29173756633
1825 2006.46180149683
1826 2007.63192937903
1827 2008.80212811332
1828 2009.99743723666
1829 2011.19282217356
1830 2012.3882880229
1831 2013.58383215097
1832 2014.77945633243
1833 2015.97515685676
1834 2017.1709329269
1835 2018.36678965251
1836 2019.56272439201
1837 2020.75873708022
1838 2021.95482693237
1839 2023.15099540044
1840 2024.3472416655
1841 2025.5435656868
1842 2026.73996740145
1843 2027.9364459977
1844 2029.13300295223
1845 2030.32963744343
1846 2031.52634941825
1847 2032.72313623377
1848 2033.92000302638
1849 2035.11694898678
1850 2036.3139703776
1851 2037.51106899888
1852 2038.70824216558
1853 2039.90549506633
1854 2041.1028250284
1855 2042.30023385226
1856 2043.49771516737
1857 2044.69527601172
1858 2045.89291369993
1859 2047.09062817888
1860 2048.28842127129
1861 2049.486286581
1862 2050.6842311497
1863 2051.88225230376
1864 2053.08035000464
1865 2054.27852155371
1866 2055.4767740306
1867 2056.67510101352
1868 2057.87350432548
1869 2059.07198391328
1870 2060.27053707778
1871 2061.46916905987
1872 2062.6678790103
1873 2063.86666316889
1874 2065.06552068586
1875 2066.26445680282
1876 2067.46346883254
1877 2068.66255857679
1878 2069.86172225754
1879 2071.06095902723
1880 2072.26027415047
1881 2073.45966491993
1882 2074.65913127002
1883 2075.8586723655
1884 2077.05828974619
1885 2078.25798254991
1886 2079.45775075025
1887 2080.65759426933
1888 2081.8575122742
1889 2083.0575062804
1890 2084.25757547704
1891 2085.45771978621
1892 2086.65793648692
1893 2087.85823087063
1894 2089.05860210201
1895 2090.25904636387
1896 2091.45956547114
1897 2092.66015670966
1898 2093.86082538652
1899 2095.06156876313
1900 2096.2623886622
1901 2097.4632785948
1902 2098.66424575469
1903 2099.86528742002
1904 2101.06640350049
1905 2102.26759588291
1906 2103.4688580011
1907 2104.67019709178
1908 2105.87161042768
1909 2107.07309793319
1910 2108.27465686831
1911 2109.47629447093
1912 2110.67800419828
1913 2111.87978790065
1914 2113.08164552445
1915 2114.28357430462
1916 2115.48558150241
1917 2116.68766057387
1918 2117.88981334748
1919 2119.09203705774
1920 2120.2943371017
1921 2121.4967106894
1922 2122.69915969885
1923 2123.90168024752
1924 2125.10427146176
1925 2126.30693876159
1926 2127.50967934425
1927 2128.71249317082
1928 2129.91537936521
1929 2131.1183395357
1930 2132.32137278165
1931 2133.52447906411
1932 2134.72765832937
1933 2135.93090970605
1934 2137.1342347855
1935 2138.33763269395
1936 2139.54110337764
1937 2140.7446440373
1938 2141.94826011991
1939 2143.1519507518
1940 2144.35571202343
1941 2145.55954580882
1942 2146.76344931806
1943 2147.9674279868
1944 2149.17147902761
1945 2150.37560429039
1946 2151.57979714054
1947 2152.78406495499
1948 2153.98840492132
1949 2155.19281699794
1950 2156.39730306219
1951 2157.60185641427
1952 2158.80648449878
1953 2160.01118447324
1954 2161.21595629859
1955 2162.42079714415
1956 2163.62571443849
1957 2164.83070149552
1958 2166.03576020258
1959 2167.2408904861
1960 2168.44608951486
1961 2169.65136477045
1962 2170.85670952613
1963 2172.06212566222
1964 2173.26761032248
1965 2174.47316905987
1966 2175.67879904283
1967 2176.88450213984
1968 2178.09027441272
1969 2179.29611496164
1970 2180.50202933792
1971 2181.70801468489
1972 2182.91407096338
1973 2184.12019724642
1974 2185.32639520611
1975 2186.53266392778
1976 2187.73900337225
1977 2188.94541348542
1978 2190.15189334511
1979 2191.35844463099
1980 2192.56506643083
1981 2193.7717586905
1982 2194.97851853222
1983 2196.18535154669
1984 2197.39225683404
1985 2198.59923042902
1986 2199.80627420838
1987 2201.01338532834
1988 2202.22056936827
1989 2203.42782543047
1990 2204.63514952434
1991 2205.84254357878
1992 2207.05000467305
1993 2208.25753846626
1994 2209.46514205005
1995 2210.67281735378
1996 2211.88055751904
1997 2213.08837018163
1998 2214.2962524477
1999 2215.50420425069
2000 2216.71222554129
2001 2217.92031537915
2002 2219.12847549706
2003 2220.33670495468
2004 2221.54500369037
2005 2222.75336879428
2006 2223.96180793206
2007 2225.17031423058
2008 2226.37888959751
2009 2227.58753400314
2010 2228.79624451509
2011 2230.00502684025
2012 2231.2138800135
2013 2232.42280004356
2014 2233.63178596471
2015 2234.84084350193
2016 2236.04996970753
2017 2237.25916652457
2018 2238.46842993373
2019 2239.6777589741
2020 2240.88715937895
2021 2242.09662820273
2022 2243.3061654033
2023 2244.5157700198
2024 2245.72544380822
2025 2246.93518583006
2026 2248.14499600619
2027 2249.35487430676
2028 2250.56481777283
2029 2251.77483414742
2030 2252.98491650738
2031 2254.19506676913
2032 2255.40528199795
2033 2256.6155679543
2034 2257.82592366488
2035 2259.03634509552
2036 2260.24683419031
2037 2261.45738798662
2038 2262.66801225092
2039 2263.87870403297
2040 2265.08946528968
2041 2266.30028901587
2042 2267.51118303178
2043 2268.72214436482
2044 2269.93317296036
2045 2271.14426875647
2046 2272.3554307987
2047 2273.56666085939
2048 2274.77795799643
2049 2275.98932213553
2050 2277.20075027562
2051 2278.41225030397
2052 2279.62381516362
2053 2280.83544683401
2054 2282.04714526318
2055 2283.25890744952
2056 2284.47073923705
2057 2285.68263965885
2058 2286.89460460613
2059 2288.10663311137
2060 2289.31873103172
2061 2290.53089534054
2062 2291.74312805782
2063 2292.95542503423
2064 2294.16778530709
2065 2295.38021475419
2066 2296.59271035112
2067 2297.8052720554
2068 2299.0178988747
2069 2300.23059263199
2070 2301.44335235964
2071 2302.65617798317
2072 2303.86906946009
2073 2305.08202376485
2074 2306.29504883762
2075 2307.5081375836
2076 2308.72129197135
2077 2309.93450898723
2078 2311.14779454871
2079 2312.36114765601
2080 2313.57456416956
2081 2314.78804609806
2082 2316.00159037517
2083 2317.21520295637
2084 2318.4288808029
2085 2319.64262589644
2086 2320.85643108971
2087 2322.07030440025
2088 2323.28424276418
2089 2324.49824613885
2090 2325.71231651134
2091 2326.92644672801
2092 2328.14064482298
2093 2329.35490772895
2094 2330.56923538362
2095 2331.78362471916
2096 2332.99808379571
2097 2334.21260543371
2098 2335.42719161547
2099 2336.64184231347
2100 2337.85655444695
2101 2339.07133401721
2102 2340.28617999378
2103 2341.50108823644
2104 2342.71605770175
2105 2343.93109441654
2106 2345.14619527497
2107 2346.36136232476
2108 2347.57659138503
2109 2348.79188138742
2110 2350.00723841935
2111 2351.22265934969
2112 2352.43814415309
2113 2353.65369178594
2114 2354.86930417279
2115 2356.08498027006
2116 2357.30072004
2117 2358.51652341506
2118 2359.73238937903
2119 2360.94831984153
2120 2362.16431378856
2121 2363.38037114019
2122 2364.59648879131
2123 2365.81267284153
2124 2367.02892223477
2125 2368.24523277804
2126 2369.46160649255
2127 2370.67804026245
2128 2371.89454016367
2129 2373.111103103
2130 2374.32773110211
2131 2375.54441685377
2132 2376.76116857345
2133 2377.97798311803
2134 2379.19486043219
2135 2380.41180258012
2136 2381.62880221106
2137 2382.84586756957
2138 2384.06299552141
2139 2385.28018599884
2140 2386.49743585761
2141 2387.71475334072
2142 2388.932131126
2143 2390.14957124811
2144 2391.36707365459
2145 2392.58463518531
2146 2393.80226201165
2147 2395.01995307653
2148 2396.23770414639
2149 2397.45551413876
2150 2398.67338923825
2151 2399.89132627199
2152 2401.10932731551
2153 2402.32738809444
2154 2403.54550755082
2155 2404.76369188055
2156 2405.98193791018
2157 2407.2002455893
2158 2408.41861383529
2159 2409.6370446622
2160 2410.85553699978
2161 2412.07409079762
2162 2413.29270598781
2163 2414.51138150284
2164 2415.73011936649
2165 2416.94891848868
2166 2418.16777881384
2167 2419.38669716986
2168 2420.60567976483
2169 2421.82472555308
2170 2423.04383023579
2171 2424.26299589901
2172 2425.48221931029
2173 2426.70150674065
2174 2427.92085500515
2175 2429.14026616555
2176 2430.35973275421
2177 2431.57926318512
2178 2432.7988542357
2179 2434.01850587507
2180 2435.23822015293
2181 2436.45798962294
2182 2437.67782270056
2183 2438.89771616473
2184 2440.11766994739
2185 2441.33768403298
2186 2442.55775730049
2187 2443.77789180512
2188 2444.99808643826
2189 2446.21834118435
2190 2447.4386527789
2191 2448.65902968249
2192 2449.879464406
2193 2451.09995902759
2194 2452.31410549614
2195 2453.52829418087
2196 2454.74252073716
2197 2455.95678937328
2198 2457.17109571956
2199 2458.38544401142
2200 2459.59982987163
2201 2460.8142575111
2202 2462.0287225843
2203 2463.24322930034
2204 2464.45777331338
2205 2465.6723588101
2206 2466.88698144952
2207 2468.10164545575
2208 2469.31634643277
2209 2470.53108864008
2210 2471.74586768133
2211 2472.960687806
2212 2474.17554677985
2213 2475.39044236841
2214 2476.60537881636
2215 2477.82035175448
2216 2479.03536540293
2217 2480.25041538187
2218 2481.4655059417
2219 2482.68063268469
2220 2483.89579661027
2221 2485.11099983105
2222 2486.3262433365
2223 2487.54152273345
2224 2488.75684228551
2225 2489.97219758164
2226 2491.18759288364
2227 2492.40302380498
2228 2493.61849457259
2229 2494.83400081719
2230 2496.04954676598
2231 2497.26512804422
2232 2498.48074888972
2233 2499.69640491502
2234 2500.91210038507
2235 2502.12783088006
2236 2503.34360066522
2237 2504.55940532766
2238 2505.77524914322
2239 2506.99112771113
2240 2508.20704528472
2241 2509.4229974557
2242 2510.63898848489
2243 2511.85501397404
2244 2513.07107819668
2245 2514.28717671906
2246 2515.50331384497
2247 2516.71948511554
2248 2517.93569482964
2249 2519.15193857571
2250 2520.36822062807
2251 2521.58453655205
2252 2522.80089063985
2253 2524.0172784565
2254 2525.23370430168
2255 2526.45016373808
2256 2527.66666105325
2257 2528.88319181161
2258 2530.09976031857
2259 2531.31636212582
2260 2532.53300152146
2261 2533.74967409208
2262 2534.96638412604
2263 2536.183127162
2264 2537.39990753103
2265 2538.61672076628
2266 2539.83357118467
2267 2541.05045433144
2268 2542.26737452581
2269 2543.48432729308
2270 2544.70131697757
2271 2545.91833908665
2272 2547.13539797534
2273 2548.35248915068
2274 2549.56961695755
2275 2550.78677692032
2276 2552.00397337173
2277 2553.22120183062
2278 2554.43846664041
2279 2555.655765519
2280 2556.8730962016
2281 2558.09046302165
2282 2559.30786148998
2283 2560.52529595994
2284 2561.74276194007
2285 2562.9602637964
2286 2564.17779701432
2287 2565.39536595291
2288 2566.61296611689
2289 2567.83060186363
2290 2569.04826870996
2291 2570.26597099067
2292 2571.48370421505
2293 2572.70147275547
2294 2573.91927209084
2295 2575.13710659178
2296 2576.35497176178
2297 2577.57287196129
2298 2578.79080267383
2299 2580.00876828501
2300 2581.22676426037
2301 2582.44479499625
2302 2583.66285598275
2303 2584.88095156873
2304 2586.09907726163
2305 2587.31723742303
2306 2588.53542754239
2307 2589.75365199203
2308 2590.97190627354
2309 2592.19019474905
2310 2593.40851288775
2311 2594.62686509655
2312 2595.8452468424
2313 2597.06366250759
2314 2598.28210757315
2315 2599.50058642691
2316 2600.71909452469
2317 2601.93763627424
2318 2603.1562071291
2319 2604.37481150976
2320 2605.59344485896
2321 2606.81211159025
2322 2608.03080714607
2323 2609.249535935
2324 2610.4682934221
2325 2611.6870840038
2326 2612.90590314678
2327 2614.12475525299
2328 2615.34363576393
2329 2616.56254910145
2330 2617.78149071724
2331 2619.00046502099
2332 2620.21946746602
2333 2621.43850245511
2334 2622.65756543599
2335 2623.87666084713
2336 2625.09578409862
2337 2626.31493964359
2338 2627.53412289706
2339 2628.75333485122
2340 2629.9725778254
2341 2631.19185279781
2342 2632.41115521492
2343 2633.63048950582
2344 2634.84985109703
2345 2636.06924443036
2346 2637.28866490185
2347 2638.50811698902
2348 2639.72759835425
2349 2640.94710666487
2350 2642.16664636339
2351 2643.38621288768
2352 2644.60581066282
2353 2645.82543512444
2354 2647.04509069791
2355 2648.26477282046
2356 2649.48448592299
2357 2650.70422542472
2358 2651.92399577982
2359 2653.14379239471
2360 2654.36361973825
2361 2655.58347318443
2362 2656.80335723976
2363 2658.02326724773
2364 2659.24320772567
2365 2660.46317404168
2366 2661.68317067791
2367 2662.90319301987
2368 2664.12324553753
2369 2665.34332362327
2370 2666.56343175791
2371 2667.78356532103
2372 2669.00372880811
2373 2670.22391757878
2374 2671.44413612879
2375 2672.66437982462
2376 2673.88465317288
2377 2675.10495153975
2378 2676.32527942155
2379 2677.54563216448
2380 2678.76601429725
2381 2679.98642117634
2382 2681.20685729334
2383 2682.42731800629
2384 2683.6478078373
2385 2684.86832214408
2386 2686.08886540632
2387 2687.30943301697
2388 2688.53002946846
2389 2689.75065010539
2390 2690.97129945075
2391 2692.19197286129
2392 2693.41267484248
2393 2694.63340074891
2394 2695.85415508634
2395 2697.07493322337
2396 2698.29573965887
2397 2699.51656974866
2398 2700.73742801152
2399 2701.95830977616
2400 2703.17921959907
2401 2704.400152798
2402 2705.62111389763
2403 2706.84209823503
2404 2708.06311035827
2405 2709.28414557913
2406 2710.50520844783
2407 2711.72629428114
2408 2712.94740762957
2409 2714.16854380424
2410 2715.3897073666
2411 2716.61089362745
2412 2717.83210712539
2413 2719.05334318872
2414 2720.27460636879
2415 2721.49589428491
2416 2722.71720455952
2417 2723.93854175159
2418 2725.15990117613
2419 2726.38128737273
2420 2727.6026956561
2421 2728.82413059824
2422 2730.0455874992
2423 2731.26707090632
2424 2732.48857614614
2425 2733.7101077716
2426 2734.93166106613
2427 2736.15324063108
2428 2737.37484174956
2429 2738.59646898757
2430 2739.81811763323
2431 2741.03979227782
2432 2742.26148820378
2433 2743.48321000087
2434 2744.70495293872
2435 2745.92672159671
2436 2747.14851128696
2437 2748.37032656414
2438 2749.59216270973
2439 2750.81402433935
2440 2752.03590672165
2441 2753.25781442439
2442 2754.47974274624
2443 2755.7016962802
2444 2756.92367026932
2445 2758.14566935506
2446 2759.36768878014
2447 2760.58973315065
2448 2761.81179772681
2449 2763.03388712214
2450 2764.25599659476
2451 2765.47813074598
2452 2766.70028484787
2453 2767.9224635074
2454 2769.14466197132
2455 2770.36688485404
2456 2771.58912741269
2457 2772.81139062474
2458 2774.03367702311
2459 2775.25598759105
2460 2776.47831756182
2461 2777.70067157572
2462 2778.92304486389
2463 2780.14544205442
2464 2781.36785839242
2465 2782.59029851163
2466 2783.81275763183
2467 2785.03524039418
2468 2786.25774205388
2469 2787.48026721487
2470 2788.7028111338
2471 2789.92537843278
2472 2791.14796435025
2473 2792.37057353185
2474 2793.59320119071
2475 2794.81585197451
2476 2796.03852111392
2477 2797.26121325695
2478 2798.48392360353
2479 2799.70665683772
2480 2800.92940814663
2481 2802.15218220387
2482 2803.37497421409
2483 2804.5977888387
2484 2805.82062365357
2485 2807.04347622539
2486 2808.26635121062
2487 2809.48924383811
2488 2810.71215874498
2489 2811.93509114727
2490 2813.15804571452
2491 2814.38101764817
2492 2815.60401161808
2493 2816.82702281459
2494 2818.05005592576
2495 2819.27310613621
2496 2820.49617812003
2497 2821.71926708657
2498 2822.94237769941
2499 2824.16550514793
2500 2825.38865412107
2501 2826.61181980247
2502 2827.83500687961
2503 2829.05821054836
2504 2830.28143547319
2505 2831.50467684248
2506 2832.72793935858
2507 2833.95121819164
2508 2835.17451804255
2509 2836.39783408113
2510 2837.62117099781
2511 2838.84452397997
2512 2840.06789771834
2513 2841.29128736954
2514 2842.51469767294
2515 2843.73812375981
2516 2844.96157035902
2517 2846.18503263194
2518 2847.40851526476
2519 2848.63201344187
2520 2849.8555318748
2521 2851.07906572428
2522 2852.30261968249
2523 2853.52618892234
2524 2854.74977816851
2525 2855.97338255427
2526 2857.19700681713
2527 2858.42064609174
2528 2859.64430512131
2529 2860.86797904018
2530 2862.0916725739
2531 2863.31538086731
2532 2864.5391086588
2533 2865.76285108203
2534 2866.98661286859
2535 2868.21038916434
2536 2869.43418469574
2537 2870.65799460664
2538 2871.88182362379
2539 2873.1056668924
2540 2874.32952915747
2541 2875.55340552088
2542 2876.77730076383
2543 2878.00120998785
2544 2879.22513796361
2545 2880.44907978521
2546 2881.67304022361
2547 2882.89701439221
2548 2884.12100704807
2549 2885.34501331678
2550 2886.56903794486
2551 2887.7930784577
2552 2889.01713238039
2553 2890.24120447951
2554 2891.46528987107
2555 2892.68939329687
2556 2893.9135098868
2557 2895.13764441348
2558 2896.3617919563
2559 2897.5859572953
2560 2898.81013554547
2561 2900.03433146208
2562 2901.40160149564
2563 2902.76901384517
2564 2904.13656603376
2565 2905.50425940449
2566 2906.87209110222
2567 2908.24006246995
2568 2909.60817730255
2569 2910.97642540757
2570 2912.34481544715
2571 2913.71334493122
2572 2915.08201765512
2573 2916.45082341958
2574 2917.81977088621
2575 2919.18886143634
2576 2920.55808728437
2577 2921.92744980398
2578 2923.29695380743
2579 2924.66660065656
2580 2926.03638013718
2581 2927.40630093794
2582 2928.77636056236
2583 2930.14656281959
2584 2931.51689746192
2585 2932.88737320581
2586 2934.25799142595
2587 2935.62874429073
2588 2936.9996332103
2589 2938.37066299311
2590 2939.74183502653
2591 2941.11313903532
2592 2942.48458375047
2593 2943.85617055948
2594 2945.22789160926
2595 2946.59974830641
2596 2947.97174547682
2597 2949.34388451522
2598 2950.71615758005
2599 2952.08856604584
2600 2953.4611147784
2601 2954.83380515296
2602 2956.20662685994
2603 2957.5795886569
2604 2958.9526919514
2605 2960.32592884981
2606 2961.69930076461
2607 2963.07281253755
2608 2964.44646559438
2609 2965.82025201527
2610 2967.19417321997
2611 2968.56823799378
2612 2969.94243597368
2613 2971.31676857245
2614 2972.69124063288
2615 2974.06585359358
2616 2975.44059953287
2617 2976.81547983306
2618 2978.19050334428
2619 2979.56565965081
2620 2980.94095264121
2621 2982.3163797831
2622 2983.69194990417
2623 2985.06765259283
2624 2986.44348926229
2625 2987.81946478921
2626 2989.19558062365
2627 2990.57182879783
2628 2991.94821071252
2629 2993.32473524769
2630 2994.70139193905
2631 2996.07818468903
2632 2997.45511097134
2633 2998.83217964035
2634 3000.20938025003
2635 3001.58671669073
2636 3002.96419041424
2637 3004.34179835883
2638 3005.7195419888
2639 3007.09741873951
2640 3008.47543750503
2641 3009.85358781176
2642 3011.23187355089
2643 3012.61029220065
2644 3013.98885265781
2645 3015.36754441516
2646 3016.74637138952
2647 3018.12533502761
2648 3019.50443229015
2649 3020.88366459865
2650 3022.26302941815
2651 3023.64253567256
2652 3025.02217282706
2653 3026.40194479932
2654 3027.78185306151
2655 3029.16189453589
2656 3030.54207068197
2657 3031.92238144266
2658 3033.30282825807
2659 3034.68340806416
2660 3036.06412232611
2661 3037.44496845768
2662 3038.82595544327
2663 3040.20707269238
2664 3041.58832415624
2665 3042.96971131299
2666 3044.35123106009
2667 3045.73288485045
2668 3047.11467265206
2669 3048.49659591253
2670 3049.87865152736
2671 3051.26084099444
2672 3052.64316575446
2673 3054.0256227041
2674 3055.40821332175
2675 3056.79093755018
2676 3058.17379686243
2677 3059.5567881533
2678 3060.93991287059
2679 3062.32317503625
2680 3063.70656396695
2681 3065.09008869547
2682 3066.47374663389
2683 3067.85753928628
2684 3069.24146350485
2685 3070.62552077953
2686 3072.00971106005
2687 3073.39403582546
2688 3074.77849194569
2689 3076.16308088714
2690 3077.54780668571
2691 3078.93265859827
2692 3080.31764572222
2693 3081.70276545053
2694 3083.08802181958
2695 3084.47340407777
2696 3085.85892131258
2697 3087.24457502892
2698 3088.63035447412
2699 3090.01626871836
2700 3091.40231518321
2701 3092.7884979256
2702 3094.17480615364
2703 3095.56124898201
2704 3096.94782380821
2705 3098.33453468263
2706 3099.72137081897
2707 3101.10834133163
2708 3102.49544774564
2709 3103.8826792288
2710 3105.27004493563
2711 3106.65754226299
2712 3108.04517527478
2713 3109.43293311915
2714 3110.82082497557
2715 3112.20885235676
2716 3113.5970069617
2717 3114.98529030811
2718 3116.37370743105
2719 3117.76225986161
2720 3119.15093675105
2721 3120.5397472515
2722 3121.9286887574
2723 3123.31776537885
2724 3124.70696620262
2725 3126.09630043806
2726 3127.48576961656
2727 3128.8753653836
2728 3130.26508927702
2729 3131.65494635742
2730 3133.04493817598
2731 3134.43505380434
2732 3135.8253024539
2733 3137.21568566897
2734 3138.60619509308
2735 3139.99683225737
2736 3141.38760221936
2737 3142.77850654735
2738 3144.16953684034
2739 3145.56069466747
2740 3146.95198925549
2741 3148.34340963485
2742 3149.73495737481
2743 3151.12663753401
2744 3152.51845169369
2745 3153.91039142564
2746 3155.30245829934
2747 3156.69465737964
2748 3158.08699023675
2749 3159.47944844697
2750 3160.87203356171
2751 3162.26475487265
2752 3163.65760136276
2753 3165.05057460184
2754 3166.44367966846
2755 3167.83691814577
2756 3169.23028158287
2757 3170.62377154972
2758 3172.01739733584
2759 3173.41114791327
2760 3174.80502742164
2761 3176.19903322781
2762 3177.59317466595
2763 3178.98744065756
2764 3180.38183537364
2765 3181.77635616242
2766 3183.17101237053
2767 3184.56579292499
2768 3185.96069938362
2769 3187.35574109533
2770 3188.75090697903
2771 3190.14620120665
2772 3191.54162113139
2773 3192.93717609771
2774 3194.33285500908
2775 3195.72866204493
2776 3197.12459878911
2777 3198.52066189985
2778 3199.91685297358
2779 3201.31316936284
2780 3202.70962042681
2781 3204.10619504114
2782 3205.50289741143
2783 3206.89972910922
2784 3208.29668679193
2785 3209.69377205631
2786 3211.09098484424
2787 3212.4883267597
2788 3213.88579442041
2789 3215.28338945555
2790 3216.68110920404
2791 3218.07896305922
2792 3219.47693985617
2793 3220.87504379493
2794 3222.27327649806
2795 3223.67163456556
2796 3225.07011961859
2797 3226.46873160596
2798 3227.86747213777
2799 3229.26633781921
2800 3230.66533027296
2801 3232.0644511093
2802 3233.46369692738
2803 3234.86306934873
2804 3236.26256833471
2805 3237.66219549576
2806 3239.06194741098
2807 3240.46182571601
2808 3241.86183036522
2809 3243.26196298189
2810 3244.66222012631
2811 3246.06260345832
2812 3247.46311460831
2813 3248.86375011661
2814 3250.26451164451
2815 3251.66539913365
2816 3253.06641423295
2817 3254.46755346393
2818 3255.86881851206
2819 3257.27021361346
2820 3258.6717274788
2821 3260.07336958588
2822 3261.47513728356
2823 3262.87703483945
2824 3264.27905091215
2825 3265.68119502556
2826 3267.08346451425
2827 3268.48586102196
2828 3269.88838108724
2829 3271.2910263468
2830 3272.69380111977
2831 3274.09669401155
2832 3275.49971457344
2833 3276.90286012673
2834 3278.30613498541
2835 3279.70952772805
2836 3281.11304795084
2837 3282.51669730393
2838 3283.92046437744
2839 3285.32435876275
2840 3286.72837776786
2841 3288.13252570769
2842 3289.53679114554
2843 3290.9411836797
2844 3292.345704986
2845 3293.75034628481
2846 3295.15510922604
2847 3296.55999904925
2848 3297.96501744184
2849 3299.37015295877
2850 3300.77541518784
2851 3302.18080146259
2852 3303.58631609246
2853 3304.99194761127
2854 3306.39770564032
2855 3307.80359188002
2856 3309.2095974912
2857 3310.61572416227
2858 3312.02197714032
2859 3313.42835812719
2860 3314.83485560343
2861 3316.24147923617
2862 3317.64823070903
2863 3319.05510117261
2864 3320.46209230996
2865 3321.86920938195
2866 3323.27645411613
2867 3324.68381759984
2868 3326.09130154735
2869 3327.49891122716
2870 3328.90664834043
2871 3330.31450134518
2872 3331.72247991189
2873 3333.13058578111
2874 3334.5388100128
2875 3335.94715433426
2876 3337.3556240151
2877 3338.76422078222
2878 3340.17293570131
2879 3341.58177049989
2880 3342.99073488933
2881 3344.39981727915
2882 3345.80902204571
2883 3347.218346456
2884 3348.6278002676
2885 3350.03737184928
2886 3351.44706293581
2887 3352.85687880437
2888 3354.26682119628
2889 3355.67688114172
2890 3357.08706035605
2891 3358.49736862438
2892 3359.90779427476
2893 3361.31834173004
2894 3362.72900824348
2895 3364.13980360717
2896 3365.55071612347
2897 3366.96174755883
2898 3368.37290769359
2899 3369.78418481053
2900 3371.19558336336
2901 3372.60710061163
2902 3374.01874634959
2903 3375.43050887694
2904 3376.84239262376
2905 3378.25439933196
2906 3379.6665253476
2907 3381.07877241135
2908 3382.49113780745
2909 3383.90363134503
2910 3385.31624128302
2911 3386.72897206517
2912 3388.14182095572
2913 3389.55479777196
2914 3390.96789078283
2915 3392.38110443953
2916 3393.79444048454
2917 3395.20789525561
2918 3396.62147050785
2919 3398.03516347946
2920 3399.44898404643
2921 3400.86292040696
2922 3402.27697705589
2923 3403.69115573029
2924 3405.10545275435
2925 3406.52087776111
2926 3408.02670177172
2927 3409.57153535443
2928 3411.11657208313
2929 3412.66181100354
2930 3414.20725933785
2931 3415.7529106234
2932 3417.29876395887
2933 3418.84482652675
2934 3420.39109186601
2935 3421.93755908564
2936 3423.48423538378
2937 3425.0311142838
2938 3426.57819488414
2939 3428.12548439405
2940 3429.67297363402
2941 3431.22066982627
2942 3432.76856747291
2943 3434.31667382218
2944 3435.8649823728
2945 3437.4134922334
2946 3438.96221060436
2947 3440.5111310323
2948 3442.06025256449
2949 3443.60958247596
2950 3445.15911425139
2951 3446.70884698654
2952 3448.25878790851
2953 3449.80892781893
2954 3451.35927394519
2955 3452.90982539604
2956 3454.46057562917
2957 3456.011531934
2958 3457.56269339593
2959 3459.11405346983
2960 3460.66561943527
2961 3462.21739040079
2962 3463.76935981005
2963 3465.32153222195
2964 3466.87391029205
2965 3468.42649314149
2966 3469.97927420035
2967 3471.53226076032
2968 3473.08545193187
2969 3474.63884114226
2970 3476.19243569876
2971 3477.74623469685
2972 3479.30023153987
2973 3480.85443358445
2974 3482.40883989001
2975 3483.96344389519
2976 3485.51825015015
2977 3487.0732660129
2978 3488.62847664814
2979 3490.18388938821
2980 3491.73951156852
2981 3493.29532833748
2982 3494.85134704294
2983 3496.4075750189
2984 3497.96399742711
2985 3499.52062158861
2986 3501.07745021154
2987 3502.63448240356
2988 3504.19171152631
2989 3505.74914220594
2990 3507.30678176744
2991 3508.86461535434
2992 3510.42265031681
2993 3511.98089401659
2994 3513.53933155967
2995 3515.09797030756
2996 3516.65681762477
2997 3518.21585862648
2998 3519.77510065151
2999 3521.33455111388
3000 3522.89419505304
3001 3524.45403987006
3002 3526.01409018273
3003 3527.57433933485
3004 3529.13478643509
3005 3530.69543887316
3006 3532.25628996878
3007 3533.81733885391
3008 3535.37858820002
3009 3536.94004546165
3010 3538.50169560971
3011 3540.06354608577
3012 3541.6256042962
3013 3543.18785523385
3014 3544.75030630485
3015 3546.31296220318
3016 3547.87581618854
3017 3549.43886737497
3018 3551.00212323161
3019 3552.56557698614
3020 3554.12922779556
3021 3555.69308308079
3022 3557.25713613049
3023 3558.8213860399
3024 3560.3858402923
3025 3561.95048933841
3026 3563.51534064909
3027 3565.08039334533
3028 3566.64564066326
3029 3568.21109008912
3030 3569.77673599204
3031 3571.34258584616
3032 3572.908632887
3033 3574.47487623488
3034 3576.04132338818
3035 3577.60796753276
3036 3579.17480783782
3037 3580.74185176618
3038 3582.30908976254
3039 3583.87652928998
3040 3585.4441695308
3041 3587.01200363097
3042 3588.58003912882
3043 3590.14827514473
3044 3591.71670487308
3045 3593.28533581655
3046 3594.85416714452
3047 3596.42319198884
3048 3597.992417902
3049 3599.56184401693
3050 3601.13146350114
3051 3602.70128108082
3052 3604.27129949296
3053 3605.84151790857
3054 3607.41192945603
3055 3608.98254166588
3056 3610.5533537199
3057 3612.12435872215
3058 3613.69556425302
3059 3615.26696944505
3060 3616.83856742527
3061 3618.41036575111
3062 3619.98236359143
3063 3621.55455404891
3064 3623.12694188802
3065 3624.69953469308
3066 3626.27231712504
3067 3627.8452967807
3068 3629.41848124328
3069 3630.99185516129
3070 3632.56542613042
3071 3634.13920174919
3072 3635.71316666277
3073 3637.28732846939
3074 3638.86168990787
3075 3640.43625016121
3076 3642.01100228904
3077 3643.58595108506
3078 3645.16110416038
3079 3646.73644612021
3080 3648.31198458816
3081 3649.88772717786
3082 3651.46365849123
3083 3653.03978612885
3084 3654.61611774156
3085 3656.19263789327
3086 3657.7693542218
3087 3659.34627435494
3088 3660.92338286609
3089 3662.50068738278
3090 3664.0781927376
3091 3665.65589192498
3092 3667.23378413786
3093 3668.81187701797
3094 3670.39016359557
3095 3671.96864300145
3096 3673.54731803978
3097 3675.12619637904
3098 3676.70526251101
3099 3678.28452409114
3100 3679.8639859918
3101 3681.44364116681
3102 3683.02348880878
3103 3684.60353660012
3104 3686.18377750497
3105 3687.7642107048
3106 3689.34484390657
3107 3690.92567005585
3108 3692.5066883272
3109 3694.08790644107
3110 3695.66931732359
3111 3697.25092019266
3112 3698.83272272006
3113 3700.41471502052
3114 3701.99690480441
3115 3703.5792912772
3116 3705.16186733781
3117 3706.74464072119
3118 3708.32760569227
3119 3709.91076996117
3120 3711.49412646443
3121 3713.07767436856
3122 3714.66142143713
3123 3716.24536055324
3124 3717.8294909105
3125 3719.41382027155
3126 3720.99833867194
3127 3722.58305384905
3128 3724.1679650096
3129 3725.75306504779
3130 3727.33836170338
3131 3728.92385419412
3132 3730.50953536404
3133 3732.09541301588
3134 3733.68148631781
3135 3735.26774816264
3136 3736.85420630435
3137 3738.44085996051
3138 3740.02770196093
3139 3741.61473726014
3140 3743.20196862959
3141 3744.78939531231
3142 3746.37701012437
3143 3747.96482087099
3144 3749.55282674553
3145 3751.14102058735
3146 3752.72941019118
3147 3754.31799478709
3148 3755.90676716414
3149 3757.49573515459
3150 3759.08489797718
3151 3760.67424841871
3152 3762.26379142446
3153 3763.85353485373
3154 3765.44346286475
3155 3767.03358329097
3156 3768.62390395558
3157 3770.21440905212
3158 3771.80510639071
3159 3773.39600383213
3160 3774.98708551873
3161 3776.57835929823
3162 3778.16982510484
3163 3779.76149081312
3164 3781.35334052497
3165 3782.94538212747
3166 3784.53762345905
3167 3786.13004864415
3168 3787.7226655209
3169 3789.31548201652
3170 3790.90848216585
3171 3792.50167387024
3172 3794.09506500796
3173 3795.68863964918
3174 3797.28240568468
3175 3798.87636811342
3176 3800.47051964125
3177 3802.06485952245
3178 3803.65939563649
3179 3805.25412069984
3180 3806.84903391697
3181 3808.4441432434
3182 3810.03944133235
3183 3811.63492743794
3184 3813.23060438609
3185 3814.82648012082
3186 3816.42253860463
3187 3818.01878779406
3188 3819.6152326915
3189 3821.21186598544
3190 3822.80868690561
3191 3824.40570341004
3192 3826.0029081239
3193 3827.60030031383
3194 3829.1978879016
3195 3830.79566356148
3196 3832.39362652297
3197 3833.99178474563
3198 3835.59013085922
3199 3837.18866411202
3200 3838.78739247713
3201 3840.38630565811
3202 3841.98541162835
3203 3843.58470964324
3204 3845.18419232338
3205 3846.78386761866
3206 3848.38372968603
3207 3849.9837864889
3208 3851.58403064717
3209 3853.18446138994
3210 3854.78508673125
3211 3856.38589924038
3212 3857.98689819622
3213 3859.58809157649
3214 3861.18946906618
3215 3862.7910386561
3216 3864.39279962552
3217 3865.99474450354
3218 3867.59688134443
3219 3869.19920937746
3220 3870.80172119371
3221 3872.40442478549
3222 3874.0073194447
3223 3875.61039768615
3224 3877.21366464406
3225 3878.81712835065
3226 3880.42077255397
3227 3882.02460531158
3228 3883.62862947768
3229 3885.23284434529
3230 3886.83724242618
3231 3888.44183175358
3232 3890.04661163194
3233 3891.65157453513
3234 3893.25672855993
3235 3894.86207294789
3236 3896.46760022216
3237 3898.07331550747
3238 3899.67922688931
3239 3901.28531803322
3240 3902.89159705005
3241 3904.49807198884
3242 3906.10472655076
3243 3907.71156879738
3244 3909.31860684135
3245 3910.92582431939
3246 3912.53322933106
3247 3914.140829991
3248 3915.74860990746
3249 3917.35657720763
3250 3918.96473183644
3251 3920.57308188389
3252 3922.18161099459
3253 3923.79032725825
3254 3925.39923882857
3255 3927.00832925997
3256 3928.61760669305
3257 3930.22707927063
3258 3931.83673056999
3259 3933.44656869519
3260 3935.05660181431
3261 3936.66681347854
3262 3938.27721183002
3263 3939.8878020622
3264 3941.49857658902
3265 3943.10953466338
3266 3944.72068449309
3267 3946.33201842835
3268 3947.94353578498
3269 3949.55524472137
3270 3951.16713761149
3271 3952.77921374654
3272 3954.39147604844
3273 3956.00393267688
3274 3957.61656712366
3275 3959.22938757386
3276 3960.84239924756
3277 3962.4555944924
3278 3964.06897262394
3279 3965.6825418288
3280 3967.29629443992
3281 3968.91022976104
3282 3970.52435601696
3283 3972.13866550246
3284 3973.75315757145
3285 3975.36784038639
3286 3976.98270630441
3287 3978.59775460339
3288 3980.21299353535
3289 3981.82512918584
3290 3983.08048390553
3291 3984.33575758986
3292 3985.59096674024
3293 3986.84609472613
3294 3988.10115804999
3295 3989.35614542292
3296 3990.61105737165
3297 3991.86589855764
3298 3993.12066954668
3299 3994.37535899655
3300 3995.62998345135
3301 3996.8845262506
3302 3998.13900394559
3303 3999.39340517469
3304 4000.64773054074
3305 4001.90198465602
3306 4003.15616811107
3307 4004.41026952328
3308 4005.66430252328
3309 4006.91825932559
3310 4008.17214460641
3311 4009.42595893168
3312 4010.67969091595
3313 4011.93335717428
3314 4013.18694634671
3315 4014.44045894731
3316 4015.69389969172
3317 4016.94726377999
3318 4018.20055587096
3319 4019.45377654254
3320 4020.7069143945
3321 4021.95998607079
3322 4023.21298017096
3323 4024.46589724678
3324 4025.71874199031
3325 4026.97150960606
3326 4028.22420477352
3327 4029.47682807073
3328 4030.72936805599
3329 4031.98183843319
3330 4033.23423673449
3331 4034.48655156756
3332 4035.73879961495
3333 4036.99096405212
3334 4038.24306158125
3335 4039.49508078429
3336 4040.74702220033
3337 4041.99889054901
3338 4043.25068639568
3339 4044.50239826888
3340 4045.75404291252
3341 4047.00560886778
3342 4048.25709669954
3343 4049.50851111547
3344 4050.75984729142
3345 4052.01110994153
3346 4053.26229963838
3347 4054.5134048938
3348 4055.7644424697
3349 4057.01540091624
3350 4058.26627773743
3351 4059.51708672409
3352 4060.76781098384
3353 4062.01846729316
3354 4063.26904417559
3355 4064.5195421705
3356 4065.76996602601
3357 4067.0203163206
3358 4068.27058149865
3359 4069.52077842988
3360 4070.77089014659
3361 4072.02093348805
3362 4073.27089694824
3363 4074.52078104179
3364 4075.77059056857
3365 4077.02032606949
3366 4078.26997602368
3367 4079.51955725448
3368 4080.76905283428
3369 4082.01847958749
3370 4083.26782600516
3371 4084.5170895895
3372 4085.76628421769
3373 4087.0153983353
3374 4088.2644324504
3375 4089.51339140313
3376 4090.76227026227
3377 4092.01107384249
3378 4093.25980267199
3379 4094.50844518649
3380 4095.75701830635
3381 4097.00551046708
3382 4098.25392218352
3383 4099.50225830989
3384 4100.75051386216
3385 4101.9986937206
3386 4103.24679838773
3387 4104.49481628349
3388 4105.74276435155
3389 4106.99063101868
3390 4108.23841679898
3391 4109.48612653583
3392 4110.73375224145
3393 4111.9813078674
3394 4113.22878180579
3395 4114.47617457161
3396 4115.72349104679
3397 4116.9707317211
3398 4118.21788499756
3399 4119.46496787095
3400 4120.71196324186
3401 4121.95888809953
3402 4123.20573082727
3403 4124.45249195224
3404 4125.69917633264
3405 4126.94578449617
3406 4128.19230480502
3407 4129.43875430901
3408 4130.68512134433
3409 4131.93140643822
3410 4133.17761447555
3411 4134.42373741214
3412 4135.66978927229
3413 4136.9157584153
3414 4138.16164533063
3415 4139.40745492887
3416 4140.65318771913
3417 4141.89883204001
3418 4143.14440497296
3419 4144.38988930592
3420 4145.63530217302
3421 4146.88063185404
3422 4148.12587888931
3423 4149.37104817851
3424 4150.61614024964
3425 4151.86114338047
3426 4153.10607473412
3427 4154.35091702968
3428 4155.59568745715
3429 4156.84037427381
3430 4158.0849779884
3431 4159.32950355268
3432 4160.57394841269
3433 4161.81831001344
3434 4163.06259330786
3435 4164.30679322554
3436 4165.55091473263
3437 4166.79495833148
3438 4168.03891226922
3439 4169.28279376758
3440 4170.52659107344
3441 4171.7703047016
3442 4173.01393959332
3443 4174.25749067689
3444 4175.50096295174
3445 4176.74435688862
3446 4177.98766074385
3447 4179.23089173129
3448 4180.47403811992
3449 4181.71710038667
3450 4182.96008351198
3451 4184.20298241066
3452 4185.44580207639
3453 4186.68853992764
3454 4187.93119339478
3455 4189.17376747262
3456 4190.41626265091
3457 4191.65866715011
3458 4192.900998235
3459 4194.14323854187
3460 4195.38540533031
3461 4196.62748682575
3462 4197.86948350524
3463 4199.1114004029
3464 4200.35323798341
3465 4201.59498444437
3466 4202.83665711315
3467 4204.07824417421
3468 4205.31974609175
3469 4206.56116792666
3470 4207.80250451312
3471 4209.04376091234
3472 4210.28493759538
3473 4211.52602272505
3474 4212.76703058427
3475 4214.00795857701
3476 4215.24879487093
3477 4216.48955681226
3478 4217.73022694939
3479 4218.97082264253
3480 4220.21133207131
3481 4221.45175567423
3482 4222.69209852712
3483 4223.9323611207
3484 4225.1725315809
3485 4226.41262730332
3486 4227.6526307872
3487 4228.89255946107
3488 4230.13240142467
3489 4231.37215718054
3490 4232.61183178057
3491 4233.85142571495
3492 4235.09092708137
3493 4236.33035335039
3494 4237.56968694591
3495 4238.80894225068
3496 4240.04811662812
3497 4241.28719819925
3498 4242.52620439922
3499 4243.76512336175
3500 4245.00395553186
3501 4246.24270602113
3502 4247.48136960614
3503 4248.71995141832
3504 4249.95845190929
3505 4251.19685917178
3506 4252.43519069643
3507 4253.67343454991
3508 4254.91159122213
3509 4256.14966581961
3510 4257.38765311759
3511 4258.62555823586
3512 4259.86338165195
3513 4261.10111141682
3514 4262.33876507719
3515 4263.57633067718
3516 4264.81380555807
3517 4266.05120419043
3518 4267.28850892013
3519 4268.52573729662
3520 4269.76287735582
3521 4270.99992957484
3522 4272.23689908812
3523 4273.47378636044
3524 4274.71057941268
3525 4275.94729583642
3526 4277.18391793426
3527 4278.42046331181
3528 4279.6569199953
3529 4280.89328841711
3530 4282.12957375121
3531 4283.36577646299
3532 4284.60188454391
3533 4285.8379156293
3534 4287.07385771038
3535 4288.30971123912
3536 4289.54548140339
3537 4290.78115980387
3538 4292.01676095942
3539 4293.25227288579
3540 4294.48769600862
3541 4295.72303551707
3542 4296.95829187616
3543 4298.1934530671
3544 4299.42853672464
3545 4300.66352511437
3546 4301.89843589167
3547 4303.13325705582
3548 4304.36798900714
3549 4305.60263698737
3550 4306.83720142327
3551 4308.07167028618
3552 4309.30606126067
3553 4310.54035656903
3554 4311.77457389695
3555 4313.00870121478
3556 4314.2427389422
3557 4315.4766923291
3558 4316.71055866798
3559 4317.94433527739
3560 4319.17802740087
3561 4320.41162968912
3562 4321.64514739895
3563 4322.87858095725
3564 4324.11191829157
3565 4325.3451771584
3566 4326.57834548509
3567 4327.81142367211
3568 4329.04441702907
3569 4330.27732015347
3570 4331.5101383423
3571 4332.742872003
3572 4333.97550902799
3573 4335.20806725552
3574 4336.44053454551
3575 4337.67291132401
3576 4338.90520288939
3577 4340.13740385035
3578 4341.36951950557
3579 4342.60154713282
3580 4343.83348399696
3581 4345.06533543565
3582 4346.29710183709
3583 4347.52877108273
3584 4348.76036101075
3585 4349.99185367681
3586 4351.22326696526
3587 4352.45458869217
3588 4353.68581930966
3589 4354.91696411821
3590 4356.14802353163
3591 4357.37898538982
3592 4358.60986759345
3593 4359.8406579822
3594 4361.0713569564
3595 4362.30196985642
3596 4363.53249124879
3597 4364.76292647422
3598 4365.99327594658
3599 4367.22352749613
3600 4368.45369587086
3601 4369.68377835985
3602 4370.91376277286
3603 4372.1436670556
3604 4373.37347314285
3605 4374.60319902037
3606 4375.83283247096
3607 4377.06237392104
3608 4378.29182870013
3609 4379.52119723522
3610 4380.75046730702
3611 4381.97965690465
3612 4383.20874793881
3613 4384.43775840647
3614 4385.66667608701
3615 4386.89550138134
3616 4388.12423967185
3617 4389.35289134702
3618 4390.58144419714
3619 4391.80991621613
3620 4393.0382893034
3621 4394.26657831397
3622 4395.49478050917
3623 4396.72288362577
3624 4397.95090569911
3625 4399.1788344917
3626 4400.40667039125
3627 4401.63441881466
3628 4402.86207423885
3629 4404.08964210029
3630 4405.31712277462
3631 4406.54450400817
3632 4407.7718038541
3633 4408.9990100715
3634 4410.2261230225
3635 4411.4531481446
3636 4412.68007991986
3637 4413.90692378613
3638 4415.13368010609
3639 4416.36033662305
3640 4417.586911414
3641 4418.81339221574
3642 4420.03977623507
3643 4421.26607840238
3644 4422.49228053851
3645 4423.71840074284
3646 4424.94442673055
3647 4426.17035887684
3648 4427.39620264738
3649 4428.62195839198
3650 4429.8476138237
3651 4431.07318708426
3652 4432.29865993802
3653 4433.52405052781
3654 4434.74934655274
