1 -0.03050000 -0.11200000 0.05100000
2 0.00000000 0.00000000 0.00000000
3 -0.09100000 -0.10800000 -0.07400000
4 -0.21083333 -0.23000000 -0.19166666
5 -0.33066666 -0.35200000 -0.30933333
6 -0.45050000 -0.47400000 -0.42700000
7 -0.57033333 -0.59600000 -0.54466666
8 -0.69016666 -0.71800000 -0.66233333
9 -0.81000000 -0.84000000 -0.78000000
10 -0.94071428 -0.97285714 -0.90857142
11 -1.07142857 -1.10571428 -1.03714285
12 -1.20214285 -1.23857142 -1.16571428
13 -1.33285714 -1.37142857 -1.29428571
14 -1.46357142 -1.50428571 -1.42285714
15 -1.59428571 -1.63714285 -1.55142857
16 -1.72500000 -1.77000000 -1.68000000
17 -1.85214285 -1.89857142 -1.80571428
18 -1.97928571 -2.02714285 -1.93142857
19 -2.10642857 -2.15571428 -2.05714285
20 -2.23357142 -2.28428571 -2.18285714
21 -2.36071428 -2.41285714 -2.30857142
22 -2.48785714 -2.54142857 -2.43428571
23 -2.61500000 -2.67000000 -2.56000000
24 -2.73083333 -2.78666666 -2.67500000
25 -2.84666666 -2.90333333 -2.79000000
26 -2.96250000 -3.02000000 -2.90500000
27 -3.07833333 -3.13666666 -3.02000000
28 -3.19416666 -3.25333333 -3.13500000
29 -3.31000000 -3.37000000 -3.25000000
30 -3.42583333 -3.48666666 -3.36500000
31 -3.54166666 -3.60333333 -3.48000000
32 -3.65750000 -3.72000000 -3.59500000
33 -3.77333333 -3.83666666 -3.71000000
34 -3.88916666 -3.95333333 -3.82500000
35 -4.00500000 -4.07000000 -3.94000000
36 -4.13051724 -4.19724137 -4.06379310
37 -4.25603448 -4.32448275 -4.18758620
38 -4.38155172 -4.45172413 -4.31137931
39 -4.50706896 -4.57896551 -4.43517241
40 -4.63258620 -4.70620689 -4.55896551
41 -4.75810344 -4.83344827 -4.68275862
42 -4.88362068 -4.96068965 -4.80655172
43 -5.00913793 -5.08793103 -4.93034482
44 -5.13465517 -5.21517241 -5.05413793
45 -5.26017241 -5.34241379 -5.17793103
46 -5.38568965 -5.46965517 -5.30172413
47 -5.51120689 -5.59689655 -5.42551724
48 -5.63672413 -5.72413793 -5.54931034
49 -5.76224137 -5.85137931 -5.67310344
50 -5.88775862 -5.97862068 -5.79689655
51 -6.01327586 -6.10586206 -5.92068965
52 -6.13879310 -6.23310344 -6.04448275
53 -6.26431034 -6.36034482 -6.16827586
54 -6.38982758 -6.48758620 -6.29206896
55 -6.51534482 -6.61482758 -6.41586206
56 -6.64086206 -6.74206896 -6.53965517
57 -6.76637931 -6.86931034 -6.66344827
58 -6.89189655 -6.99655172 -6.78724137
59 -7.01741379 -7.12379310 -6.91103448
60 -7.14293103 -7.25103448 -7.03482758
61 -7.26844827 -7.37827586 -7.15862068
62 -7.39396551 -7.50551724 -7.28241379
63 -7.51948275 -7.63275862 -7.40620689
64 -7.64500000 -7.76000000 -7.53000000
65 -7.76150000 -7.87900000 -7.64400000
66 -7.87800000 -7.99800000 -7.75800000
67 -7.99450000 -8.11700000 -7.87200000
68 -8.11100000 -8.23600000 -7.98600000
69 -8.22750000 -8.35500000 -8.10000000
70 -8.34400000 -8.47400000 -8.21400000
71 -8.46050000 -8.59300000 -8.32800000
72 -8.57700000 -8.71200000 -8.44200000
73 -8.69350000 -8.83100000 -8.55600000
74 -8.81000000 -8.95000000 -8.67000000
75 -8.92650000 -9.06900000 -8.78400000
76 -9.04300000 -9.18800000 -8.89800000
77 -9.15950000 -9.30700000 -9.01200000
78 -9.27600000 -9.42600000 -9.12600000
79 -9.39250000 -9.54500000 -9.24000000
80 -9.50900000 -9.66400000 -9.35400000
81 -9.62550000 -9.78300000 -9.46800000
82 -9.74200000 -9.90200000 -9.58200000
83 -9.85850000 -10.02100000 -9.69600000
84 -9.97500000 -10.14000000 -9.81000000
85 -10.09150000 -10.25900000 -9.92400000
86 -10.20800000 -10.37800000 -10.03800000
87 -10.32450000 -10.49700000 -10.15200000
88 -10.44100000 -10.61600000 -10.26600000
89 -10.55750000 -10.73500000 -10.38000000
90 -10.67400000 -10.85400000 -10.49400000
91 -10.79050000 -10.97300000 -10.60800000
92 -10.90700000 -11.09200000 -10.72200000
93 -11.02350000 -11.21100000 -10.83600000
94 -11.14000000 -11.33000000 -10.95000000
95 -11.24951612 -11.44032258 -11.05870967
96 -11.35903225 -11.55064516 -11.16741935
97 -11.46854838 -11.66096774 -11.27612903
98 -11.57806451 -11.77129032 -11.38483870
99 -11.68758064 -11.88161290 -11.49354838
100 -11.79709677 -11.99193548 -11.60225806
101 -11.90661290 -12.10225806 -11.71096774
102 -12.01612903 -12.21258064 -11.81967741
103 -12.12564516 -12.32290322 -11.92838709
104 -12.23516129 -12.43322580 -12.03709677
105 -12.34467741 -12.54354838 -12.14580645
106 -12.45419354 -12.65387096 -12.25451612
107 -12.56370967 -12.76419354 -12.36322580
108 -12.67322580 -12.87451612 -12.47193548
109 -12.78274193 -12.98483870 -12.58064516
110 -12.89225806 -13.09516129 -12.68935483
111 -13.00177419 -13.20548387 -12.79806451
112 -13.11129032 -13.31580645 -12.90677419
113 -13.22080645 -13.42612903 -13.01548387
114 -13.33032258 -13.53645161 -13.12419354
115 -13.43983870 -13.64677419 -13.23290322
116 -13.54935483 -13.75709677 -13.34161290
117 -13.65887096 -13.86741935 -13.45032258
118 -13.76838709 -13.97774193 -13.55903225
119 -13.87790322 -14.08806451 -13.66774193
120 -13.98741935 -14.19838709 -13.77645161
121 -14.09693548 -14.30870967 -13.88516129
122 -14.20645161 -14.41903225 -13.99387096
123 -14.31596774 -14.52935483 -14.10258064
124 -14.42548387 -14.63967741 -14.21129032
125 -14.53500000 -14.75000000 -14.32000000
126 -14.64100000 -14.85833333 -14.42366666
127 -14.74700000 -14.96666666 -14.52733333
128 -14.85300000 -15.07500000 -14.63100000
129 -14.95900000 -15.18333333 -14.73466666
130 -15.06500000 -15.29166666 -14.83833333
131 -15.17100000 -15.40000000 -14.94200000
132 -15.27700000 -15.50833333 -15.04566666
133 -15.38300000 -15.61666666 -15.14933333
134 -15.48900000 -15.72500000 -15.25300000
135 -15.59500000 -15.83333333 -15.35666666
136 -15.70100000 -15.94166666 -15.46033333
137 -15.80700000 -16.05000000 -15.56400000
138 -15.91300000 -16.15833333 -15.66766666
139 -16.01900000 -16.26666666 -15.77133333
140 -16.12500000 -16.37500000 -15.87500000
141 -16.23100000 -16.48333333 -15.97866666
142 -16.33700000 -16.59166666 -16.08233333
143 -16.44300000 -16.70000000 -16.18600000
144 -16.54900000 -16.80833333 -16.28966666
145 -16.65500000 -16.91666666 -16.39333333
146 -16.76100000 -17.02500000 -16.49700000
147 -16.86700000 -17.13333333 -16.60066666
148 -16.97300000 -17.24166666 -16.70433333
149 -17.07900000 -17.35000000 -16.80800000
150 -17.18500000 -17.45833333 -16.91166666
151 -17.29100000 -17.56666666 -17.01533333
152 -17.39700000 -17.67500000 -17.11900000
153 -17.50300000 -17.78333333 -17.22266666
154 -17.60900000 -17.89166666 -17.32633333
155 -17.71500000 -18.00000000 -17.43000000
156 -17.80090909 -18.09000000 -17.51181818
157 -17.88681818 -18.18000000 -17.59363636
158 -17.97272727 -18.27000000 -17.67545454
159 -18.05863636 -18.36000000 -17.75727272
160 -18.14454545 -18.45000000 -17.83909090
161 -18.23045454 -18.54000000 -17.92090909
162 -18.31636363 -18.63000000 -18.00272727
163 -18.40227272 -18.72000000 -18.08454545
164 -18.48818181 -18.81000000 -18.16636363
165 -18.57409090 -18.90000000 -18.24818181
166 -18.66000000 -18.99000000 -18.33000000
167 -18.74590909 -19.08000000 -18.41181818
168 -18.83181818 -19.17000000 -18.49363636
169 -18.91772727 -19.26000000 -18.57545454
170 -19.00363636 -19.35000000 -18.65727272
171 -19.08954545 -19.44000000 -18.73909090
172 -19.17545454 -19.53000000 -18.82090909
173 -19.26136363 -19.62000000 -18.90272727
174 -19.34727272 -19.71000000 -18.98454545
175 -19.43318181 -19.80000000 -19.06636363
176 -19.51909090 -19.89000000 -19.14818181
177 -19.60500000 -19.98000000 -19.23000000
178 -19.69090909 -20.07000000 -19.31181818
179 -19.77681818 -20.16000000 -19.39363636
180 -19.86272727 -20.25000000 -19.47545454
181 -19.94863636 -20.34000000 -19.55727272
182 -20.03454545 -20.43000000 -19.63909090
183 -20.12045454 -20.52000000 -19.72090909
184 -20.20636363 -20.61000000 -19.80272727
185 -20.29227272 -20.70000000 -19.88454545
186 -20.37818181 -20.79000000 -19.96636363
187 -20.46409090 -20.88000000 -20.04818181
188 -20.55000000 -20.97000000 -20.13000000
189 -20.64224137 -21.06275862 -20.22172413
190 -20.73448275 -21.15551724 -20.31344827
191 -20.82672413 -21.24827586 -20.40517241
192 -20.91896551 -21.34103448 -20.49689655
193 -21.01120689 -21.43379310 -20.58862068
194 -21.10344827 -21.52655172 -20.68034482
195 -21.19568965 -21.61931034 -20.77206896
196 -21.28793103 -21.71206896 -20.86379310
197 -21.38017241 -21.80482758 -20.95551724
198 -21.47241379 -21.89758620 -21.04724137
199 -21.56465517 -21.99034482 -21.13896551
200 -21.65689655 -22.08310344 -21.23068965
201 -21.74913793 -22.17586206 -21.32241379
202 -21.84137931 -22.26862068 -21.41413793
203 -21.93362068 -22.36137931 -21.50586206
204 -22.02586206 -22.45413793 -21.59758620
205 -22.11810344 -22.54689655 -21.68931034
206 -22.21034482 -22.63965517 -21.78103448
207 -22.30258620 -22.73241379 -21.87275862
208 -22.39482758 -22.82517241 -21.96448275
209 -22.48706896 -22.91793103 -22.05620689
210 -22.57931034 -23.01068965 -22.14793103
211 -22.67155172 -23.10344827 -22.23965517
212 -22.76379310 -23.19620689 -22.33137931
213 -22.85603448 -23.28896551 -22.42310344
214 -22.94827586 -23.38172413 -22.51482758
215 -23.04051724 -23.47448275 -22.60655172
216 -23.13275862 -23.56724137 -22.69827586
217 -23.22500000 -23.66000000 -22.79000000
218 -23.31392857 -23.75107142 -22.87678571
219 -23.40285714 -23.84214285 -22.96357142
220 -23.49178571 -23.93321428 -23.05035714
221 -23.58071428 -24.02428571 -23.13714285
222 -23.66964285 -24.11535714 -23.22392857
223 -23.75857142 -24.20642857 -23.31071428
224 -23.84750000 -24.29750000 -23.39750000
225 -23.93642857 -24.38857142 -23.48428571
226 -24.02535714 -24.47964285 -23.57107142
227 -24.11428571 -24.57071428 -23.65785714
228 -24.20321428 -24.66178571 -23.74464285
229 -24.29214285 -24.75285714 -23.83142857
230 -24.38107142 -24.84392857 -23.91821428
231 -24.47000000 -24.93500000 -24.00500000
232 -24.55892857 -25.02607142 -24.09178571
233 -24.64785714 -25.11714285 -24.17857142
234 -24.73678571 -25.20821428 -24.26535714
235 -24.82571428 -25.29928571 -24.35214285
236 -24.91464285 -25.39035714 -24.43892857
237 -25.00357142 -25.48142857 -24.52571428
238 -25.09250000 -25.57250000 -24.61250000
239 -25.18142857 -25.66357142 -24.69928571
240 -25.27035714 -25.75464285 -24.78607142
241 -25.35928571 -25.84571428 -24.87285714
242 -25.44821428 -25.93678571 -24.95964285
243 -25.53714285 -26.02785714 -25.04642857
244 -25.62607142 -26.11892857 -25.13321428
245 -25.71500000 -26.21000000 -25.22000000
246 -25.80274193 -26.30258064 -25.30290322
247 -25.89048387 -26.39516129 -25.38580645
248 -25.97822580 -26.48774193 -25.46870967
249 -26.06596774 -26.58032258 -25.55161290
250 -26.15370967 -26.67290322 -25.63451612
251 -26.24145161 -26.76548387 -25.71741935
252 -26.32919354 -26.85806451 -25.80032258
253 -26.41693548 -26.95064516 -25.88322580
254 -26.50467741 -27.04322580 -25.96612903
255 -26.59241935 -27.13580645 -26.04903225
256 -26.68016129 -27.22838709 -26.13193548
257 -26.76790322 -27.32096774 -26.21483870
258 -26.85564516 -27.41354838 -26.29774193
259 -26.94338709 -27.50612903 -26.38064516
260 -27.03112903 -27.59870967 -26.46354838
261 -27.11887096 -27.69129032 -26.54645161
262 -27.20661290 -27.78387096 -26.62935483
263 -27.29435483 -27.87645161 -26.71225806
264 -27.38209677 -27.96903225 -26.79516129
265 -27.46983870 -28.06161290 -26.87806451
266 -27.55758064 -28.15419354 -26.96096774
267 -27.64532258 -28.24677419 -27.04387096
268 -27.73306451 -28.33935483 -27.12677419
269 -27.82080645 -28.43193548 -27.20967741
270 -27.90854838 -28.52451612 -27.29258064
271 -27.99629032 -28.61709677 -27.37548387
272 -28.08403225 -28.70967741 -27.45838709
273 -28.17177419 -28.80225806 -27.54129032
274 -28.25951612 -28.89483870 -27.62419354
275 -28.34725806 -28.98741935 -27.70709677
276 -28.43500000 -29.08000000 -27.79000000
277 -28.50741935 -29.15322580 -27.86161290
278 -28.57983870 -29.22645161 -27.93322580
279 -28.65225806 -29.29967741 -28.00483870
280 -28.72467741 -29.37290322 -28.07645161
281 -28.79709677 -29.44612903 -28.14806451
282 -28.86951612 -29.51935483 -28.21967741
283 -28.94193548 -29.59258064 -28.29129032
284 -29.01435483 -29.66580645 -28.36290322
285 -29.08677419 -29.73903225 -28.43451612
286 -29.15919354 -29.81225806 -28.50612903
287 -29.23161290 -29.88548387 -28.57774193
288 -29.30403225 -29.95870967 -28.64935483
289 -29.37645161 -30.03193548 -28.72096774
290 -29.44887096 -30.10516129 -28.79258064
291 -29.52129032 -30.17838709 -28.86419354
292 -29.59370967 -30.25161290 -28.93580645
293 -29.66612903 -30.32483870 -29.00741935
294 -29.73854838 -30.39806451 -29.07903225
295 -29.81096774 -30.47129032 -29.15064516
296 -29.88338709 -30.54451612 -29.22225806
297 -29.95580645 -30.61774193 -29.29387096
298 -30.02822580 -30.69096774 -29.36548387
299 -30.10064516 -30.76419354 -29.43709677
300 -30.17306451 -30.83741935 -29.50870967
301 -30.24548387 -30.91064516 -29.58032258
302 -30.31790322 -30.98387096 -29.65193548
303 -30.39032258 -31.05709677 -29.72354838
304 -30.46274193 -31.13032258 -29.79516129
305 -30.53516129 -31.20354838 -29.86677419
306 -30.60758064 -31.27677419 -29.93838709
307 -30.68000000 -31.35000000 -30.01000000
308 -30.75400000 -31.42733333 -30.08066666
309 -30.82800000 -31.50466666 -30.15133333
310 -30.90200000 -31.58200000 -30.22200000
311 -30.97600000 -31.65933333 -30.29266666
312 -31.05000000 -31.73666666 -30.36333333
313 -31.12400000 -31.81400000 -30.43400000
314 -31.19800000 -31.89133333 -30.50466666
315 -31.27200000 -31.96866666 -30.57533333
316 -31.34600000 -32.04600000 -30.64600000
317 -31.42000000 -32.12333333 -30.71666666
318 -31.49400000 -32.20066666 -30.78733333
319 -31.56800000 -32.27800000 -30.85800000
320 -31.64200000 -32.35533333 -30.92866666
321 -31.71600000 -32.43266666 -30.99933333
322 -31.79000000 -32.51000000 -31.07000000
323 -31.86400000 -32.58733333 -31.14066666
324 -31.93800000 -32.66466666 -31.21133333
325 -32.01200000 -32.74200000 -31.28200000
326 -32.08600000 -32.81933333 -31.35266666
327 -32.16000000 -32.89666666 -31.42333333
328 -32.23400000 -32.97400000 -31.49400000
329 -32.30800000 -33.05133333 -31.56466666
330 -32.38200000 -33.12866666 -31.63533333
331 -32.45600000 -33.20600000 -31.70600000
332 -32.53000000 -33.28333333 -31.77666666
333 -32.60400000 -33.36066666 -31.84733333
334 -32.67800000 -33.43800000 -31.91800000
335 -32.75200000 -33.51533333 -31.98866666
336 -32.82600000 -33.59266666 -32.05933333
337 -32.90000000 -33.67000000 -32.13000000
338 -32.97683333 -33.75433333 -32.19933333
339 -33.05366666 -33.83866666 -32.26866666
340 -33.13050000 -33.92300000 -32.33800000
341 -33.20733333 -34.00733333 -32.40733333
342 -33.28416666 -34.09166666 -32.47666666
343 -33.36100000 -34.17600000 -32.54600000
344 -33.43783333 -34.26033333 -32.61533333
345 -33.51466666 -34.34466666 -32.68466666
346 -33.59150000 -34.42900000 -32.75400000
347 -33.66833333 -34.51333333 -32.82333333
348 -33.74516666 -34.59766666 -32.89266666
349 -33.82200000 -34.68200000 -32.96200000
350 -33.89883333 -34.76633333 -33.03133333
351 -33.97566666 -34.85066666 -33.10066666
352 -34.05250000 -34.93500000 -33.17000000
353 -34.12933333 -35.01933333 -33.23933333
354 -34.20616666 -35.10366666 -33.30866666
355 -34.28300000 -35.18800000 -33.37800000
356 -34.35983333 -35.27233333 -33.44733333
357 -34.43666666 -35.35666666 -33.51666666
358 -34.51350000 -35.44100000 -33.58600000
359 -34.59033333 -35.52533333 -33.65533333
360 -34.66716666 -35.60966666 -33.72466666
361 -34.74400000 -35.69400000 -33.79400000
362 -34.82083333 -35.77833333 -33.86333333
363 -34.89766666 -35.86266666 -33.93266666
364 -34.97450000 -35.94700000 -34.00200000
365 -35.05133333 -36.03133333 -34.07133333
366 -35.12816666 -36.11566666 -34.14066666
367 -35.20500000 -36.20000000 -34.21000000
368 -35.27584210 -36.28147368 -34.27021052
369 -35.34668421 -36.36294736 -34.33042105
370 -35.41752631 -36.44442105 -34.39063157
371 -35.48836842 -36.52589473 -34.45084210
372 -35.55921052 -36.60736842 -34.51105263
373 -35.63005263 -36.68884210 -34.57126315
374 -35.70089473 -36.77031578 -34.63147368
375 -35.77173684 -36.85178947 -34.69168421
376 -35.84257894 -36.93326315 -34.75189473
377 -35.91342105 -37.01473684 -34.81210526
378 -35.98426315 -37.09621052 -34.87231578
379 -36.05510526 -37.17768421 -34.93252631
380 -36.12594736 -37.25915789 -34.99273684
381 -36.19678947 -37.34063157 -35.05294736
382 -36.26763157 -37.42210526 -35.11315789
383 -36.33847368 -37.50357894 -35.17336842
384 -36.40931578 -37.58505263 -35.23357894
385 -36.48015789 -37.66652631 -35.29378947
386 -36.55100000 -37.74800000 -35.35400000
387 -36.62184210 -37.82947368 -35.41421052
388 -36.69268421 -37.91094736 -35.47442105
389 -36.76352631 -37.99242105 -35.53463157
390 -36.83436842 -38.07389473 -35.59484210
391 -36.90521052 -38.15536842 -35.65505263
392 -36.97605263 -38.23684210 -35.71526315
393 -37.04689473 -38.31831578 -35.77547368
394 -37.11773684 -38.39978947 -35.83568421
395 -37.18857894 -38.48126315 -35.89589473
396 -37.25942105 -38.56273684 -35.95610526
397 -37.33026315 -38.64421052 -36.01631578
398 -37.40110526 -38.72568421 -36.07652631
399 -37.47194736 -38.80715789 -36.13673684
400 -37.54278947 -38.88863157 -36.19694736
401 -37.61363157 -38.97010526 -36.25715789
402 -37.68447368 -39.05157894 -36.31736842
403 -37.75531578 -39.13305263 -36.37757894
404 -37.82615789 -39.21452631 -36.43778947
405 -37.89700000 -39.29600000 -36.49800000
406 -37.96784210 -39.37747368 -36.55821052
407 -38.03868421 -39.45894736 -36.61842105
408 -38.10952631 -39.54042105 -36.67863157
409 -38.18036842 -39.62189473 -36.73884210
410 -38.25121052 -39.70336842 -36.79905263
411 -38.32205263 -39.78484210 -36.85926315
412 -38.39289473 -39.86631578 -36.91947368
413 -38.46373684 -39.94778947 -36.97968421
414 -38.53457894 -40.02926315 -37.03989473
415 -38.60542105 -40.11073684 -37.10010526
416 -38.67626315 -40.19221052 -37.16031578
417 -38.74710526 -40.27368421 -37.22052631
418 -38.81794736 -40.35515789 -37.28073684
419 -38.88878947 -40.43663157 -37.34094736
420 -38.95963157 -40.51810526 -37.40115789
421 -39.03047368 -40.59957894 -37.46136842
422 -39.10131578 -40.68105263 -37.52157894
423 -39.17215789 -40.76252631 -37.58178947
424 -39.24300000 -40.84400000 -37.64200000
425 -39.31384210 -40.92547368 -37.70221052
426 -39.38468421 -41.00694736 -37.76242105
427 -39.45552631 -41.08842105 -37.82263157
428 -39.52636842 -41.16989473 -37.88284210
429 -39.59721052 -41.25136842 -37.94305263
430 -39.66805263 -41.33284210 -38.00326315
431 -39.73889473 -41.41431578 -38.06347368
432 -39.80973684 -41.49578947 -38.12368421
433 -39.88057894 -41.57726315 -38.18389473
434 -39.95142105 -41.65873684 -38.24410526
435 -40.02226315 -41.74021052 -38.30431578
436 -40.09310526 -41.82168421 -38.36452631
437 -40.16394736 -41.90315789 -38.42473684
438 -40.23478947 -41.98463157 -38.48494736
439 -40.30563157 -42.06610526 -38.54515789
440 -40.37647368 -42.14757894 -38.60536842
441 -40.44731578 -42.22905263 -38.66557894
442 -40.51815789 -42.31052631 -38.72578947
443 -40.58900000 -42.39200000 -38.78600000
444 -40.65984210 -42.47347368 -38.84621052
445 -40.73068421 -42.55494736 -38.90642105
446 -40.80152631 -42.63642105 -38.96663157
447 -40.87236842 -42.71789473 -39.02684210
448 -40.94321052 -42.79936842 -39.08705263
449 -41.01405263 -42.88084210 -39.14726315
450 -41.08489473 -42.96231578 -39.20747368
451 -41.15573684 -43.04378947 -39.26768421
452 -41.22657894 -43.12526315 -39.32789473
453 -41.29742105 -43.20673684 -39.38810526
454 -41.36826315 -43.28821052 -39.44831578
455 -41.43910526 -43.36968421 -39.50852631
456 -41.50994736 -43.45115789 -39.56873684
457 -41.58078947 -43.53263157 -39.62894736
458 -41.65163157 -43.61410526 -39.68915789
459 -41.72247368 -43.69557894 -39.74936842
460 -41.79331578 -43.77705263 -39.80957894
461 -41.86415789 -43.85852631 -39.86978947
462 -41.93500000 -43.94000000 -39.93000000
463 -42.00736263 -44.02461538 -39.99010989
464 -42.07972527 -44.10923076 -40.05021978
465 -42.15208791 -44.19384615 -40.11032967
466 -42.22445054 -44.27846153 -40.17043956
467 -42.29681318 -44.36307692 -40.23054945
468 -42.36917582 -44.44769230 -40.29065934
469 -42.44153846 -44.53230769 -40.35076923
470 -42.51390109 -44.61692307 -40.41087912
471 -42.58626373 -44.70153846 -40.47098901
472 -42.65862637 -44.78615384 -40.53109890
473 -42.73098901 -44.87076923 -40.59120879
474 -42.80335164 -44.95538461 -40.65131868
475 -42.87571428 -45.04000000 -40.71142857
476 -42.94807692 -45.12461538 -40.77153846
477 -43.02043956 -45.20923076 -40.83164835
478 -43.09280219 -45.29384615 -40.89175824
479 -43.16516483 -45.37846153 -40.95186813
480 -43.23752747 -45.46307692 -41.01197802
481 -43.30989010 -45.54769230 -41.07208791
482 -43.38225274 -45.63230769 -41.13219780
483 -43.45461538 -45.71692307 -41.19230769
484 -43.52697802 -45.80153846 -41.25241758
485 -43.59934065 -45.88615384 -41.31252747
486 -43.67170329 -45.97076923 -41.37263736
487 -43.74406593 -46.05538461 -41.43274725
488 -43.81642857 -46.14000000 -41.49285714
489 -43.88879120 -46.22461538 -41.55296703
490 -43.96115384 -46.30923076 -41.61307692
491 -44.03351648 -46.39384615 -41.67318681
492 -44.10587912 -46.47846153 -41.73329670
493 -44.17824175 -46.56307692 -41.79340659
494 -44.25060439 -46.64769230 -41.85351648
495 -44.32296703 -46.73230769 -41.91362637
496 -44.39532967 -46.81692307 -41.97373626
497 -44.46769230 -46.90153846 -42.03384615
498 -44.54005494 -46.98615384 -42.09395604
499 -44.61241758 -47.07076923 -42.15406593
500 -44.68478021 -47.15538461 -42.21417582
501 -44.75714285 -47.24000000 -42.27428571
502 -44.82950549 -47.32461538 -42.33439560
503 -44.90186813 -47.40923076 -42.39450549
504 -44.97423076 -47.49384615 -42.45461538
505 -45.04659340 -47.57846153 -42.51472527
506 -45.11895604 -47.66307692 -42.57483516
507 -45.19131868 -47.74769230 -42.63494505
508 -45.26368131 -47.83230769 -42.69505494
509 -45.33604395 -47.91692307 -42.75516483
510 -45.40840659 -48.00153846 -42.81527472
511 -45.48076923 -48.08615384 -42.87538461
512 -45.55313186 -48.17076923 -42.93549450
513 -45.62549450 -48.25538461 -42.99560439
514 -45.69785714 -48.34000000 -43.05571428
515 -45.77021978 -48.42461538 -43.11582417
516 -45.84258241 -48.50923076 -43.17593406
517 -45.91494505 -48.59384615 -43.23604395
518 -45.98730769 -48.67846153 -43.29615384
519 -46.05967032 -48.76307692 -43.35626373
520 -46.13203296 -48.84769230 -43.41637362
521 -46.20439560 -48.93230769 -43.47648351
522 -46.27675824 -49.01692307 -43.53659340
523 -46.34912087 -49.10153846 -43.59670329
524 -46.42148351 -49.18615384 -43.65681318
525 -46.49384615 -49.27076923 -43.71692307
526 -46.56620879 -49.35538461 -43.77703296
527 -46.63857142 -49.44000000 -43.83714285
528 -46.71093406 -49.52461538 -43.89725274
529 -46.78329670 -49.60923076 -43.95736263
530 -46.85565934 -49.69384615 -44.01747252
531 -46.92802197 -49.77846153 -44.07758241
532 -47.00038461 -49.86307692 -44.13769230
533 -47.07274725 -49.94769230 -44.19780219
534 -47.14510989 -50.03230769 -44.25791208
535 -47.21747252 -50.11692307 -44.31802197
536 -47.28983516 -50.20153846 -44.37813186
537 -47.36219780 -50.28615384 -44.43824175
538 -47.43456043 -50.37076923 -44.49835164
539 -47.50692307 -50.45538461 -44.55846153
540 -47.57928571 -50.54000000 -44.61857142
541 -47.65164835 -50.62461538 -44.67868131
542 -47.72401098 -50.70923076 -44.73879120
543 -47.79637362 -50.79384615 -44.79890109
544 -47.86873626 -50.87846153 -44.85901098
545 -47.94109890 -50.96307692 -44.91912087
546 -48.01346153 -51.04769230 -44.97923076
547 -48.08582417 -51.13230769 -45.03934065
548 -48.15818681 -51.21692307 -45.09945054
549 -48.23054945 -51.30153846 -45.15956043
550 -48.30291208 -51.38615384 -45.21967032
551 -48.37527472 -51.47076923 -45.27978021
552 -48.44763736 -51.55538461 -45.33989010
553 -48.52000000 -51.64000000 -45.40000000
554 -48.59711111 -51.72666666 -45.46755555
555 -48.67422222 -51.81333333 -45.53511111
556 -48.75133333 -51.90000000 -45.60266666
557 -48.82844444 -51.98666666 -45.67022222
558 -48.90555555 -52.07333333 -45.73777777
559 -48.98266666 -52.16000000 -45.80533333
560 -49.05977777 -52.24666666 -45.87288888
561 -49.13688888 -52.33333333 -45.94044444
562 -49.21400000 -52.42000000 -46.00800000
563 -49.29111111 -52.50666666 -46.07555555
564 -49.36822222 -52.59333333 -46.14311111
565 -49.44533333 -52.68000000 -46.21066666
566 -49.52244444 -52.76666666 -46.27822222
567 -49.59955555 -52.85333333 -46.34577777
568 -49.67666666 -52.94000000 -46.41333333
569 -49.75377777 -53.02666666 -46.48088888
570 -49.83088888 -53.11333333 -46.54844444
571 -49.90800000 -53.20000000 -46.61600000
572 -49.98511111 -53.28666666 -46.68355555
573 -50.06222222 -53.37333333 -46.75111111
574 -50.13933333 -53.46000000 -46.81866666
575 -50.21644444 -53.54666666 -46.88622222
576 -50.29355555 -53.63333333 -46.95377777
577 -50.37066666 -53.72000000 -47.02133333
578 -50.44777777 -53.80666666 -47.08888888
579 -50.52488888 -53.89333333 -47.15644444
580 -50.60200000 -53.98000000 -47.22400000
581 -50.67911111 -54.06666666 -47.29155555
582 -50.75622222 -54.15333333 -47.35911111
583 -50.83333333 -54.24000000 -47.42666666
584 -50.91044444 -54.32666666 -47.49422222
585 -50.98755555 -54.41333333 -47.56177777
586 -51.06466666 -54.50000000 -47.62933333
587 -51.14177777 -54.58666666 -47.69688888
588 -51.21888888 -54.67333333 -47.76444444
589 -51.29600000 -54.76000000 -47.83200000
590 -51.37311111 -54.84666666 -47.89955555
591 -51.45022222 -54.93333333 -47.96711111
592 -51.52733333 -55.02000000 -48.03466666
593 -51.60444444 -55.10666666 -48.10222222
594 -51.68155555 -55.19333333 -48.16977777
595 -51.75866666 -55.28000000 -48.23733333
596 -51.83577777 -55.36666666 -48.30488888
597 -51.91288888 -55.45333333 -48.37244444
598 -51.99000000 -55.54000000 -48.44000000
599 -52.06711111 -55.62666666 -48.50755555
600 -52.14422222 -55.71333333 -48.57511111
601 -52.22133333 -55.80000000 -48.64266666
602 -52.29844444 -55.88666666 -48.71022222
603 -52.37555555 -55.97333333 -48.77777777
604 -52.45266666 -56.06000000 -48.84533333
605 -52.52977777 -56.14666666 -48.91288888
606 -52.60688888 -56.23333333 -48.98044444
607 -52.68400000 -56.32000000 -49.04800000
608 -52.76111111 -56.40666666 -49.11555555
609 -52.83822222 -56.49333333 -49.18311111
610 -52.91533333 -56.58000000 -49.25066666
611 -52.99244444 -56.66666666 -49.31822222
612 -53.06955555 -56.75333333 -49.38577777
613 -53.14666666 -56.84000000 -49.45333333
614 -53.22377777 -56.92666666 -49.52088888
615 -53.30088888 -57.01333333 -49.58844444
616 -53.37800000 -57.10000000 -49.65600000
617 -53.45511111 -57.18666666 -49.72355555
618 -53.53222222 -57.27333333 -49.79111111
619 -53.60933333 -57.36000000 -49.85866666
620 -53.68644444 -57.44666666 -49.92622222
621 -53.76355555 -57.53333333 -49.99377777
622 -53.84066666 -57.62000000 -50.06133333
623 -53.91777777 -57.70666666 -50.12888888
624 -53.99488888 -57.79333333 -50.19644444
625 -54.07200000 -57.88000000 -50.26400000
626 -54.14911111 -57.96666666 -50.33155555
627 -54.22622222 -58.05333333 -50.39911111
628 -54.30333333 -58.14000000 -50.46666666
629 -54.38044444 -58.22666666 -50.53422222
630 -54.45755555 -58.31333333 -50.60177777
631 -54.53466666 -58.40000000 -50.66933333
632 -54.61177777 -58.48666666 -50.73688888
633 -54.68888888 -58.57333333 -50.80444444
634 -54.76600000 -58.66000000 -50.87200000
635 -54.84311111 -58.74666666 -50.93955555
636 -54.92022222 -58.83333333 -51.00711111
637 -54.99733333 -58.92000000 -51.07466666
638 -55.07444444 -59.00666666 -51.14222222
639 -55.15155555 -59.09333333 -51.20977777
640 -55.22866666 -59.18000000 -51.27733333
641 -55.30577777 -59.26666666 -51.34488888
642 -55.38288888 -59.35333333 -51.41244444
643 -55.46000000 -59.44000000 -51.48000000
644 -55.53807692 -59.52758241 -51.54857142
645 -55.61615384 -59.61516483 -51.61714285
646 -55.69423076 -59.70274725 -51.68571428
647 -55.77230769 -59.79032967 -51.75428571
648 -55.85038461 -59.87791208 -51.82285714
649 -55.92846153 -59.96549450 -51.89142857
650 -56.00653846 -60.05307692 -51.96000000
651 -56.08461538 -60.14065934 -52.02857142
652 -56.16269230 -60.22824175 -52.09714285
653 -56.24076923 -60.31582417 -52.16571428
654 -56.31884615 -60.40340659 -52.23428571
655 -56.39692307 -60.49098901 -52.30285714
656 -56.47500000 -60.57857142 -52.37142857
657 -56.55307692 -60.66615384 -52.44000000
658 -56.63115384 -60.75373626 -52.50857142
659 -56.70923076 -60.84131868 -52.57714285
660 -56.78730769 -60.92890109 -52.64571428
661 -56.86538461 -61.01648351 -52.71428571
662 -56.94346153 -61.10406593 -52.78285714
663 -57.02153846 -61.19164835 -52.85142857
664 -57.09961538 -61.27923076 -52.92000000
665 -57.17769230 -61.36681318 -52.98857142
666 -57.25576923 -61.45439560 -53.05714285
667 -57.33384615 -61.54197802 -53.12571428
668 -57.41192307 -61.62956043 -53.19428571
669 -57.49000000 -61.71714285 -53.26285714
670 -57.56807692 -61.80472527 -53.33142857
671 -57.64615384 -61.89230769 -53.40000000
672 -57.72423076 -61.97989010 -53.46857142
673 -57.80230769 -62.06747252 -53.53714285
674 -57.88038461 -62.15505494 -53.60571428
675 -57.95846153 -62.24263736 -53.67428571
676 -58.03653846 -62.33021978 -53.74285714
677 -58.11461538 -62.41780219 -53.81142857
678 -58.19269230 -62.50538461 -53.88000000
679 -58.27076923 -62.59296703 -53.94857142
680 -58.34884615 -62.68054945 -54.01714285
681 -58.42692307 -62.76813186 -54.08571428
682 -58.50500000 -62.85571428 -54.15428571
683 -58.58307692 -62.94329670 -54.22285714
684 -58.66115384 -63.03087912 -54.29142857
685 -58.73923076 -63.11846153 -54.36000000
686 -58.81730769 -63.20604395 -54.42857142
687 -58.89538461 -63.29362637 -54.49714285
688 -58.97346153 -63.38120879 -54.56571428
689 -59.05153846 -63.46879120 -54.63428571
690 -59.12961538 -63.55637362 -54.70285714
691 -59.20769230 -63.64395604 -54.77142857
692 -59.28576923 -63.73153846 -54.84000000
693 -59.36384615 -63.81912087 -54.90857142
694 -59.44192307 -63.90670329 -54.97714285
695 -59.52000000 -63.99428571 -55.04571428
696 -59.59807692 -64.08186813 -55.11428571
697 -59.67615384 -64.16945054 -55.18285714
698 -59.75423076 -64.25703296 -55.25142857
699 -59.83230769 -64.34461538 -55.32000000
700 -59.91038461 -64.43219780 -55.38857142
701 -59.98846153 -64.51978021 -55.45714285
702 -60.06653846 -64.60736263 -55.52571428
703 -60.14461538 -64.69494505 -55.59428571
704 -60.22269230 -64.78252747 -55.66285714
705 -60.30076923 -64.87010989 -55.73142857
706 -60.37884615 -64.95769230 -55.80000000
707 -60.45692307 -65.04527472 -55.86857142
708 -60.53500000 -65.13285714 -55.93714285
709 -60.61307692 -65.22043956 -56.00571428
710 -60.69115384 -65.30802197 -56.07428571
711 -60.76923076 -65.39560439 -56.14285714
712 -60.84730769 -65.48318681 -56.21142857
713 -60.92538461 -65.57076923 -56.28000000
714 -61.00346153 -65.65835164 -56.34857142
715 -61.08153846 -65.74593406 -56.41714285
716 -61.15961538 -65.83351648 -56.48571428
717 -61.23769230 -65.92109890 -56.55428571
718 -61.31576923 -66.00868131 -56.62285714
719 -61.39384615 -66.09626373 -56.69142857
720 -61.47192307 -66.18384615 -56.76000000
721 -61.55000000 -66.27142857 -56.82857142
722 -61.62807692 -66.35901098 -56.89714285
723 -61.70615384 -66.44659340 -56.96571428
724 -61.78423076 -66.53417582 -57.03428571
725 -61.86230769 -66.62175824 -57.10285714
726 -61.94038461 -66.70934065 -57.17142857
727 -62.01846153 -66.79692307 -57.24000000
728 -62.09653846 -66.88450549 -57.30857142
729 -62.17461538 -66.97208791 -57.37714285
730 -62.25269230 -67.05967032 -57.44571428
731 -62.33076923 -67.14725274 -57.51428571
732 -62.40884615 -67.23483516 -57.58285714
733 -62.48692307 -67.32241758 -57.65142857
734 -62.56500000 -67.41000000 -57.72000000
735 -62.65184065 -67.51120879 -57.79247252
736 -62.73868131 -67.61241758 -57.86494505
737 -62.82552197 -67.71362637 -57.93741758
738 -62.91236263 -67.81483516 -58.00989010
739 -62.99920329 -67.91604395 -58.08236263
740 -63.08604395 -68.01725274 -58.15483516
741 -63.17288461 -68.11846153 -58.22730769
742 -63.25972527 -68.21967032 -58.29978021
743 -63.34656593 -68.32087912 -58.37225274
744 -63.43340659 -68.42208791 -58.44472527
745 -63.52024725 -68.52329670 -58.51719780
746 -63.60708791 -68.62450549 -58.58967032
747 -63.69392857 -68.72571428 -58.66214285
748 -63.78076923 -68.82692307 -58.73461538
749 -63.86760989 -68.92813186 -58.80708791
750 -63.95445054 -69.02934065 -58.87956043
751 -64.04129120 -69.13054945 -58.95203296
752 -64.12813186 -69.23175824 -59.02450549
753 -64.21497252 -69.33296703 -59.09697802
754 -64.30181318 -69.43417582 -59.16945054
755 -64.38865384 -69.53538461 -59.24192307
756 -64.47549450 -69.63659340 -59.31439560
757 -64.56233516 -69.73780219 -59.38686813
758 -64.64917582 -69.83901098 -59.45934065
759 -64.73601648 -69.94021978 -59.53181318
760 -64.82285714 -70.04142857 -59.60428571
761 -64.90969780 -70.14263736 -59.67675824
762 -64.99653846 -70.24384615 -59.74923076
763 -65.08337912 -70.34505494 -59.82170329
764 -65.17021978 -70.44626373 -59.89417582
765 -65.25706043 -70.54747252 -59.96664835
766 -65.34390109 -70.64868131 -60.03912087
767 -65.43074175 -70.74989010 -60.11159340
768 -65.51758241 -70.85109890 -60.18406593
769 -65.60442307 -70.95230769 -60.25653846
770 -65.69126373 -71.05351648 -60.32901098
771 -65.77810439 -71.15472527 -60.40148351
772 -65.86494505 -71.25593406 -60.47395604
773 -65.95178571 -71.35714285 -60.54642857
774 -66.03862637 -71.45835164 -60.61890109
775 -66.12546703 -71.55956043 -60.69137362
776 -66.21230769 -71.66076923 -60.76384615
777 -66.29914835 -71.76197802 -60.83631868
778 -66.38598901 -71.86318681 -60.90879120
779 -66.47282967 -71.96439560 -60.98126373
780 -66.55967032 -72.06560439 -61.05373626
781 -66.64651098 -72.16681318 -61.12620879
782 -66.73335164 -72.26802197 -61.19868131
783 -66.82019230 -72.36923076 -61.27115384
784 -66.90703296 -72.47043956 -61.34362637
785 -66.99387362 -72.57164835 -61.41609890
786 -67.08071428 -72.67285714 -61.48857142
787 -67.16755494 -72.77406593 -61.56104395
788 -67.25439560 -72.87527472 -61.63351648
789 -67.34123626 -72.97648351 -61.70598901
790 -67.42807692 -73.07769230 -61.77846153
791 -67.51491758 -73.17890109 -61.85093406
792 -67.60175824 -73.28010989 -61.92340659
793 -67.68859890 -73.38131868 -61.99587912
794 -67.77543956 -73.48252747 -62.06835164
795 -67.86228021 -73.58373626 -62.14082417
796 -67.94912087 -73.68494505 -62.21329670
797 -68.03596153 -73.78615384 -62.28576923
798 -68.12280219 -73.88736263 -62.35824175
799 -68.20964285 -73.98857142 -62.43071428
800 -68.29648351 -74.08978021 -62.50318681
801 -68.38332417 -74.19098901 -62.57565934
802 -68.47016483 -74.29219780 -62.64813186
803 -68.55700549 -74.39340659 -62.72060439
804 -68.64384615 -74.49461538 -62.79307692
805 -68.73068681 -74.59582417 -62.86554945
806 -68.81752747 -74.69703296 -62.93802197
807 -68.90436813 -74.79824175 -63.01049450
808 -68.99120879 -74.89945054 -63.08296703
809 -69.07804945 -75.00065934 -63.15543956
810 -69.16489010 -75.10186813 -63.22791208
811 -69.25173076 -75.20307692 -63.30038461
812 -69.33857142 -75.30428571 -63.37285714
813 -69.42541208 -75.40549450 -63.44532967
814 -69.51225274 -75.50670329 -63.51780219
815 -69.59909340 -75.60791208 -63.59027472
816 -69.68593406 -75.70912087 -63.66274725
817 -69.77277472 -75.81032967 -63.73521978
818 -69.85961538 -75.91153846 -63.80769230
819 -69.94645604 -76.01274725 -63.88016483
820 -70.03329670 -76.11395604 -63.95263736
821 -70.12013736 -76.21516483 -64.02510989
822 -70.20697802 -76.31637362 -64.09758241
823 -70.29381868 -76.41758241 -64.17005494
824 -70.38065934 -76.51879120 -64.24252747
825 -70.46750000 -76.62000000 -64.31500000
826 -70.55434065 -76.72120879 -64.38747252
827 -70.64118131 -76.82241758 -64.45994505
828 -70.72802197 -76.92362637 -64.53241758
829 -70.81486263 -77.02483516 -64.60489010
830 -70.90170329 -77.12604395 -64.67736263
831 -70.98854395 -77.22725274 -64.74983516
832 -71.07538461 -77.32846153 -64.82230769
833 -71.16222527 -77.42967032 -64.89478021
834 -71.24906593 -77.53087912 -64.96725274
835 -71.33590659 -77.63208791 -65.03972527
836 -71.42274725 -77.73329670 -65.11219780
837 -71.50958791 -77.83450549 -65.18467032
838 -71.59642857 -77.93571428 -65.25714285
839 -71.68326923 -78.03692307 -65.32961538
840 -71.77010989 -78.13813186 -65.40208791
841 -71.85695054 -78.23934065 -65.47456043
842 -71.94379120 -78.34054945 -65.54703296
843 -72.03063186 -78.44175824 -65.61950549
844 -72.11747252 -78.54296703 -65.69197802
845 -72.20431318 -78.64417582 -65.76445054
846 -72.29115384 -78.74538461 -65.83692307
847 -72.37799450 -78.84659340 -65.90939560
848 -72.46483516 -78.94780219 -65.98186813
849 -72.55167582 -79.04901098 -66.05434065
850 -72.63851648 -79.15021978 -66.12681318
851 -72.72535714 -79.25142857 -66.19928571
852 -72.81219780 -79.35263736 -66.27175824
853 -72.89903846 -79.45384615 -66.34423076
854 -72.98587912 -79.55505494 -66.41670329
855 -73.07271978 -79.65626373 -66.48917582
856 -73.15956043 -79.75747252 -66.56164835
857 -73.24640109 -79.85868131 -66.63412087
858 -73.33324175 -79.95989010 -66.70659340
859 -73.42008241 -80.06109890 -66.77906593
860 -73.50692307 -80.16230769 -66.85153846
861 -73.59376373 -80.26351648 -66.92401098
862 -73.68060439 -80.36472527 -66.99648351
863 -73.76744505 -80.46593406 -67.06895604
864 -73.85428571 -80.56714285 -67.14142857
865 -73.94112637 -80.66835164 -67.21390109
866 -74.02796703 -80.76956043 -67.28637362
867 -74.11480769 -80.87076923 -67.35884615
868 -74.20164835 -80.97197802 -67.43131868
869 -74.28848901 -81.07318681 -67.50379120
870 -74.37532967 -81.17439560 -67.57626373
871 -74.46217032 -81.27560439 -67.64873626
872 -74.54901098 -81.37681318 -67.72120879
873 -74.63585164 -81.47802197 -67.79368131
874 -74.72269230 -81.57923076 -67.86615384
875 -74.80953296 -81.68043956 -67.93862637
876 -74.89637362 -81.78164835 -68.01109890
877 -74.98321428 -81.88285714 -68.08357142
878 -75.07005494 -81.98406593 -68.15604395
879 -75.15689560 -82.08527472 -68.22851648
880 -75.24373626 -82.18648351 -68.30098901
881 -75.33057692 -82.28769230 -68.37346153
882 -75.41741758 -82.38890109 -68.44593406
883 -75.50425824 -82.49010989 -68.51840659
884 -75.59109890 -82.59131868 -68.59087912
885 -75.67793956 -82.69252747 -68.66335164
886 -75.76478021 -82.79373626 -68.73582417
887 -75.85162087 -82.89494505 -68.80829670
888 -75.93846153 -82.99615384 -68.88076923
889 -76.02530219 -83.09736263 -68.95324175
890 -76.11214285 -83.19857142 -69.02571428
891 -76.19898351 -83.29978021 -69.09818681
892 -76.28582417 -83.40098901 -69.17065934
893 -76.37266483 -83.50219780 -69.24313186
894 -76.45950549 -83.60340659 -69.31560439
895 -76.54634615 -83.70461538 -69.38807692
896 -76.63318681 -83.80582417 -69.46054945
897 -76.72002747 -83.90703296 -69.53302197
898 -76.80686813 -84.00824175 -69.60549450
899 -76.89370879 -84.10945054 -69.67796703
900 -76.98054945 -84.21065934 -69.75043956
901 -77.06739010 -84.31186813 -69.82291208
902 -77.15423076 -84.41307692 -69.89538461
903 -77.24107142 -84.51428571 -69.96785714
904 -77.32791208 -84.61549450 -70.04032967
905 -77.41475274 -84.71670329 -70.11280219
906 -77.50159340 -84.81791208 -70.18527472
907 -77.58843406 -84.91912087 -70.25774725
908 -77.67527472 -85.02032967 -70.33021978
909 -77.76211538 -85.12153846 -70.40269230
910 -77.84895604 -85.22274725 -70.47516483
911 -77.93579670 -85.32395604 -70.54763736
912 -78.02263736 -85.42516483 -70.62010989
913 -78.10947802 -85.52637362 -70.69258241
914 -78.19631868 -85.62758241 -70.76505494
915 -78.28315934 -85.72879120 -70.83752747
916 -78.37000000 -85.83000000 -70.91000000
917 -78.45684065 -85.93120879 -70.98247252
918 -78.54368131 -86.03241758 -71.05494505
919 -78.63052197 -86.13362637 -71.12741758
920 -78.71736263 -86.23483516 -71.19989010
921 -78.80420329 -86.33604395 -71.27236263
922 -78.89104395 -86.43725274 -71.34483516
923 -78.97788461 -86.53846153 -71.41730769
924 -79.06472527 -86.63967032 -71.48978021
925 -79.15156593 -86.74087912 -71.56225274
926 -79.23840659 -86.84208791 -71.63472527
927 -79.32524725 -86.94329670 -71.70719780
928 -79.41208791 -87.04450549 -71.77967032
929 -79.49892857 -87.14571428 -71.85214285
930 -79.58576923 -87.24692307 -71.92461538
931 -79.67260989 -87.34813186 -71.99708791
932 -79.75945054 -87.44934065 -72.06956043
933 -79.84629120 -87.55054945 -72.14203296
934 -79.93313186 -87.65175824 -72.21450549
935 -80.01997252 -87.75296703 -72.28697802
936 -80.10681318 -87.85417582 -72.35945054
937 -80.19365384 -87.95538461 -72.43192307
938 -80.28049450 -88.05659340 -72.50439560
939 -80.36733516 -88.15780219 -72.57686813
940 -80.45417582 -88.25901098 -72.64934065
941 -80.54101648 -88.36021978 -72.72181318
942 -80.62785714 -88.46142857 -72.79428571
943 -80.71469780 -88.56263736 -72.86675824
944 -80.80153846 -88.66384615 -72.93923076
945 -80.88837912 -88.76505494 -73.01170329
946 -80.97521978 -88.86626373 -73.08417582
947 -81.06206043 -88.96747252 -73.15664835
948 -81.14890109 -89.06868131 -73.22912087
949 -81.23574175 -89.16989010 -73.30159340
950 -81.32258241 -89.27109890 -73.37406593
951 -81.40942307 -89.37230769 -73.44653846
952 -81.49626373 -89.47351648 -73.51901098
953 -81.58310439 -89.57472527 -73.59148351
954 -81.66994505 -89.67593406 -73.66395604
955 -81.75678571 -89.77714285 -73.73642857
956 -81.84362637 -89.87835164 -73.80890109
957 -81.93046703 -89.97956043 -73.88137362
958 -82.01730769 -90.08076923 -73.95384615
959 -82.10414835 -90.18197802 -74.02631868
960 -82.19098901 -90.28318681 -74.09879120
961 -82.27782967 -90.38439560 -74.17126373
962 -82.36467032 -90.48560439 -74.24373626
963 -82.45151098 -90.58681318 -74.31620879
964 -82.53835164 -90.68802197 -74.38868131
965 -82.62519230 -90.78923076 -74.46115384
966 -82.71203296 -90.89043956 -74.53362637
967 -82.79887362 -90.99164835 -74.60609890
968 -82.88571428 -91.09285714 -74.67857142
969 -82.97255494 -91.19406593 -74.75104395
970 -83.05939560 -91.29527472 -74.82351648
971 -83.14623626 -91.39648351 -74.89598901
972 -83.23307692 -91.49769230 -74.96846153
973 -83.31991758 -91.59890109 -75.04093406
974 -83.40675824 -91.70010989 -75.11340659
975 -83.49359890 -91.80131868 -75.18587912
976 -83.58043956 -91.90252747 -75.25835164
977 -83.66728021 -92.00373626 -75.33082417
978 -83.75412087 -92.10494505 -75.40329670
979 -83.84096153 -92.20615384 -75.47576923
980 -83.92780219 -92.30736263 -75.54824175
981 -84.01464285 -92.40857142 -75.62071428
982 -84.10148351 -92.50978021 -75.69318681
983 -84.18832417 -92.61098901 -75.76565934
984 -84.27516483 -92.71219780 -75.83813186
985 -84.36200549 -92.81340659 -75.91060439
986 -84.44884615 -92.91461538 -75.98307692
987 -84.53568681 -93.01582417 -76.05554945
988 -84.62252747 -93.11703296 -76.12802197
989 -84.70936813 -93.21824175 -76.20049450
990 -84.79620879 -93.31945054 -76.27296703
991 -84.88304945 -93.42065934 -76.34543956
992 -84.96989010 -93.52186813 -76.41791208
993 -85.05673076 -93.62307692 -76.49038461
994 -85.14357142 -93.72428571 -76.56285714
995 -85.23041208 -93.82549450 -76.63532967
996 -85.31725274 -93.92670329 -76.70780219
997 -85.40409340 -94.02791208 -76.78027472
998 -85.49093406 -94.12912087 -76.85274725
999 -85.57777472 -94.23032967 -76.92521978
1000 -85.66461538 -94.33153846 -76.99769230
1001 -85.75145604 -94.43274725 -77.07016483
1002 -85.83829670 -94.53395604 -77.14263736
1003 -85.92513736 -94.63516483 -77.21510989
1004 -86.01197802 -94.73637362 -77.28758241
1005 -86.09881868 -94.83758241 -77.36005494
1006 -86.18565934 -94.93879120 -77.43252747
1007 -86.27250000 -95.04000000 -77.50500000
1008 -86.35934065 -95.14120879 -77.57747252
1009 -86.44618131 -95.24241758 -77.64994505
1010 -86.53302197 -95.34362637 -77.72241758
1011 -86.61986263 -95.44483516 -77.79489010
1012 -86.70670329 -95.54604395 -77.86736263
1013 -86.79354395 -95.64725274 -77.93983516
1014 -86.88038461 -95.74846153 -78.01230769
1015 -86.96722527 -95.84967032 -78.08478021
1016 -87.05406593 -95.95087912 -78.15725274
1017 -87.14090659 -96.05208791 -78.22972527
1018 -87.22774725 -96.15329670 -78.30219780
1019 -87.31458791 -96.25450549 -78.37467032
1020 -87.40142857 -96.35571428 -78.44714285
1021 -87.48826923 -96.45692307 -78.51961538
1022 -87.57510989 -96.55813186 -78.59208791
1023 -87.66195054 -96.65934065 -78.66456043
1024 -87.74879120 -96.76054945 -78.73703296
1025 -87.83563186 -96.86175824 -78.80950549
1026 -87.92247252 -96.96296703 -78.88197802
1027 -88.00931318 -97.06417582 -78.95445054
1028 -88.09615384 -97.16538461 -79.02692307
1029 -88.18299450 -97.26659340 -79.09939560
1030 -88.26983516 -97.36780219 -79.17186813
1031 -88.35667582 -97.46901098 -79.24434065
1032 -88.44351648 -97.57021978 -79.31681318
1033 -88.53035714 -97.67142857 -79.38928571
1034 -88.61719780 -97.77263736 -79.46175824
1035 -88.70403846 -97.87384615 -79.53423076
1036 -88.79087912 -97.97505494 -79.60670329
1037 -88.87771978 -98.07626373 -79.67917582
1038 -88.96456043 -98.17747252 -79.75164835
1039 -89.05140109 -98.27868131 -79.82412087
1040 -89.13824175 -98.37989010 -79.89659340
1041 -89.22508241 -98.48109890 -79.96906593
1042 -89.31192307 -98.58230769 -80.04153846
1043 -89.39876373 -98.68351648 -80.11401098
1044 -89.48560439 -98.78472527 -80.18648351
1045 -89.57244505 -98.88593406 -80.25895604
1046 -89.65928571 -98.98714285 -80.33142857
1047 -89.74612637 -99.08835164 -80.40390109
1048 -89.83296703 -99.18956043 -80.47637362
1049 -89.91980769 -99.29076923 -80.54884615
1050 -90.00664835 -99.39197802 -80.62131868
1051 -90.09348901 -99.49318681 -80.69379120
1052 -90.18032967 -99.59439560 -80.76626373
1053 -90.26717032 -99.69560439 -80.83873626
1054 -90.35401098 -99.79681318 -80.91120879
1055 -90.44085164 -99.89802197 -80.98368131
1056 -90.52769230 -99.99923076 -81.05615384
1057 -90.61453296 -100.10043956 -81.12862637
1058 -90.70137362 -100.20164835 -81.20109890
1059 -90.78821428 -100.30285714 -81.27357142
1060 -90.87505494 -100.40406593 -81.34604395
1061 -90.96189560 -100.50527472 -81.41851648
1062 -91.04873626 -100.60648351 -81.49098901
1063 -91.13557692 -100.70769230 -81.56346153
1064 -91.22241758 -100.80890109 -81.63593406
1065 -91.30925824 -100.91010989 -81.70840659
1066 -91.39609890 -101.01131868 -81.78087912
1067 -91.48293956 -101.11252747 -81.85335164
1068 -91.56978021 -101.21373626 -81.92582417
1069 -91.65662087 -101.31494505 -81.99829670
1070 -91.74346153 -101.41615384 -82.07076923
1071 -91.83030219 -101.51736263 -82.14324175
1072 -91.91714285 -101.61857142 -82.21571428
1073 -92.00398351 -101.71978021 -82.28818681
1074 -92.09082417 -101.82098901 -82.36065934
1075 -92.17766483 -101.92219780 -82.43313186
1076 -92.26450549 -102.02340659 -82.50560439
1077 -92.35134615 -102.12461538 -82.57807692
1078 -92.43818681 -102.22582417 -82.65054945
1079 -92.52502747 -102.32703296 -82.72302197
1080 -92.61186813 -102.42824175 -82.79549450
1081 -92.69870879 -102.52945054 -82.86796703
1082 -92.78554945 -102.63065934 -82.94043956
1083 -92.87239010 -102.73186813 -83.01291208
1084 -92.95923076 -102.83307692 -83.08538461
1085 -93.04607142 -102.93428571 -83.15785714
1086 -93.13291208 -103.03549450 -83.23032967
1087 -93.21975274 -103.13670329 -83.30280219
1088 -93.30659340 -103.23791208 -83.37527472
1089 -93.39343406 -103.33912087 -83.44774725
1090 -93.48027472 -103.44032967 -83.52021978
1091 -93.56711538 -103.54153846 -83.59269230
1092 -93.65395604 -103.64274725 -83.66516483
1093 -93.74079670 -103.74395604 -83.73763736
1094 -93.82763736 -103.84516483 -83.81010989
1095 -93.91447802 -103.94637362 -83.88258241
1096 -94.00131868 -104.04758241 -83.95505494
1097 -94.08815934 -104.14879120 -84.02752747
1098 -94.17500000 -104.25000000 -84.10000000
1099 -94.28061643 -104.36227397 -84.19895890
1100 -94.38623287 -104.47454794 -84.29791780
1101 -94.49184931 -104.58682191 -84.39687671
1102 -94.59746575 -104.69909589 -84.49583561
1103 -94.70308219 -104.81136986 -84.59479452
1104 -94.80869863 -104.92364383 -84.69375342
1105 -94.91431506 -105.03591780 -84.79271232
1106 -95.01993150 -105.14819178 -84.89167123
1107 -95.12554794 -105.26046575 -84.99063013
1108 -95.23116438 -105.37273972 -85.08958904
1109 -95.33678082 -105.48501369 -85.18854794
1110 -95.44239726 -105.59728767 -85.28750684
1111 -95.54801369 -105.70956164 -85.38646575
1112 -95.65363013 -105.82183561 -85.48542465
1113 -95.75924657 -105.93410958 -85.58438356
1114 -95.86486301 -106.04638356 -85.68334246
1115 -95.97047945 -106.15865753 -85.78230136
1116 -96.07609589 -106.27093150 -85.88126027
1117 -96.18171232 -106.38320547 -85.98021917
1118 -96.28732876 -106.49547945 -86.07917808
1119 -96.39294520 -106.60775342 -86.17813698
1120 -96.49856164 -106.72002739 -86.27709589
1121 -96.60417808 -106.83230136 -86.37605479
1122 -96.70979452 -106.94457534 -86.47501369
1123 -96.81541095 -107.05684931 -86.57397260
1124 -96.92102739 -107.16912328 -86.67293150
1125 -97.02664383 -107.28139726 -86.77189041
1126 -97.13226027 -107.39367123 -86.87084931
1127 -97.23787671 -107.50594520 -86.96980821
1128 -97.34349315 -107.61821917 -87.06876712
1129 -97.44910958 -107.73049315 -87.16772602
1130 -97.55472602 -107.84276712 -87.26668493
1131 -97.66034246 -107.95504109 -87.36564383
1132 -97.76595890 -108.06731506 -87.46460273
1133 -97.87157534 -108.17958904 -87.56356164
1134 -97.97719178 -108.29186301 -87.66252054
1135 -98.08280821 -108.40413698 -87.76147945
1136 -98.18842465 -108.51641095 -87.86043835
1137 -98.29404109 -108.62868493 -87.95939726
1138 -98.39965753 -108.74095890 -88.05835616
1139 -98.50527397 -108.85323287 -88.15731506
1140 -98.61089041 -108.96550684 -88.25627397
1141 -98.71650684 -109.07778082 -88.35523287
1142 -98.82212328 -109.19005479 -88.45419178
1143 -98.92773972 -109.30232876 -88.55315068
1144 -99.03335616 -109.41460273 -88.65210958
1145 -99.13897260 -109.52687671 -88.75106849
1146 -99.24458904 -109.63915068 -88.85002739
1147 -99.35020547 -109.75142465 -88.94898630
1148 -99.45582191 -109.86369863 -89.04794520
1149 -99.56143835 -109.97597260 -89.14690410
1150 -99.66705479 -110.08824657 -89.24586301
1151 -99.77267123 -110.20052054 -89.34482191
1152 -99.87828767 -110.31279452 -89.44378082
1153 -99.98390410 -110.42506849 -89.54273972
1154 -100.08952054 -110.53734246 -89.64169863
1155 -100.19513698 -110.64961643 -89.74065753
1156 -100.30075342 -110.76189041 -89.83961643
1157 -100.40636986 -110.87416438 -89.93857534
1158 -100.51198630 -110.98643835 -90.03753424
1159 -100.61760273 -111.09871232 -90.13649315
1160 -100.72321917 -111.21098630 -90.23545205
1161 -100.82883561 -111.32326027 -90.33441095
1162 -100.93445205 -111.43553424 -90.43336986
1163 -101.04006849 -111.54780821 -90.53232876
1164 -101.14568493 -111.66008219 -90.63128767
1165 -101.25130136 -111.77235616 -90.73024657
1166 -101.35691780 -111.88463013 -90.82920547
1167 -101.46253424 -111.99690410 -90.92816438
1168 -101.56815068 -112.10917808 -91.02712328
1169 -101.67376712 -112.22145205 -91.12608219
1170 -101.77938356 -112.33372602 -91.22504109
1171 -101.88500000 -112.44600000 -91.32400000
1172 -101.99061643 -112.55827397 -91.42295890
1173 -102.09623287 -112.67054794 -91.52191780
1174 -102.20184931 -112.78282191 -91.62087671
1175 -102.30746575 -112.89509589 -91.71983561
1176 -102.41308219 -113.00736986 -91.81879452
1177 -102.51869863 -113.11964383 -91.91775342
1178 -102.62431506 -113.23191780 -92.01671232
1179 -102.72993150 -113.34419178 -92.11567123
1180 -102.83554794 -113.45646575 -92.21463013
1181 -102.94116438 -113.56873972 -92.31358904
1182 -103.04678082 -113.68101369 -92.41254794
1183 -103.15239726 -113.79328767 -92.51150684
1184 -103.25801369 -113.90556164 -92.61046575
1185 -103.36363013 -114.01783561 -92.70942465
1186 -103.46924657 -114.13010958 -92.80838356
1187 -103.57486301 -114.24238356 -92.90734246
1188 -103.68047945 -114.35465753 -93.00630136
1189 -103.78609589 -114.46693150 -93.10526027
1190 -103.89171232 -114.57920547 -93.20421917
1191 -103.99732876 -114.69147945 -93.30317808
1192 -104.10294520 -114.80375342 -93.40213698
1193 -104.20856164 -114.91602739 -93.50109589
1194 -104.31417808 -115.02830136 -93.60005479
1195 -104.41979452 -115.14057534 -93.69901369
1196 -104.52541095 -115.25284931 -93.79797260
1197 -104.63102739 -115.36512328 -93.89693150
1198 -104.73664383 -115.47739726 -93.99589041
1199 -104.84226027 -115.58967123 -94.09484931
1200 -104.94787671 -115.70194520 -94.19380821
1201 -105.05349315 -115.81421917 -94.29276712
1202 -105.15910958 -115.92649315 -94.39172602
1203 -105.26472602 -116.03876712 -94.49068493
1204 -105.37034246 -116.15104109 -94.58964383
1205 -105.47595890 -116.26331506 -94.68860273
1206 -105.58157534 -116.37558904 -94.78756164
1207 -105.68719178 -116.48786301 -94.88652054
1208 -105.79280821 -116.60013698 -94.98547945
1209 -105.89842465 -116.71241095 -95.08443835
1210 -106.00404109 -116.82468493 -95.18339726
1211 -106.10965753 -116.93695890 -95.28235616
1212 -106.21527397 -117.04923287 -95.38131506
1213 -106.32089041 -117.16150684 -95.48027397
1214 -106.42650684 -117.27378082 -95.57923287
1215 -106.53212328 -117.38605479 -95.67819178
1216 -106.63773972 -117.49832876 -95.77715068
1217 -106.74335616 -117.61060273 -95.87610958
1218 -106.84897260 -117.72287671 -95.97506849
1219 -106.95458904 -117.83515068 -96.07402739
1220 -107.06020547 -117.94742465 -96.17298630
1221 -107.16582191 -118.05969863 -96.27194520
1222 -107.27143835 -118.17197260 -96.37090410
1223 -107.37705479 -118.28424657 -96.46986301
1224 -107.48267123 -118.39652054 -96.56882191
1225 -107.58828767 -118.50879452 -96.66778082
1226 -107.69390410 -118.62106849 -96.76673972
1227 -107.79952054 -118.73334246 -96.86569863
1228 -107.90513698 -118.84561643 -96.96465753
1229 -108.01075342 -118.95789041 -97.06361643
1230 -108.11636986 -119.07016438 -97.16257534
1231 -108.22198630 -119.18243835 -97.26153424
1232 -108.32760273 -119.29471232 -97.36049315
1233 -108.43321917 -119.40698630 -97.45945205
1234 -108.53883561 -119.51926027 -97.55841095
1235 -108.64445205 -119.63153424 -97.65736986
1236 -108.75006849 -119.74380821 -97.75632876
1237 -108.85568493 -119.85608219 -97.85528767
1238 -108.96130136 -119.96835616 -97.95424657
1239 -109.06691780 -120.08063013 -98.05320547
1240 -109.17253424 -120.19290410 -98.15216438
1241 -109.27815068 -120.30517808 -98.25112328
1242 -109.38376712 -120.41745205 -98.35008219
1243 -109.48938356 -120.52972602 -98.44904109
1244 -109.59500000 -120.64200000 -98.54800000
1245 -109.70061643 -120.75427397 -98.64695890
1246 -109.80623287 -120.86654794 -98.74591780
1247 -109.91184931 -120.97882191 -98.84487671
1248 -110.01746575 -121.09109589 -98.94383561
1249 -110.12308219 -121.20336986 -99.04279452
1250 -110.22869863 -121.31564383 -99.14175342
1251 -110.33431506 -121.42791780 -99.24071232
1252 -110.43993150 -121.54019178 -99.33967123
1253 -110.54554794 -121.65246575 -99.43863013
1254 -110.65116438 -121.76473972 -99.53758904
1255 -110.75678082 -121.87701369 -99.63654794
1256 -110.86239726 -121.98928767 -99.73550684
1257 -110.96801369 -122.10156164 -99.83446575
1258 -111.07363013 -122.21383561 -99.93342465
1259 -111.17924657 -122.32610958 -100.03238356
1260 -111.28486301 -122.43838356 -100.13134246
1261 -111.39047945 -122.55065753 -100.23030136
1262 -111.49609589 -122.66293150 -100.32926027
1263 -111.60171232 -122.77520547 -100.42821917
1264 -111.70732876 -122.88747945 -100.52717808
1265 -111.81294520 -122.99975342 -100.62613698
1266 -111.91856164 -123.11202739 -100.72509589
1267 -112.02417808 -123.22430136 -100.82405479
1268 -112.12979452 -123.33657534 -100.92301369
1269 -112.23541095 -123.44884931 -101.02197260
1270 -112.34102739 -123.56112328 -101.12093150
1271 -112.44664383 -123.67339726 -101.21989041
1272 -112.55226027 -123.78567123 -101.31884931
1273 -112.65787671 -123.89794520 -101.41780821
1274 -112.76349315 -124.01021917 -101.51676712
1275 -112.86910958 -124.12249315 -101.61572602
1276 -112.97472602 -124.23476712 -101.71468493
1277 -113.08034246 -124.34704109 -101.81364383
1278 -113.18595890 -124.45931506 -101.91260273
1279 -113.29157534 -124.57158904 -102.01156164
1280 -113.39719178 -124.68386301 -102.11052054
1281 -113.50280821 -124.79613698 -102.20947945
1282 -113.60842465 -124.90841095 -102.30843835
1283 -113.71404109 -125.02068493 -102.40739726
1284 -113.81965753 -125.13295890 -102.50635616
1285 -113.92527397 -125.24523287 -102.60531506
1286 -114.03089041 -125.35750684 -102.70427397
1287 -114.13650684 -125.46978082 -102.80323287
1288 -114.24212328 -125.58205479 -102.90219178
1289 -114.34773972 -125.69432876 -103.00115068
1290 -114.45335616 -125.80660273 -103.10010958
1291 -114.55897260 -125.91887671 -103.19906849
1292 -114.66458904 -126.03115068 -103.29802739
1293 -114.77020547 -126.14342465 -103.39698630
1294 -114.87582191 -126.25569863 -103.49594520
1295 -114.98143835 -126.36797260 -103.59490410
1296 -115.08705479 -126.48024657 -103.69386301
1297 -115.19267123 -126.59252054 -103.79282191
1298 -115.29828767 -126.70479452 -103.89178082
1299 -115.40390410 -126.81706849 -103.99073972
1300 -115.50952054 -126.92934246 -104.08969863
1301 -115.61513698 -127.04161643 -104.18865753
1302 -115.72075342 -127.15389041 -104.28761643
1303 -115.82636986 -127.26616438 -104.38657534
1304 -115.93198630 -127.37843835 -104.48553424
1305 -116.03760273 -127.49071232 -104.58449315
1306 -116.14321917 -127.60298630 -104.68345205
1307 -116.24883561 -127.71526027 -104.78241095
1308 -116.35445205 -127.82753424 -104.88136986
1309 -116.46006849 -127.93980821 -104.98032876
1310 -116.56568493 -128.05208219 -105.07928767
1311 -116.67130136 -128.16435616 -105.17824657
1312 -116.77691780 -128.27663013 -105.27720547
1313 -116.88253424 -128.38890410 -105.37616438
1314 -116.98815068 -128.50117808 -105.47512328
1315 -117.09376712 -128.61345205 -105.57408219
1316 -117.19938356 -128.72572602 -105.67304109
1317 -117.30500000 -128.83800000 -105.77200000
1318 -117.41061643 -128.95027397 -105.87095890
1319 -117.51623287 -129.06254794 -105.96991780
1320 -117.62184931 -129.17482191 -106.06887671
1321 -117.72746575 -129.28709589 -106.16783561
1322 -117.83308219 -129.39936986 -106.26679452
1323 -117.93869863 -129.51164383 -106.36575342
1324 -118.04431506 -129.62391780 -106.46471232
1325 -118.14993150 -129.73619178 -106.56367123
1326 -118.25554794 -129.84846575 -106.66263013
1327 -118.36116438 -129.96073972 -106.76158904
1328 -118.46678082 -130.07301369 -106.86054794
1329 -118.57239726 -130.18528767 -106.95950684
1330 -118.67801369 -130.29756164 -107.05846575
1331 -118.78363013 -130.40983561 -107.15742465
1332 -118.88924657 -130.52210958 -107.25638356
1333 -118.99486301 -130.63438356 -107.35534246
1334 -119.10047945 -130.74665753 -107.45430136
1335 -119.20609589 -130.85893150 -107.55326027
1336 -119.31171232 -130.97120547 -107.65221917
1337 -119.41732876 -131.08347945 -107.75117808
1338 -119.52294520 -131.19575342 -107.85013698
1339 -119.62856164 -131.30802739 -107.94909589
1340 -119.73417808 -131.42030136 -108.04805479
1341 -119.83979452 -131.53257534 -108.14701369
1342 -119.94541095 -131.64484931 -108.24597260
1343 -120.05102739 -131.75712328 -108.34493150
1344 -120.15664383 -131.86939726 -108.44389041
1345 -120.26226027 -131.98167123 -108.54284931
1346 -120.36787671 -132.09394520 -108.64180821
1347 -120.47349315 -132.20621917 -108.74076712
1348 -120.57910958 -132.31849315 -108.83972602
1349 -120.68472602 -132.43076712 -108.93868493
1350 -120.79034246 -132.54304109 -109.03764383
1351 -120.89595890 -132.65531506 -109.13660273
1352 -121.00157534 -132.76758904 -109.23556164
1353 -121.10719178 -132.87986301 -109.33452054
1354 -121.21280821 -132.99213698 -109.43347945
1355 -121.31842465 -133.10441095 -109.53243835
1356 -121.42404109 -133.21668493 -109.63139726
1357 -121.52965753 -133.32895890 -109.73035616
1358 -121.63527397 -133.44123287 -109.82931506
1359 -121.74089041 -133.55350684 -109.92827397
1360 -121.84650684 -133.66578082 -110.02723287
1361 -121.95212328 -133.77805479 -110.12619178
1362 -122.05773972 -133.89032876 -110.22515068
1363 -122.16335616 -134.00260273 -110.32410958
1364 -122.26897260 -134.11487671 -110.42306849
1365 -122.37458904 -134.22715068 -110.52202739
1366 -122.48020547 -134.33942465 -110.62098630
1367 -122.58582191 -134.45169863 -110.71994520
1368 -122.69143835 -134.56397260 -110.81890410
1369 -122.79705479 -134.67624657 -110.91786301
1370 -122.90267123 -134.78852054 -111.01682191
1371 -123.00828767 -134.90079452 -111.11578082
1372 -123.11390410 -135.01306849 -111.21473972
1373 -123.21952054 -135.12534246 -111.31369863
1374 -123.32513698 -135.23761643 -111.41265753
1375 -123.43075342 -135.34989041 -111.51161643
1376 -123.53636986 -135.46216438 -111.61057534
1377 -123.64198630 -135.57443835 -111.70953424
1378 -123.74760273 -135.68671232 -111.80849315
1379 -123.85321917 -135.79898630 -111.90745205
1380 -123.95883561 -135.91126027 -112.00641095
1381 -124.06445205 -136.02353424 -112.10536986
1382 -124.17006849 -136.13580821 -112.20432876
1383 -124.27568493 -136.24808219 -112.30328767
1384 -124.38130136 -136.36035616 -112.40224657
1385 -124.48691780 -136.47263013 -112.50120547
1386 -124.59253424 -136.58490410 -112.60016438
1387 -124.69815068 -136.69717808 -112.69912328
1388 -124.80376712 -136.80945205 -112.79808219
1389 -124.90938356 -136.92172602 -112.89704109
1390 -125.01500000 -137.03400000 -112.99600000
1391 -125.12061643 -137.14627397 -113.09495890
1392 -125.22623287 -137.25854794 -113.19391780
1393 -125.33184931 -137.37082191 -113.29287671
1394 -125.43746575 -137.48309589 -113.39183561
1395 -125.54308219 -137.59536986 -113.49079452
1396 -125.64869863 -137.70764383 -113.58975342
1397 -125.75431506 -137.81991780 -113.68871232
1398 -125.85993150 -137.93219178 -113.78767123
1399 -125.96554794 -138.04446575 -113.88663013
1400 -126.07116438 -138.15673972 -113.98558904
1401 -126.17678082 -138.26901369 -114.08454794
1402 -126.28239726 -138.38128767 -114.18350684
1403 -126.38801369 -138.49356164 -114.28246575
1404 -126.49363013 -138.60583561 -114.38142465
1405 -126.59924657 -138.71810958 -114.48038356
1406 -126.70486301 -138.83038356 -114.57934246
1407 -126.81047945 -138.94265753 -114.67830136
1408 -126.91609589 -139.05493150 -114.77726027
1409 -127.02171232 -139.16720547 -114.87621917
1410 -127.12732876 -139.27947945 -114.97517808
1411 -127.23294520 -139.39175342 -115.07413698
1412 -127.33856164 -139.50402739 -115.17309589
1413 -127.44417808 -139.61630136 -115.27205479
1414 -127.54979452 -139.72857534 -115.37101369
1415 -127.65541095 -139.84084931 -115.46997260
1416 -127.76102739 -139.95312328 -115.56893150
1417 -127.86664383 -140.06539726 -115.66789041
1418 -127.97226027 -140.17767123 -115.76684931
1419 -128.07787671 -140.28994520 -115.86580821
1420 -128.18349315 -140.40221917 -115.96476712
1421 -128.28910958 -140.51449315 -116.06372602
1422 -128.39472602 -140.62676712 -116.16268493
1423 -128.50034246 -140.73904109 -116.26164383
1424 -128.60595890 -140.85131506 -116.36060273
1425 -128.71157534 -140.96358904 -116.45956164
1426 -128.81719178 -141.07586301 -116.55852054
1427 -128.92280821 -141.18813698 -116.65747945
1428 -129.02842465 -141.30041095 -116.75643835
1429 -129.13404109 -141.41268493 -116.85539726
1430 -129.23965753 -141.52495890 -116.95435616
1431 -129.34527397 -141.63723287 -117.05331506
1432 -129.45089041 -141.74950684 -117.15227397
1433 -129.55650684 -141.86178082 -117.25123287
1434 -129.66212328 -141.97405479 -117.35019178
1435 -129.76773972 -142.08632876 -117.44915068
1436 -129.87335616 -142.19860273 -117.54810958
1437 -129.97897260 -142.31087671 -117.64706849
1438 -130.08458904 -142.42315068 -117.74602739
1439 -130.19020547 -142.53542465 -117.84498630
1440 -130.29582191 -142.64769863 -117.94394520
1441 -130.40143835 -142.75997260 -118.04290410
1442 -130.50705479 -142.87224657 -118.14186301
1443 -130.61267123 -142.98452054 -118.24082191
1444 -130.71828767 -143.09679452 -118.33978082
1445 -130.82390410 -143.20906849 -118.43873972
1446 -130.92952054 -143.32134246 -118.53769863
1447 -131.03513698 -143.43361643 -118.63665753
1448 -131.14075342 -143.54589041 -118.73561643
1449 -131.24636986 -143.65816438 -118.83457534
1450 -131.35198630 -143.77043835 -118.93353424
1451 -131.45760273 -143.88271232 -119.03249315
1452 -131.56321917 -143.99498630 -119.13145205
1453 -131.66883561 -144.10726027 -119.23041095
1454 -131.77445205 -144.21953424 -119.32936986
1455 -131.88006849 -144.33180821 -119.42832876
1456 -131.98568493 -144.44408219 -119.52728767
1457 -132.09130136 -144.55635616 -119.62624657
1458 -132.19691780 -144.66863013 -119.72520547
1459 -132.30253424 -144.78090410 -119.82416438
1460 -132.40815068 -144.89317808 -119.92312328
1461 -132.51376712 -145.00545205 -120.02208219
1462 -132.61938356 -145.11772602 -120.12104109
1463 -132.72500000 -145.23000000 -120.22000000
1464 -132.85019178 -145.36616438 -120.33421917
1465 -132.97538356 -145.50232876 -120.44843835
1466 -133.10057534 -145.63849315 -120.56265753
1467 -133.22576712 -145.77465753 -120.67687671
1468 -133.35095890 -145.91082191 -120.79109589
1469 -133.47615068 -146.04698630 -120.90531506
1470 -133.60134246 -146.18315068 -121.01953424
1471 -133.72653424 -146.31931506 -121.13375342
1472 -133.85172602 -146.45547945 -121.24797260
1473 -133.97691780 -146.59164383 -121.36219178
1474 -134.10210958 -146.72780821 -121.47641095
1475 -134.22730136 -146.86397260 -121.59063013
1476 -134.35249315 -147.00013698 -121.70484931
1477 -134.47768493 -147.13630136 -121.81906849
1478 -134.60287671 -147.27246575 -121.93328767
1479 -134.72806849 -147.40863013 -122.04750684
1480 -134.85326027 -147.54479452 -122.16172602
1481 -134.97845205 -147.68095890 -122.27594520
1482 -135.10364383 -147.81712328 -122.39016438
1483 -135.22883561 -147.95328767 -122.50438356
1484 -135.35402739 -148.08945205 -122.61860273
1485 -135.47921917 -148.22561643 -122.73282191
1486 -135.60441095 -148.36178082 -122.84704109
1487 -135.72960273 -148.49794520 -122.96126027
1488 -135.85479452 -148.63410958 -123.07547945
1489 -135.97998630 -148.77027397 -123.18969863
1490 -136.10517808 -148.90643835 -123.30391780
1491 -136.23036986 -149.04260273 -123.41813698
1492 -136.35556164 -149.17876712 -123.53235616
1493 -136.48075342 -149.31493150 -123.64657534
1494 -136.60594520 -149.45109589 -123.76079452
1495 -136.73113698 -149.58726027 -123.87501369
1496 -136.85632876 -149.72342465 -123.98923287
1497 -136.98152054 -149.85958904 -124.10345205
1498 -137.10671232 -149.99575342 -124.21767123
1499 -137.23190410 -150.13191780 -124.33189041
1500 -137.35709589 -150.26808219 -124.44610958
1501 -137.48228767 -150.40424657 -124.56032876
1502 -137.60747945 -150.54041095 -124.67454794
1503 -137.73267123 -150.67657534 -124.78876712
1504 -137.85786301 -150.81273972 -124.90298630
1505 -137.98305479 -150.94890410 -125.01720547
1506 -138.10824657 -151.08506849 -125.13142465
1507 -138.23343835 -151.22123287 -125.24564383
1508 -138.35863013 -151.35739726 -125.35986301
1509 -138.48382191 -151.49356164 -125.47408219
1510 -138.60901369 -151.62972602 -125.58830136
1511 -138.73420547 -151.76589041 -125.70252054
1512 -138.85939726 -151.90205479 -125.81673972
1513 -138.98458904 -152.03821917 -125.93095890
1514 -139.10978082 -152.17438356 -126.04517808
1515 -139.23497260 -152.31054794 -126.15939726
1516 -139.36016438 -152.44671232 -126.27361643
1517 -139.48535616 -152.58287671 -126.38783561
1518 -139.61054794 -152.71904109 -126.50205479
1519 -139.73573972 -152.85520547 -126.61627397
1520 -139.86093150 -152.99136986 -126.73049315
1521 -139.98612328 -153.12753424 -126.84471232
1522 -140.11131506 -153.26369863 -126.95893150
1523 -140.23650684 -153.39986301 -127.07315068
1524 -140.36169863 -153.53602739 -127.18736986
1525 -140.48689041 -153.67219178 -127.30158904
1526 -140.61208219 -153.80835616 -127.41580821
1527 -140.73727397 -153.94452054 -127.53002739
1528 -140.86246575 -154.08068493 -127.64424657
1529 -140.98765753 -154.21684931 -127.75846575
1530 -141.11284931 -154.35301369 -127.87268493
1531 -141.23804109 -154.48917808 -127.98690410
1532 -141.36323287 -154.62534246 -128.10112328
1533 -141.48842465 -154.76150684 -128.21534246
1534 -141.61361643 -154.89767123 -128.32956164
1535 -141.73880821 -155.03383561 -128.44378082
1536 -141.86400000 -155.17000000 -128.55800000
1537 -141.98919178 -155.30616438 -128.67221917
1538 -142.11438356 -155.44232876 -128.78643835
1539 -142.23957534 -155.57849315 -128.90065753
1540 -142.36476712 -155.71465753 -129.01487671
1541 -142.48995890 -155.85082191 -129.12909589
1542 -142.61515068 -155.98698630 -129.24331506
1543 -142.74034246 -156.12315068 -129.35753424
1544 -142.86553424 -156.25931506 -129.47175342
1545 -142.99072602 -156.39547945 -129.58597260
1546 -143.11591780 -156.53164383 -129.70019178
1547 -143.24110958 -156.66780821 -129.81441095
1548 -143.36630136 -156.80397260 -129.92863013
1549 -143.49149315 -156.94013698 -130.04284931
1550 -143.61668493 -157.07630136 -130.15706849
1551 -143.74187671 -157.21246575 -130.27128767
1552 -143.86706849 -157.34863013 -130.38550684
1553 -143.99226027 -157.48479452 -130.49972602
1554 -144.11745205 -157.62095890 -130.61394520
1555 -144.24264383 -157.75712328 -130.72816438
1556 -144.36783561 -157.89328767 -130.84238356
1557 -144.49302739 -158.02945205 -130.95660273
1558 -144.61821917 -158.16561643 -131.07082191
1559 -144.74341095 -158.30178082 -131.18504109
1560 -144.86860273 -158.43794520 -131.29926027
1561 -144.99379452 -158.57410958 -131.41347945
1562 -145.11898630 -158.71027397 -131.52769863
1563 -145.24417808 -158.84643835 -131.64191780
1564 -145.36936986 -158.98260273 -131.75613698
1565 -145.49456164 -159.11876712 -131.87035616
1566 -145.61975342 -159.25493150 -131.98457534
1567 -145.74494520 -159.39109589 -132.09879452
1568 -145.87013698 -159.52726027 -132.21301369
1569 -145.99532876 -159.66342465 -132.32723287
1570 -146.12052054 -159.79958904 -132.44145205
1571 -146.24571232 -159.93575342 -132.55567123
1572 -146.37090410 -160.07191780 -132.66989041
1573 -146.49609589 -160.20808219 -132.78410958
1574 -146.62128767 -160.34424657 -132.89832876
1575 -146.74647945 -160.48041095 -133.01254794
1576 -146.87167123 -160.61657534 -133.12676712
1577 -146.99686301 -160.75273972 -133.24098630
1578 -147.12205479 -160.88890410 -133.35520547
1579 -147.24724657 -161.02506849 -133.46942465
1580 -147.37243835 -161.16123287 -133.58364383
1581 -147.49763013 -161.29739726 -133.69786301
1582 -147.62282191 -161.43356164 -133.81208219
1583 -147.74801369 -161.56972602 -133.92630136
1584 -147.87320547 -161.70589041 -134.04052054
1585 -147.99839726 -161.84205479 -134.15473972
1586 -148.12358904 -161.97821917 -134.26895890
1587 -148.24878082 -162.11438356 -134.38317808
1588 -148.37397260 -162.25054794 -134.49739726
1589 -148.49916438 -162.38671232 -134.61161643
1590 -148.62435616 -162.52287671 -134.72583561
1591 -148.74954794 -162.65904109 -134.84005479
1592 -148.87473972 -162.79520547 -134.95427397
1593 -148.99993150 -162.93136986 -135.06849315
1594 -149.12512328 -163.06753424 -135.18271232
1595 -149.25031506 -163.20369863 -135.29693150
1596 -149.37550684 -163.33986301 -135.41115068
1597 -149.50069863 -163.47602739 -135.52536986
1598 -149.62589041 -163.61219178 -135.63958904
1599 -149.75108219 -163.74835616 -135.75380821
1600 -149.87627397 -163.88452054 -135.86802739
1601 -150.00146575 -164.02068493 -135.98224657
1602 -150.12665753 -164.15684931 -136.09646575
1603 -150.25184931 -164.29301369 -136.21068493
1604 -150.37704109 -164.42917808 -136.32490410
1605 -150.50223287 -164.56534246 -136.43912328
1606 -150.62742465 -164.70150684 -136.55334246
1607 -150.75261643 -164.83767123 -136.66756164
1608 -150.87780821 -164.97383561 -136.78178082
1609 -151.00300000 -165.11000000 -136.89600000
1610 -151.12819178 -165.24616438 -137.01021917
1611 -151.25338356 -165.38232876 -137.12443835
1612 -151.37857534 -165.51849315 -137.23865753
1613 -151.50376712 -165.65465753 -137.35287671
1614 -151.62895890 -165.79082191 -137.46709589
1615 -151.75415068 -165.92698630 -137.58131506
1616 -151.87934246 -166.06315068 -137.69553424
1617 -152.00453424 -166.19931506 -137.80975342
1618 -152.12972602 -166.33547945 -137.92397260
1619 -152.25491780 -166.47164383 -138.03819178
1620 -152.38010958 -166.60780821 -138.15241095
1621 -152.50530136 -166.74397260 -138.26663013
1622 -152.63049315 -166.88013698 -138.38084931
1623 -152.75568493 -167.01630136 -138.49506849
1624 -152.88087671 -167.15246575 -138.60928767
1625 -153.00606849 -167.28863013 -138.72350684
1626 -153.13126027 -167.42479452 -138.83772602
1627 -153.25645205 -167.56095890 -138.95194520
1628 -153.38164383 -167.69712328 -139.06616438
1629 -153.50683561 -167.83328767 -139.18038356
1630 -153.63202739 -167.96945205 -139.29460273
1631 -153.75721917 -168.10561643 -139.40882191
1632 -153.88241095 -168.24178082 -139.52304109
1633 -154.00760273 -168.37794520 -139.63726027
1634 -154.13279452 -168.51410958 -139.75147945
1635 -154.25798630 -168.65027397 -139.86569863
1636 -154.38317808 -168.78643835 -139.97991780
1637 -154.50836986 -168.92260273 -140.09413698
1638 -154.63356164 -169.05876712 -140.20835616
1639 -154.75875342 -169.19493150 -140.32257534
1640 -154.88394520 -169.33109589 -140.43679452
1641 -155.00913698 -169.46726027 -140.55101369
1642 -155.13432876 -169.60342465 -140.66523287
1643 -155.25952054 -169.73958904 -140.77945205
1644 -155.38471232 -169.87575342 -140.89367123
1645 -155.50990410 -170.01191780 -141.00789041
1646 -155.63509589 -170.14808219 -141.12210958
1647 -155.76028767 -170.28424657 -141.23632876
1648 -155.88547945 -170.42041095 -141.35054794
1649 -156.01067123 -170.55657534 -141.46476712
1650 -156.13586301 -170.69273972 -141.57898630
1651 -156.26105479 -170.82890410 -141.69320547
1652 -156.38624657 -170.96506849 -141.80742465
1653 -156.51143835 -171.10123287 -141.92164383
1654 -156.63663013 -171.23739726 -142.03586301
1655 -156.76182191 -171.37356164 -142.15008219
1656 -156.88701369 -171.50972602 -142.26430136
1657 -157.01220547 -171.64589041 -142.37852054
1658 -157.13739726 -171.78205479 -142.49273972
1659 -157.26258904 -171.91821917 -142.60695890
1660 -157.38778082 -172.05438356 -142.72117808
1661 -157.51297260 -172.19054794 -142.83539726
1662 -157.63816438 -172.32671232 -142.94961643
1663 -157.76335616 -172.46287671 -143.06383561
1664 -157.88854794 -172.59904109 -143.17805479
1665 -158.01373972 -172.73520547 -143.29227397
1666 -158.13893150 -172.87136986 -143.40649315
1667 -158.26412328 -173.00753424 -143.52071232
1668 -158.38931506 -173.14369863 -143.63493150
1669 -158.51450684 -173.27986301 -143.74915068
1670 -158.63969863 -173.41602739 -143.86336986
1671 -158.76489041 -173.55219178 -143.97758904
1672 -158.89008219 -173.68835616 -144.09180821
1673 -159.01527397 -173.82452054 -144.20602739
1674 -159.14046575 -173.96068493 -144.32024657
1675 -159.26565753 -174.09684931 -144.43446575
1676 -159.39084931 -174.23301369 -144.54868493
1677 -159.51604109 -174.36917808 -144.66290410
1678 -159.64123287 -174.50534246 -144.77712328
1679 -159.76642465 -174.64150684 -144.89134246
1680 -159.89161643 -174.77767123 -145.00556164
1681 -160.01680821 -174.91383561 -145.11978082
1682 -160.14200000 -175.05000000 -145.23400000
1683 -160.26719178 -175.18616438 -145.34821917
1684 -160.39238356 -175.32232876 -145.46243835
1685 -160.51757534 -175.45849315 -145.57665753
1686 -160.64276712 -175.59465753 -145.69087671
1687 -160.76795890 -175.73082191 -145.80509589
1688 -160.89315068 -175.86698630 -145.91931506
1689 -161.01834246 -176.00315068 -146.03353424
1690 -161.14353424 -176.13931506 -146.14775342
1691 -161.26872602 -176.27547945 -146.26197260
1692 -161.39391780 -176.41164383 -146.37619178
1693 -161.51910958 -176.54780821 -146.49041095
1694 -161.64430136 -176.68397260 -146.60463013
1695 -161.76949315 -176.82013698 -146.71884931
1696 -161.89468493 -176.95630136 -146.83306849
1697 -162.01987671 -177.09246575 -146.94728767
1698 -162.14506849 -177.22863013 -147.06150684
1699 -162.27026027 -177.36479452 -147.17572602
1700 -162.39545205 -177.50095890 -147.28994520
1701 -162.52064383 -177.63712328 -147.40416438
1702 -162.64583561 -177.77328767 -147.51838356
1703 -162.77102739 -177.90945205 -147.63260273
1704 -162.89621917 -178.04561643 -147.74682191
1705 -163.02141095 -178.18178082 -147.86104109
1706 -163.14660273 -178.31794520 -147.97526027
1707 -163.27179452 -178.45410958 -148.08947945
1708 -163.39698630 -178.59027397 -148.20369863
1709 -163.52217808 -178.72643835 -148.31791780
1710 -163.64736986 -178.86260273 -148.43213698
1711 -163.77256164 -178.99876712 -148.54635616
1712 -163.89775342 -179.13493150 -148.66057534
1713 -164.02294520 -179.27109589 -148.77479452
1714 -164.14813698 -179.40726027 -148.88901369
1715 -164.27332876 -179.54342465 -149.00323287
1716 -164.39852054 -179.67958904 -149.11745205
1717 -164.52371232 -179.81575342 -149.23167123
1718 -164.64890410 -179.95191780 -149.34589041
1719 -164.77409589 -180.08808219 -149.46010958
1720 -164.89928767 -180.22424657 -149.57432876
1721 -165.02447945 -180.36041095 -149.68854794
1722 -165.14967123 -180.49657534 -149.80276712
1723 -165.27486301 -180.63273972 -149.91698630
1724 -165.40005479 -180.76890410 -150.03120547
1725 -165.52524657 -180.90506849 -150.14542465
1726 -165.65043835 -181.04123287 -150.25964383
1727 -165.77563013 -181.17739726 -150.37386301
1728 -165.90082191 -181.31356164 -150.48808219
1729 -166.02601369 -181.44972602 -150.60230136
1730 -166.15120547 -181.58589041 -150.71652054
1731 -166.27639726 -181.72205479 -150.83073972
1732 -166.40158904 -181.85821917 -150.94495890
1733 -166.52678082 -181.99438356 -151.05917808
1734 -166.65197260 -182.13054794 -151.17339726
1735 -166.77716438 -182.26671232 -151.28761643
1736 -166.90235616 -182.40287671 -151.40183561
1737 -167.02754794 -182.53904109 -151.51605479
1738 -167.15273972 -182.67520547 -151.63027397
1739 -167.27793150 -182.81136986 -151.74449315
1740 -167.40312328 -182.94753424 -151.85871232
1741 -167.52831506 -183.08369863 -151.97293150
1742 -167.65350684 -183.21986301 -152.08715068
1743 -167.77869863 -183.35602739 -152.20136986
1744 -167.90389041 -183.49219178 -152.31558904
1745 -168.02908219 -183.62835616 -152.42980821
1746 -168.15427397 -183.76452054 -152.54402739
1747 -168.27946575 -183.90068493 -152.65824657
1748 -168.40465753 -184.03684931 -152.77246575
1749 -168.52984931 -184.17301369 -152.88668493
1750 -168.65504109 -184.30917808 -153.00090410
1751 -168.78023287 -184.44534246 -153.11512328
1752 -168.90542465 -184.58150684 -153.22934246
1753 -169.03061643 -184.71767123 -153.34356164
1754 -169.15580821 -184.85383561 -153.45778082
1755 -169.28100000 -184.99000000 -153.57200000
1756 -169.40619178 -185.12616438 -153.68621917
1757 -169.53138356 -185.26232876 -153.80043835
1758 -169.65657534 -185.39849315 -153.91465753
1759 -169.78176712 -185.53465753 -154.02887671
1760 -169.90695890 -185.67082191 -154.14309589
1761 -170.03215068 -185.80698630 -154.25731506
1762 -170.15734246 -185.94315068 -154.37153424
1763 -170.28253424 -186.07931506 -154.48575342
1764 -170.40772602 -186.21547945 -154.59997260
1765 -170.53291780 -186.35164383 -154.71419178
1766 -170.65810958 -186.48780821 -154.82841095
1767 -170.78330136 -186.62397260 -154.94263013
1768 -170.90849315 -186.76013698 -155.05684931
1769 -171.03368493 -186.89630136 -155.17106849
1770 -171.15887671 -187.03246575 -155.28528767
1771 -171.28406849 -187.16863013 -155.39950684
1772 -171.40926027 -187.30479452 -155.51372602
1773 -171.53445205 -187.44095890 -155.62794520
1774 -171.65964383 -187.57712328 -155.74216438
1775 -171.78483561 -187.71328767 -155.85638356
1776 -171.91002739 -187.84945205 -155.97060273
1777 -172.03521917 -187.98561643 -156.08482191
1778 -172.16041095 -188.12178082 -156.19904109
1779 -172.28560273 -188.25794520 -156.31326027
1780 -172.41079452 -188.39410958 -156.42747945
1781 -172.53598630 -188.53027397 -156.54169863
1782 -172.66117808 -188.66643835 -156.65591780
1783 -172.78636986 -188.80260273 -156.77013698
1784 -172.91156164 -188.93876712 -156.88435616
1785 -173.03675342 -189.07493150 -156.99857534
1786 -173.16194520 -189.21109589 -157.11279452
1787 -173.28713698 -189.34726027 -157.22701369
1788 -173.41232876 -189.48342465 -157.34123287
1789 -173.53752054 -189.61958904 -157.45545205
1790 -173.66271232 -189.75575342 -157.56967123
1791 -173.78790410 -189.89191780 -157.68389041
1792 -173.91309589 -190.02808219 -157.79810958
1793 -174.03828767 -190.16424657 -157.91232876
1794 -174.16347945 -190.30041095 -158.02654794
1795 -174.28867123 -190.43657534 -158.14076712
1796 -174.41386301 -190.57273972 -158.25498630
1797 -174.53905479 -190.70890410 -158.36920547
1798 -174.66424657 -190.84506849 -158.48342465
1799 -174.78943835 -190.98123287 -158.59764383
1800 -174.91463013 -191.11739726 -158.71186301
1801 -175.03982191 -191.25356164 -158.82608219
1802 -175.16501369 -191.38972602 -158.94030136
1803 -175.29020547 -191.52589041 -159.05452054
1804 -175.41539726 -191.66205479 -159.16873972
1805 -175.54058904 -191.79821917 -159.28295890
1806 -175.66578082 -191.93438356 -159.39717808
1807 -175.79097260 -192.07054794 -159.51139726
1808 -175.91616438 -192.20671232 -159.62561643
1809 -176.04135616 -192.34287671 -159.73983561
1810 -176.16654794 -192.47904109 -159.85405479
1811 -176.29173972 -192.61520547 -159.96827397
1812 -176.41693150 -192.75136986 -160.08249315
1813 -176.54212328 -192.88753424 -160.19671232
1814 -176.66731506 -193.02369863 -160.31093150
1815 -176.79250684 -193.15986301 -160.42515068
1816 -176.91769863 -193.29602739 -160.53936986
1817 -177.04289041 -193.43219178 -160.65358904
1818 -177.16808219 -193.56835616 -160.76780821
1819 -177.29327397 -193.70452054 -160.88202739
1820 -177.41846575 -193.84068493 -160.99624657
1821 -177.54365753 -193.97684931 -161.11046575
1822 -177.66884931 -194.11301369 -161.22468493
1823 -177.79404109 -194.24917808 -161.33890410
1824 -177.91923287 -194.38534246 -161.45312328
1825 -178.04442465 -194.52150684 -161.56734246
1826 -178.16961643 -194.65767123 -161.68156164
1827 -178.29480821 -194.79383561 -161.79578082
1828 -178.42000000 -194.93000000 -161.91000000
