1 0.86650000 0.82400000 0.90900000
2 0.00000000 0.00000000 0.00000000
3 0.46050000 0.45500000 0.46600000
4 0.91958333 0.91083333 0.92833333
5 1.37866667 1.36666667 1.39066667
6 1.83775000 1.82250000 1.85300000
7 2.29683333 2.27833333 2.31533333
8 2.75591667 2.73416667 2.77766667
9 3.21500000 3.19000000 3.24000000
10 3.67428571 3.64714286 3.70142857
11 4.13357143 4.10428571 4.16285714
12 4.59285714 4.56142857 4.62428571
13 5.05214286 5.01857143 5.08571429
14 5.51142857 5.47571429 5.54714286
15 5.97071429 5.93285714 6.00857143
16 6.43000000 6.39000000 6.47000000
17 6.89214286 6.84571429 6.93857143
18 7.35428571 7.30142857 7.40714286
19 7.81642857 7.75714286 7.87571429
20 8.27857143 8.21285714 8.34428571
21 8.74071429 8.66857143 8.81285714
22 9.20285714 9.12428571 9.28142857
23 9.66500000 9.58000000 9.75000000
24 10.13636364 10.04909091 10.22363636
25 10.60772727 10.51818182 10.69727273
26 11.07909091 10.98727273 11.17090909
27 11.55045455 11.45636364 11.64454545
28 12.02181818 11.92545455 12.11818182
29 12.49318182 12.39454545 12.59181818
30 12.96454545 12.86363636 13.06545455
31 13.43590909 13.33272727 13.53909091
32 13.90727273 13.80181818 14.01272727
33 14.37863636 14.27090909 14.48636364
34 14.85000000 14.74000000 14.96000000
35 15.33366667 15.22166667 15.44566667
36 15.81733333 15.70333333 15.93133333
37 16.30100000 16.18500000 16.41700000
38 16.78466667 16.66666667 16.90266667
39 17.26833333 17.14833333 17.38833333
40 17.75200000 17.63000000 17.87400000
41 18.23566667 18.11166667 18.35966667
42 18.71933333 18.59333333 18.84533333
43 19.20300000 19.07500000 19.33100000
44 19.68666667 19.55666667 19.81666667
45 20.17033333 20.03833333 20.30233333
46 20.65400000 20.52000000 20.78800000
47 21.13766667 21.00166667 21.27366667
48 21.62133333 21.48333333 21.75933333
49 22.10500000 21.96500000 22.24500000
50 22.58866667 22.44666667 22.73066667
51 23.07233333 22.92833333 23.21633333
52 23.55600000 23.41000000 23.70200000
53 24.03966667 23.89166667 24.18766667
54 24.52333333 24.37333333 24.67333333
55 25.00700000 24.85500000 25.15900000
56 25.49066667 25.33666667 25.64466667
57 25.97433333 25.81833333 26.13033333
58 26.45800000 26.30000000 26.61600000
59 26.94166667 26.78166667 27.10166667
60 27.42533333 27.26333333 27.58733333
61 27.90900000 27.74500000 28.07300000
62 28.39266667 28.22666667 28.55866667
63 28.87633333 28.70833333 29.04433333
64 29.36000000 29.19000000 29.53000000
65 29.84316667 29.66866667 30.01766667
66 30.32633333 30.14733333 30.50533333
67 30.80950000 30.62600000 30.99300000
68 31.29266667 31.10466667 31.48066667
69 31.77583333 31.58333333 31.96833333
70 32.25900000 32.06200000 32.45600000
71 32.74216667 32.54066667 32.94366667
72 33.22533333 33.01933333 33.43133333
73 33.70850000 33.49800000 33.91900000
74 34.19166667 33.97666667 34.40666667
75 34.67483333 34.45533333 34.89433333
76 35.15800000 34.93400000 35.38200000
77 35.64116667 35.41266667 35.86966667
78 36.12433333 35.89133333 36.35733333
79 36.60750000 36.37000000 36.84500000
80 37.09066667 36.84866667 37.33266667
81 37.57383333 37.32733333 37.82033333
82 38.05700000 37.80600000 38.30800000
83 38.54016667 38.28466667 38.79566667
84 39.02333333 38.76333333 39.28333333
85 39.50650000 39.24200000 39.77100000
86 39.98966667 39.72066667 40.25866667
87 40.47283333 40.19933333 40.74633333
88 40.95600000 40.67800000 41.23400000
89 41.43916667 41.15666667 41.72166667
90 41.92233333 41.63533333 42.20933333
91 42.40550000 42.11400000 42.69700000
92 42.88866667 42.59266667 43.18466667
93 43.37183333 43.07133333 43.67233333
94 43.85500000 43.55000000 44.16000000
95 44.34177419 44.03064516 44.65290323
96 44.82854839 44.51129032 45.14580645
97 45.31532258 44.99193548 45.63870968
98 45.80209677 45.47258065 46.13161290
99 46.28887097 45.95322581 46.62451613
100 46.77564516 46.43387097 47.11741935
101 47.26241935 46.91451613 47.61032258
102 47.74919355 47.39516129 48.10322581
103 48.23596774 47.87580645 48.59612903
104 48.72274194 48.35645161 49.08903226
105 49.20951613 48.83709677 49.58193548
106 49.69629032 49.31774194 50.07483871
107 50.18306452 49.79838710 50.56774194
108 50.66983871 50.27903226 51.06064516
109 51.15661290 50.75967742 51.55354839
110 51.64338710 51.24032258 52.04645161
111 52.13016129 51.72096774 52.53935484
112 52.61693548 52.20161290 53.03225806
113 53.10370968 52.68225806 53.52516129
114 53.59048387 53.16290323 54.01806452
115 54.07725806 53.64354839 54.51096774
116 54.56403226 54.12419355 55.00387097
117 55.05080645 54.60483871 55.49677419
118 55.53758065 55.08548387 55.98967742
119 56.02435484 55.56612903 56.48258065
120 56.51112903 56.04677419 56.97548387
121 56.99790323 56.52741935 57.46838710
122 57.48467742 57.00806452 57.96129032
123 57.97145161 57.48870968 58.45419355
124 58.45822581 57.96935484 58.94709677
125 58.94500000 58.45000000 59.44000000
126 59.43716667 58.94266667 59.93166667
127 59.92933333 59.43533333 60.42333333
128 60.42150000 59.92800000 60.91500000
129 60.91366667 60.42066667 61.40666667
130 61.40583333 60.91333333 61.89833333
131 61.89800000 61.40600000 62.39000000
132 62.39016667 61.89866667 62.88166667
133 62.88233333 62.39133333 63.37333333
134 63.37450000 62.88400000 63.86500000
135 63.86666667 63.37666667 64.35666667
136 64.35883333 63.86933333 64.84833333
137 64.85100000 64.36200000 65.34000000
138 65.34316667 64.85466667 65.83166667
139 65.83533333 65.34733333 66.32333333
140 66.32750000 65.84000000 66.81500000
141 66.81966667 66.33266667 67.30666667
142 67.31183333 66.82533333 67.79833333
143 67.80400000 67.31800000 68.29000000
144 68.29616667 67.81066667 68.78166667
145 68.78833333 68.30333333 69.27333333
146 69.28050000 68.79600000 69.76500000
147 69.77266667 69.28866667 70.25666667
148 70.26483333 69.78133333 70.74833333
149 70.75700000 70.27400000 71.24000000
150 71.24916667 70.76666667 71.73166667
151 71.74133333 71.25933333 72.22333333
152 72.23350000 71.75200000 72.71500000
153 72.72566667 72.24466667 73.20666667
154 73.21783333 72.73733333 73.69833333
155 73.71000000 73.23000000 74.19000000
156 74.25090909 73.76060606 74.74121212
157 74.79181818 74.29121212 75.29242424
158 75.33272727 74.82181818 75.84363636
159 75.87363636 75.35242424 76.39484848
160 76.41454545 75.88303030 76.94606061
161 76.95545455 76.41363636 77.49727273
162 77.49636364 76.94424242 78.04848485
163 78.03727273 77.47484848 78.59969697
164 78.57818182 78.00545455 79.15090909
165 79.11909091 78.53606061 79.70212121
166 79.66000000 79.06666667 80.25333333
167 80.20090909 79.59727273 80.80454545
168 80.74181818 80.12787879 81.35575758
169 81.28272727 80.65848485 81.90696970
170 81.82363636 81.18909091 82.45818182
171 82.36454545 81.71969697 83.00939394
172 82.90545455 82.25030303 83.56060606
173 83.44636364 82.78090909 84.11181818
174 83.98727273 83.31151515 84.66303030
175 84.52818182 83.84212121 85.21424242
176 85.06909091 84.37272727 85.76545455
177 85.61000000 84.90333333 86.31666667
178 86.15090909 85.43393939 86.86787879
179 86.69181818 85.96454545 87.41909091
180 87.23272727 86.49515152 87.97030303
181 87.77363636 87.02575758 88.52151515
182 88.31454545 87.55636364 89.07272727
183 88.85545455 88.08696970 89.62393939
184 89.39636364 88.61757576 90.17515152
185 89.93727273 89.14818182 90.72636364
186 90.47818182 89.67878788 91.27757576
187 91.01909091 90.20939394 91.82878788
188 91.56000000 90.74000000 92.38000000
189 92.07396552 91.24793103 92.90000000
190 92.58793103 91.75586207 93.42000000
191 93.10189655 92.26379310 93.94000000
192 93.61586207 92.77172414 94.46000000
193 94.12982759 93.27965517 94.98000000
194 94.64379310 93.78758621 95.50000000
195 95.15775862 94.29551724 96.02000000
196 95.67172414 94.80344828 96.54000000
197 96.18568966 95.31137931 97.06000000
198 96.69965517 95.81931034 97.58000000
199 97.21362069 96.32724138 98.10000000
200 97.72758621 96.83517241 98.62000000
201 98.24155172 97.34310345 99.14000000
202 98.75551724 97.85103448 99.66000000
203 99.26948276 98.35896552 100.18000000
204 99.78344828 98.86689655 100.70000000
205 100.29741379 99.37482759 101.22000000
206 100.81137931 99.88275862 101.74000000
207 101.32534483 100.39068966 102.26000000
208 101.83931034 100.89862069 102.78000000
209 102.35327586 101.40655172 103.30000000
210 102.86724138 101.91448276 103.82000000
211 103.38120690 102.42241379 104.34000000
212 103.89517241 102.93034483 104.86000000
213 104.40913793 103.43827586 105.38000000
214 104.92310345 103.94620690 105.90000000
215 105.43706897 104.45413793 106.42000000
216 105.95103448 104.96206897 106.94000000
217 106.46500000 105.47000000 107.46000000
218 106.98232143 105.97821429 107.98642857
219 107.49964286 106.48642857 108.51285714
220 108.01696429 106.99464286 109.03928571
221 108.53428571 107.50285714 109.56571429
222 109.05160714 108.01107143 110.09214286
223 109.56892857 108.51928571 110.61857143
224 110.08625000 109.02750000 111.14500000
225 110.60357143 109.53571429 111.67142857
226 111.12089286 110.04392857 112.19785714
227 111.63821429 110.55214286 112.72428571
228 112.15553571 111.06035714 113.25071429
229 112.67285714 111.56857143 113.77714286
230 113.19017857 112.07678571 114.30357143
231 113.70750000 112.58500000 114.83000000
232 114.22482143 113.09321429 115.35642857
233 114.74214286 113.60142857 115.88285714
234 115.25946429 114.10964286 116.40928571
235 115.77678571 114.61785714 116.93571429
236 116.29410714 115.12607143 117.46214286
237 116.81142857 115.63428571 117.98857143
238 117.32875000 116.14250000 118.51500000
239 117.84607143 116.65071429 119.04142857
240 118.36339286 117.15892857 119.56785714
241 118.88071429 117.66714286 120.09428571
242 119.39803571 118.17535714 120.62071429
243 119.91535714 118.68357143 121.14714286
244 120.43267857 119.19178571 121.67357143
245 120.95000000 119.70000000 122.20000000
246 121.46306452 120.21354839 122.71258065
247 121.97612903 120.72709677 123.22516129
248 122.48919355 121.24064516 123.73774194
249 123.00225806 121.75419355 124.25032258
250 123.51532258 122.26774194 124.76290323
251 124.02838710 122.78129032 125.27548387
252 124.54145161 123.29483871 125.78806452
253 125.05451613 123.80838710 126.30064516
254 125.56758065 124.32193548 126.81322581
255 126.08064516 124.83548387 127.32580645
256 126.59370968 125.34903226 127.83838710
257 127.10677419 125.86258065 128.35096774
258 127.61983871 126.37612903 128.86354839
259 128.13290323 126.88967742 129.37612903
260 128.64596774 127.40322581 129.88870968
261 129.15903226 127.91677419 130.40129032
262 129.67209677 128.43032258 130.91387097
263 130.18516129 128.94387097 131.42645161
264 130.69822581 129.45741935 131.93903226
265 131.21129032 129.97096774 132.45161290
266 131.72435484 130.48451613 132.96419355
267 132.23741935 130.99806452 133.47677419
268 132.75048387 131.51161290 133.98935484
269 133.26354839 132.02516129 134.50193548
270 133.77661290 132.53870968 135.01451613
271 134.28967742 133.05225806 135.52709677
272 134.80274194 133.56580645 136.03967742
273 135.31580645 134.07935484 136.55225806
274 135.82887097 134.59290323 137.06483871
275 136.34193548 135.10645161 137.57741935
276 136.85500000 135.62000000 138.09000000
277 137.37887097 136.13064516 138.62709677
278 137.90274194 136.64129032 139.16419355
279 138.42661290 137.15193548 139.70129032
280 138.95048387 137.66258065 140.23838710
281 139.47435484 138.17322581 140.77548387
282 139.99822581 138.68387097 141.31258065
283 140.52209677 139.19451613 141.84967742
284 141.04596774 139.70516129 142.38677419
285 141.56983871 140.21580645 142.92387097
286 142.09370968 140.72645161 143.46096774
287 142.61758065 141.23709677 143.99806452
288 143.14145161 141.74774194 144.53516129
289 143.66532258 142.25838710 145.07225806
290 144.18919355 142.76903226 145.60935484
291 144.71306452 143.27967742 146.14645161
292 145.23693548 143.79032258 146.68354839
293 145.76080645 144.30096774 147.22064516
294 146.28467742 144.81161290 147.75774194
295 146.80854839 145.32225806 148.29483871
296 147.33241935 145.83290323 148.83193548
297 147.85629032 146.34354839 149.36903226
298 148.38016129 146.85419355 149.90612903
299 148.90403226 147.36483871 150.44322581
300 149.42790323 147.87548387 150.98032258
301 149.95177419 148.38612903 151.51741935
302 150.47564516 148.89677419 152.05451613
303 150.99951613 149.40741935 152.59161290
304 151.52338710 149.91806452 153.12870968
305 152.04725806 150.42870968 153.66580645
306 152.57112903 150.93935484 154.20290323
307 153.09500000 151.45000000 154.74000000
308 153.61633333 151.96666667 155.26600000
309 154.13766667 152.48333333 155.79200000
310 154.65900000 153.00000000 156.31800000
311 155.18033333 153.51666667 156.84400000
312 155.70166667 154.03333333 157.37000000
313 156.22300000 154.55000000 157.89600000
314 156.74433333 155.06666667 158.42200000
315 157.26566667 155.58333333 158.94800000
316 157.78700000 156.10000000 159.47400000
317 158.30833333 156.61666667 160.00000000
318 158.82966667 157.13333333 160.52600000
319 159.35100000 157.65000000 161.05200000
320 159.87233333 158.16666667 161.57800000
321 160.39366667 158.68333333 162.10400000
322 160.91500000 159.20000000 162.63000000
323 161.43633333 159.71666667 163.15600000
324 161.95766667 160.23333333 163.68200000
325 162.47900000 160.75000000 164.20800000
326 163.00033333 161.26666667 164.73400000
327 163.52166667 161.78333333 165.26000000
328 164.04300000 162.30000000 165.78600000
329 164.56433333 162.81666667 166.31200000
330 165.08566667 163.33333333 166.83800000
331 165.60700000 163.85000000 167.36400000
332 166.12833333 164.36666667 167.89000000
333 166.64966667 164.88333333 168.41600000
334 167.17100000 165.40000000 168.94200000
335 167.69233333 165.91666667 169.46800000
336 168.21366667 166.43333333 169.99400000
337 168.73500000 166.95000000 170.52000000
338 169.24950000 167.46800000 171.03100000
339 169.76400000 167.98600000 171.54200000
340 170.27850000 168.50400000 172.05300000
341 170.79300000 169.02200000 172.56400000
342 171.30750000 169.54000000 173.07500000
343 171.82200000 170.05800000 173.58600000
344 172.33650000 170.57600000 174.09700000
345 172.85100000 171.09400000 174.60800000
346 173.36550000 171.61200000 175.11900000
347 173.88000000 172.13000000 175.63000000
348 174.39450000 172.64800000 176.14100000
349 174.90900000 173.16600000 176.65200000
350 175.42350000 173.68400000 177.16300000
351 175.93800000 174.20200000 177.67400000
352 176.45250000 174.72000000 178.18500000
353 176.96700000 175.23800000 178.69600000
354 177.48150000 175.75600000 179.20700000
355 177.99600000 176.27400000 179.71800000
356 178.51050000 176.79200000 180.22900000
357 179.02500000 177.31000000 180.74000000
358 179.53950000 177.82800000 181.25100000
359 180.05400000 178.34600000 181.76200000
360 180.56850000 178.86400000 182.27300000
361 181.08300000 179.38200000 182.78400000
362 181.59750000 179.90000000 183.29500000
363 182.11200000 180.41800000 183.80600000
364 182.62650000 180.93600000 184.31700000
365 183.14100000 181.45400000 184.82800000
366 183.65550000 181.97200000 185.33900000
367 184.17000000 182.49000000 185.85000000
368 184.66808511 182.98808511 186.34808511
369 185.16617021 183.48617021 186.84617021
370 185.66425532 183.98425532 187.34425532
371 186.16234043 184.48234043 187.84234043
372 186.66042553 184.98042553 188.34042553
373 187.15851064 185.47851064 188.83851064
374 187.65659574 185.97659574 189.33659574
375 188.15468085 186.47468085 189.83468085
376 188.65276596 186.97276596 190.33276596
377 189.15085106 187.47085106 190.83085106
378 189.64893617 187.96893617 191.32893617
379 190.14702128 188.46702128 191.82702128
380 190.64510638 188.96510638 192.32510638
381 191.14319149 189.46319149 192.82319149
382 191.64127660 189.96127660 193.32127660
383 192.13936170 190.45936170 193.81936170
384 192.63744681 190.95744681 194.31744681
385 193.13553191 191.45553191 194.81553191
386 193.63361702 191.95361702 195.31361702
387 194.13170213 192.45170213 195.81170213
388 194.62978723 192.94978723 196.30978723
389 195.12787234 193.44787234 196.80787234
390 195.62595745 193.94595745 197.30595745
391 196.12404255 194.44404255 197.80404255
392 196.62212766 194.94212766 198.30212766
393 197.12021277 195.44021277 198.80021277
394 197.61829787 195.93829787 199.29829787
395 198.11638298 196.43638298 199.79638298
396 198.61446809 196.93446809 200.29446809
397 199.11255319 197.43255319 200.79255319
398 199.61063830 197.93063830 201.29063830
399 200.10872340 198.42872340 201.78872340
400 200.60680851 198.92680851 202.28680851
401 201.10489362 199.42489362 202.78489362
402 201.60297872 199.92297872 203.28297872
403 202.10106383 200.42106383 203.78106383
404 202.59914894 200.91914894 204.27914894
405 203.09723404 201.41723404 204.77723404
406 203.59531915 201.91531915 205.27531915
407 204.09340426 202.41340426 205.77340426
408 204.59148936 202.91148936 206.27148936
409 205.08957447 203.40957447 206.76957447
410 205.58765957 203.90765957 207.26765957
411 206.08574468 204.40574468 207.76574468
412 206.58382979 204.90382979 208.26382979
413 207.08191489 205.40191489 208.76191489
414 207.58000000 205.90000000 209.26000000
415 208.07808511 206.39808511 209.75808511
416 208.57617021 206.89617021 210.25617021
417 209.07425532 207.39425532 210.75425532
418 209.57234043 207.89234043 211.25234043
419 210.07042553 208.39042553 211.75042553
420 210.56851064 208.88851064 212.24851064
421 211.06659574 209.38659574 212.74659574
422 211.56468085 209.88468085 213.24468085
423 212.06276596 210.38276596 213.74276596
424 212.56085106 210.88085106 214.24085106
425 213.05893617 211.37893617 214.73893617
426 213.55702128 211.87702128 215.23702128
427 214.05510638 212.37510638 215.73510638
428 214.55319149 212.87319149 216.23319149
429 215.05127660 213.37127660 216.73127660
430 215.54936170 213.86936170 217.22936170
431 216.04744681 214.36744681 217.72744681
432 216.54553191 214.86553191 218.22553191
433 217.04361702 215.36361702 218.72361702
434 217.54170213 215.86170213 219.22170213
435 218.03978723 216.35978723 219.71978723
436 218.53787234 216.85787234 220.21787234
437 219.03595745 217.35595745 220.71595745
438 219.53404255 217.85404255 221.21404255
439 220.03212766 218.35212766 221.71212766
440 220.53021277 218.85021277 222.21021277
441 221.02829787 219.34829787 222.70829787
442 221.52638298 219.84638298 223.20638298
443 222.02446809 220.34446809 223.70446809
444 222.52255319 220.84255319 224.20255319
445 223.02063830 221.34063830 224.70063830
446 223.51872340 221.83872340 225.19872340
447 224.01680851 222.33680851 225.69680851
448 224.51489362 222.83489362 226.19489362
449 225.01297872 223.33297872 226.69297872
450 225.51106383 223.83106383 227.19106383
451 226.00914894 224.32914894 227.68914894
452 226.50723404 224.82723404 228.18723404
453 227.00531915 225.32531915 228.68531915
454 227.50340426 225.82340426 229.18340426
455 228.00148936 226.32148936 229.68148936
456 228.49957447 226.81957447 230.17957447
457 228.99765957 227.31765957 230.67765957
458 229.49574468 227.81574468 231.17574468
459 229.99382979 228.31382979 231.67382979
460 230.49191489 228.81191489 232.17191489
461 230.99000000 229.31000000 232.67000000
462 231.49093407 229.80703297 233.17483516
463 231.99186813 230.30406593 233.67967033
464 232.49280220 230.80109890 234.18450549
465 232.99373626 231.29813187 234.68934066
466 233.49467033 231.79516484 235.19417582
467 233.99560440 232.29219780 235.69901099
468 234.49653846 232.78923077 236.20384615
469 234.99747253 233.28626374 236.70868132
470 235.49840659 233.78329670 237.21351648
471 235.99934066 234.28032967 237.71835165
472 236.50027473 234.77736264 238.22318681
473 237.00120879 235.27439560 238.72802198
474 237.50214286 235.77142857 239.23285714
475 238.00307692 236.26846154 239.73769231
476 238.50401099 236.76549451 240.24252747
477 239.00494505 237.26252747 240.74736264
478 239.50587912 237.75956044 241.25219780
479 240.00681319 238.25659341 241.75703297
480 240.50774725 238.75362637 242.26186813
481 241.00868132 239.25065934 242.76670330
482 241.50961538 239.74769231 243.27153846
483 242.01054945 240.24472527 243.77637363
484 242.51148352 240.74175824 244.28120879
485 243.01241758 241.23879121 244.78604396
486 243.51335165 241.73582418 245.29087912
487 244.01428571 242.23285714 245.79571429
488 244.51521978 242.72989011 246.30054945
489 245.01615385 243.22692308 246.80538462
490 245.51708791 243.72395604 247.31021978
491 246.01802198 244.22098901 247.81505495
492 246.51895604 244.71802198 248.31989011
493 247.01989011 245.21505495 248.82472527
494 247.52082418 245.71208791 249.32956044
495 248.02175824 246.20912088 249.83439560
496 248.52269231 246.70615385 250.33923077
497 249.02362637 247.20318681 250.84406593
498 249.52456044 247.70021978 251.34890110
499 250.02549451 248.19725275 251.85373626
500 250.52642857 248.69428571 252.35857143
501 251.02736264 249.19131868 252.86340659
502 251.52829670 249.68835165 253.36824176
503 252.02923077 250.18538462 253.87307692
504 252.53016484 250.68241758 254.37791209
505 253.03109890 251.17945055 254.88274725
506 253.53203297 251.67648352 255.38758242
507 254.03296703 252.17351648 255.89241758
508 254.53390110 252.67054945 256.39725275
509 255.03483516 253.16758242 256.90208791
510 255.53576923 253.66461538 257.40692308
511 256.03670330 254.16164835 257.91175824
512 256.53763736 254.65868132 258.41659341
513 257.03857143 255.15571429 258.92142857
514 257.53950549 255.65274725 259.42626374
515 258.04043956 256.14978022 259.93109890
516 258.54137363 256.64681319 260.43593407
517 259.04230769 257.14384615 260.94076923
518 259.54324176 257.64087912 261.44560440
519 260.04417582 258.13791209 261.95043956
520 260.54510989 258.63494505 262.45527473
521 261.04604396 259.13197802 262.96010989
522 261.54697802 259.62901099 263.46494505
523 262.04791209 260.12604396 263.96978022
524 262.54884615 260.62307692 264.47461538
525 263.04978022 261.12010989 264.97945055
526 263.55071429 261.61714286 265.48428571
527 264.05164835 262.11417582 265.98912088
528 264.55258242 262.61120879 266.49395604
529 265.05351648 263.10824176 266.99879121
530 265.55445055 263.60527473 267.50362637
531 266.05538462 264.10230769 268.00846154
532 266.55631868 264.59934066 268.51329670
533 267.05725275 265.09637363 269.01813187
534 267.55818681 265.59340659 269.52296703
535 268.05912088 266.09043956 270.02780220
536 268.56005495 266.58747253 270.53263736
537 269.06098901 267.08450549 271.03747253
538 269.56192308 267.58153846 271.54230769
539 270.06285714 268.07857143 272.04714286
540 270.56379121 268.57560440 272.55197802
541 271.06472527 269.07263736 273.05681319
542 271.56565934 269.56967033 273.56164835
543 272.06659341 270.06670330 274.06648352
544 272.56752747 270.56373626 274.57131868
545 273.06846154 271.06076923 275.07615385
546 273.56939560 271.55780220 275.58098901
547 274.07032967 272.05483516 276.08582418
548 274.57126374 272.55186813 276.59065934
549 275.07219780 273.04890110 277.09549451
550 275.57313187 273.54593407 277.60032967
551 276.07406593 274.04296703 278.10516484
552 276.57500000 274.54000000 278.61000000
553 277.05291209 275.01791209 279.08791209
554 277.53082418 275.49582418 279.56582418
555 278.00873626 275.97373626 280.04373626
556 278.48664835 276.45164835 280.52164835
557 278.96456044 276.92956044 280.99956044
558 279.44247253 277.40747253 281.47747253
559 279.92038462 277.88538462 281.95538462
560 280.39829670 278.36329670 282.43329670
561 280.87620879 278.84120879 282.91120879
562 281.35412088 279.31912088 283.38912088
563 281.83203297 279.79703297 283.86703297
564 282.30994505 280.27494505 284.34494505
565 282.78785714 280.75285714 284.82285714
566 283.26576923 281.23076923 285.30076923
567 283.74368132 281.70868132 285.77868132
568 284.22159341 282.18659341 286.25659341
569 284.69950549 282.66450549 286.73450549
570 285.17741758 283.14241758 287.21241758
571 285.65532967 283.62032967 287.69032967
572 286.13324176 284.09824176 288.16824176
573 286.61115385 284.57615385 288.64615385
574 287.08906593 285.05406593 289.12406593
575 287.56697802 285.53197802 289.60197802
576 288.04489011 286.00989011 290.07989011
577 288.52280220 286.48780220 290.55780220
578 289.00071429 286.96571429 291.03571429
579 289.47862637 287.44362637 291.51362637
580 289.95653846 287.92153846 291.99153846
581 290.43445055 288.39945055 292.46945055
582 290.91236264 288.87736264 292.94736264
583 291.39027473 289.35527473 293.42527473
584 291.86818681 289.83318681 293.90318681
585 292.34609890 290.31109890 294.38109890
586 292.82401099 290.78901099 294.85901099
587 293.30192308 291.26692308 295.33692308
588 293.77983516 291.74483516 295.81483516
589 294.25774725 292.22274725 296.29274725
590 294.73565934 292.70065934 296.77065934
591 295.21357143 293.17857143 297.24857143
592 295.69148352 293.65648352 297.72648352
593 296.16939560 294.13439560 298.20439560
594 296.64730769 294.61230769 298.68230769
595 297.12521978 295.09021978 299.16021978
596 297.60313187 295.56813187 299.63813187
597 298.08104396 296.04604396 300.11604396
598 298.55895604 296.52395604 300.59395604
599 299.03686813 297.00186813 301.07186813
600 299.51478022 297.47978022 301.54978022
601 299.99269231 297.95769231 302.02769231
602 300.47060440 298.43560440 302.50560440
603 300.94851648 298.91351648 302.98351648
604 301.42642857 299.39142857 303.46142857
605 301.90434066 299.86934066 303.93934066
606 302.38225275 300.34725275 304.41725275
607 302.86016484 300.82516484 304.89516484
608 303.33807692 301.30307692 305.37307692
609 303.81598901 301.78098901 305.85098901
610 304.29390110 302.25890110 306.32890110
611 304.77181319 302.73681319 306.80681319
612 305.24972527 303.21472527 307.28472527
613 305.72763736 303.69263736 307.76263736
614 306.20554945 304.17054945 308.24054945
615 306.68346154 304.64846154 308.71846154
616 307.16137363 305.12637363 309.19637363
617 307.63928571 305.60428571 309.67428571
618 308.11719780 306.08219780 310.15219780
619 308.59510989 306.56010989 310.63010989
620 309.07302198 307.03802198 311.10802198
621 309.55093407 307.51593407 311.58593407
622 310.02884615 307.99384615 312.06384615
623 310.50675824 308.47175824 312.54175824
624 310.98467033 308.94967033 313.01967033
625 311.46258242 309.42758242 313.49758242
626 311.94049451 309.90549451 313.97549451
627 312.41840659 310.38340659 314.45340659
628 312.89631868 310.86131868 314.93131868
629 313.37423077 311.33923077 315.40923077
630 313.85214286 311.81714286 315.88714286
631 314.33005495 312.29505495 316.36505495
632 314.80796703 312.77296703 316.84296703
633 315.28587912 313.25087912 317.32087912
634 315.76379121 313.72879121 317.79879121
635 316.24170330 314.20670330 318.27670330
636 316.71961538 314.68461538 318.75461538
637 317.19752747 315.16252747 319.23252747
638 317.67543956 315.64043956 319.71043956
639 318.15335165 316.11835165 320.18835165
640 318.63126374 316.59626374 320.66626374
641 319.10917582 317.07417582 321.14417582
642 319.58708791 317.55208791 321.62208791
643 320.06500000 318.03000000 322.10000000
644 320.53868132 318.49549451 322.58186813
645 321.01236264 318.96098901 323.06373626
646 321.48604396 319.42648352 323.54560440
647 321.95972527 319.89197802 324.02747253
648 322.43340659 320.35747253 324.50934066
649 322.90708791 320.82296703 324.99120879
650 323.38076923 321.28846154 325.47307692
651 323.85445055 321.75395604 325.95494505
652 324.32813187 322.21945055 326.43681319
653 324.80181319 322.68494505 326.91868132
654 325.27549451 323.15043956 327.40054945
655 325.74917582 323.61593407 327.88241758
656 326.22285714 324.08142857 328.36428571
657 326.69653846 324.54692308 328.84615385
658 327.17021978 325.01241758 329.32802198
659 327.64390110 325.47791209 329.80989011
660 328.11758242 325.94340659 330.29175824
661 328.59126374 326.40890110 330.77362637
662 329.06494505 326.87439560 331.25549451
663 329.53862637 327.33989011 331.73736264
664 330.01230769 327.80538462 332.21923077
665 330.48598901 328.27087912 332.70109890
666 330.95967033 328.73637363 333.18296703
667 331.43335165 329.20186813 333.66483516
668 331.90703297 329.66736264 334.14670330
669 332.38071429 330.13285714 334.62857143
670 332.85439560 330.59835165 335.11043956
671 333.32807692 331.06384615 335.59230769
672 333.80175824 331.52934066 336.07417582
673 334.27543956 331.99483516 336.55604396
674 334.74912088 332.46032967 337.03791209
675 335.22280220 332.92582418 337.51978022
676 335.69648352 333.39131868 338.00164835
677 336.17016484 333.85681319 338.48351648
678 336.64384615 334.32230769 338.96538462
679 337.11752747 334.78780220 339.44725275
680 337.59120879 335.25329670 339.92912088
681 338.06489011 335.71879121 340.41098901
682 338.53857143 336.18428571 340.89285714
683 339.01225275 336.64978022 341.37472527
684 339.48593407 337.11527473 341.85659341
685 339.95961538 337.58076923 342.33846154
686 340.43329670 338.04626374 342.82032967
687 340.90697802 338.51175824 343.30219780
688 341.38065934 338.97725275 343.78406593
689 341.85434066 339.44274725 344.26593407
690 342.32802198 339.90824176 344.74780220
691 342.80170330 340.37373626 345.22967033
692 343.27538462 340.83923077 345.71153846
693 343.74906593 341.30472527 346.19340659
694 344.22274725 341.77021978 346.67527473
695 344.69642857 342.23571429 347.15714286
696 345.17010989 342.70120879 347.63901099
697 345.64379121 343.16670330 348.12087912
698 346.11747253 343.63219780 348.60274725
699 346.59115385 344.09769231 349.08461538
700 347.06483516 344.56318681 349.56648352
701 347.53851648 345.02868132 350.04835165
702 348.01219780 345.49417582 350.53021978
703 348.48587912 345.95967033 351.01208791
704 348.95956044 346.42516484 351.49395604
705 349.43324176 346.89065934 351.97582418
706 349.90692308 347.35615385 352.45769231
707 350.38060440 347.82164835 352.93956044
708 350.85428571 348.28714286 353.42142857
709 351.32796703 348.75263736 353.90329670
710 351.80164835 349.21813187 354.38516484
711 352.27532967 349.68362637 354.86703297
712 352.74901099 350.14912088 355.34890110
713 353.22269231 350.61461538 355.83076923
714 353.69637363 351.08010989 356.31263736
715 354.17005495 351.54560440 356.79450549
716 354.64373626 352.01109890 357.27637363
717 355.11741758 352.47659341 357.75824176
718 355.59109890 352.94208791 358.24010989
719 356.06478022 353.40758242 358.72197802
720 356.53846154 353.87307692 359.20384615
721 357.01214286 354.33857143 359.68571429
722 357.48582418 354.80406593 360.16758242
723 357.95950549 355.26956044 360.64945055
724 358.43318681 355.73505495 361.13131868
725 358.90686813 356.20054945 361.61318681
726 359.38054945 356.66604396 362.09505495
727 359.85423077 357.13153846 362.57692308
728 360.32791209 357.59703297 363.05879121
729 360.80159341 358.06252747 363.54065934
730 361.27527473 358.52802198 364.02252747
731 361.74895604 358.99351648 364.50439560
732 362.22263736 359.45901099 364.98626374
733 362.69631868 359.92450549 365.46813187
734 363.17000000 360.39000000 365.95000000
735 363.61833791 360.83296703 366.40370879
736 364.06667582 361.27593407 366.85741758
737 364.51501374 361.71890110 367.31112637
738 364.96335165 362.16186813 367.76483516
739 365.41168956 362.60483516 368.21854396
740 365.86002747 363.04780220 368.67225275
741 366.30836538 363.49076923 369.12596154
742 366.75670330 363.93373626 369.57967033
743 367.20504121 364.37670330 370.03337912
744 367.65337912 364.81967033 370.48708791
745 368.10171703 365.26263736 370.94079670
746 368.55005495 365.70560440 371.39450549
747 368.99839286 366.14857143 371.84821429
748 369.44673077 366.59153846 372.30192308
749 369.89506868 367.03450549 372.75563187
750 370.34340659 367.47747253 373.20934066
751 370.79174451 367.92043956 373.66304945
752 371.24008242 368.36340659 374.11675824
753 371.68842033 368.80637363 374.57046703
754 372.13675824 369.24934066 375.02417582
755 372.58509615 369.69230769 375.47788462
756 373.03343407 370.13527473 375.93159341
757 373.48177198 370.57824176 376.38530220
758 373.93010989 371.02120879 376.83901099
759 374.37844780 371.46417582 377.29271978
760 374.82678571 371.90714286 377.74642857
761 375.27512363 372.35010989 378.20013736
762 375.72346154 372.79307692 378.65384615
763 376.17179945 373.23604396 379.10755495
764 376.62013736 373.67901099 379.56126374
765 377.06847527 374.12197802 380.01497253
766 377.51681319 374.56494505 380.46868132
767 377.96515110 375.00791209 380.92239011
768 378.41348901 375.45087912 381.37609890
769 378.86182692 375.89384615 381.82980769
770 379.31016484 376.33681319 382.28351648
771 379.75850275 376.77978022 382.73722527
772 380.20684066 377.22274725 383.19093407
773 380.65517857 377.66571429 383.64464286
774 381.10351648 378.10868132 384.09835165
775 381.55185440 378.55164835 384.55206044
776 382.00019231 378.99461538 385.00576923
777 382.44853022 379.43758242 385.45947802
778 382.89686813 379.88054945 385.91318681
779 383.34520604 380.32351648 386.36689560
780 383.79354396 380.76648352 386.82060440
781 384.24188187 381.20945055 387.27431319
782 384.69021978 381.65241758 387.72802198
783 385.13855769 382.09538462 388.18173077
784 385.58689560 382.53835165 388.63543956
785 386.03523352 382.98131868 389.08914835
786 386.48357143 383.42428571 389.54285714
787 386.93190934 383.86725275 389.99656593
788 387.38024725 384.31021978 390.45027473
789 387.82858516 384.75318681 390.90398352
790 388.27692308 385.19615385 391.35769231
791 388.72526099 385.63912088 391.81140110
792 389.17359890 386.08208791 392.26510989
793 389.62193681 386.52505495 392.71881868
794 390.07027473 386.96802198 393.17252747
795 390.51861264 387.41098901 393.62623626
796 390.96695055 387.85395604 394.07994505
797 391.41528846 388.29692308 394.53365385
798 391.86362637 388.73989011 394.98736264
799 392.31196429 389.18285714 395.44107143
800 392.76030220 389.62582418 395.89478022
801 393.20864011 390.06879121 396.34848901
802 393.65697802 390.51175824 396.80219780
803 394.10531593 390.95472527 397.25590659
804 394.55365385 391.39769231 397.70961538
805 395.00199176 391.84065934 398.16332418
806 395.45032967 392.28362637 398.61703297
807 395.89866758 392.72659341 399.07074176
808 396.34700549 393.16956044 399.52445055
809 396.79534341 393.61252747 399.97815934
810 397.24368132 394.05549451 400.43186813
811 397.69201923 394.49846154 400.88557692
812 398.14035714 394.94142857 401.33928571
813 398.58869505 395.38439560 401.79299451
814 399.03703297 395.82736264 402.24670330
815 399.48537088 396.27032967 402.70041209
816 399.93370879 396.71329670 403.15412088
817 400.38204670 397.15626374 403.60782967
818 400.83038462 397.59923077 404.06153846
819 401.27872253 398.04219780 404.51524725
820 401.72706044 398.48516484 404.96895604
821 402.17539835 398.92813187 405.42266484
822 402.62373626 399.37109890 405.87637363
823 403.07207418 399.81406593 406.33008242
824 403.52041209 400.25703297 406.78379121
825 403.96875000 400.70000000 407.23750000
826 404.41708791 401.14296703 407.69120879
827 404.86542582 401.58593407 408.14491758
828 405.31376374 402.02890110 408.59862637
829 405.76210165 402.47186813 409.05233516
830 406.21043956 402.91483516 409.50604396
831 406.65877747 403.35780220 409.95975275
832 407.10711538 403.80076923 410.41346154
833 407.55545330 404.24373626 410.86717033
834 408.00379121 404.68670330 411.32087912
835 408.45212912 405.12967033 411.77458791
836 408.90046703 405.57263736 412.22829670
837 409.34880495 406.01560440 412.68200549
838 409.79714286 406.45857143 413.13571429
839 410.24548077 406.90153846 413.58942308
840 410.69381868 407.34450549 414.04313187
841 411.14215659 407.78747253 414.49684066
842 411.59049451 408.23043956 414.95054945
843 412.03883242 408.67340659 415.40425824
844 412.48717033 409.11637363 415.85796703
845 412.93550824 409.55934066 416.31167582
846 413.38384615 410.00230769 416.76538462
847 413.83218407 410.44527473 417.21909341
848 414.28052198 410.88824176 417.67280220
849 414.72885989 411.33120879 418.12651099
850 415.17719780 411.77417582 418.58021978
851 415.62553571 412.21714286 419.03392857
852 416.07387363 412.66010989 419.48763736
853 416.52221154 413.10307692 419.94134615
854 416.97054945 413.54604396 420.39505495
855 417.41888736 413.98901099 420.84876374
856 417.86722527 414.43197802 421.30247253
857 418.31556319 414.87494505 421.75618132
858 418.76390110 415.31791209 422.20989011
859 419.21223901 415.76087912 422.66359890
860 419.66057692 416.20384615 423.11730769
861 420.10891484 416.64681319 423.57101648
862 420.55725275 417.08978022 424.02472527
863 421.00559066 417.53274725 424.47843407
864 421.45392857 417.97571429 424.93214286
865 421.90226648 418.41868132 425.38585165
866 422.35060440 418.86164835 425.83956044
867 422.79894231 419.30461538 426.29326923
868 423.24728022 419.74758242 426.74697802
869 423.69561813 420.19054945 427.20068681
870 424.14395604 420.63351648 427.65439560
871 424.59229396 421.07648352 428.10810440
872 425.04063187 421.51945055 428.56181319
873 425.48896978 421.96241758 429.01552198
874 425.93730769 422.40538462 429.46923077
875 426.38564560 422.84835165 429.92293956
876 426.83398352 423.29131868 430.37664835
877 427.28232143 423.73428571 430.83035714
878 427.73065934 424.17725275 431.28406593
879 428.17899725 424.62021978 431.73777473
880 428.62733516 425.06318681 432.19148352
881 429.07567308 425.50615385 432.64519231
882 429.52401099 425.94912088 433.09890110
883 429.97234890 426.39208791 433.55260989
884 430.42068681 426.83505495 434.00631868
885 430.86902473 427.27802198 434.46002747
886 431.31736264 427.72098901 434.91373626
887 431.76570055 428.16395604 435.36744505
888 432.21403846 428.60692308 435.82115385
889 432.66237637 429.04989011 436.27486264
890 433.11071429 429.49285714 436.72857143
891 433.55905220 429.93582418 437.18228022
892 434.00739011 430.37879121 437.63598901
893 434.45572802 430.82175824 438.08969780
894 434.90406593 431.26472527 438.54340659
895 435.35240385 431.70769231 438.99711538
896 435.80074176 432.15065934 439.45082418
897 436.24907967 432.59362637 439.90453297
898 436.69741758 433.03659341 440.35824176
899 437.14575549 433.47956044 440.81195055
900 437.59409341 433.92252747 441.26565934
901 438.04243132 434.36549451 441.71936813
902 438.49076923 434.80846154 442.17307692
903 438.93910714 435.25142857 442.62678571
904 439.38744505 435.69439560 443.08049451
905 439.83578297 436.13736264 443.53420330
906 440.28412088 436.58032967 443.98791209
907 440.73245879 437.02329670 444.44162088
908 441.18079670 437.46626374 444.89532967
909 441.62913462 437.90923077 445.34903846
910 442.07747253 438.35219780 445.80274725
911 442.52581044 438.79516484 446.25645604
912 442.97414835 439.23813187 446.71016484
913 443.42248626 439.68109890 447.16387363
914 443.87082418 440.12406593 447.61758242
915 444.31916209 440.56703297 448.07129121
916 444.76750000 441.01000000 448.52500000
917 445.21583791 441.45296703 448.97870879
918 445.66417582 441.89593407 449.43241758
919 446.11251374 442.33890110 449.88612637
920 446.56085165 442.78186813 450.33983516
921 447.00918956 443.22483516 450.79354396
922 447.45752747 443.66780220 451.24725275
923 447.90586538 444.11076923 451.70096154
924 448.35420330 444.55373626 452.15467033
925 448.80254121 444.99670330 452.60837912
926 449.25087912 445.43967033 453.06208791
927 449.69921703 445.88263736 453.51579670
928 450.14755495 446.32560440 453.96950549
929 450.59589286 446.76857143 454.42321429
930 451.04423077 447.21153846 454.87692308
931 451.49256868 447.65450549 455.33063187
932 451.94090659 448.09747253 455.78434066
933 452.38924451 448.54043956 456.23804945
934 452.83758242 448.98340659 456.69175824
935 453.28592033 449.42637363 457.14546703
936 453.73425824 449.86934066 457.59917582
937 454.18259615 450.31230769 458.05288462
938 454.63093407 450.75527473 458.50659341
939 455.07927198 451.19824176 458.96030220
940 455.52760989 451.64120879 459.41401099
941 455.97594780 452.08417582 459.86771978
942 456.42428571 452.52714286 460.32142857
943 456.87262363 452.97010989 460.77513736
944 457.32096154 453.41307692 461.22884615
945 457.76929945 453.85604396 461.68255495
946 458.21763736 454.29901099 462.13626374
947 458.66597527 454.74197802 462.58997253
948 459.11431319 455.18494505 463.04368132
949 459.56265110 455.62791209 463.49739011
950 460.01098901 456.07087912 463.95109890
951 460.45932692 456.51384615 464.40480769
952 460.90766484 456.95681319 464.85851648
953 461.35600275 457.39978022 465.31222527
954 461.80434066 457.84274725 465.76593407
955 462.25267857 458.28571429 466.21964286
956 462.70101648 458.72868132 466.67335165
957 463.14935440 459.17164835 467.12706044
958 463.59769231 459.61461538 467.58076923
959 464.04603022 460.05758242 468.03447802
960 464.49436813 460.50054945 468.48818681
961 464.94270604 460.94351648 468.94189560
962 465.39104396 461.38648352 469.39560440
963 465.83938187 461.82945055 469.84931319
964 466.28771978 462.27241758 470.30302198
965 466.73605769 462.71538462 470.75673077
966 467.18439560 463.15835165 471.21043956
967 467.63273352 463.60131868 471.66414835
968 468.08107143 464.04428571 472.11785714
969 468.52940934 464.48725275 472.57156593
970 468.97774725 464.93021978 473.02527473
971 469.42608516 465.37318681 473.47898352
972 469.87442308 465.81615385 473.93269231
973 470.32276099 466.25912088 474.38640110
974 470.77109890 466.70208791 474.84010989
975 471.21943681 467.14505495 475.29381868
976 471.66777473 467.58802198 475.74752747
977 472.11611264 468.03098901 476.20123626
978 472.56445055 468.47395604 476.65494505
979 473.01278846 468.91692308 477.10865385
980 473.46112637 469.35989011 477.56236264
981 473.90946429 469.80285714 478.01607143
982 474.35780220 470.24582418 478.46978022
983 474.80614011 470.68879121 478.92348901
984 475.25447802 471.13175824 479.37719780
985 475.70281593 471.57472527 479.83090659
986 476.15115385 472.01769231 480.28461538
987 476.59949176 472.46065934 480.73832418
988 477.04782967 472.90362637 481.19203297
989 477.49616758 473.34659341 481.64574176
990 477.94450549 473.78956044 482.09945055
991 478.39284341 474.23252747 482.55315934
992 478.84118132 474.67549451 483.00686813
993 479.28951923 475.11846154 483.46057692
994 479.73785714 475.56142857 483.91428571
995 480.18619505 476.00439560 484.36799451
996 480.63453297 476.44736264 484.82170330
997 481.08287088 476.89032967 485.27541209
998 481.53120879 477.33329670 485.72912088
999 481.97954670 477.77626374 486.18282967
1000 482.42788462 478.21923077 486.63653846
1001 482.87622253 478.66219780 487.09024725
1002 483.32456044 479.10516484 487.54395604
1003 483.77289835 479.54813187 487.99766484
1004 484.22123626 479.99109890 488.45137363
1005 484.66957418 480.43406593 488.90508242
1006 485.11791209 480.87703297 489.35879121
1007 485.56625000 481.32000000 489.81250000
1008 486.01458791 481.76296703 490.26620879
1009 486.46292582 482.20593407 490.71991758
1010 486.91126374 482.64890110 491.17362637
1011 487.35960165 483.09186813 491.62733516
1012 487.80793956 483.53483516 492.08104396
1013 488.25627747 483.97780220 492.53475275
1014 488.70461538 484.42076923 492.98846154
1015 489.15295330 484.86373626 493.44217033
1016 489.60129121 485.30670330 493.89587912
1017 490.04962912 485.74967033 494.34958791
1018 490.49796703 486.19263736 494.80329670
1019 490.94630495 486.63560440 495.25700549
1020 491.39464286 487.07857143 495.71071429
1021 491.84298077 487.52153846 496.16442308
1022 492.29131868 487.96450549 496.61813187
1023 492.73965659 488.40747253 497.07184066
1024 493.18799451 488.85043956 497.52554945
1025 493.63633242 489.29340659 497.97925824
1026 494.08467033 489.73637363 498.43296703
1027 494.53300824 490.17934066 498.88667582
1028 494.98134615 490.62230769 499.34038462
1029 495.42968407 491.06527473 499.79409341
1030 495.87802198 491.50824176 500.24780220
1031 496.32635989 491.95120879 500.70151099
1032 496.77469780 492.39417582 501.15521978
1033 497.22303571 492.83714286 501.60892857
1034 497.67137363 493.28010989 502.06263736
1035 498.11971154 493.72307692 502.51634615
1036 498.56804945 494.16604396 502.97005495
1037 499.01638736 494.60901099 503.42376374
1038 499.46472527 495.05197802 503.87747253
1039 499.91306319 495.49494505 504.33118132
1040 500.36140110 495.93791209 504.78489011
1041 500.80973901 496.38087912 505.23859890
1042 501.25807692 496.82384615 505.69230769
1043 501.70641484 497.26681319 506.14601648
1044 502.15475275 497.70978022 506.59972527
1045 502.60309066 498.15274725 507.05343407
1046 503.05142857 498.59571429 507.50714286
1047 503.49976648 499.03868132 507.96085165
1048 503.94810440 499.48164835 508.41456044
1049 504.39644231 499.92461538 508.86826923
1050 504.84478022 500.36758242 509.32197802
1051 505.29311813 500.81054945 509.77568681
1052 505.74145604 501.25351648 510.22939560
1053 506.18979396 501.69648352 510.68310440
1054 506.63813187 502.13945055 511.13681319
1055 507.08646978 502.58241758 511.59052198
1056 507.53480769 503.02538462 512.04423077
1057 507.98314560 503.46835165 512.49793956
1058 508.43148352 503.91131868 512.95164835
1059 508.87982143 504.35428571 513.40535714
1060 509.32815934 504.79725275 513.85906593
1061 509.77649725 505.24021978 514.31277473
1062 510.22483516 505.68318681 514.76648352
1063 510.67317308 506.12615385 515.22019231
1064 511.12151099 506.56912088 515.67390110
1065 511.56984890 507.01208791 516.12760989
1066 512.01818681 507.45505495 516.58131868
1067 512.46652473 507.89802198 517.03502747
1068 512.91486264 508.34098901 517.48873626
1069 513.36320055 508.78395604 517.94244505
1070 513.81153846 509.22692308 518.39615385
1071 514.25987637 509.66989011 518.84986264
1072 514.70821429 510.11285714 519.30357143
1073 515.15655220 510.55582418 519.75728022
1074 515.60489011 510.99879121 520.21098901
1075 516.05322802 511.44175824 520.66469780
1076 516.50156593 511.88472527 521.11840659
1077 516.94990385 512.32769231 521.57211538
1078 517.39824176 512.77065934 522.02582418
1079 517.84657967 513.21362637 522.47953297
1080 518.29491758 513.65659341 522.93324176
1081 518.74325549 514.09956044 523.38695055
1082 519.19159341 514.54252747 523.84065934
1083 519.63993132 514.98549451 524.29436813
1084 520.08826923 515.42846154 524.74807692
1085 520.53660714 515.87142857 525.20178571
1086 520.98494505 516.31439560 525.65549451
1087 521.43328297 516.75736264 526.10920330
1088 521.88162088 517.20032967 526.56291209
1089 522.32995879 517.64329670 527.01662088
1090 522.77829670 518.08626374 527.47032967
1091 523.22663462 518.52923077 527.92403846
1092 523.67497253 518.97219780 528.37774725
1093 524.12331044 519.41516484 528.83145604
1094 524.57164835 519.85813187 529.28516484
1095 525.01998626 520.30109890 529.73887363
1096 525.46832418 520.74406593 530.19258242
1097 525.91666209 521.18703297 530.64629121
1098 526.36500000 521.63000000 531.10000000
1099 526.78987671 522.05153425 531.52821918
1100 527.21475342 522.47306849 531.95643836
1101 527.63963014 522.89460274 532.38465753
1102 528.06450685 523.31613699 532.81287671
1103 528.48938356 523.73767123 533.24109589
1104 528.91426027 524.15920548 533.66931507
1105 529.33913699 524.58073973 534.09753425
1106 529.76401370 525.00227397 534.52575342
1107 530.18889041 525.42380822 534.95397260
1108 530.61376712 525.84534247 535.38219178
1109 531.03864384 526.26687671 535.81041096
1110 531.46352055 526.68841096 536.23863014
1111 531.88839726 527.10994521 536.66684932
1112 532.31327397 527.53147945 537.09506849
1113 532.73815068 527.95301370 537.52328767
1114 533.16302740 528.37454795 537.95150685
1115 533.58790411 528.79608219 538.37972603
1116 534.01278082 529.21761644 538.80794521
1117 534.43765753 529.63915068 539.23616438
1118 534.86253425 530.06068493 539.66438356
1119 535.28741096 530.48221918 540.09260274
1120 535.71228767 530.90375342 540.52082192
1121 536.13716438 531.32528767 540.94904110
1122 536.56204110 531.74682192 541.37726027
1123 536.98691781 532.16835616 541.80547945
1124 537.41179452 532.58989041 542.23369863
1125 537.83667123 533.01142466 542.66191781
1126 538.26154795 533.43295890 543.09013699
1127 538.68642466 533.85449315 543.51835616
1128 539.11130137 534.27602740 543.94657534
1129 539.53617808 534.69756164 544.37479452
1130 539.96105479 535.11909589 544.80301370
1131 540.38593151 535.54063014 545.23123288
1132 540.81080822 535.96216438 545.65945205
1133 541.23568493 536.38369863 546.08767123
1134 541.66056164 536.80523288 546.51589041
1135 542.08543836 537.22676712 546.94410959
1136 542.51031507 537.64830137 547.37232877
1137 542.93519178 538.06983562 547.80054795
1138 543.36006849 538.49136986 548.22876712
1139 543.78494521 538.91290411 548.65698630
1140 544.20982192 539.33443836 549.08520548
1141 544.63469863 539.75597260 549.51342466
1142 545.05957534 540.17750685 549.94164384
1143 545.48445205 540.59904110 550.36986301
1144 545.90932877 541.02057534 550.79808219
1145 546.33420548 541.44210959 551.22630137
1146 546.75908219 541.86364384 551.65452055
1147 547.18395890 542.28517808 552.08273973
1148 547.60883562 542.70671233 552.51095890
1149 548.03371233 543.12824658 552.93917808
1150 548.45858904 543.54978082 553.36739726
1151 548.88346575 543.97131507 553.79561644
1152 549.30834247 544.39284932 554.22383562
1153 549.73321918 544.81438356 554.65205479
1154 550.15809589 545.23591781 555.08027397
1155 550.58297260 545.65745205 555.50849315
1156 551.00784932 546.07898630 555.93671233
1157 551.43272603 546.50052055 556.36493151
1158 551.85760274 546.92205479 556.79315068
1159 552.28247945 547.34358904 557.22136986
1160 552.70735616 547.76512329 557.64958904
1161 553.13223288 548.18665753 558.07780822
1162 553.55710959 548.60819178 558.50602740
1163 553.98198630 549.02972603 558.93424658
1164 554.40686301 549.45126027 559.36246575
1165 554.83173973 549.87279452 559.79068493
1166 555.25661644 550.29432877 560.21890411
1167 555.68149315 550.71586301 560.64712329
1168 556.10636986 551.13739726 561.07534247
1169 556.53124658 551.55893151 561.50356164
1170 556.95612329 551.98046575 561.93178082
1171 557.38100000 552.40200000 562.36000000
1172 557.80587671 552.82353425 562.78821918
1173 558.23075342 553.24506849 563.21643836
1174 558.65563014 553.66660274 563.64465753
1175 559.08050685 554.08813699 564.07287671
1176 559.50538356 554.50967123 564.50109589
1177 559.93026027 554.93120548 564.92931507
1178 560.35513699 555.35273973 565.35753425
1179 560.78001370 555.77427397 565.78575342
1180 561.20489041 556.19580822 566.21397260
1181 561.62976712 556.61734247 566.64219178
1182 562.05464384 557.03887671 567.07041096
1183 562.47952055 557.46041096 567.49863014
1184 562.90439726 557.88194521 567.92684932
1185 563.32927397 558.30347945 568.35506849
1186 563.75415068 558.72501370 568.78328767
1187 564.17902740 559.14654795 569.21150685
1188 564.60390411 559.56808219 569.63972603
1189 565.02878082 559.98961644 570.06794521
1190 565.45365753 560.41115068 570.49616438
1191 565.87853425 560.83268493 570.92438356
1192 566.30341096 561.25421918 571.35260274
1193 566.72828767 561.67575342 571.78082192
1194 567.15316438 562.09728767 572.20904110
1195 567.57804110 562.51882192 572.63726027
1196 568.00291781 562.94035616 573.06547945
1197 568.42779452 563.36189041 573.49369863
1198 568.85267123 563.78342466 573.92191781
1199 569.27754795 564.20495890 574.35013699
1200 569.70242466 564.62649315 574.77835616
1201 570.12730137 565.04802740 575.20657534
1202 570.55217808 565.46956164 575.63479452
1203 570.97705479 565.89109589 576.06301370
1204 571.40193151 566.31263014 576.49123288
1205 571.82680822 566.73416438 576.91945205
1206 572.25168493 567.15569863 577.34767123
1207 572.67656164 567.57723288 577.77589041
1208 573.10143836 567.99876712 578.20410959
1209 573.52631507 568.42030137 578.63232877
1210 573.95119178 568.84183562 579.06054795
1211 574.37606849 569.26336986 579.48876712
1212 574.80094521 569.68490411 579.91698630
1213 575.22582192 570.10643836 580.34520548
1214 575.65069863 570.52797260 580.77342466
1215 576.07557534 570.94950685 581.20164384
1216 576.50045205 571.37104110 581.62986301
1217 576.92532877 571.79257534 582.05808219
1218 577.35020548 572.21410959 582.48630137
1219 577.77508219 572.63564384 582.91452055
1220 578.19995890 573.05717808 583.34273973
1221 578.62483562 573.47871233 583.77095890
1222 579.04971233 573.90024658 584.19917808
1223 579.47458904 574.32178082 584.62739726
1224 579.89946575 574.74331507 585.05561644
1225 580.32434247 575.16484932 585.48383562
1226 580.74921918 575.58638356 585.91205479
1227 581.17409589 576.00791781 586.34027397
1228 581.59897260 576.42945205 586.76849315
1229 582.02384932 576.85098630 587.19671233
1230 582.44872603 577.27252055 587.62493151
1231 582.87360274 577.69405479 588.05315068
1232 583.29847945 578.11558904 588.48136986
1233 583.72335616 578.53712329 588.90958904
1234 584.14823288 578.95865753 589.33780822
1235 584.57310959 579.38019178 589.76602740
1236 584.99798630 579.80172603 590.19424658
1237 585.42286301 580.22326027 590.62246575
1238 585.84773973 580.64479452 591.05068493
1239 586.27261644 581.06632877 591.47890411
1240 586.69749315 581.48786301 591.90712329
1241 587.12236986 581.90939726 592.33534247
1242 587.54724658 582.33093151 592.76356164
1243 587.97212329 582.75246575 593.19178082
1244 588.39700000 583.17400000 593.62000000
1245 588.82187671 583.59553425 594.04821918
1246 589.24675342 584.01706849 594.47643836
1247 589.67163014 584.43860274 594.90465753
1248 590.09650685 584.86013699 595.33287671
1249 590.52138356 585.28167123 595.76109589
1250 590.94626027 585.70320548 596.18931507
1251 591.37113699 586.12473973 596.61753425
1252 591.79601370 586.54627397 597.04575342
1253 592.22089041 586.96780822 597.47397260
1254 592.64576712 587.38934247 597.90219178
1255 593.07064384 587.81087671 598.33041096
1256 593.49552055 588.23241096 598.75863014
1257 593.92039726 588.65394521 599.18684932
1258 594.34527397 589.07547945 599.61506849
1259 594.77015068 589.49701370 600.04328767
1260 595.19502740 589.91854795 600.47150685
1261 595.61990411 590.34008219 600.89972603
1262 596.04478082 590.76161644 601.32794521
1263 596.46965753 591.18315068 601.75616438
1264 596.89453425 591.60468493 602.18438356
1265 597.31941096 592.02621918 602.61260274
1266 597.74428767 592.44775342 603.04082192
1267 598.16916438 592.86928767 603.46904110
1268 598.59404110 593.29082192 603.89726027
1269 599.01891781 593.71235616 604.32547945
1270 599.44379452 594.13389041 604.75369863
1271 599.86867123 594.55542466 605.18191781
1272 600.29354795 594.97695890 605.61013699
1273 600.71842466 595.39849315 606.03835616
1274 601.14330137 595.82002740 606.46657534
1275 601.56817808 596.24156164 606.89479452
1276 601.99305479 596.66309589 607.32301370
1277 602.41793151 597.08463014 607.75123288
1278 602.84280822 597.50616438 608.17945205
1279 603.26768493 597.92769863 608.60767123
1280 603.69256164 598.34923288 609.03589041
1281 604.11743836 598.77076712 609.46410959
1282 604.54231507 599.19230137 609.89232877
1283 604.96719178 599.61383562 610.32054795
1284 605.39206849 600.03536986 610.74876712
1285 605.81694521 600.45690411 611.17698630
1286 606.24182192 600.87843836 611.60520548
1287 606.66669863 601.29997260 612.03342466
1288 607.09157534 601.72150685 612.46164384
1289 607.51645205 602.14304110 612.88986301
1290 607.94132877 602.56457534 613.31808219
1291 608.36620548 602.98610959 613.74630137
1292 608.79108219 603.40764384 614.17452055
1293 609.21595890 603.82917808 614.60273973
1294 609.64083562 604.25071233 615.03095890
1295 610.06571233 604.67224658 615.45917808
1296 610.49058904 605.09378082 615.88739726
1297 610.91546575 605.51531507 616.31561644
1298 611.34034247 605.93684932 616.74383562
1299 611.76521918 606.35838356 617.17205479
1300 612.19009589 606.77991781 617.60027397
1301 612.61497260 607.20145205 618.02849315
1302 613.03984932 607.62298630 618.45671233
1303 613.46472603 608.04452055 618.88493151
1304 613.88960274 608.46605479 619.31315068
1305 614.31447945 608.88758904 619.74136986
1306 614.73935616 609.30912329 620.16958904
1307 615.16423288 609.73065753 620.59780822
1308 615.58910959 610.15219178 621.02602740
1309 616.01398630 610.57372603 621.45424658
1310 616.43886301 610.99526027 621.88246575
1311 616.86373973 611.41679452 622.31068493
1312 617.28861644 611.83832877 622.73890411
1313 617.71349315 612.25986301 623.16712329
1314 618.13836986 612.68139726 623.59534247
1315 618.56324658 613.10293151 624.02356164
1316 618.98812329 613.52446575 624.45178082
1317 619.41300000 613.94600000 624.88000000
1318 619.83787671 614.36753425 625.30821918
1319 620.26275342 614.78906849 625.73643836
1320 620.68763014 615.21060274 626.16465753
1321 621.11250685 615.63213699 626.59287671
1322 621.53738356 616.05367123 627.02109589
1323 621.96226027 616.47520548 627.44931507
1324 622.38713699 616.89673973 627.87753425
1325 622.81201370 617.31827397 628.30575342
1326 623.23689041 617.73980822 628.73397260
1327 623.66176712 618.16134247 629.16219178
1328 624.08664384 618.58287671 629.59041096
1329 624.51152055 619.00441096 630.01863014
1330 624.93639726 619.42594521 630.44684932
1331 625.36127397 619.84747945 630.87506849
1332 625.78615068 620.26901370 631.30328767
1333 626.21102740 620.69054795 631.73150685
1334 626.63590411 621.11208219 632.15972603
1335 627.06078082 621.53361644 632.58794521
1336 627.48565753 621.95515068 633.01616438
1337 627.91053425 622.37668493 633.44438356
1338 628.33541096 622.79821918 633.87260274
1339 628.76028767 623.21975342 634.30082192
1340 629.18516438 623.64128767 634.72904110
1341 629.61004110 624.06282192 635.15726027
1342 630.03491781 624.48435616 635.58547945
1343 630.45979452 624.90589041 636.01369863
1344 630.88467123 625.32742466 636.44191781
1345 631.30954795 625.74895890 636.87013699
1346 631.73442466 626.17049315 637.29835616
1347 632.15930137 626.59202740 637.72657534
1348 632.58417808 627.01356164 638.15479452
1349 633.00905479 627.43509589 638.58301370
1350 633.43393151 627.85663014 639.01123288
1351 633.85880822 628.27816438 639.43945205
1352 634.28368493 628.69969863 639.86767123
1353 634.70856164 629.12123288 640.29589041
1354 635.13343836 629.54276712 640.72410959
1355 635.55831507 629.96430137 641.15232877
1356 635.98319178 630.38583562 641.58054795
1357 636.40806849 630.80736986 642.00876712
1358 636.83294521 631.22890411 642.43698630
1359 637.25782192 631.65043836 642.86520548
1360 637.68269863 632.07197260 643.29342466
1361 638.10757534 632.49350685 643.72164384
1362 638.53245205 632.91504110 644.14986301
1363 638.95732877 633.33657534 644.57808219
1364 639.38220548 633.75810959 645.00630137
1365 639.80708219 634.17964384 645.43452055
1366 640.23195890 634.60117808 645.86273973
1367 640.65683562 635.02271233 646.29095890
1368 641.08171233 635.44424658 646.71917808
1369 641.50658904 635.86578082 647.14739726
1370 641.93146575 636.28731507 647.57561644
1371 642.35634247 636.70884932 648.00383562
1372 642.78121918 637.13038356 648.43205479
1373 643.20609589 637.55191781 648.86027397
1374 643.63097260 637.97345205 649.28849315
1375 644.05584932 638.39498630 649.71671233
1376 644.48072603 638.81652055 650.14493151
1377 644.90560274 639.23805479 650.57315068
1378 645.33047945 639.65958904 651.00136986
1379 645.75535616 640.08112329 651.42958904
1380 646.18023288 640.50265753 651.85780822
1381 646.60510959 640.92419178 652.28602740
1382 647.02998630 641.34572603 652.71424658
1383 647.45486301 641.76726027 653.14246575
1384 647.87973973 642.18879452 653.57068493
1385 648.30461644 642.61032877 653.99890411
1386 648.72949315 643.03186301 654.42712329
1387 649.15436986 643.45339726 654.85534247
1388 649.57924658 643.87493151 655.28356164
1389 650.00412329 644.29646575 655.71178082
1390 650.42900000 644.71800000 656.14000000
1391 650.85387671 645.13953425 656.56821918
1392 651.27875342 645.56106849 656.99643836
1393 651.70363014 645.98260274 657.42465753
1394 652.12850685 646.40413699 657.85287671
1395 652.55338356 646.82567123 658.28109589
1396 652.97826027 647.24720548 658.70931507
1397 653.40313699 647.66873973 659.13753425
1398 653.82801370 648.09027397 659.56575342
1399 654.25289041 648.51180822 659.99397260
1400 654.67776712 648.93334247 660.42219178
1401 655.10264384 649.35487671 660.85041096
1402 655.52752055 649.77641096 661.27863014
1403 655.95239726 650.19794521 661.70684932
1404 656.37727397 650.61947945 662.13506849
1405 656.80215068 651.04101370 662.56328767
1406 657.22702740 651.46254795 662.99150685
1407 657.65190411 651.88408219 663.41972603
1408 658.07678082 652.30561644 663.84794521
1409 658.50165753 652.72715068 664.27616438
1410 658.92653425 653.14868493 664.70438356
1411 659.35141096 653.57021918 665.13260274
1412 659.77628767 653.99175342 665.56082192
1413 660.20116438 654.41328767 665.98904110
1414 660.62604110 654.83482192 666.41726027
1415 661.05091781 655.25635616 666.84547945
1416 661.47579452 655.67789041 667.27369863
1417 661.90067123 656.09942466 667.70191781
1418 662.32554795 656.52095890 668.13013699
1419 662.75042466 656.94249315 668.55835616
1420 663.17530137 657.36402740 668.98657534
1421 663.60017808 657.78556164 669.41479452
1422 664.02505479 658.20709589 669.84301370
1423 664.44993151 658.62863014 670.27123288
1424 664.87480822 659.05016438 670.69945205
1425 665.29968493 659.47169863 671.12767123
1426 665.72456164 659.89323288 671.55589041
1427 666.14943836 660.31476712 671.98410959
1428 666.57431507 660.73630137 672.41232877
1429 666.99919178 661.15783562 672.84054795
1430 667.42406849 661.57936986 673.26876712
1431 667.84894521 662.00090411 673.69698630
1432 668.27382192 662.42243836 674.12520548
1433 668.69869863 662.84397260 674.55342466
1434 669.12357534 663.26550685 674.98164384
1435 669.54845205 663.68704110 675.40986301
1436 669.97332877 664.10857534 675.83808219
1437 670.39820548 664.53010959 676.26630137
1438 670.82308219 664.95164384 676.69452055
1439 671.24795890 665.37317808 677.12273973
1440 671.67283562 665.79471233 677.55095890
1441 672.09771233 666.21624658 677.97917808
1442 672.52258904 666.63778082 678.40739726
1443 672.94746575 667.05931507 678.83561644
1444 673.37234247 667.48084932 679.26383562
1445 673.79721918 667.90238356 679.69205479
1446 674.22209589 668.32391781 680.12027397
1447 674.64697260 668.74545205 680.54849315
1448 675.07184932 669.16698630 680.97671233
1449 675.49672603 669.58852055 681.40493151
1450 675.92160274 670.01005479 681.83315068
1451 676.34647945 670.43158904 682.26136986
1452 676.77135616 670.85312329 682.68958904
1453 677.19623288 671.27465753 683.11780822
1454 677.62110959 671.69619178 683.54602740
1455 678.04598630 672.11772603 683.97424658
1456 678.47086301 672.53926027 684.40246575
1457 678.89573973 672.96079452 684.83068493
1458 679.32061644 673.38232877 685.25890411
1459 679.74549315 673.80386301 685.68712329
1460 680.17036986 674.22539726 686.11534247
1461 680.59524658 674.64693151 686.54356164
1462 681.02012329 675.06846575 686.97178082
1463 681.44500000 675.49000000 687.40000000
1464 681.87065753 675.91183562 687.82947945
1465 682.29631507 676.33367123 688.25895890
1466 682.72197260 676.75550685 688.68843836
1467 683.14763014 677.17734247 689.11791781
1468 683.57328767 677.59917808 689.54739726
1469 683.99894521 678.02101370 689.97687671
1470 684.42460274 678.44284932 690.40635616
1471 684.85026027 678.86468493 690.83583562
1472 685.27591781 679.28652055 691.26531507
1473 685.70157534 679.70835616 691.69479452
1474 686.12723288 680.13019178 692.12427397
1475 686.55289041 680.55202740 692.55375342
1476 686.97854795 680.97386301 692.98323288
1477 687.40420548 681.39569863 693.41271233
1478 687.82986301 681.81753425 693.84219178
1479 688.25552055 682.23936986 694.27167123
1480 688.68117808 682.66120548 694.70115068
1481 689.10683562 683.08304110 695.13063014
1482 689.53249315 683.50487671 695.56010959
1483 689.95815068 683.92671233 695.98958904
1484 690.38380822 684.34854795 696.41906849
1485 690.80946575 684.77038356 696.84854795
1486 691.23512329 685.19221918 697.27802740
1487 691.66078082 685.61405479 697.70750685
1488 692.08643836 686.03589041 698.13698630
1489 692.51209589 686.45772603 698.56646575
1490 692.93775342 686.87956164 698.99594521
1491 693.36341096 687.30139726 699.42542466
1492 693.78906849 687.72323288 699.85490411
1493 694.21472603 688.14506849 700.28438356
1494 694.64038356 688.56690411 700.71386301
1495 695.06604110 688.98873973 701.14334247
1496 695.49169863 689.41057534 701.57282192
1497 695.91735616 689.83241096 702.00230137
1498 696.34301370 690.25424658 702.43178082
1499 696.76867123 690.67608219 702.86126027
1500 697.19432877 691.09791781 703.29073973
1501 697.61998630 691.51975342 703.72021918
1502 698.04564384 691.94158904 704.14969863
1503 698.47130137 692.36342466 704.57917808
1504 698.89695890 692.78526027 705.00865753
1505 699.32261644 693.20709589 705.43813699
1506 699.74827397 693.62893151 705.86761644
1507 700.17393151 694.05076712 706.29709589
1508 700.59958904 694.47260274 706.72657534
1509 701.02524658 694.89443836 707.15605479
1510 701.45090411 695.31627397 707.58553425
1511 701.87656164 695.73810959 708.01501370
1512 702.30221918 696.15994521 708.44449315
1513 702.72787671 696.58178082 708.87397260
1514 703.15353425 697.00361644 709.30345205
1515 703.57919178 697.42545205 709.73293151
1516 704.00484932 697.84728767 710.16241096
1517 704.43050685 698.26912329 710.59189041
1518 704.85616438 698.69095890 711.02136986
1519 705.28182192 699.11279452 711.45084932
1520 705.70747945 699.53463014 711.88032877
1521 706.13313699 699.95646575 712.30980822
1522 706.55879452 700.37830137 712.73928767
1523 706.98445205 700.80013699 713.16876712
1524 707.41010959 701.22197260 713.59824658
1525 707.83576712 701.64380822 714.02772603
1526 708.26142466 702.06564384 714.45720548
1527 708.68708219 702.48747945 714.88668493
1528 709.11273973 702.90931507 715.31616438
1529 709.53839726 703.33115068 715.74564384
1530 709.96405479 703.75298630 716.17512329
1531 710.38971233 704.17482192 716.60460274
1532 710.81536986 704.59665753 717.03408219
1533 711.24102740 705.01849315 717.46356164
1534 711.66668493 705.44032877 717.89304110
1535 712.09234247 705.86216438 718.32252055
1536 712.51800000 706.28400000 718.75200000
1537 712.94365753 706.70583562 719.18147945
1538 713.36931507 707.12767123 719.61095890
1539 713.79497260 707.54950685 720.04043836
1540 714.22063014 707.97134247 720.46991781
1541 714.64628767 708.39317808 720.89939726
1542 715.07194521 708.81501370 721.32887671
1543 715.49760274 709.23684932 721.75835616
1544 715.92326027 709.65868493 722.18783562
1545 716.34891781 710.08052055 722.61731507
1546 716.77457534 710.50235616 723.04679452
1547 717.20023288 710.92419178 723.47627397
1548 717.62589041 711.34602740 723.90575342
1549 718.05154795 711.76786301 724.33523288
1550 718.47720548 712.18969863 724.76471233
1551 718.90286301 712.61153425 725.19419178
1552 719.32852055 713.03336986 725.62367123
1553 719.75417808 713.45520548 726.05315068
1554 720.17983562 713.87704110 726.48263014
1555 720.60549315 714.29887671 726.91210959
1556 721.03115068 714.72071233 727.34158904
1557 721.45680822 715.14254795 727.77106849
1558 721.88246575 715.56438356 728.20054795
1559 722.30812329 715.98621918 728.63002740
1560 722.73378082 716.40805479 729.05950685
1561 723.15943836 716.82989041 729.48898630
1562 723.58509589 717.25172603 729.91846575
1563 724.01075342 717.67356164 730.34794521
1564 724.43641096 718.09539726 730.77742466
1565 724.86206849 718.51723288 731.20690411
1566 725.28772603 718.93906849 731.63638356
1567 725.71338356 719.36090411 732.06586301
1568 726.13904110 719.78273973 732.49534247
1569 726.56469863 720.20457534 732.92482192
1570 726.99035616 720.62641096 733.35430137
1571 727.41601370 721.04824658 733.78378082
1572 727.84167123 721.47008219 734.21326027
1573 728.26732877 721.89191781 734.64273973
1574 728.69298630 722.31375342 735.07221918
1575 729.11864384 722.73558904 735.50169863
1576 729.54430137 723.15742466 735.93117808
1577 729.96995890 723.57926027 736.36065753
1578 730.39561644 724.00109589 736.79013699
1579 730.82127397 724.42293151 737.21961644
1580 731.24693151 724.84476712 737.64909589
1581 731.67258904 725.26660274 738.07857534
1582 732.09824658 725.68843836 738.50805479
1583 732.52390411 726.11027397 738.93753425
1584 732.94956164 726.53210959 739.36701370
1585 733.37521918 726.95394521 739.79649315
1586 733.80087671 727.37578082 740.22597260
1587 734.22653425 727.79761644 740.65545205
1588 734.65219178 728.21945205 741.08493151
1589 735.07784932 728.64128767 741.51441096
1590 735.50350685 729.06312329 741.94389041
1591 735.92916438 729.48495890 742.37336986
1592 736.35482192 729.90679452 742.80284932
1593 736.78047945 730.32863014 743.23232877
1594 737.20613699 730.75046575 743.66180822
1595 737.63179452 731.17230137 744.09128767
1596 738.05745205 731.59413699 744.52076712
1597 738.48310959 732.01597260 744.95024658
1598 738.90876712 732.43780822 745.37972603
1599 739.33442466 732.85964384 745.80920548
1600 739.76008219 733.28147945 746.23868493
1601 740.18573973 733.70331507 746.66816438
1602 740.61139726 734.12515068 747.09764384
1603 741.03705479 734.54698630 747.52712329
1604 741.46271233 734.96882192 747.95660274
1605 741.88836986 735.39065753 748.38608219
1606 742.31402740 735.81249315 748.81556164
1607 742.73968493 736.23432877 749.24504110
1608 743.16534247 736.65616438 749.67452055
1609 743.59100000 737.07800000 750.10400000
1610 744.01665753 737.49983562 750.53347945
1611 744.44231507 737.92167123 750.96295890
1612 744.86797260 738.34350685 751.39243836
1613 745.29363014 738.76534247 751.82191781
1614 745.71928767 739.18717808 752.25139726
1615 746.14494521 739.60901370 752.68087671
1616 746.57060274 740.03084932 753.11035616
1617 746.99626027 740.45268493 753.53983562
1618 747.42191781 740.87452055 753.96931507
1619 747.84757534 741.29635616 754.39879452
1620 748.27323288 741.71819178 754.82827397
1621 748.69889041 742.14002740 755.25775342
1622 749.12454795 742.56186301 755.68723288
1623 749.55020548 742.98369863 756.11671233
1624 749.97586301 743.40553425 756.54619178
1625 750.40152055 743.82736986 756.97567123
1626 750.82717808 744.24920548 757.40515068
1627 751.25283562 744.67104110 757.83463014
1628 751.67849315 745.09287671 758.26410959
1629 752.10415068 745.51471233 758.69358904
1630 752.52980822 745.93654795 759.12306849
1631 752.95546575 746.35838356 759.55254795
1632 753.38112329 746.78021918 759.98202740
1633 753.80678082 747.20205479 760.41150685
1634 754.23243836 747.62389041 760.84098630
1635 754.65809589 748.04572603 761.27046575
1636 755.08375342 748.46756164 761.69994521
1637 755.50941096 748.88939726 762.12942466
1638 755.93506849 749.31123288 762.55890411
1639 756.36072603 749.73306849 762.98838356
1640 756.78638356 750.15490411 763.41786301
1641 757.21204110 750.57673973 763.84734247
1642 757.63769863 750.99857534 764.27682192
1643 758.06335616 751.42041096 764.70630137
1644 758.48901370 751.84224658 765.13578082
1645 758.91467123 752.26408219 765.56526027
1646 759.34032877 752.68591781 765.99473973
1647 759.76598630 753.10775342 766.42421918
1648 760.19164384 753.52958904 766.85369863
1649 760.61730137 753.95142466 767.28317808
1650 761.04295890 754.37326027 767.71265753
1651 761.46861644 754.79509589 768.14213699
1652 761.89427397 755.21693151 768.57161644
1653 762.31993151 755.63876712 769.00109589
1654 762.74558904 756.06060274 769.43057534
1655 763.17124658 756.48243836 769.86005479
1656 763.59690411 756.90427397 770.28953425
1657 764.02256164 757.32610959 770.71901370
1658 764.44821918 757.74794521 771.14849315
1659 764.87387671 758.16978082 771.57797260
1660 765.29953425 758.59161644 772.00745205
1661 765.72519178 759.01345205 772.43693151
1662 766.15084932 759.43528767 772.86641096
1663 766.57650685 759.85712329 773.29589041
1664 767.00216438 760.27895890 773.72536986
1665 767.42782192 760.70079452 774.15484932
1666 767.85347945 761.12263014 774.58432877
1667 768.27913699 761.54446575 775.01380822
1668 768.70479452 761.96630137 775.44328767
1669 769.13045205 762.38813699 775.87276712
1670 769.55610959 762.80997260 776.30224658
1671 769.98176712 763.23180822 776.73172603
1672 770.40742466 763.65364384 777.16120548
1673 770.83308219 764.07547945 777.59068493
1674 771.25873973 764.49731507 778.02016438
1675 771.68439726 764.91915068 778.44964384
1676 772.11005479 765.34098630 778.87912329
1677 772.53571233 765.76282192 779.30860274
1678 772.96136986 766.18465753 779.73808219
1679 773.38702740 766.60649315 780.16756164
1680 773.81268493 767.02832877 780.59704110
1681 774.23834247 767.45016438 781.02652055
1682 774.66400000 767.87200000 781.45600000
1683 775.08965753 768.29383562 781.88547945
1684 775.51531507 768.71567123 782.31495890
1685 775.94097260 769.13750685 782.74443836
1686 776.36663014 769.55934247 783.17391781
1687 776.79228767 769.98117808 783.60339726
1688 777.21794521 770.40301370 784.03287671
1689 777.64360274 770.82484932 784.46235616
1690 778.06926027 771.24668493 784.89183562
1691 778.49491781 771.66852055 785.32131507
1692 778.92057534 772.09035616 785.75079452
1693 779.34623288 772.51219178 786.18027397
1694 779.77189041 772.93402740 786.60975342
1695 780.19754795 773.35586301 787.03923288
1696 780.62320548 773.77769863 787.46871233
1697 781.04886301 774.19953425 787.89819178
1698 781.47452055 774.62136986 788.32767123
1699 781.90017808 775.04320548 788.75715068
1700 782.32583562 775.46504110 789.18663014
1701 782.75149315 775.88687671 789.61610959
1702 783.17715068 776.30871233 790.04558904
1703 783.60280822 776.73054795 790.47506849
1704 784.02846575 777.15238356 790.90454795
1705 784.45412329 777.57421918 791.33402740
1706 784.87978082 777.99605479 791.76350685
1707 785.30543836 778.41789041 792.19298630
1708 785.73109589 778.83972603 792.62246575
1709 786.15675342 779.26156164 793.05194521
1710 786.58241096 779.68339726 793.48142466
1711 787.00806849 780.10523288 793.91090411
1712 787.43372603 780.52706849 794.34038356
1713 787.85938356 780.94890411 794.76986301
1714 788.28504110 781.37073973 795.19934247
1715 788.71069863 781.79257534 795.62882192
1716 789.13635616 782.21441096 796.05830137
1717 789.56201370 782.63624658 796.48778082
1718 789.98767123 783.05808219 796.91726027
1719 790.41332877 783.47991781 797.34673973
1720 790.83898630 783.90175342 797.77621918
1721 791.26464384 784.32358904 798.20569863
1722 791.69030137 784.74542466 798.63517808
1723 792.11595890 785.16726027 799.06465753
1724 792.54161644 785.58909589 799.49413699
1725 792.96727397 786.01093151 799.92361644
1726 793.39293151 786.43276712 800.35309589
1727 793.81858904 786.85460274 800.78257534
1728 794.24424658 787.27643836 801.21205479
1729 794.66990411 787.69827397 801.64153425
1730 795.09556164 788.12010959 802.07101370
1731 795.52121918 788.54194521 802.50049315
1732 795.94687671 788.96378082 802.92997260
1733 796.37253425 789.38561644 803.35945205
1734 796.79819178 789.80745205 803.78893151
1735 797.22384932 790.22928767 804.21841096
1736 797.64950685 790.65112329 804.64789041
1737 798.07516438 791.07295890 805.07736986
1738 798.50082192 791.49479452 805.50684932
1739 798.92647945 791.91663014 805.93632877
1740 799.35213699 792.33846575 806.36580822
1741 799.77779452 792.76030137 806.79528767
1742 800.20345205 793.18213699 807.22476712
1743 800.62910959 793.60397260 807.65424658
1744 801.05476712 794.02580822 808.08372603
1745 801.48042466 794.44764384 808.51320548
1746 801.90608219 794.86947945 808.94268493
1747 802.33173973 795.29131507 809.37216438
1748 802.75739726 795.71315068 809.80164384
1749 803.18305479 796.13498630 810.23112329
1750 803.60871233 796.55682192 810.66060274
1751 804.03436986 796.97865753 811.09008219
1752 804.46002740 797.40049315 811.51956164
1753 804.88568493 797.82232877 811.94904110
1754 805.31134247 798.24416438 812.37852055
1755 805.73700000 798.66600000 812.80800000
1756 806.16265753 799.08783562 813.23747945
1757 806.58831507 799.50967123 813.66695890
1758 807.01397260 799.93150685 814.09643836
1759 807.43963014 800.35334247 814.52591781
1760 807.86528767 800.77517808 814.95539726
1761 808.29094521 801.19701370 815.38487671
1762 808.71660274 801.61884932 815.81435616
1763 809.14226027 802.04068493 816.24383562
1764 809.56791781 802.46252055 816.67331507
1765 809.99357534 802.88435616 817.10279452
1766 810.41923288 803.30619178 817.53227397
1767 810.84489041 803.72802740 817.96175342
1768 811.27054795 804.14986301 818.39123288
1769 811.69620548 804.57169863 818.82071233
1770 812.12186301 804.99353425 819.25019178
1771 812.54752055 805.41536986 819.67967123
1772 812.97317808 805.83720548 820.10915068
1773 813.39883562 806.25904110 820.53863014
1774 813.82449315 806.68087671 820.96810959
1775 814.25015068 807.10271233 821.39758904
1776 814.67580822 807.52454795 821.82706849
1777 815.10146575 807.94638356 822.25654795
1778 815.52712329 808.36821918 822.68602740
1779 815.95278082 808.79005479 823.11550685
1780 816.37843836 809.21189041 823.54498630
1781 816.80409589 809.63372603 823.97446575
1782 817.22975342 810.05556164 824.40394521
1783 817.65541096 810.47739726 824.83342466
1784 818.08106849 810.89923288 825.26290411
1785 818.50672603 811.32106849 825.69238356
1786 818.93238356 811.74290411 826.12186301
1787 819.35804110 812.16473973 826.55134247
1788 819.78369863 812.58657534 826.98082192
1789 820.20935616 813.00841096 827.41030137
1790 820.63501370 813.43024658 827.83978082
1791 821.06067123 813.85208219 828.26926027
1792 821.48632877 814.27391781 828.69873973
1793 821.91198630 814.69575342 829.12821918
1794 822.33764384 815.11758904 829.55769863
1795 822.76330137 815.53942466 829.98717808
1796 823.18895890 815.96126027 830.41665753
1797 823.61461644 816.38309589 830.84613699
1798 824.04027397 816.80493151 831.27561644
1799 824.46593151 817.22676712 831.70509589
1800 824.89158904 817.64860274 832.13457534
1801 825.31724658 818.07043836 832.56405479
1802 825.74290411 818.49227397 832.99353425
1803 826.16856164 818.91410959 833.42301370
1804 826.59421918 819.33594521 833.85249315
1805 827.01987671 819.75778082 834.28197260
1806 827.44553425 820.17961644 834.71145205
1807 827.87119178 820.60145205 835.14093151
1808 828.29684932 821.02328767 835.57041096
1809 828.72250685 821.44512329 835.99989041
1810 829.14816438 821.86695890 836.42936986
1811 829.57382192 822.28879452 836.85884932
1812 829.99947945 822.71063014 837.28832877
1813 830.42513699 823.13246575 837.71780822
1814 830.85079452 823.55430137 838.14728767
1815 831.27645205 823.97613699 838.57676712
1816 831.70210959 824.39797260 839.00624658
1817 832.12776712 824.81980822 839.43572603
1818 832.55342466 825.24164384 839.86520548
1819 832.97908219 825.66347945 840.29468493
1820 833.40473973 826.08531507 840.72416438
1821 833.83039726 826.50715068 841.15364384
1822 834.25605479 826.92898630 841.58312329
1823 834.68171233 827.35082192 842.01260274
1824 835.10736986 827.77265753 842.44208219
1825 835.53302740 828.19449315 842.87156164
1826 835.95868493 828.61632877 843.30104110
1827 836.38434247 829.03816438 843.73052055
1828 836.81000000 829.46000000 844.16000000
