1 -0.02400000 -0.07400000 0.02600000
2 0.00000000 0.00000000 0.00000000
3 -0.01300000 -0.02500000 -0.00100000
4 -0.02750000 -0.04250000 -0.01250000
5 -0.04200000 -0.06000000 -0.02400000
6 -0.05650000 -0.07750000 -0.03550000
7 -0.07100000 -0.09500000 -0.04700000
8 -0.08550000 -0.11250000 -0.05850000
9 -0.10000000 -0.13000000 -0.07000000
10 -0.11357142 -0.14571428 -0.08142857
11 -0.12714285 -0.16142857 -0.09285714
12 -0.14071428 -0.17714285 -0.10428571
13 -0.15428571 -0.19285714 -0.11571428
14 -0.16785714 -0.20857142 -0.12714285
15 -0.18142857 -0.22428571 -0.13857142
16 -0.19500000 -0.24000000 -0.15000000
17 -0.20714285 -0.25428571 -0.16000000
18 -0.21928571 -0.26857142 -0.17000000
19 -0.23142857 -0.28285714 -0.18000000
20 -0.24357142 -0.29714285 -0.19000000
21 -0.25571428 -0.31142857 -0.20000000
22 -0.26785714 -0.32571428 -0.21000000
23 -0.28000000 -0.34000000 -0.22000000
24 -0.28272727 -0.34454545 -0.22090909
25 -0.28545454 -0.34909090 -0.22181818
26 -0.28818181 -0.35363636 -0.22272727
27 -0.29090909 -0.35818181 -0.22363636
28 -0.29363636 -0.36272727 -0.22454545
29 -0.29636363 -0.36727272 -0.22545454
30 -0.29909090 -0.37181818 -0.22636363
31 -0.30181818 -0.37636363 -0.22727272
32 -0.30454545 -0.38090909 -0.22818181
33 -0.30727272 -0.38545454 -0.22909090
34 -0.31000000 -0.39000000 -0.23000000
35 -0.30683333 -0.38933333 -0.22433333
36 -0.30366666 -0.38866666 -0.21866666
37 -0.30050000 -0.38800000 -0.21300000
38 -0.29733333 -0.38733333 -0.20733333
39 -0.29416666 -0.38666666 -0.20166666
40 -0.29100000 -0.38600000 -0.19600000
41 -0.28783333 -0.38533333 -0.19033333
42 -0.28466666 -0.38466666 -0.18466666
43 -0.28150000 -0.38400000 -0.17900000
44 -0.27833333 -0.38333333 -0.17333333
45 -0.27516666 -0.38266666 -0.16766666
46 -0.27200000 -0.38200000 -0.16200000
47 -0.26883333 -0.38133333 -0.15633333
48 -0.26566666 -0.38066666 -0.15066666
49 -0.26250000 -0.38000000 -0.14500000
50 -0.25933333 -0.37933333 -0.13933333
51 -0.25616666 -0.37866666 -0.13366666
52 -0.25300000 -0.37800000 -0.12800000
53 -0.24983333 -0.37733333 -0.12233333
54 -0.24666666 -0.37666666 -0.11666666
55 -0.24350000 -0.37600000 -0.11100000
56 -0.24033333 -0.37533333 -0.10533333
57 -0.23716666 -0.37466666 -0.09966666
58 -0.23400000 -0.37400000 -0.09400000
59 -0.23083333 -0.37333333 -0.08833333
60 -0.22766666 -0.37266666 -0.08266666
61 -0.22450000 -0.37200000 -0.07700000
62 -0.22133333 -0.37133333 -0.07133333
63 -0.21816666 -0.37066666 -0.06566666
64 -0.21500000 -0.37000000 -0.06000000
65 -0.20300000 -0.35933333 -0.04666666
66 -0.19100000 -0.34866666 -0.03333333
67 -0.17900000 -0.33800000 -0.02000000
68 -0.16700000 -0.32733333 -0.00666666
69 -0.15500000 -0.31666666 0.00666667
70 -0.14300000 -0.30600000 0.02000000
71 -0.13100000 -0.29533333 0.03333333
72 -0.11900000 -0.28466666 0.04666667
73 -0.10700000 -0.27400000 0.06000000
74 -0.09500000 -0.26333333 0.07333333
75 -0.08300000 -0.25266666 0.08666667
76 -0.07100000 -0.24200000 0.10000000
77 -0.05900000 -0.23133333 0.11333333
78 -0.04700000 -0.22066666 0.12666667
79 -0.03500000 -0.21000000 0.14000000
80 -0.02300000 -0.19933333 0.15333333
81 -0.01100000 -0.18866666 0.16666667
82 0.00100000 -0.17800000 0.18000000
83 0.01300000 -0.16733333 0.19333333
84 0.02500000 -0.15666666 0.20666667
85 0.03700000 -0.14600000 0.22000000
86 0.04900000 -0.13533333 0.23333333
87 0.06100000 -0.12466666 0.24666667
88 0.07300000 -0.11400000 0.26000000
89 0.08500000 -0.10333333 0.27333333
90 0.09700000 -0.09266666 0.28666667
91 0.10900000 -0.08200000 0.30000000
92 0.12100000 -0.07133333 0.31333333
93 0.13300000 -0.06066666 0.32666667
94 0.14500000 -0.05000000 0.34000000
95 0.17125806 -0.03183870 0.37435484
96 0.19751613 -0.01367741 0.40870968
97 0.22377419 0.00448387 0.44306452
98 0.25003226 0.02264516 0.47741935
99 0.27629032 0.04080645 0.51177419
100 0.30254839 0.05896774 0.54612903
101 0.32880645 0.07712903 0.58048387
102 0.35506452 0.09529032 0.61483871
103 0.38132258 0.11345161 0.64919355
104 0.40758065 0.13161290 0.68354839
105 0.43383871 0.14977419 0.71790323
106 0.46009677 0.16793548 0.75225806
107 0.48635484 0.18609677 0.78661290
108 0.51261290 0.20425806 0.82096774
109 0.53887097 0.22241935 0.85532258
110 0.56512903 0.24058065 0.88967742
111 0.59138710 0.25874194 0.92403226
112 0.61764516 0.27690323 0.95838710
113 0.64390323 0.29506452 0.99274194
114 0.67016129 0.31322581 1.02709677
115 0.69641935 0.33138710 1.06145161
116 0.72267742 0.34954839 1.09580645
117 0.74893548 0.36770968 1.13016129
118 0.77519355 0.38587097 1.16451613
119 0.80145161 0.40403226 1.19887097
120 0.82770968 0.42219355 1.23322581
121 0.85396774 0.44035484 1.26758065
122 0.88022581 0.45851613 1.30193548
123 0.90648387 0.47667742 1.33629032
124 0.93274194 0.49483871 1.37064516
125 0.95900000 0.51300000 1.40500000
126 0.97853333 0.52960000 1.42746667
127 0.99806667 0.54620000 1.44993333
128 1.01760000 0.56280000 1.47240000
129 1.03713333 0.57940000 1.49486667
130 1.05666667 0.59600000 1.51733333
131 1.07620000 0.61260000 1.53980000
132 1.09573333 0.62920000 1.56226667
133 1.11526667 0.64580000 1.58473333
134 1.13480000 0.66240000 1.60720000
135 1.15433333 0.67900000 1.62966667
136 1.17386667 0.69560000 1.65213333
137 1.19340000 0.71220000 1.67460000
138 1.21293333 0.72880000 1.69706667
139 1.23246667 0.74540000 1.71953333
140 1.25200000 0.76200000 1.74200000
141 1.27153333 0.77860000 1.76446667
142 1.29106667 0.79520000 1.78693333
143 1.31060000 0.81180000 1.80940000
144 1.33013333 0.82840000 1.83186667
145 1.34966667 0.84500000 1.85433333
146 1.36920000 0.86160000 1.87680000
147 1.38873333 0.87820000 1.89926667
148 1.40826667 0.89480000 1.92173333
149 1.42780000 0.91140000 1.94420000
150 1.44733333 0.92800000 1.96666667
151 1.46686667 0.94460000 1.98913333
152 1.48640000 0.96120000 2.01160000
153 1.50593333 0.97780000 2.03406667
154 1.52546667 0.99440000 2.05653333
155 1.54500000 1.01100000 2.07900000
156 1.57303030 1.03975758 2.10630303
157 1.60106061 1.06851515 2.13360606
158 1.62909091 1.09727273 2.16090909
159 1.65712121 1.12603030 2.18821212
160 1.68515152 1.15478788 2.21551515
161 1.71318182 1.18354545 2.24281818
162 1.74121212 1.21230303 2.27012121
163 1.76924242 1.24106061 2.29742424
164 1.79727273 1.26981818 2.32472727
165 1.82530303 1.29857576 2.35203030
166 1.85333333 1.32733333 2.37933333
167 1.88136364 1.35609091 2.40663636
168 1.90939394 1.38484848 2.43393939
169 1.93742424 1.41360606 2.46124242
170 1.96545455 1.44236364 2.48854545
171 1.99348485 1.47112121 2.51584848
172 2.02151515 1.49987879 2.54315152
173 2.04954545 1.52863636 2.57045455
174 2.07757576 1.55739394 2.59775758
175 2.10560606 1.58615152 2.62506061
176 2.13363636 1.61490909 2.65236364
177 2.16166667 1.64366667 2.67966667
178 2.18969697 1.67242424 2.70696970
179 2.21772727 1.70118182 2.73427273
180 2.24575758 1.72993939 2.76157576
181 2.27378788 1.75869697 2.78887879
182 2.30181818 1.78745455 2.81618182
183 2.32984848 1.81621212 2.84348485
184 2.35787879 1.84496970 2.87078788
185 2.38590909 1.87372727 2.89809091
186 2.41393939 1.90248485 2.92539394
187 2.44196970 1.93124242 2.95269697
188 2.47000000 1.96000000 2.98000000
189 2.49534483 1.97241379 3.01827586
190 2.52068966 1.98482759 3.05655172
191 2.54603448 1.99724138 3.09482759
192 2.57137931 2.00965517 3.13310345
193 2.59672414 2.02206897 3.17137931
194 2.62206897 2.03448276 3.20965517
195 2.64741379 2.04689655 3.24793103
196 2.67275862 2.05931034 3.28620690
197 2.69810345 2.07172414 3.32448276
198 2.72344828 2.08413793 3.36275862
199 2.74879310 2.09655172 3.40103448
200 2.77413793 2.10896552 3.43931034
201 2.79948276 2.12137931 3.47758621
202 2.82482759 2.13379310 3.51586207
203 2.85017241 2.14620690 3.55413793
204 2.87551724 2.15862069 3.59241379
205 2.90086207 2.17103448 3.63068966
206 2.92620690 2.18344828 3.66896552
207 2.95155172 2.19586207 3.70724138
208 2.97689655 2.20827586 3.74551724
209 3.00224138 2.22068966 3.78379310
210 3.02758621 2.23310345 3.82206897
211 3.05293103 2.24551724 3.86034483
212 3.07827586 2.25793103 3.89862069
213 3.10362069 2.27034483 3.93689655
214 3.12896552 2.28275862 3.97517241
215 3.15431034 2.29517241 4.01344828
216 3.17965517 2.30758621 4.05172414
217 3.20500000 2.32000000 4.09000000
218 3.22892857 2.34035714 4.11750000
219 3.25285714 2.36071429 4.14500000
220 3.27678571 2.38107143 4.17250000
221 3.30071429 2.40142857 4.20000000
222 3.32464286 2.42178571 4.22750000
223 3.34857143 2.44214286 4.25500000
224 3.37250000 2.46250000 4.28250000
225 3.39642857 2.48285714 4.31000000
226 3.42035714 2.50321429 4.33750000
227 3.44428571 2.52357143 4.36500000
228 3.46821429 2.54392857 4.39250000
229 3.49214286 2.56428571 4.42000000
230 3.51607143 2.58464286 4.44750000
231 3.54000000 2.60500000 4.47500000
232 3.56392857 2.62535714 4.50250000
233 3.58785714 2.64571429 4.53000000
234 3.61178571 2.66607143 4.55750000
235 3.63571429 2.68642857 4.58500000
236 3.65964286 2.70678571 4.61250000
237 3.68357143 2.72714286 4.64000000
238 3.70750000 2.74750000 4.66750000
239 3.73142857 2.76785714 4.69500000
240 3.75535714 2.78821429 4.72250000
241 3.77928571 2.80857143 4.75000000
242 3.80321429 2.82892857 4.77750000
243 3.82714286 2.84928571 4.80500000
244 3.85107143 2.86964286 4.83250000
245 3.87500000 2.89000000 4.86000000
246 3.89903226 2.91225806 4.88580645
247 3.92306452 2.93451613 4.91161290
248 3.94709677 2.95677419 4.93741935
249 3.97112903 2.97903226 4.96322581
250 3.99516129 3.00129032 4.98903226
251 4.01919355 3.02354839 5.01483871
252 4.04322581 3.04580645 5.04064516
253 4.06725806 3.06806452 5.06645161
254 4.09129032 3.09032258 5.09225806
255 4.11532258 3.11258065 5.11806452
256 4.13935484 3.13483871 5.14387097
257 4.16338710 3.15709677 5.16967742
258 4.18741935 3.17935484 5.19548387
259 4.21145161 3.20161290 5.22129032
260 4.23548387 3.22387097 5.24709677
261 4.25951613 3.24612903 5.27290323
262 4.28354839 3.26838710 5.29870968
263 4.30758065 3.29064516 5.32451613
264 4.33161290 3.31290323 5.35032258
265 4.35564516 3.33516129 5.37612903
266 4.37967742 3.35741935 5.40193548
267 4.40370968 3.37967742 5.42774194
268 4.42774194 3.40193548 5.45354839
269 4.45177419 3.42419355 5.47935484
270 4.47580645 3.44645161 5.50516129
271 4.49983871 3.46870968 5.53096774
272 4.52387097 3.49096774 5.55677419
273 4.54790323 3.51322581 5.58258065
274 4.57193548 3.53548387 5.60838710
275 4.59596774 3.55774194 5.63419355
276 4.62000000 3.58000000 5.66000000
277 4.63723438 3.59321875 5.68125000
278 4.65446875 3.60643750 5.70250000
279 4.67170313 3.61965625 5.72375000
280 4.68893750 3.63287500 5.74500000
281 4.70617188 3.64609375 5.76625000
282 4.72340625 3.65931250 5.78750000
283 4.74064063 3.67253125 5.80875000
284 4.75787500 3.68575000 5.83000000
285 4.77510938 3.69896875 5.85125000
286 4.79234375 3.71218750 5.87250000
287 4.80957813 3.72540625 5.89375000
288 4.82681250 3.73862500 5.91500000
289 4.84404688 3.75184375 5.93625000
290 4.86128125 3.76506250 5.95750000
291 4.87851563 3.77828125 5.97875000
292 4.89575000 3.79150000 6.00000000
293 4.91298438 3.80471875 6.02125000
294 4.93021875 3.81793750 6.04250000
295 4.94745313 3.83115625 6.06375000
296 4.96468750 3.84437500 6.08500000
297 4.98192188 3.85759375 6.10625000
298 4.99915625 3.87081250 6.12750000
299 5.01639063 3.88403125 6.14875000
300 5.03362500 3.89725000 6.17000000
301 5.05085938 3.91046875 6.19125000
302 5.06809375 3.92368750 6.21250000
303 5.08532813 3.93690625 6.23375000
304 5.10256250 3.95012500 6.25500000
305 5.11979688 3.96334375 6.27625000
306 5.13703125 3.97656250 6.29750000
307 5.15426563 3.98978125 6.31875000
308 5.17150000 4.00300000 6.34000000
309 5.18632759 4.01520690 6.35744828
310 5.20115517 4.02741379 6.37489655
311 5.21598276 4.03962069 6.39234483
312 5.23081034 4.05182759 6.40979310
313 5.24563793 4.06403448 6.42724138
314 5.26046552 4.07624138 6.44468966
315 5.27529310 4.08844828 6.46213793
316 5.29012069 4.10065517 6.47958621
317 5.30494828 4.11286207 6.49703448
318 5.31977586 4.12506897 6.51448276
319 5.33460345 4.13727586 6.53193103
320 5.34943103 4.14948276 6.54937931
321 5.36425862 4.16168966 6.56682759
322 5.37908621 4.17389655 6.58427586
323 5.39391379 4.18610345 6.60172414
324 5.40874138 4.19831034 6.61917241
325 5.42356897 4.21051724 6.63662069
326 5.43839655 4.22272414 6.65406897
327 5.45322414 4.23493103 6.67151724
328 5.46805172 4.24713793 6.68896552
329 5.48287931 4.25934483 6.70641379
330 5.49770690 4.27155172 6.72386207
331 5.51253448 4.28375862 6.74131034
332 5.52736207 4.29596552 6.75875862
333 5.54218966 4.30817241 6.77620690
334 5.55701724 4.32037931 6.79365517
335 5.57184483 4.33258621 6.81110345
336 5.58667241 4.34479310 6.82855172
337 5.60150000 4.35700000 6.84600000
338 5.61211667 4.35910000 6.86513333
339 5.62273333 4.36120000 6.88426667
340 5.63335000 4.36330000 6.90340000
341 5.64396667 4.36540000 6.92253333
342 5.65458333 4.36750000 6.94166667
343 5.66520000 4.36960000 6.96080000
344 5.67581667 4.37170000 6.97993333
345 5.68643333 4.37380000 6.99906667
346 5.69705000 4.37590000 7.01820000
347 5.70766667 4.37800000 7.03733333
348 5.71828333 4.38010000 7.05646667
349 5.72890000 4.38220000 7.07560000
350 5.73951667 4.38430000 7.09473333
351 5.75013333 4.38640000 7.11386667
352 5.76075000 4.38850000 7.13300000
353 5.77136667 4.39060000 7.15213333
354 5.78198333 4.39270000 7.17126667
355 5.79260000 4.39480000 7.19040000
356 5.80321667 4.39690000 7.20953333
357 5.81383333 4.39900000 7.22866667
358 5.82445000 4.40110000 7.24780000
359 5.83506667 4.40320000 7.26693333
360 5.84568333 4.40530000 7.28606667
361 5.85630000 4.40740000 7.30520000
362 5.86691667 4.40950000 7.32433333
363 5.87753333 4.41160000 7.34346667
364 5.88815000 4.41370000 7.36260000
365 5.89876667 4.41580000 7.38173333
366 5.90938333 4.41790000 7.40086667
367 5.92000000 4.42000000 7.42000000
368 5.91176596 4.40819149 7.41534043
369 5.90353191 4.39638298 7.41068085
370 5.89529787 4.38457447 7.40602128
371 5.88706383 4.37276596 7.40136170
372 5.87882979 4.36095745 7.39670213
373 5.87059574 4.34914894 7.39204255
374 5.86236170 4.33734043 7.38738298
375 5.85412766 4.32553191 7.38272340
376 5.84589362 4.31372340 7.37806383
377 5.83765957 4.30191489 7.37340426
378 5.82942553 4.29010638 7.36874468
379 5.82119149 4.27829787 7.36408511
380 5.81295745 4.26648936 7.35942553
381 5.80472340 4.25468085 7.35476596
382 5.79648936 4.24287234 7.35010638
383 5.78825532 4.23106383 7.34544681
384 5.78002128 4.21925532 7.34078723
385 5.77178723 4.20744681 7.33612766
386 5.76355319 4.19563830 7.33146809
387 5.75531915 4.18382979 7.32680851
388 5.74708511 4.17202128 7.32214894
389 5.73885106 4.16021277 7.31748936
390 5.73061702 4.14840426 7.31282979
391 5.72238298 4.13659574 7.30817021
392 5.71414894 4.12478723 7.30351064
393 5.70591489 4.11297872 7.29885106
394 5.69768085 4.10117021 7.29419149
395 5.68944681 4.08936170 7.28953191
396 5.68121277 4.07755319 7.28487234
397 5.67297872 4.06574468 7.28021277
398 5.66474468 4.05393617 7.27555319
399 5.65651064 4.04212766 7.27089362
400 5.64827660 4.03031915 7.26623404
401 5.64004255 4.01851064 7.26157447
402 5.63180851 4.00670213 7.25691489
403 5.62357447 3.99489362 7.25225532
404 5.61534043 3.98308511 7.24759574
405 5.60710638 3.97127660 7.24293617
406 5.59887234 3.95946809 7.23827660
407 5.59063830 3.94765957 7.23361702
408 5.58240426 3.93585106 7.22895745
409 5.57417021 3.92404255 7.22429787
410 5.56593617 3.91223404 7.21963830
411 5.55770213 3.90042553 7.21497872
412 5.54946809 3.88861702 7.21031915
413 5.54123404 3.87680851 7.20565957
414 5.53300000 3.86500000 7.20100000
415 5.52476596 3.85319149 7.19634043
416 5.51653191 3.84138298 7.19168085
417 5.50829787 3.82957447 7.18702128
418 5.50006383 3.81776596 7.18236170
419 5.49182979 3.80595745 7.17770213
420 5.48359574 3.79414894 7.17304255
421 5.47536170 3.78234043 7.16838298
422 5.46712766 3.77053191 7.16372340
423 5.45889362 3.75872340 7.15906383
424 5.45065957 3.74691489 7.15440426
425 5.44242553 3.73510638 7.14974468
426 5.43419149 3.72329787 7.14508511
427 5.42595745 3.71148936 7.14042553
428 5.41772340 3.69968085 7.13576596
429 5.40948936 3.68787234 7.13110638
430 5.40125532 3.67606383 7.12644681
431 5.39302128 3.66425532 7.12178723
432 5.38478723 3.65244681 7.11712766
433 5.37655319 3.64063830 7.11246809
434 5.36831915 3.62882979 7.10780851
435 5.36008511 3.61702128 7.10314894
436 5.35185106 3.60521277 7.09848936
437 5.34361702 3.59340426 7.09382979
438 5.33538298 3.58159574 7.08917021
439 5.32714894 3.56978723 7.08451064
440 5.31891489 3.55797872 7.07985106
441 5.31068085 3.54617021 7.07519149
442 5.30244681 3.53436170 7.07053191
443 5.29421277 3.52255319 7.06587234
444 5.28597872 3.51074468 7.06121277
445 5.27774468 3.49893617 7.05655319
446 5.26951064 3.48712766 7.05189362
447 5.26127660 3.47531915 7.04723404
448 5.25304255 3.46351064 7.04257447
449 5.24480851 3.45170213 7.03791489
450 5.23657447 3.43989362 7.03325532
451 5.22834043 3.42808511 7.02859574
452 5.22010638 3.41627660 7.02393617
453 5.21187234 3.40446809 7.01927660
454 5.20363830 3.39265957 7.01461702
455 5.19540426 3.38085106 7.00995745
456 5.18717021 3.36904255 7.00529787
457 5.17893617 3.35723404 7.00063830
458 5.17070213 3.34542553 6.99597872
459 5.16246809 3.33361702 6.99131915
460 5.15423404 3.32180851 6.98665957
461 5.14600000 3.31000000 6.98200000
462 5.13794565 3.30152174 6.97436957
463 5.12989130 3.29304348 6.96673913
464 5.12183696 3.28456522 6.95910870
465 5.11378261 3.27608696 6.95147826
466 5.10572826 3.26760870 6.94384783
467 5.09767391 3.25913043 6.93621739
468 5.08961957 3.25065217 6.92858696
469 5.08156522 3.24217391 6.92095652
470 5.07351087 3.23369565 6.91332609
471 5.06545652 3.22521739 6.90569565
472 5.05740217 3.21673913 6.89806522
473 5.04934783 3.20826087 6.89043478
474 5.04129348 3.19978261 6.88280435
475 5.03323913 3.19130435 6.87517391
476 5.02518478 3.18282609 6.86754348
477 5.01713043 3.17434783 6.85991304
478 5.00907609 3.16586957 6.85228261
479 5.00102174 3.15739130 6.84465217
480 4.99296739 3.14891304 6.83702174
481 4.98491304 3.14043478 6.82939130
482 4.97685870 3.13195652 6.82176087
483 4.96880435 3.12347826 6.81413043
484 4.96075000 3.11500000 6.80650000
485 4.95269565 3.10652174 6.79886957
486 4.94464130 3.09804348 6.79123913
487 4.93658696 3.08956522 6.78360870
488 4.92853261 3.08108696 6.77597826
489 4.92047826 3.07260870 6.76834783
490 4.91242391 3.06413043 6.76071739
491 4.90436957 3.05565217 6.75308696
492 4.89631522 3.04717391 6.74545652
493 4.88826087 3.03869565 6.73782609
494 4.88020652 3.03021739 6.73019565
495 4.87215217 3.02173913 6.72256522
496 4.86409783 3.01326087 6.71493478
497 4.85604348 3.00478261 6.70730435
498 4.84798913 2.99630435 6.69967391
499 4.83993478 2.98782609 6.69204348
500 4.83188043 2.97934783 6.68441304
501 4.82382609 2.97086957 6.67678261
502 4.81577174 2.96239130 6.66915217
503 4.80771739 2.95391304 6.66152174
504 4.79966304 2.94543478 6.65389130
505 4.79160870 2.93695652 6.64626087
506 4.78355435 2.92847826 6.63863043
507 4.77550000 2.92000000 6.63100000
508 4.76744565 2.91152174 6.62336957
509 4.75939130 2.90304348 6.61573913
510 4.75133696 2.89456522 6.60810870
511 4.74328261 2.88608696 6.60047826
512 4.73522826 2.87760870 6.59284783
513 4.72717391 2.86913043 6.58521739
514 4.71911957 2.86065217 6.57758696
515 4.71106522 2.85217391 6.56995652
516 4.70301087 2.84369565 6.56232609
517 4.69495652 2.83521739 6.55469565
518 4.68690217 2.82673913 6.54706522
519 4.67884783 2.81826087 6.53943478
520 4.67079348 2.80978261 6.53180435
521 4.66273913 2.80130435 6.52417391
522 4.65468478 2.79282609 6.51654348
523 4.64663043 2.78434783 6.50891304
524 4.63857609 2.77586957 6.50128261
525 4.63052174 2.76739130 6.49365217
526 4.62246739 2.75891304 6.48602174
527 4.61441304 2.75043478 6.47839130
528 4.60635870 2.74195652 6.47076087
529 4.59830435 2.73347826 6.46313043
530 4.59025000 2.72500000 6.45550000
531 4.58219565 2.71652174 6.44786957
532 4.57414130 2.70804348 6.44023913
533 4.56608696 2.69956522 6.43260870
534 4.55803261 2.69108696 6.42497826
535 4.54997826 2.68260870 6.41734783
536 4.54192391 2.67413043 6.40971739
537 4.53386957 2.66565217 6.40208696
538 4.52581522 2.65717391 6.39445652
539 4.51776087 2.64869565 6.38682609
540 4.50970652 2.64021739 6.37919565
541 4.50165217 2.63173913 6.37156522
542 4.49359783 2.62326087 6.36393478
543 4.48554348 2.61478261 6.35630435
544 4.47748913 2.60630435 6.34867391
545 4.46943478 2.59782609 6.34104348
546 4.46138043 2.58934783 6.33341304
547 4.45332609 2.58086957 6.32578261
548 4.44527174 2.57239130 6.31815217
549 4.43721739 2.56391304 6.31052174
550 4.42916304 2.55543478 6.30289130
551 4.42110870 2.54695652 6.29526087
552 4.41305435 2.53847826 6.28763043
553 4.40500000 2.53000000 6.28000000
554 4.37131667 2.49517778 6.24745556
555 4.33763333 2.46035556 6.21491111
556 4.30395000 2.42553333 6.18236667
557 4.27026667 2.39071111 6.14982222
558 4.23658333 2.35588889 6.11727778
559 4.20290000 2.32106667 6.08473333
560 4.16921667 2.28624444 6.05218889
561 4.13553333 2.25142222 6.01964444
562 4.10185000 2.21660000 5.98710000
563 4.06816667 2.18177778 5.95455556
564 4.03448333 2.14695556 5.92201111
565 4.00080000 2.11213333 5.88946667
566 3.96711667 2.07731111 5.85692222
567 3.93343333 2.04248889 5.82437778
568 3.89975000 2.00766667 5.79183333
569 3.86606667 1.97284444 5.75928889
570 3.83238333 1.93802222 5.72674444
571 3.79870000 1.90320000 5.69420000
572 3.76501667 1.86837778 5.66165556
573 3.73133333 1.83355556 5.62911111
574 3.69765000 1.79873333 5.59656667
575 3.66396667 1.76391111 5.56402222
576 3.63028333 1.72908889 5.53147778
577 3.59660000 1.69426667 5.49893333
578 3.56291667 1.65944444 5.46638889
579 3.52923333 1.62462222 5.43384444
580 3.49555000 1.58980000 5.40130000
581 3.46186667 1.55497778 5.36875556
582 3.42818333 1.52015556 5.33621111
583 3.39450000 1.48533333 5.30366667
584 3.36081667 1.45051111 5.27112222
585 3.32713333 1.41568889 5.23857778
586 3.29345000 1.38086667 5.20603333
587 3.25976667 1.34604444 5.17348889
588 3.22608333 1.31122222 5.14094444
589 3.19240000 1.27640000 5.10840000
590 3.15871667 1.24157778 5.07585556
591 3.12503333 1.20675556 5.04331111
592 3.09135000 1.17193333 5.01076667
593 3.05766667 1.13711111 4.97822222
594 3.02398333 1.10228889 4.94567778
595 2.99030000 1.06746667 4.91313333
596 2.95661667 1.03264444 4.88058889
597 2.92293333 0.99782222 4.84804444
598 2.88925000 0.96300000 4.81550000
599 2.85556667 0.92817778 4.78295556
600 2.82188333 0.89335556 4.75041111
601 2.78820000 0.85853333 4.71786667
602 2.75451667 0.82371111 4.68532222
603 2.72083333 0.78888889 4.65277778
604 2.68715000 0.75406667 4.62023333
605 2.65346667 0.71924444 4.58768889
606 2.61978333 0.68442222 4.55514444
607 2.58610000 0.64960000 4.52260000
608 2.55241667 0.61477778 4.49005556
609 2.51873333 0.57995556 4.45751111
610 2.48505000 0.54513333 4.42496667
611 2.45136667 0.51031111 4.39242222
612 2.41768333 0.47548889 4.35987778
613 2.38400000 0.44066667 4.32733333
614 2.35031667 0.40584444 4.29478889
615 2.31663333 0.37102222 4.26224444
616 2.28295000 0.33620000 4.22970000
617 2.24926667 0.30137778 4.19715556
618 2.21558333 0.26655556 4.16461111
619 2.18190000 0.23173333 4.13206667
620 2.14821667 0.19691111 4.09952222
621 2.11453333 0.16208889 4.06697778
622 2.08085000 0.12726667 4.03443333
623 2.04716667 0.09244444 4.00188889
624 2.01348333 0.05762222 3.96934444
625 1.97980000 0.02280000 3.93680000
626 1.94611667 -0.01202222 3.90425556
627 1.91243333 -0.04684444 3.87171111
628 1.87875000 -0.08166666 3.83916667
629 1.84506667 -0.11648888 3.80662222
630 1.81138333 -0.15131111 3.77407778
631 1.77770000 -0.18613333 3.74153333
632 1.74401667 -0.22095555 3.70898889
633 1.71033333 -0.25577777 3.67644444
634 1.67665000 -0.29060000 3.64390000
635 1.64296667 -0.32542222 3.61135556
636 1.60928333 -0.36024444 3.57881111
637 1.57560000 -0.39506666 3.54626667
638 1.54191667 -0.42988888 3.51372222
639 1.50823333 -0.46471111 3.48117778
640 1.47455000 -0.49953333 3.44863333
641 1.44086667 -0.53435555 3.41608889
642 1.40718333 -0.56917777 3.38354444
643 1.37350000 -0.60400000 3.35100000
644 1.33939560 -0.63890109 3.31769231
645 1.30529121 -0.67380219 3.28438462
646 1.27118681 -0.70870329 3.25107692
647 1.23708242 -0.74360439 3.21776923
648 1.20297802 -0.77850549 3.18446154
649 1.16887363 -0.81340659 3.15115385
650 1.13476923 -0.84830769 3.11784615
651 1.10066484 -0.88320879 3.08453846
652 1.06656044 -0.91810989 3.05123077
653 1.03245604 -0.95301098 3.01792308
654 0.99835165 -0.98791208 2.98461538
655 0.96424725 -1.02281318 2.95130769
656 0.93014286 -1.05771428 2.91800000
657 0.89603846 -1.09261538 2.88469231
658 0.86193407 -1.12751648 2.85138462
659 0.82782967 -1.16241758 2.81807692
660 0.79372527 -1.19731868 2.78476923
661 0.75962088 -1.23221978 2.75146154
662 0.72551648 -1.26712087 2.71815385
663 0.69141209 -1.30202197 2.68484615
664 0.65730769 -1.33692307 2.65153846
665 0.62320330 -1.37182417 2.61823077
666 0.58909890 -1.40672527 2.58492308
667 0.55499451 -1.44162637 2.55161538
668 0.52089011 -1.47652747 2.51830769
669 0.48678571 -1.51142857 2.48500000
670 0.45268132 -1.54632967 2.45169231
671 0.41857692 -1.58123076 2.41838462
672 0.38447253 -1.61613186 2.38507692
673 0.35036813 -1.65103296 2.35176923
674 0.31626374 -1.68593406 2.31846154
675 0.28215934 -1.72083516 2.28515385
676 0.24805495 -1.75573626 2.25184615
677 0.21395055 -1.79063736 2.21853846
678 0.17984615 -1.82553846 2.18523077
679 0.14574176 -1.86043956 2.15192308
680 0.11163736 -1.89534065 2.11861538
681 0.07753297 -1.93024175 2.08530769
682 0.04342857 -1.96514285 2.05200000
683 0.00932418 -2.00004395 2.01869231
684 -0.02478021 -2.03494505 1.98538462
685 -0.05888461 -2.06984615 1.95207692
686 -0.09298901 -2.10474725 1.91876923
687 -0.12709340 -2.13964835 1.88546154
688 -0.16119780 -2.17454945 1.85215385
689 -0.19530219 -2.20945054 1.81884615
690 -0.22940659 -2.24435164 1.78553846
691 -0.26351098 -2.27925274 1.75223077
692 -0.29761538 -2.31415384 1.71892308
693 -0.33171978 -2.34905494 1.68561538
694 -0.36582417 -2.38395604 1.65230769
695 -0.39992857 -2.41885714 1.61900000
696 -0.43403296 -2.45375824 1.58569231
697 -0.46813736 -2.48865934 1.55238462
698 -0.50224175 -2.52356043 1.51907692
699 -0.53634615 -2.55846153 1.48576923
700 -0.57045054 -2.59336263 1.45246154
701 -0.60455494 -2.62826373 1.41915385
702 -0.63865934 -2.66316483 1.38584615
703 -0.67276373 -2.69806593 1.35253846
704 -0.70686813 -2.73296703 1.31923077
705 -0.74097252 -2.76786813 1.28592308
706 -0.77507692 -2.80276923 1.25261538
707 -0.80918131 -2.83767032 1.21930769
708 -0.84328571 -2.87257142 1.18600000
709 -0.87739010 -2.90747252 1.15269231
710 -0.91149450 -2.94237362 1.11938462
711 -0.94559890 -2.97727472 1.08607692
712 -0.97970329 -3.01217582 1.05276923
713 -1.01380769 -3.04707692 1.01946154
714 -1.04791208 -3.08197802 0.98615385
715 -1.08201648 -3.11687912 0.95284615
716 -1.11612087 -3.15178021 0.91953846
717 -1.15022527 -3.18668131 0.88623077
718 -1.18432967 -3.22158241 0.85292308
719 -1.21843406 -3.25648351 0.81961538
720 -1.25253846 -3.29138461 0.78630769
721 -1.28664285 -3.32628571 0.75300000
722 -1.32074725 -3.36118681 0.71969231
723 -1.35485164 -3.39608791 0.68638462
724 -1.38895604 -3.43098901 0.65307692
725 -1.42306043 -3.46589010 0.61976923
726 -1.45716483 -3.50079120 0.58646154
727 -1.49126923 -3.53569230 0.55315385
728 -1.52537362 -3.57059340 0.51984615
729 -1.55947802 -3.60549450 0.48653846
730 -1.59358241 -3.64039560 0.45323077
731 -1.62768681 -3.67529670 0.41992308
732 -1.66179120 -3.71019780 0.38661538
733 -1.69589560 -3.74509890 0.35330769
734 -1.73000000 -3.78000000 0.32000000
735 -1.79119505 -3.84829670 0.26590659
736 -1.85239010 -3.91659340 0.21181319
737 -1.91358516 -3.98489010 0.15771978
738 -1.97478021 -4.05318681 0.10362637
739 -2.03597527 -4.12148351 0.04953297
740 -2.09717032 -4.18978021 -0.00456043
741 -2.15836538 -4.25807692 -0.05865384
742 -2.21956043 -4.32637362 -0.11274725
743 -2.28075549 -4.39467032 -0.16684065
744 -2.34195054 -4.46296703 -0.22093406
745 -2.40314560 -4.53126373 -0.27502747
746 -2.46434065 -4.59956043 -0.32912087
747 -2.52553571 -4.66785714 -0.38321428
748 -2.58673076 -4.73615384 -0.43730769
749 -2.64792582 -4.80445054 -0.49140109
750 -2.70912087 -4.87274725 -0.54549450
751 -2.77031593 -4.94104395 -0.59958791
752 -2.83151098 -5.00934065 -0.65368131
753 -2.89270604 -5.07763736 -0.70777472
754 -2.95390109 -5.14593406 -0.76186813
755 -3.01509615 -5.21423076 -0.81596153
756 -3.07629120 -5.28252747 -0.87005494
757 -3.13748626 -5.35082417 -0.92414835
758 -3.19868131 -5.41912087 -0.97824175
759 -3.25987637 -5.48741758 -1.03233516
760 -3.32107142 -5.55571428 -1.08642857
761 -3.38226648 -5.62401098 -1.14052197
762 -3.44346153 -5.69230769 -1.19461538
763 -3.50465659 -5.76060439 -1.24870879
764 -3.56585164 -5.82890109 -1.30280219
765 -3.62704670 -5.89719780 -1.35689560
766 -3.68824175 -5.96549450 -1.41098901
767 -3.74943681 -6.03379120 -1.46508241
768 -3.81063186 -6.10208791 -1.51917582
769 -3.87182692 -6.17038461 -1.57326923
770 -3.93302197 -6.23868131 -1.62736263
771 -3.99421703 -6.30697802 -1.68145604
772 -4.05541208 -6.37527472 -1.73554945
773 -4.11660714 -6.44357142 -1.78964285
774 -4.17780219 -6.51186813 -1.84373626
775 -4.23899725 -6.58016483 -1.89782967
776 -4.30019230 -6.64846153 -1.95192307
777 -4.36138736 -6.71675824 -2.00601648
778 -4.42258241 -6.78505494 -2.06010989
779 -4.48377747 -6.85335164 -2.11420329
780 -4.54497252 -6.92164835 -2.16829670
781 -4.60616758 -6.98994505 -2.22239010
782 -4.66736263 -7.05824175 -2.27648351
783 -4.72855769 -7.12653846 -2.33057692
784 -4.78975274 -7.19483516 -2.38467032
785 -4.85094780 -7.26313186 -2.43876373
786 -4.91214285 -7.33142857 -2.49285714
787 -4.97333791 -7.39972527 -2.54695054
788 -5.03453296 -7.46802197 -2.60104395
789 -5.09572802 -7.53631868 -2.65513736
790 -5.15692307 -7.60461538 -2.70923076
791 -5.21811813 -7.67291208 -2.76332417
792 -5.27931318 -7.74120879 -2.81741758
793 -5.34050824 -7.80950549 -2.87151098
794 -5.40170329 -7.87780219 -2.92560439
795 -5.46289835 -7.94609890 -2.97969780
796 -5.52409340 -8.01439560 -3.03379120
797 -5.58528846 -8.08269230 -3.08788461
798 -5.64648351 -8.15098901 -3.14197802
799 -5.70767857 -8.21928571 -3.19607142
800 -5.76887362 -8.28758241 -3.25016483
801 -5.83006868 -8.35587912 -3.30425824
802 -5.89126373 -8.42417582 -3.35835164
803 -5.95245879 -8.49247252 -3.41244505
804 -6.01365384 -8.56076923 -3.46653846
805 -6.07484890 -8.62906593 -3.52063186
806 -6.13604395 -8.69736263 -3.57472527
807 -6.19723901 -8.76565934 -3.62881868
808 -6.25843406 -8.83395604 -3.68291208
809 -6.31962912 -8.90225274 -3.73700549
810 -6.38082417 -8.97054945 -3.79109890
811 -6.44201923 -9.03884615 -3.84519230
812 -6.50321428 -9.10714285 -3.89928571
813 -6.56440934 -9.17543956 -3.95337912
814 -6.62560439 -9.24373626 -4.00747252
815 -6.68679945 -9.31203296 -4.06156593
816 -6.74799450 -9.38032967 -4.11565934
817 -6.80918956 -9.44862637 -4.16975274
818 -6.87038461 -9.51692307 -4.22384615
819 -6.93157967 -9.58521978 -4.27793956
820 -6.99277472 -9.65351648 -4.33203296
821 -7.05396978 -9.72181318 -4.38612637
822 -7.11516483 -9.79010989 -4.44021978
823 -7.17635989 -9.85840659 -4.49431318
824 -7.23755494 -9.92670329 -4.54840659
825 -7.29875000 -9.99500000 -4.60250000
826 -7.35994505 -10.06329670 -4.65659340
827 -7.42114010 -10.13159340 -4.71068681
828 -7.48233516 -10.19989010 -4.76478021
829 -7.54353021 -10.26818681 -4.81887362
830 -7.60472527 -10.33648351 -4.87296703
831 -7.66592032 -10.40478021 -4.92706043
832 -7.72711538 -10.47307692 -4.98115384
833 -7.78831043 -10.54137362 -5.03524725
834 -7.84950549 -10.60967032 -5.08934065
835 -7.91070054 -10.67796703 -5.14343406
836 -7.97189560 -10.74626373 -5.19752747
837 -8.03309065 -10.81456043 -5.25162087
838 -8.09428571 -10.88285714 -5.30571428
839 -8.15548076 -10.95115384 -5.35980769
840 -8.21667582 -11.01945054 -5.41390109
841 -8.27787087 -11.08774725 -5.46799450
842 -8.33906593 -11.15604395 -5.52208791
843 -8.40026098 -11.22434065 -5.57618131
844 -8.46145604 -11.29263736 -5.63027472
845 -8.52265109 -11.36093406 -5.68436813
846 -8.58384615 -11.42923076 -5.73846153
847 -8.64504120 -11.49752747 -5.79255494
848 -8.70623626 -11.56582417 -5.84664835
849 -8.76743131 -11.63412087 -5.90074175
850 -8.82862637 -11.70241758 -5.95483516
851 -8.88982142 -11.77071428 -6.00892857
852 -8.95101648 -11.83901098 -6.06302197
853 -9.01221153 -11.90730769 -6.11711538
854 -9.07340659 -11.97560439 -6.17120879
855 -9.13460164 -12.04390109 -6.22530219
856 -9.19579670 -12.11219780 -6.27939560
857 -9.25699175 -12.18049450 -6.33348901
858 -9.31818681 -12.24879120 -6.38758241
859 -9.37938186 -12.31708791 -6.44167582
860 -9.44057692 -12.38538461 -6.49576923
861 -9.50177197 -12.45368131 -6.54986263
862 -9.56296703 -12.52197802 -6.60395604
863 -9.62416208 -12.59027472 -6.65804945
864 -9.68535714 -12.65857142 -6.71214285
865 -9.74655219 -12.72686813 -6.76623626
866 -9.80774725 -12.79516483 -6.82032967
867 -9.86894230 -12.86346153 -6.87442307
868 -9.93013736 -12.93175824 -6.92851648
869 -9.99133241 -13.00005494 -6.98260989
870 -10.05252747 -13.06835164 -7.03670329
871 -10.11372252 -13.13664835 -7.09079670
872 -10.17491758 -13.20494505 -7.14489010
873 -10.23611263 -13.27324175 -7.19898351
874 -10.29730769 -13.34153846 -7.25307692
875 -10.35850274 -13.40983516 -7.30717032
876 -10.41969780 -13.47813186 -7.36126373
877 -10.48089285 -13.54642857 -7.41535714
878 -10.54208791 -13.61472527 -7.46945054
879 -10.60328296 -13.68302197 -7.52354395
880 -10.66447802 -13.75131868 -7.57763736
881 -10.72567307 -13.81961538 -7.63173076
882 -10.78686813 -13.88791208 -7.68582417
883 -10.84806318 -13.95620879 -7.73991758
884 -10.90925824 -14.02450549 -7.79401098
885 -10.97045329 -14.09280219 -7.84810439
886 -11.03164835 -14.16109890 -7.90219780
887 -11.09284340 -14.22939560 -7.95629120
888 -11.15403846 -14.29769230 -8.01038461
889 -11.21523351 -14.36598901 -8.06447802
890 -11.27642857 -14.43428571 -8.11857142
891 -11.33762362 -14.50258241 -8.17266483
892 -11.39881868 -14.57087912 -8.22675824
893 -11.46001373 -14.63917582 -8.28085164
894 -11.52120879 -14.70747252 -8.33494505
895 -11.58240384 -14.77576923 -8.38903846
896 -11.64359890 -14.84406593 -8.44313186
897 -11.70479395 -14.91236263 -8.49722527
898 -11.76598901 -14.98065934 -8.55131868
899 -11.82718406 -15.04895604 -8.60541208
900 -11.88837912 -15.11725274 -8.65950549
901 -11.94957417 -15.18554945 -8.71359890
902 -12.01076923 -15.25384615 -8.76769230
903 -12.07196428 -15.32214285 -8.82178571
904 -12.13315934 -15.39043956 -8.87587912
905 -12.19435439 -15.45873626 -8.92997252
906 -12.25554945 -15.52703296 -8.98406593
907 -12.31674450 -15.59532967 -9.03815934
908 -12.37793956 -15.66362637 -9.09225274
909 -12.43913461 -15.73192307 -9.14634615
910 -12.50032967 -15.80021978 -9.20043956
911 -12.56152472 -15.86851648 -9.25453296
912 -12.62271978 -15.93681318 -9.30862637
913 -12.68391483 -16.00510989 -9.36271978
914 -12.74510989 -16.07340659 -9.41681318
915 -12.80630494 -16.14170329 -9.47090659
916 -12.86750000 -16.21000000 -9.52500000
917 -12.92869505 -16.27829670 -9.57909340
918 -12.98989010 -16.34659340 -9.63318681
919 -13.05108516 -16.41489010 -9.68728021
920 -13.11228021 -16.48318681 -9.74137362
921 -13.17347527 -16.55148351 -9.79546703
922 -13.23467032 -16.61978021 -9.84956043
923 -13.29586538 -16.68807692 -9.90365384
924 -13.35706043 -16.75637362 -9.95774725
925 -13.41825549 -16.82467032 -10.01184065
926 -13.47945054 -16.89296703 -10.06593406
927 -13.54064560 -16.96126373 -10.12002747
928 -13.60184065 -17.02956043 -10.17412087
929 -13.66303571 -17.09785714 -10.22821428
930 -13.72423076 -17.16615384 -10.28230769
931 -13.78542582 -17.23445054 -10.33640109
932 -13.84662087 -17.30274725 -10.39049450
933 -13.90781593 -17.37104395 -10.44458791
934 -13.96901098 -17.43934065 -10.49868131
935 -14.03020604 -17.50763736 -10.55277472
936 -14.09140109 -17.57593406 -10.60686813
937 -14.15259615 -17.64423076 -10.66096153
938 -14.21379120 -17.71252747 -10.71505494
939 -14.27498626 -17.78082417 -10.76914835
940 -14.33618131 -17.84912087 -10.82324175
941 -14.39737637 -17.91741758 -10.87733516
942 -14.45857142 -17.98571428 -10.93142857
943 -14.51976648 -18.05401098 -10.98552197
944 -14.58096153 -18.12230769 -11.03961538
945 -14.64215659 -18.19060439 -11.09370879
946 -14.70335164 -18.25890109 -11.14780219
947 -14.76454670 -18.32719780 -11.20189560
948 -14.82574175 -18.39549450 -11.25598901
949 -14.88693681 -18.46379120 -11.31008241
950 -14.94813186 -18.53208791 -11.36417582
951 -15.00932692 -18.60038461 -11.41826923
952 -15.07052197 -18.66868131 -11.47236263
953 -15.13171703 -18.73697802 -11.52645604
954 -15.19291208 -18.80527472 -11.58054945
955 -15.25410714 -18.87357142 -11.63464285
956 -15.31530219 -18.94186813 -11.68873626
957 -15.37649725 -19.01016483 -11.74282967
958 -15.43769230 -19.07846153 -11.79692307
959 -15.49888736 -19.14675824 -11.85101648
960 -15.56008241 -19.21505494 -11.90510989
961 -15.62127747 -19.28335164 -11.95920329
962 -15.68247252 -19.35164835 -12.01329670
963 -15.74366758 -19.41994505 -12.06739010
964 -15.80486263 -19.48824175 -12.12148351
965 -15.86605769 -19.55653846 -12.17557692
966 -15.92725274 -19.62483516 -12.22967032
967 -15.98844780 -19.69313186 -12.28376373
968 -16.04964285 -19.76142857 -12.33785714
969 -16.11083791 -19.82972527 -12.39195054
970 -16.17203296 -19.89802197 -12.44604395
971 -16.23322802 -19.96631868 -12.50013736
972 -16.29442307 -20.03461538 -12.55423076
973 -16.35561813 -20.10291208 -12.60832417
974 -16.41681318 -20.17120879 -12.66241758
975 -16.47800824 -20.23950549 -12.71651098
976 -16.53920329 -20.30780219 -12.77060439
977 -16.60039835 -20.37609890 -12.82469780
978 -16.66159340 -20.44439560 -12.87879120
979 -16.72278846 -20.51269230 -12.93288461
980 -16.78398351 -20.58098901 -12.98697802
981 -16.84517857 -20.64928571 -13.04107142
982 -16.90637362 -20.71758241 -13.09516483
983 -16.96756868 -20.78587912 -13.14925824
984 -17.02876373 -20.85417582 -13.20335164
985 -17.08995879 -20.92247252 -13.25744505
986 -17.15115384 -20.99076923 -13.31153846
987 -17.21234890 -21.05906593 -13.36563186
988 -17.27354395 -21.12736263 -13.41972527
989 -17.33473901 -21.19565934 -13.47381868
990 -17.39593406 -21.26395604 -13.52791208
991 -17.45712912 -21.33225274 -13.58200549
992 -17.51832417 -21.40054945 -13.63609890
993 -17.57951923 -21.46884615 -13.69019230
994 -17.64071428 -21.53714285 -13.74428571
995 -17.70190934 -21.60543956 -13.79837912
996 -17.76310439 -21.67373626 -13.85247252
997 -17.82429945 -21.74203296 -13.90656593
998 -17.88549450 -21.81032967 -13.96065934
999 -17.94668956 -21.87862637 -14.01475274
1000 -18.00788461 -21.94692307 -14.06884615
1001 -18.06907967 -22.01521978 -14.12293956
1002 -18.13027472 -22.08351648 -14.17703296
1003 -18.19146978 -22.15181318 -14.23112637
1004 -18.25266483 -22.22010989 -14.28521978
1005 -18.31385989 -22.28840659 -14.33931318
1006 -18.37505494 -22.35670329 -14.39340659
1007 -18.43625000 -22.42500000 -14.44750000
1008 -18.49744505 -22.49329670 -14.50159340
1009 -18.55864010 -22.56159340 -14.55568681
1010 -18.61983516 -22.62989010 -14.60978021
1011 -18.68103021 -22.69818681 -14.66387362
1012 -18.74222527 -22.76648351 -14.71796703
1013 -18.80342032 -22.83478021 -14.77206043
1014 -18.86461538 -22.90307692 -14.82615384
1015 -18.92581043 -22.97137362 -14.88024725
1016 -18.98700549 -23.03967032 -14.93434065
1017 -19.04820054 -23.10796703 -14.98843406
1018 -19.10939560 -23.17626373 -15.04252747
1019 -19.17059065 -23.24456043 -15.09662087
1020 -19.23178571 -23.31285714 -15.15071428
1021 -19.29298076 -23.38115384 -15.20480769
1022 -19.35417582 -23.44945054 -15.25890109
1023 -19.41537087 -23.51774725 -15.31299450
1024 -19.47656593 -23.58604395 -15.36708791
1025 -19.53776098 -23.65434065 -15.42118131
1026 -19.59895604 -23.72263736 -15.47527472
1027 -19.66015109 -23.79093406 -15.52936813
1028 -19.72134615 -23.85923076 -15.58346153
1029 -19.78254120 -23.92752747 -15.63755494
1030 -19.84373626 -23.99582417 -15.69164835
1031 -19.90493131 -24.06412087 -15.74574175
1032 -19.96612637 -24.13241758 -15.79983516
1033 -20.02732142 -24.20071428 -15.85392857
1034 -20.08851648 -24.26901098 -15.90802197
1035 -20.14971153 -24.33730769 -15.96211538
1036 -20.21090659 -24.40560439 -16.01620879
1037 -20.27210164 -24.47390109 -16.07030219
1038 -20.33329670 -24.54219780 -16.12439560
1039 -20.39449175 -24.61049450 -16.17848901
1040 -20.45568681 -24.67879120 -16.23258241
1041 -20.51688186 -24.74708791 -16.28667582
1042 -20.57807692 -24.81538461 -16.34076923
1043 -20.63927197 -24.88368131 -16.39486263
1044 -20.70046703 -24.95197802 -16.44895604
1045 -20.76166208 -25.02027472 -16.50304945
1046 -20.82285714 -25.08857142 -16.55714285
1047 -20.88405219 -25.15686813 -16.61123626
1048 -20.94524725 -25.22516483 -16.66532967
1049 -21.00644230 -25.29346153 -16.71942307
1050 -21.06763736 -25.36175824 -16.77351648
1051 -21.12883241 -25.43005494 -16.82760989
1052 -21.19002747 -25.49835164 -16.88170329
1053 -21.25122252 -25.56664835 -16.93579670
1054 -21.31241758 -25.63494505 -16.98989010
1055 -21.37361263 -25.70324175 -17.04398351
1056 -21.43480769 -25.77153846 -17.09807692
1057 -21.49600274 -25.83983516 -17.15217032
1058 -21.55719780 -25.90813186 -17.20626373
1059 -21.61839285 -25.97642857 -17.26035714
1060 -21.67958791 -26.04472527 -17.31445054
1061 -21.74078296 -26.11302197 -17.36854395
1062 -21.80197802 -26.18131868 -17.42263736
1063 -21.86317307 -26.24961538 -17.47673076
1064 -21.92436813 -26.31791208 -17.53082417
1065 -21.98556318 -26.38620879 -17.58491758
1066 -22.04675824 -26.45450549 -17.63901098
1067 -22.10795329 -26.52280219 -17.69310439
1068 -22.16914835 -26.59109890 -17.74719780
1069 -22.23034340 -26.65939560 -17.80129120
1070 -22.29153846 -26.72769230 -17.85538461
1071 -22.35273351 -26.79598901 -17.90947802
1072 -22.41392857 -26.86428571 -17.96357142
1073 -22.47512362 -26.93258241 -18.01766483
1074 -22.53631868 -27.00087912 -18.07175824
1075 -22.59751373 -27.06917582 -18.12585164
1076 -22.65870879 -27.13747252 -18.17994505
1077 -22.71990384 -27.20576923 -18.23403846
1078 -22.78109890 -27.27406593 -18.28813186
1079 -22.84229395 -27.34236263 -18.34222527
1080 -22.90348901 -27.41065934 -18.39631868
1081 -22.96468406 -27.47895604 -18.45041208
1082 -23.02587912 -27.54725274 -18.50450549
1083 -23.08707417 -27.61554945 -18.55859890
1084 -23.14826923 -27.68384615 -18.61269230
1085 -23.20946428 -27.75214285 -18.66678571
1086 -23.27065934 -27.82043956 -18.72087912
1087 -23.33185439 -27.88873626 -18.77497252
1088 -23.39304945 -27.95703296 -18.82906593
1089 -23.45424450 -28.02532967 -18.88315934
1090 -23.51543956 -28.09362637 -18.93725274
1091 -23.57663461 -28.16192307 -18.99134615
1092 -23.63782967 -28.23021978 -19.04543956
1093 -23.69902472 -28.29851648 -19.09953296
1094 -23.76021978 -28.36681318 -19.15362637
1095 -23.82141483 -28.43510989 -19.20771978
1096 -23.88260989 -28.50340659 -19.26181318
1097 -23.94380494 -28.57170329 -19.31590659
1098 -24.00500000 -28.64000000 -19.37000000
1099 -24.09936986 -28.74153424 -19.45720547
1100 -24.19373972 -28.84306849 -19.54441095
1101 -24.28810958 -28.94460273 -19.63161643
1102 -24.38247945 -29.04613698 -19.71882191
1103 -24.47684931 -29.14767123 -19.80602739
1104 -24.57121917 -29.24920547 -19.89323287
1105 -24.66558904 -29.35073972 -19.98043835
1106 -24.75995890 -29.45227397 -20.06764383
1107 -24.85432876 -29.55380821 -20.15484931
1108 -24.94869863 -29.65534246 -20.24205479
1109 -25.04306849 -29.75687671 -20.32926027
1110 -25.13743835 -29.85841095 -20.41646575
1111 -25.23180821 -29.95994520 -20.50367123
1112 -25.32617808 -30.06147945 -20.59087671
1113 -25.42054794 -30.16301369 -20.67808219
1114 -25.51491780 -30.26454794 -20.76528767
1115 -25.60928767 -30.36608219 -20.85249315
1116 -25.70365753 -30.46761643 -20.93969863
1117 -25.79802739 -30.56915068 -21.02690410
1118 -25.89239726 -30.67068493 -21.11410958
1119 -25.98676712 -30.77221917 -21.20131506
1120 -26.08113698 -30.87375342 -21.28852054
1121 -26.17550684 -30.97528767 -21.37572602
1122 -26.26987671 -31.07682191 -21.46293150
1123 -26.36424657 -31.17835616 -21.55013698
1124 -26.45861643 -31.27989041 -21.63734246
1125 -26.55298630 -31.38142465 -21.72454794
1126 -26.64735616 -31.48295890 -21.81175342
1127 -26.74172602 -31.58449315 -21.89895890
1128 -26.83609589 -31.68602739 -21.98616438
1129 -26.93046575 -31.78756164 -22.07336986
1130 -27.02483561 -31.88909589 -22.16057534
1131 -27.11920547 -31.99063013 -22.24778082
1132 -27.21357534 -32.09216438 -22.33498630
1133 -27.30794520 -32.19369863 -22.42219178
1134 -27.40231506 -32.29523287 -22.50939726
1135 -27.49668493 -32.39676712 -22.59660273
1136 -27.59105479 -32.49830136 -22.68380821
1137 -27.68542465 -32.59983561 -22.77101369
1138 -27.77979452 -32.70136986 -22.85821917
1139 -27.87416438 -32.80290410 -22.94542465
1140 -27.96853424 -32.90443835 -23.03263013
1141 -28.06290410 -33.00597260 -23.11983561
1142 -28.15727397 -33.10750684 -23.20704109
1143 -28.25164383 -33.20904109 -23.29424657
1144 -28.34601369 -33.31057534 -23.38145205
1145 -28.44038356 -33.41210958 -23.46865753
1146 -28.53475342 -33.51364383 -23.55586301
1147 -28.62912328 -33.61517808 -23.64306849
1148 -28.72349315 -33.71671232 -23.73027397
1149 -28.81786301 -33.81824657 -23.81747945
1150 -28.91223287 -33.91978082 -23.90468493
1151 -29.00660273 -34.02131506 -23.99189041
1152 -29.10097260 -34.12284931 -24.07909589
1153 -29.19534246 -34.22438356 -24.16630136
1154 -29.28971232 -34.32591780 -24.25350684
1155 -29.38408219 -34.42745205 -24.34071232
1156 -29.47845205 -34.52898630 -24.42791780
1157 -29.57282191 -34.63052054 -24.51512328
1158 -29.66719178 -34.73205479 -24.60232876
1159 -29.76156164 -34.83358904 -24.68953424
1160 -29.85593150 -34.93512328 -24.77673972
1161 -29.95030136 -35.03665753 -24.86394520
1162 -30.04467123 -35.13819178 -24.95115068
1163 -30.13904109 -35.23972602 -25.03835616
1164 -30.23341095 -35.34126027 -25.12556164
1165 -30.32778082 -35.44279452 -25.21276712
1166 -30.42215068 -35.54432876 -25.29997260
1167 -30.51652054 -35.64586301 -25.38717808
1168 -30.61089041 -35.74739726 -25.47438356
1169 -30.70526027 -35.84893150 -25.56158904
1170 -30.79963013 -35.95046575 -25.64879452
1171 -30.89400000 -36.05200000 -25.73600000
1172 -30.98836986 -36.15353424 -25.82320547
1173 -31.08273972 -36.25506849 -25.91041095
1174 -31.17710958 -36.35660273 -25.99761643
1175 -31.27147945 -36.45813698 -26.08482191
1176 -31.36584931 -36.55967123 -26.17202739
1177 -31.46021917 -36.66120547 -26.25923287
1178 -31.55458904 -36.76273972 -26.34643835
1179 -31.64895890 -36.86427397 -26.43364383
1180 -31.74332876 -36.96580821 -26.52084931
1181 -31.83769863 -37.06734246 -26.60805479
1182 -31.93206849 -37.16887671 -26.69526027
1183 -32.02643835 -37.27041095 -26.78246575
1184 -32.12080821 -37.37194520 -26.86967123
1185 -32.21517808 -37.47347945 -26.95687671
1186 -32.30954794 -37.57501369 -27.04408219
1187 -32.40391780 -37.67654794 -27.13128767
1188 -32.49828767 -37.77808219 -27.21849315
1189 -32.59265753 -37.87961643 -27.30569863
1190 -32.68702739 -37.98115068 -27.39290410
1191 -32.78139726 -38.08268493 -27.48010958
1192 -32.87576712 -38.18421917 -27.56731506
1193 -32.97013698 -38.28575342 -27.65452054
1194 -33.06450684 -38.38728767 -27.74172602
1195 -33.15887671 -38.48882191 -27.82893150
1196 -33.25324657 -38.59035616 -27.91613698
1197 -33.34761643 -38.69189041 -28.00334246
1198 -33.44198630 -38.79342465 -28.09054794
1199 -33.53635616 -38.89495890 -28.17775342
1200 -33.63072602 -38.99649315 -28.26495890
1201 -33.72509589 -39.09802739 -28.35216438
1202 -33.81946575 -39.19956164 -28.43936986
1203 -33.91383561 -39.30109589 -28.52657534
1204 -34.00820547 -39.40263013 -28.61378082
1205 -34.10257534 -39.50416438 -28.70098630
1206 -34.19694520 -39.60569863 -28.78819178
1207 -34.29131506 -39.70723287 -28.87539726
1208 -34.38568493 -39.80876712 -28.96260273
1209 -34.48005479 -39.91030136 -29.04980821
1210 -34.57442465 -40.01183561 -29.13701369
1211 -34.66879452 -40.11336986 -29.22421917
1212 -34.76316438 -40.21490410 -29.31142465
1213 -34.85753424 -40.31643835 -29.39863013
1214 -34.95190410 -40.41797260 -29.48583561
1215 -35.04627397 -40.51950684 -29.57304109
1216 -35.14064383 -40.62104109 -29.66024657
1217 -35.23501369 -40.72257534 -29.74745205
1218 -35.32938356 -40.82410958 -29.83465753
1219 -35.42375342 -40.92564383 -29.92186301
1220 -35.51812328 -41.02717808 -30.00906849
1221 -35.61249315 -41.12871232 -30.09627397
1222 -35.70686301 -41.23024657 -30.18347945
1223 -35.80123287 -41.33178082 -30.27068493
1224 -35.89560273 -41.43331506 -30.35789041
1225 -35.98997260 -41.53484931 -30.44509589
1226 -36.08434246 -41.63638356 -30.53230136
1227 -36.17871232 -41.73791780 -30.61950684
1228 -36.27308219 -41.83945205 -30.70671232
1229 -36.36745205 -41.94098630 -30.79391780
1230 -36.46182191 -42.04252054 -30.88112328
1231 -36.55619178 -42.14405479 -30.96832876
1232 -36.65056164 -42.24558904 -31.05553424
1233 -36.74493150 -42.34712328 -31.14273972
1234 -36.83930136 -42.44865753 -31.22994520
1235 -36.93367123 -42.55019178 -31.31715068
1236 -37.02804109 -42.65172602 -31.40435616
1237 -37.12241095 -42.75326027 -31.49156164
1238 -37.21678082 -42.85479452 -31.57876712
1239 -37.31115068 -42.95632876 -31.66597260
1240 -37.40552054 -43.05786301 -31.75317808
1241 -37.49989041 -43.15939726 -31.84038356
1242 -37.59426027 -43.26093150 -31.92758904
1243 -37.68863013 -43.36246575 -32.01479452
1244 -37.78300000 -43.46400000 -32.10200000
1245 -37.87736986 -43.56553424 -32.18920547
1246 -37.97173972 -43.66706849 -32.27641095
1247 -38.06610958 -43.76860273 -32.36361643
1248 -38.16047945 -43.87013698 -32.45082191
1249 -38.25484931 -43.97167123 -32.53802739
1250 -38.34921917 -44.07320547 -32.62523287
1251 -38.44358904 -44.17473972 -32.71243835
1252 -38.53795890 -44.27627397 -32.79964383
1253 -38.63232876 -44.37780821 -32.88684931
1254 -38.72669863 -44.47934246 -32.97405479
1255 -38.82106849 -44.58087671 -33.06126027
1256 -38.91543835 -44.68241095 -33.14846575
1257 -39.00980821 -44.78394520 -33.23567123
1258 -39.10417808 -44.88547945 -33.32287671
1259 -39.19854794 -44.98701369 -33.41008219
1260 -39.29291780 -45.08854794 -33.49728767
1261 -39.38728767 -45.19008219 -33.58449315
1262 -39.48165753 -45.29161643 -33.67169863
1263 -39.57602739 -45.39315068 -33.75890410
1264 -39.67039726 -45.49468493 -33.84610958
1265 -39.76476712 -45.59621917 -33.93331506
1266 -39.85913698 -45.69775342 -34.02052054
1267 -39.95350684 -45.79928767 -34.10772602
1268 -40.04787671 -45.90082191 -34.19493150
1269 -40.14224657 -46.00235616 -34.28213698
1270 -40.23661643 -46.10389041 -34.36934246
1271 -40.33098630 -46.20542465 -34.45654794
1272 -40.42535616 -46.30695890 -34.54375342
1273 -40.51972602 -46.40849315 -34.63095890
1274 -40.61409589 -46.51002739 -34.71816438
1275 -40.70846575 -46.61156164 -34.80536986
1276 -40.80283561 -46.71309589 -34.89257534
1277 -40.89720547 -46.81463013 -34.97978082
1278 -40.99157534 -46.91616438 -35.06698630
1279 -41.08594520 -47.01769863 -35.15419178
1280 -41.18031506 -47.11923287 -35.24139726
1281 -41.27468493 -47.22076712 -35.32860273
1282 -41.36905479 -47.32230136 -35.41580821
1283 -41.46342465 -47.42383561 -35.50301369
1284 -41.55779452 -47.52536986 -35.59021917
1285 -41.65216438 -47.62690410 -35.67742465
1286 -41.74653424 -47.72843835 -35.76463013
1287 -41.84090410 -47.82997260 -35.85183561
1288 -41.93527397 -47.93150684 -35.93904109
1289 -42.02964383 -48.03304109 -36.02624657
1290 -42.12401369 -48.13457534 -36.11345205
1291 -42.21838356 -48.23610958 -36.20065753
1292 -42.31275342 -48.33764383 -36.28786301
1293 -42.40712328 -48.43917808 -36.37506849
1294 -42.50149315 -48.54071232 -36.46227397
1295 -42.59586301 -48.64224657 -36.54947945
1296 -42.69023287 -48.74378082 -36.63668493
1297 -42.78460273 -48.84531506 -36.72389041
1298 -42.87897260 -48.94684931 -36.81109589
1299 -42.97334246 -49.04838356 -36.89830136
1300 -43.06771232 -49.14991780 -36.98550684
1301 -43.16208219 -49.25145205 -37.07271232
1302 -43.25645205 -49.35298630 -37.15991780
1303 -43.35082191 -49.45452054 -37.24712328
1304 -43.44519178 -49.55605479 -37.33432876
1305 -43.53956164 -49.65758904 -37.42153424
1306 -43.63393150 -49.75912328 -37.50873972
1307 -43.72830136 -49.86065753 -37.59594520
1308 -43.82267123 -49.96219178 -37.68315068
1309 -43.91704109 -50.06372602 -37.77035616
1310 -44.01141095 -50.16526027 -37.85756164
1311 -44.10578082 -50.26679452 -37.94476712
1312 -44.20015068 -50.36832876 -38.03197260
1313 -44.29452054 -50.46986301 -38.11917808
1314 -44.38889041 -50.57139726 -38.20638356
1315 -44.48326027 -50.67293150 -38.29358904
1316 -44.57763013 -50.77446575 -38.38079452
1317 -44.67200000 -50.87600000 -38.46800000
1318 -44.76636986 -50.97753424 -38.55520547
1319 -44.86073972 -51.07906849 -38.64241095
1320 -44.95510958 -51.18060273 -38.72961643
1321 -45.04947945 -51.28213698 -38.81682191
1322 -45.14384931 -51.38367123 -38.90402739
1323 -45.23821917 -51.48520547 -38.99123287
1324 -45.33258904 -51.58673972 -39.07843835
1325 -45.42695890 -51.68827397 -39.16564383
1326 -45.52132876 -51.78980821 -39.25284931
1327 -45.61569863 -51.89134246 -39.34005479
1328 -45.71006849 -51.99287671 -39.42726027
1329 -45.80443835 -52.09441095 -39.51446575
1330 -45.89880821 -52.19594520 -39.60167123
1331 -45.99317808 -52.29747945 -39.68887671
1332 -46.08754794 -52.39901369 -39.77608219
1333 -46.18191780 -52.50054794 -39.86328767
1334 -46.27628767 -52.60208219 -39.95049315
1335 -46.37065753 -52.70361643 -40.03769863
1336 -46.46502739 -52.80515068 -40.12490410
1337 -46.55939726 -52.90668493 -40.21210958
1338 -46.65376712 -53.00821917 -40.29931506
1339 -46.74813698 -53.10975342 -40.38652054
1340 -46.84250684 -53.21128767 -40.47372602
1341 -46.93687671 -53.31282191 -40.56093150
1342 -47.03124657 -53.41435616 -40.64813698
1343 -47.12561643 -53.51589041 -40.73534246
1344 -47.21998630 -53.61742465 -40.82254794
1345 -47.31435616 -53.71895890 -40.90975342
1346 -47.40872602 -53.82049315 -40.99695890
1347 -47.50309589 -53.92202739 -41.08416438
1348 -47.59746575 -54.02356164 -41.17136986
1349 -47.69183561 -54.12509589 -41.25857534
1350 -47.78620547 -54.22663013 -41.34578082
1351 -47.88057534 -54.32816438 -41.43298630
1352 -47.97494520 -54.42969863 -41.52019178
1353 -48.06931506 -54.53123287 -41.60739726
1354 -48.16368493 -54.63276712 -41.69460273
1355 -48.25805479 -54.73430136 -41.78180821
1356 -48.35242465 -54.83583561 -41.86901369
1357 -48.44679452 -54.93736986 -41.95621917
1358 -48.54116438 -55.03890410 -42.04342465
1359 -48.63553424 -55.14043835 -42.13063013
1360 -48.72990410 -55.24197260 -42.21783561
1361 -48.82427397 -55.34350684 -42.30504109
1362 -48.91864383 -55.44504109 -42.39224657
1363 -49.01301369 -55.54657534 -42.47945205
1364 -49.10738356 -55.64810958 -42.56665753
1365 -49.20175342 -55.74964383 -42.65386301
1366 -49.29612328 -55.85117808 -42.74106849
1367 -49.39049315 -55.95271232 -42.82827397
1368 -49.48486301 -56.05424657 -42.91547945
1369 -49.57923287 -56.15578082 -43.00268493
1370 -49.67360273 -56.25731506 -43.08989041
1371 -49.76797260 -56.35884931 -43.17709589
1372 -49.86234246 -56.46038356 -43.26430136
1373 -49.95671232 -56.56191780 -43.35150684
1374 -50.05108219 -56.66345205 -43.43871232
1375 -50.14545205 -56.76498630 -43.52591780
1376 -50.23982191 -56.86652054 -43.61312328
1377 -50.33419178 -56.96805479 -43.70032876
1378 -50.42856164 -57.06958904 -43.78753424
1379 -50.52293150 -57.17112328 -43.87473972
1380 -50.61730136 -57.27265753 -43.96194520
1381 -50.71167123 -57.37419178 -44.04915068
1382 -50.80604109 -57.47572602 -44.13635616
1383 -50.90041095 -57.57726027 -44.22356164
1384 -50.99478082 -57.67879452 -44.31076712
1385 -51.08915068 -57.78032876 -44.39797260
1386 -51.18352054 -57.88186301 -44.48517808
1387 -51.27789041 -57.98339726 -44.57238356
1388 -51.37226027 -58.08493150 -44.65958904
1389 -51.46663013 -58.18646575 -44.74679452
1390 -51.56100000 -58.28800000 -44.83400000
1391 -51.65536986 -58.38953424 -44.92120547
1392 -51.74973972 -58.49106849 -45.00841095
1393 -51.84410958 -58.59260273 -45.09561643
1394 -51.93847945 -58.69413698 -45.18282191
1395 -52.03284931 -58.79567123 -45.27002739
1396 -52.12721917 -58.89720547 -45.35723287
1397 -52.22158904 -58.99873972 -45.44443835
1398 -52.31595890 -59.10027397 -45.53164383
1399 -52.41032876 -59.20180821 -45.61884931
1400 -52.50469863 -59.30334246 -45.70605479
1401 -52.59906849 -59.40487671 -45.79326027
1402 -52.69343835 -59.50641095 -45.88046575
1403 -52.78780821 -59.60794520 -45.96767123
1404 -52.88217808 -59.70947945 -46.05487671
1405 -52.97654794 -59.81101369 -46.14208219
1406 -53.07091780 -59.91254794 -46.22928767
1407 -53.16528767 -60.01408219 -46.31649315
1408 -53.25965753 -60.11561643 -46.40369863
1409 -53.35402739 -60.21715068 -46.49090410
1410 -53.44839726 -60.31868493 -46.57810958
1411 -53.54276712 -60.42021917 -46.66531506
1412 -53.63713698 -60.52175342 -46.75252054
1413 -53.73150684 -60.62328767 -46.83972602
1414 -53.82587671 -60.72482191 -46.92693150
1415 -53.92024657 -60.82635616 -47.01413698
1416 -54.01461643 -60.92789041 -47.10134246
1417 -54.10898630 -61.02942465 -47.18854794
1418 -54.20335616 -61.13095890 -47.27575342
1419 -54.29772602 -61.23249315 -47.36295890
1420 -54.39209589 -61.33402739 -47.45016438
1421 -54.48646575 -61.43556164 -47.53736986
1422 -54.58083561 -61.53709589 -47.62457534
1423 -54.67520547 -61.63863013 -47.71178082
1424 -54.76957534 -61.74016438 -47.79898630
1425 -54.86394520 -61.84169863 -47.88619178
1426 -54.95831506 -61.94323287 -47.97339726
1427 -55.05268493 -62.04476712 -48.06060273
1428 -55.14705479 -62.14630136 -48.14780821
1429 -55.24142465 -62.24783561 -48.23501369
1430 -55.33579452 -62.34936986 -48.32221917
1431 -55.43016438 -62.45090410 -48.40942465
1432 -55.52453424 -62.55243835 -48.49663013
1433 -55.61890410 -62.65397260 -48.58383561
1434 -55.71327397 -62.75550684 -48.67104109
1435 -55.80764383 -62.85704109 -48.75824657
1436 -55.90201369 -62.95857534 -48.84545205
1437 -55.99638356 -63.06010958 -48.93265753
1438 -56.09075342 -63.16164383 -49.01986301
1439 -56.18512328 -63.26317808 -49.10706849
1440 -56.27949315 -63.36471232 -49.19427397
1441 -56.37386301 -63.46624657 -49.28147945
1442 -56.46823287 -63.56778082 -49.36868493
1443 -56.56260273 -63.66931506 -49.45589041
1444 -56.65697260 -63.77084931 -49.54309589
1445 -56.75134246 -63.87238356 -49.63030136
1446 -56.84571232 -63.97391780 -49.71750684
1447 -56.94008219 -64.07545205 -49.80471232
1448 -57.03445205 -64.17698630 -49.89191780
1449 -57.12882191 -64.27852054 -49.97912328
1450 -57.22319178 -64.38005479 -50.06632876
1451 -57.31756164 -64.48158904 -50.15353424
1452 -57.41193150 -64.58312328 -50.24073972
1453 -57.50630136 -64.68465753 -50.32794520
1454 -57.60067123 -64.78619178 -50.41515068
1455 -57.69504109 -64.88772602 -50.50235616
1456 -57.78941095 -64.98926027 -50.58956164
1457 -57.88378082 -65.09079452 -50.67676712
1458 -57.97815068 -65.19232876 -50.76397260
1459 -58.07252054 -65.29386301 -50.85117808
1460 -58.16689041 -65.39539726 -50.93838356
1461 -58.26126027 -65.49693150 -51.02558904
1462 -58.35563013 -65.59846575 -51.11279452
1463 -58.45000000 -65.70000000 -51.20000000
1464 -58.55301369 -65.80983561 -51.29619178
1465 -58.65602739 -65.91967123 -51.39238356
1466 -58.75904109 -66.02950684 -51.48857534
1467 -58.86205479 -66.13934246 -51.58476712
1468 -58.96506849 -66.24917808 -51.68095890
1469 -59.06808219 -66.35901369 -51.77715068
1470 -59.17109589 -66.46884931 -51.87334246
1471 -59.27410958 -66.57868493 -51.96953424
1472 -59.37712328 -66.68852054 -52.06572602
1473 -59.48013698 -66.79835616 -52.16191780
1474 -59.58315068 -66.90819178 -52.25810958
1475 -59.68616438 -67.01802739 -52.35430136
1476 -59.78917808 -67.12786301 -52.45049315
1477 -59.89219178 -67.23769863 -52.54668493
1478 -59.99520547 -67.34753424 -52.64287671
1479 -60.09821917 -67.45736986 -52.73906849
1480 -60.20123287 -67.56720547 -52.83526027
1481 -60.30424657 -67.67704109 -52.93145205
1482 -60.40726027 -67.78687671 -53.02764383
1483 -60.51027397 -67.89671232 -53.12383561
1484 -60.61328767 -68.00654794 -53.22002739
1485 -60.71630136 -68.11638356 -53.31621917
1486 -60.81931506 -68.22621917 -53.41241095
1487 -60.92232876 -68.33605479 -53.50860273
1488 -61.02534246 -68.44589041 -53.60479452
1489 -61.12835616 -68.55572602 -53.70098630
1490 -61.23136986 -68.66556164 -53.79717808
1491 -61.33438356 -68.77539726 -53.89336986
1492 -61.43739726 -68.88523287 -53.98956164
1493 -61.54041095 -68.99506849 -54.08575342
1494 -61.64342465 -69.10490410 -54.18194520
1495 -61.74643835 -69.21473972 -54.27813698
1496 -61.84945205 -69.32457534 -54.37432876
1497 -61.95246575 -69.43441095 -54.47052054
1498 -62.05547945 -69.54424657 -54.56671232
1499 -62.15849315 -69.65408219 -54.66290410
1500 -62.26150684 -69.76391780 -54.75909589
1501 -62.36452054 -69.87375342 -54.85528767
1502 -62.46753424 -69.98358904 -54.95147945
1503 -62.57054794 -70.09342465 -55.04767123
1504 -62.67356164 -70.20326027 -55.14386301
1505 -62.77657534 -70.31309589 -55.24005479
1506 -62.87958904 -70.42293150 -55.33624657
1507 -62.98260273 -70.53276712 -55.43243835
1508 -63.08561643 -70.64260273 -55.52863013
1509 -63.18863013 -70.75243835 -55.62482191
1510 -63.29164383 -70.86227397 -55.72101369
1511 -63.39465753 -70.97210958 -55.81720547
1512 -63.49767123 -71.08194520 -55.91339726
1513 -63.60068493 -71.19178082 -56.00958904
1514 -63.70369863 -71.30161643 -56.10578082
1515 -63.80671232 -71.41145205 -56.20197260
1516 -63.90972602 -71.52128767 -56.29816438
1517 -64.01273972 -71.63112328 -56.39435616
1518 -64.11575342 -71.74095890 -56.49054794
1519 -64.21876712 -71.85079452 -56.58673972
1520 -64.32178082 -71.96063013 -56.68293150
1521 -64.42479452 -72.07046575 -56.77912328
1522 -64.52780821 -72.18030136 -56.87531506
1523 -64.63082191 -72.29013698 -56.97150684
1524 -64.73383561 -72.39997260 -57.06769863
1525 -64.83684931 -72.50980821 -57.16389041
1526 -64.93986301 -72.61964383 -57.26008219
1527 -65.04287671 -72.72947945 -57.35627397
1528 -65.14589041 -72.83931506 -57.45246575
1529 -65.24890410 -72.94915068 -57.54865753
1530 -65.35191780 -73.05898630 -57.64484931
1531 -65.45493150 -73.16882191 -57.74104109
1532 -65.55794520 -73.27865753 -57.83723287
1533 -65.66095890 -73.38849315 -57.93342465
1534 -65.76397260 -73.49832876 -58.02961643
1535 -65.86698630 -73.60816438 -58.12580821
1536 -65.97000000 -73.71800000 -58.22200000
1537 -66.07301369 -73.82783561 -58.31819178
1538 -66.17602739 -73.93767123 -58.41438356
1539 -66.27904109 -74.04750684 -58.51057534
1540 -66.38205479 -74.15734246 -58.60676712
1541 -66.48506849 -74.26717808 -58.70295890
1542 -66.58808219 -74.37701369 -58.79915068
1543 -66.69109589 -74.48684931 -58.89534246
1544 -66.79410958 -74.59668493 -58.99153424
1545 -66.89712328 -74.70652054 -59.08772602
1546 -67.00013698 -74.81635616 -59.18391780
1547 -67.10315068 -74.92619178 -59.28010958
1548 -67.20616438 -75.03602739 -59.37630136
1549 -67.30917808 -75.14586301 -59.47249315
1550 -67.41219178 -75.25569863 -59.56868493
1551 -67.51520547 -75.36553424 -59.66487671
1552 -67.61821917 -75.47536986 -59.76106849
1553 -67.72123287 -75.58520547 -59.85726027
1554 -67.82424657 -75.69504109 -59.95345205
1555 -67.92726027 -75.80487671 -60.04964383
1556 -68.03027397 -75.91471232 -60.14583561
1557 -68.13328767 -76.02454794 -60.24202739
1558 -68.23630136 -76.13438356 -60.33821917
1559 -68.33931506 -76.24421917 -60.43441095
1560 -68.44232876 -76.35405479 -60.53060273
1561 -68.54534246 -76.46389041 -60.62679452
1562 -68.64835616 -76.57372602 -60.72298630
1563 -68.75136986 -76.68356164 -60.81917808
1564 -68.85438356 -76.79339726 -60.91536986
1565 -68.95739726 -76.90323287 -61.01156164
1566 -69.06041095 -77.01306849 -61.10775342
1567 -69.16342465 -77.12290410 -61.20394520
1568 -69.26643835 -77.23273972 -61.30013698
1569 -69.36945205 -77.34257534 -61.39632876
1570 -69.47246575 -77.45241095 -61.49252054
1571 -69.57547945 -77.56224657 -61.58871232
1572 -69.67849315 -77.67208219 -61.68490410
1573 -69.78150684 -77.78191780 -61.78109589
1574 -69.88452054 -77.89175342 -61.87728767
1575 -69.98753424 -78.00158904 -61.97347945
1576 -70.09054794 -78.11142465 -62.06967123
1577 -70.19356164 -78.22126027 -62.16586301
1578 -70.29657534 -78.33109589 -62.26205479
1579 -70.39958904 -78.44093150 -62.35824657
1580 -70.50260273 -78.55076712 -62.45443835
1581 -70.60561643 -78.66060273 -62.55063013
1582 -70.70863013 -78.77043835 -62.64682191
1583 -70.81164383 -78.88027397 -62.74301369
1584 -70.91465753 -78.99010958 -62.83920547
1585 -71.01767123 -79.09994520 -62.93539726
1586 -71.12068493 -79.20978082 -63.03158904
1587 -71.22369863 -79.31961643 -63.12778082
1588 -71.32671232 -79.42945205 -63.22397260
1589 -71.42972602 -79.53928767 -63.32016438
1590 -71.53273972 -79.64912328 -63.41635616
1591 -71.63575342 -79.75895890 -63.51254794
1592 -71.73876712 -79.86879452 -63.60873972
1593 -71.84178082 -79.97863013 -63.70493150
1594 -71.94479452 -80.08846575 -63.80112328
1595 -72.04780821 -80.19830136 -63.89731506
1596 -72.15082191 -80.30813698 -63.99350684
1597 -72.25383561 -80.41797260 -64.08969863
1598 -72.35684931 -80.52780821 -64.18589041
1599 -72.45986301 -80.63764383 -64.28208219
1600 -72.56287671 -80.74747945 -64.37827397
1601 -72.66589041 -80.85731506 -64.47446575
1602 -72.76890410 -80.96715068 -64.57065753
1603 -72.87191780 -81.07698630 -64.66684931
1604 -72.97493150 -81.18682191 -64.76304109
1605 -73.07794520 -81.29665753 -64.85923287
1606 -73.18095890 -81.40649315 -64.95542465
1607 -73.28397260 -81.51632876 -65.05161643
1608 -73.38698630 -81.62616438 -65.14780821
1609 -73.49000000 -81.73600000 -65.24400000
1610 -73.59301369 -81.84583561 -65.34019178
1611 -73.69602739 -81.95567123 -65.43638356
1612 -73.79904109 -82.06550684 -65.53257534
1613 -73.90205479 -82.17534246 -65.62876712
1614 -74.00506849 -82.28517808 -65.72495890
1615 -74.10808219 -82.39501369 -65.82115068
1616 -74.21109589 -82.50484931 -65.91734246
1617 -74.31410958 -82.61468493 -66.01353424
1618 -74.41712328 -82.72452054 -66.10972602
1619 -74.52013698 -82.83435616 -66.20591780
1620 -74.62315068 -82.94419178 -66.30210958
1621 -74.72616438 -83.05402739 -66.39830136
1622 -74.82917808 -83.16386301 -66.49449315
1623 -74.93219178 -83.27369863 -66.59068493
1624 -75.03520547 -83.38353424 -66.68687671
1625 -75.13821917 -83.49336986 -66.78306849
1626 -75.24123287 -83.60320547 -66.87926027
1627 -75.34424657 -83.71304109 -66.97545205
1628 -75.44726027 -83.82287671 -67.07164383
1629 -75.55027397 -83.93271232 -67.16783561
1630 -75.65328767 -84.04254794 -67.26402739
1631 -75.75630136 -84.15238356 -67.36021917
1632 -75.85931506 -84.26221917 -67.45641095
1633 -75.96232876 -84.37205479 -67.55260273
1634 -76.06534246 -84.48189041 -67.64879452
1635 -76.16835616 -84.59172602 -67.74498630
1636 -76.27136986 -84.70156164 -67.84117808
1637 -76.37438356 -84.81139726 -67.93736986
1638 -76.47739726 -84.92123287 -68.03356164
1639 -76.58041095 -85.03106849 -68.12975342
1640 -76.68342465 -85.14090410 -68.22594520
1641 -76.78643835 -85.25073972 -68.32213698
1642 -76.88945205 -85.36057534 -68.41832876
1643 -76.99246575 -85.47041095 -68.51452054
1644 -77.09547945 -85.58024657 -68.61071232
1645 -77.19849315 -85.69008219 -68.70690410
1646 -77.30150684 -85.79991780 -68.80309589
1647 -77.40452054 -85.90975342 -68.89928767
1648 -77.50753424 -86.01958904 -68.99547945
1649 -77.61054794 -86.12942465 -69.09167123
1650 -77.71356164 -86.23926027 -69.18786301
1651 -77.81657534 -86.34909589 -69.28405479
1652 -77.91958904 -86.45893150 -69.38024657
1653 -78.02260273 -86.56876712 -69.47643835
1654 -78.12561643 -86.67860273 -69.57263013
1655 -78.22863013 -86.78843835 -69.66882191
1656 -78.33164383 -86.89827397 -69.76501369
1657 -78.43465753 -87.00810958 -69.86120547
1658 -78.53767123 -87.11794520 -69.95739726
1659 -78.64068493 -87.22778082 -70.05358904
1660 -78.74369863 -87.33761643 -70.14978082
1661 -78.84671232 -87.44745205 -70.24597260
1662 -78.94972602 -87.55728767 -70.34216438
1663 -79.05273972 -87.66712328 -70.43835616
1664 -79.15575342 -87.77695890 -70.53454794
1665 -79.25876712 -87.88679452 -70.63073972
1666 -79.36178082 -87.99663013 -70.72693150
1667 -79.46479452 -88.10646575 -70.82312328
1668 -79.56780821 -88.21630136 -70.91931506
1669 -79.67082191 -88.32613698 -71.01550684
1670 -79.77383561 -88.43597260 -71.11169863
1671 -79.87684931 -88.54580821 -71.20789041
1672 -79.97986301 -88.65564383 -71.30408219
1673 -80.08287671 -88.76547945 -71.40027397
1674 -80.18589041 -88.87531506 -71.49646575
1675 -80.28890410 -88.98515068 -71.59265753
1676 -80.39191780 -89.09498630 -71.68884931
1677 -80.49493150 -89.20482191 -71.78504109
1678 -80.59794520 -89.31465753 -71.88123287
1679 -80.70095890 -89.42449315 -71.97742465
1680 -80.80397260 -89.53432876 -72.07361643
1681 -80.90698630 -89.64416438 -72.16980821
1682 -81.01000000 -89.75400000 -72.26600000
1683 -81.11301369 -89.86383561 -72.36219178
1684 -81.21602739 -89.97367123 -72.45838356
1685 -81.31904109 -90.08350684 -72.55457534
1686 -81.42205479 -90.19334246 -72.65076712
1687 -81.52506849 -90.30317808 -72.74695890
1688 -81.62808219 -90.41301369 -72.84315068
1689 -81.73109589 -90.52284931 -72.93934246
1690 -81.83410958 -90.63268493 -73.03553424
1691 -81.93712328 -90.74252054 -73.13172602
1692 -82.04013698 -90.85235616 -73.22791780
1693 -82.14315068 -90.96219178 -73.32410958
1694 -82.24616438 -91.07202739 -73.42030136
1695 -82.34917808 -91.18186301 -73.51649315
1696 -82.45219178 -91.29169863 -73.61268493
1697 -82.55520547 -91.40153424 -73.70887671
1698 -82.65821917 -91.51136986 -73.80506849
1699 -82.76123287 -91.62120547 -73.90126027
1700 -82.86424657 -91.73104109 -73.99745205
1701 -82.96726027 -91.84087671 -74.09364383
1702 -83.07027397 -91.95071232 -74.18983561
1703 -83.17328767 -92.06054794 -74.28602739
1704 -83.27630136 -92.17038356 -74.38221917
1705 -83.37931506 -92.28021917 -74.47841095
1706 -83.48232876 -92.39005479 -74.57460273
1707 -83.58534246 -92.49989041 -74.67079452
1708 -83.68835616 -92.60972602 -74.76698630
1709 -83.79136986 -92.71956164 -74.86317808
1710 -83.89438356 -92.82939726 -74.95936986
1711 -83.99739726 -92.93923287 -75.05556164
1712 -84.10041095 -93.04906849 -75.15175342
1713 -84.20342465 -93.15890410 -75.24794520
1714 -84.30643835 -93.26873972 -75.34413698
1715 -84.40945205 -93.37857534 -75.44032876
1716 -84.51246575 -93.48841095 -75.53652054
1717 -84.61547945 -93.59824657 -75.63271232
1718 -84.71849315 -93.70808219 -75.72890410
1719 -84.82150684 -93.81791780 -75.82509589
1720 -84.92452054 -93.92775342 -75.92128767
1721 -85.02753424 -94.03758904 -76.01747945
1722 -85.13054794 -94.14742465 -76.11367123
1723 -85.23356164 -94.25726027 -76.20986301
1724 -85.33657534 -94.36709589 -76.30605479
1725 -85.43958904 -94.47693150 -76.40224657
1726 -85.54260273 -94.58676712 -76.49843835
1727 -85.64561643 -94.69660273 -76.59463013
1728 -85.74863013 -94.80643835 -76.69082191
1729 -85.85164383 -94.91627397 -76.78701369
1730 -85.95465753 -95.02610958 -76.88320547
1731 -86.05767123 -95.13594520 -76.97939726
1732 -86.16068493 -95.24578082 -77.07558904
1733 -86.26369863 -95.35561643 -77.17178082
1734 -86.36671232 -95.46545205 -77.26797260
1735 -86.46972602 -95.57528767 -77.36416438
1736 -86.57273972 -95.68512328 -77.46035616
1737 -86.67575342 -95.79495890 -77.55654794
1738 -86.77876712 -95.90479452 -77.65273972
1739 -86.88178082 -96.01463013 -77.74893150
1740 -86.98479452 -96.12446575 -77.84512328
1741 -87.08780821 -96.23430136 -77.94131506
1742 -87.19082191 -96.34413698 -78.03750684
1743 -87.29383561 -96.45397260 -78.13369863
1744 -87.39684931 -96.56380821 -78.22989041
1745 -87.49986301 -96.67364383 -78.32608219
1746 -87.60287671 -96.78347945 -78.42227397
1747 -87.70589041 -96.89331506 -78.51846575
1748 -87.80890410 -97.00315068 -78.61465753
1749 -87.91191780 -97.11298630 -78.71084931
1750 -88.01493150 -97.22282191 -78.80704109
1751 -88.11794520 -97.33265753 -78.90323287
1752 -88.22095890 -97.44249315 -78.99942465
1753 -88.32397260 -97.55232876 -79.09561643
1754 -88.42698630 -97.66216438 -79.19180821
1755 -88.53000000 -97.77200000 -79.28800000
1756 -88.63301369 -97.88183561 -79.38419178
1757 -88.73602739 -97.99167123 -79.48038356
1758 -88.83904109 -98.10150684 -79.57657534
1759 -88.94205479 -98.21134246 -79.67276712
1760 -89.04506849 -98.32117808 -79.76895890
1761 -89.14808219 -98.43101369 -79.86515068
1762 -89.25109589 -98.54084931 -79.96134246
1763 -89.35410958 -98.65068493 -80.05753424
1764 -89.45712328 -98.76052054 -80.15372602
1765 -89.56013698 -98.87035616 -80.24991780
1766 -89.66315068 -98.98019178 -80.34610958
1767 -89.76616438 -99.09002739 -80.44230136
1768 -89.86917808 -99.19986301 -80.53849315
1769 -89.97219178 -99.30969863 -80.63468493
1770 -90.07520547 -99.41953424 -80.73087671
1771 -90.17821917 -99.52936986 -80.82706849
1772 -90.28123287 -99.63920547 -80.92326027
1773 -90.38424657 -99.74904109 -81.01945205
1774 -90.48726027 -99.85887671 -81.11564383
1775 -90.59027397 -99.96871232 -81.21183561
1776 -90.69328767 -100.07854794 -81.30802739
1777 -90.79630136 -100.18838356 -81.40421917
1778 -90.89931506 -100.29821917 -81.50041095
1779 -91.00232876 -100.40805479 -81.59660273
1780 -91.10534246 -100.51789041 -81.69279452
1781 -91.20835616 -100.62772602 -81.78898630
1782 -91.31136986 -100.73756164 -81.88517808
1783 -91.41438356 -100.84739726 -81.98136986
1784 -91.51739726 -100.95723287 -82.07756164
1785 -91.62041095 -101.06706849 -82.17375342
1786 -91.72342465 -101.17690410 -82.26994520
1787 -91.82643835 -101.28673972 -82.36613698
1788 -91.92945205 -101.39657534 -82.46232876
1789 -92.03246575 -101.50641095 -82.55852054
1790 -92.13547945 -101.61624657 -82.65471232
1791 -92.23849315 -101.72608219 -82.75090410
1792 -92.34150684 -101.83591780 -82.84709589
1793 -92.44452054 -101.94575342 -82.94328767
1794 -92.54753424 -102.05558904 -83.03947945
1795 -92.65054794 -102.16542465 -83.13567123
1796 -92.75356164 -102.27526027 -83.23186301
1797 -92.85657534 -102.38509589 -83.32805479
1798 -92.95958904 -102.49493150 -83.42424657
1799 -93.06260273 -102.60476712 -83.52043835
1800 -93.16561643 -102.71460273 -83.61663013
1801 -93.26863013 -102.82443835 -83.71282191
1802 -93.37164383 -102.93427397 -83.80901369
1803 -93.47465753 -103.04410958 -83.90520547
1804 -93.57767123 -103.15394520 -84.00139726
1805 -93.68068493 -103.26378082 -84.09758904
1806 -93.78369863 -103.37361643 -84.19378082
1807 -93.88671232 -103.48345205 -84.28997260
1808 -93.98972602 -103.59328767 -84.38616438
1809 -94.09273972 -103.70312328 -84.48235616
1810 -94.19575342 -103.81295890 -84.57854794
1811 -94.29876712 -103.92279452 -84.67473972
1812 -94.40178082 -104.03263013 -84.77093150
1813 -94.50479452 -104.14246575 -84.86712328
1814 -94.60780821 -104.25230136 -84.96331506
1815 -94.71082191 -104.36213698 -85.05950684
1816 -94.81383561 -104.47197260 -85.15569863
1817 -94.91684931 -104.58180821 -85.25189041
1818 -95.01986301 -104.69164383 -85.34808219
1819 -95.12287671 -104.80147945 -85.44427397
1820 -95.22589041 -104.91131506 -85.54046575
1821 -95.32890410 -105.02115068 -85.63665753
1822 -95.43191780 -105.13098630 -85.73284931
1823 -95.53493150 -105.24082191 -85.82904109
1824 -95.63794520 -105.35065753 -85.92523287
1825 -95.74095890 -105.46049315 -86.02142465
1826 -95.84397260 -105.57032876 -86.11761643
1827 -95.94698630 -105.68016438 -86.21380821
1828 -96.05000000 -105.79000000 -86.31000000
