 1.77272099101801
2 2.57831594591399
1 3.21260152500033
4 4.16419145670494
5 5.11541093292604
6 6.06669350674919
7 6.99216659298119
8 7.91770074230475
9 8.84329597432938
10 9.76895228413332
11 10.6961276556269
12 11.6233646976334
13 12.550663439534
14 13.5213132926087
15 14.4920282542541
16 15.4628083212108
17 16.4336535000002
18 17.4131852361808
19 18.392785886646
20 19.3724554513982
21 20.3521939271723
22 21.3320013204954
23 22.3118776281047
24 23.291822850001
25 24.2700166830004
26 25.2482786280005
27 26.2266086850005
28 27.2050068539996
29 28.1834731350002
30 29.1620075280007
31 30.1406100330002
32 31.1192806500005
33 32.0980193790007
34 33.1765679400118
35 34.2562703007621
36 35.3360495412186
37 36.41590567772
38 37.4958387020966
39 38.5758486143474
40 39.6559354177527
41 40.7360991057539
42 41.8163396701846
43 42.8966571339369
44 43.9770514888444
45 45.057522728347
46 46.1380708557256
47 47.2186958709769
48 48.2993977659395
49 49.3801765569419
50 50.4610322358194
51 51.541964802573
52 52.6229742604892
53 53.7040606029922
54 54.7852238219165
55 55.8664639401707
56 56.94778094959
57 58.0291748435945
58 59.1106456254741
59 60.1921932952273
60 61.2738178446949
61 62.3555192901992
62 63.4372976235778
63 64.487774218229
64 65.538325083923
65 66.5889502369802
66 67.6359244206227
67 68.6829711341595
68 69.7300903546723
69 70.7772821050811
70 71.824546362465
71 72.8718831497458
72 73.919292444
73 74.9667742681526
74 76.0143285992771
75 77.0619554603017
76 78.1096548282973
77 79.1574267261938
78 80.2052711310597
79 81.2531880658282
80 82.3011775075652
81 83.3492394792039
82 84.3973739578128
83 85.4455809663227
84 86.4938604818027
85 87.5422125271854
86 88.5906370795357
87 89.6391341617894
88 90.68770375101
89 91.7363458701365
90 92.7850604962274
91 93.833847652225
92 94.882707315187
93 95.9316395080574
94 96.9806442078896
95 98.0147727635447
96 99.0506340691337
97 100.086567436696
98 101.122572889182
99 102.15865040364
100 103.194800003021
101 104.231021664375
102 105.267315399175
103 106.303681218898
104 107.340119100595
105 108.376629067214
106 109.413211095805
107 110.449865209321
108 111.486591384806
109 112.523389645219
110 113.560259967598
111 114.597202363425
112 115.63421684418
113 116.671303386902
114 117.708462014553
115 118.745692704169
116 119.782995478717
117 120.820370315229
118 121.857817225188
119 122.895336220078
120 123.932927276932
121 124.970590418718
122 126.008325622467
123 127.046132911149
124 128.084012261792
125 129.121963685884
126 130.159987194909
127 131.198082765894
128 132.236250421816
129 133.274250983554
130 134.312323524045
131 135.350468013611
132 136.388684481929
133 137.42697289932
134 138.465333283976
135 139.503765640685
136 140.542269949816
137 141.580846237705
138 142.619494474661
139 143.658214690379
140 144.697006855161
141 145.735870987214
142 146.774807091315
143 147.813815147836
144 148.852895183125
145 149.892047167472
146 150.931271130589
147 151.970567042763
148 153.009934922211
149 154.049374773707
150 155.088886577618
151 156.128470360306
152 157.168126092044
153 158.207853802561
154 159.247653462125
155 160.28752510047
156 161.32746868786
157 162.38598617477
158 163.444584057089
159 164.503262311814
160 165.562020958577
161 166.620859981116
162 167.679779399064
163 168.738779189416
164 169.797859363674
165 170.857019933345
166 171.91626087204
167 172.975582209526
168 174.034983919411
169 175.094466024712
170 176.154028502411
171 177.213671364017
172 178.273394617659
173 179.333198247077
174 180.393082271914
175 181.453046669147
176 182.5130914618
177 183.573216626847
178 184.633422183927
179 185.693708116787
180 186.754074433554
181 187.814521145742
182 188.875048230323
183 189.935655710327
184 190.996343559331
185 192.057111807149
186 193.117960427356
187 194.236396327172
188 195.343519907823
189 196.450723632316
190 197.558007489131
191 198.66537146675
192 199.772815588213
193 200.880339842
194 201.987944216586
195 203.095628735019
196 204.203393389174
197 205.311238160731
198 206.419163076135
199 207.52716812386
200 208.635253292386
201 209.743418604758
202 210.851664049454
203 211.959989614948
204 213.06839532429
205 214.176881165956
206 215.285447128419
207 216.394093234732
208 217.502819473367
209 218.611625832798
210 219.72051233608
211 220.829478971685
212 221.938525731498
213 223.047652631751
214 224.156859664328
215 225.266146817697
216 226.37551411492
217 227.484961544465
218 228.594489094802
219 229.704096788994
220 230.813784615512
221 231.923471946152
222 233.033239382154
223 234.143086911983
224 235.253014524105
225 236.363022241589
226 237.473110052899
227 238.5832779465
228 239.693525945466
229 240.803854038259
230 241.914262213341
231 243.024750493788
232 244.135318868063
233 245.245967324625
234 246.356695889985
235 247.467504545742
236 248.578393283786
237 249.689362127197
238 250.800411064437
239 251.91154008396
240 253.022749208854
241 254.134038427575
242 255.245407728578
243 256.356857134955
244 257.468386635157
245 258.57999621764
246 259.691685905497
247 260.803455687182
248 261.918104178984
249 263.032834104
250 264.147645450683
251 265.262538207484
252 266.3775123975
253 267.492568009184
254 268.607705030983
255 269.722923486
256 270.838223362684
257 271.953604649482
258 273.069067369502
259 274.184611511185
260 275.300237062981
261 276.415944048
262 277.531732454684
263 278.647602271482
264 279.763553521499
265 280.879586193186
266 281.995700274982
267 283.11189579
268 284.228172726686
269 285.34453107348
270 286.4609708535
271 287.577492055187
272 288.694094666979
273 289.810778712001
274 290.927544178687
275 292.044391055479
276 293.1613193655
277 294.242540779242
278 295.321702568764
279 296.400941739984
280 297.48025826284
281 298.559652163924
282 299.639123423581
283 300.718672057999
284 301.798298059085
285 302.878001418743
286 303.957782153161
287 305.037640242679
288 306.117575713906
289 307.197588536755
290 308.277678737841
291 309.35784630907
292 310.438091231919
293 311.518413533004
294 312.598813192663
295 313.679290227081
296 314.759844616594
297 315.840476387828
298 316.921185522246
299 318.001972011757
300 319.082835882991
301 320.163777105836
302 321.24479570692
303 322.325891666581
304 323.407065001
305 324.488315702085
306 325.569643761747
307 326.651049196165
308 327.734476166428
309 328.817981386712
310 329.901564840847
311 330.985226545002
312 332.068966494587
313 333.152784671033
314 334.236681104489
315 335.320655768301
316 336.404708682133
317 337.488839829814
318 338.573049227516
319 339.657336870653
320 340.741702744143
321 341.82614686765
322 342.910669225011
323 343.99526983239
324 345.07994867362
325 346.164705764869
326 347.249541101559
327 348.334454668596
328 349.419446485651
329 350.50451653656
330 351.589664837484
331 352.674891372265
332 353.760196160569
333 354.8455791873
334 355.931040447887
335 357.016579958488
336 358.102197702946
337 359.187893697418
338 360.273667925746
339 361.358148473
340 362.442706648825
341 363.52734244163
342 364.612055874599
343 365.696846924545
344 366.781715614656
345 367.866661921745
346 368.951685869
347 370.036787444827
348 371.121966637629
349 372.207223470599
350 373.292557920543
351 374.377970010657
352 375.463459717743
353 376.549027065
354 377.634672040829
355 378.720394633629
356 379.8061948666
357 380.892072716542
358 381.978028206657
359 383.064061313742
360 384.150172061
361 385.236360436831
362 386.322626429628
363 387.408970062602
364 388.495391312541
365 389.581890202658
366 390.66846670974
367 391.755120856999
368 392.850864587252
369 393.943559792896
370 395.036331995346
371 396.129181187521
372 397.222107372961
373 398.315110566819
374 399.40819073879
375 400.501347904028
376 401.594582066073
377 402.687893217841
378 403.781281362874
379 404.874746504718
380 405.968288636281
381 407.061907764657
382 408.155603882749
383 409.249376994109
384 410.343227102284
385 411.437154211788
386 412.531158302943
387 413.625239390917
388 414.719397468602
389 415.813632539553
390 416.907944607323
391 418.002333664806
392 419.096799715552
393 420.191342763121
394 421.285962800397
395 422.380659830939
396 423.475433869927
397 424.570284887
398 425.665212897338
399 426.760217904503
400 427.855299901372
401 428.950458891507
402 430.04569487847
403 431.141007855134
404 432.23639782863
405 433.331864791825
406 434.427408748285
407 435.52302970158
408 436.618727656196
409 437.714502592453
410 438.810354525547
411 439.906283448332
412 441.002289364385
413 442.098372277276
414 443.194532179858
415 444.290769075706
416 445.387082968395
417 446.483473850773
418 447.579941726417
419 448.676486610535
420 449.77310847271
421 450.869807328149
422 451.966583180434
423 453.063436022404
424 454.16036585764
425 455.257372689724
426 456.354456511488
427 457.451617330104
428 458.5488551384
429 459.646169939962
430 460.743561738377
431 461.841030538105
432 462.938576319463
433 464.036199097676
434 465.133898865563
435 466.231675626717
436 467.329529384727
437 468.427460132412
438 469.525467873361
439 470.623552611169
440 471.721714338649
441 472.819953059394
442 473.918268788643
443 475.016661495919
444 476.11513119646
445 477.213677893865
446 478.312301580936
447 479.411002261272
448 480.509779938475
449 481.608634605343
450 482.707566269078
451 483.806574922476
452 484.905660569138
453 486.004823212673
454 487.104062857515
455 488.203379483973
456 489.302773107306
457 490.402243720295
458 491.50179132655
459 492.60141592968
460 493.701117522464
461 494.799639949888
462 495.898238822204
463 496.996914132189
464 498.095665883453
465 499.194494087651
466 500.293398725093
467 501.3923798002
468 502.491437316586
469 503.590571274253
470 504.689781676818
471 505.789068517047
472 506.888431798555
473 507.987871521343
474 509.087387689035
475 510.186980294385
476 511.286649341015
477 512.386394840585
478 513.486216773401
479 514.586115143874
480 515.686089955626
481 516.786141208657
482 517.886268906599
483 518.986473042192
484 520.086753619066
485 521.187110640851
486 522.287544100286
487 523.388054001002
488 524.488640354663
489 525.589303141573
490 526.69004236613
491 527.790858031968
492 528.891750139085
493 529.992718691119
494 531.093763680799
495 532.194885111758
496 533.296082983997
497 534.397357301157
498 535.498708055958
499 536.600135252038
500 537.701638901072
501 538.803218983356
502 539.90487550328
503 541.006608464482
504 542.108417866964
505 543.210303714375
506 544.31226599942
507 545.414304725744
508 546.516419896999
509 547.618611505884
510 548.72087955605
511 549.823224059173
512 550.925644995553
513 552.028142369561
514 553.130716184848
515 554.233366441416
516 555.336093142921
517 556.438896282051
518 557.54177586246
519 558.644731884151
520 559.74776435078
521 560.850873255032
522 561.954058600563
523 563.057320399058
524 564.160658630811
525 565.264073300184
526 566.367564410839
527 567.471131962772
528 568.574775959652
529 569.678496394148
530 570.782293269923
531 571.886166590645
532 572.990116348983
533 574.0941425486
534 575.198245201184
535 576.302424287032
536 577.406679810491
537 578.51101177523
538 579.61542018125
539 580.719905032222
540 581.824466320803
541 582.929104050663
542 584.033818221804
543 585.138608837901
544 586.243475891604
545 587.348419386587
546 588.453439334544
547 589.558535715766
548 590.66370853459
549 591.768957794696
550 592.874283496081
551 593.979685642428
552 594.945588230216
553 595.90346444905
554 596.860912477793
555 597.817933463331
556 598.773817925923
557 599.729272689917
558 600.684297057422
559 601.638890279955
560 602.593052954432
561 603.54678483544
562 604.50008655879
563 605.452957368573
564 606.405396531535
565 607.357405218114
566 608.308982059425
567 609.260128237698
568 610.210842446156
569 611.16112506384
570 612.110976738462
571 613.06039606574
572 614.009384251535
573 614.957940546993
574 615.906064203152
575 616.853755856064
576 617.801015252733
577 618.747843017615
578 619.694238425114
579 620.640200714404
580 621.585731091704
581 622.530828155864
582 623.47549314092
583 624.419724692457
584 625.363523232234
585 626.306889392902
586 627.249821781035
587 628.192321618592
588 629.134388137123
589 630.076020590897
590 631.017220221733
591 631.957984991636
592 632.898317360782
593 633.838215958854
594 634.777680016543
595 635.716710803625
596 636.655307550808
597 637.59346948497
598 638.531197883463
599 639.468490672481
600 640.405350351833
601 641.341775543332
602 642.277765465695
603 643.21332140823
604 644.148441906183
605 645.083128237235
606 646.017379045725
607 646.9511947346
608 647.884576011097
609 648.817521398444
610 649.750032198013
611 650.68210763633
612 651.61374690463
613 652.544951343338
614 653.475718823063
615 654.406051927153
616 655.335949213675
617 656.265409920603
618 657.194435361441
619 658.1230240391
620 659.051177294916
621 659.978894335367
622 660.906173718019
623 661.833018058484
624 662.759425198865
625 663.685396515403
626 664.6109311915
627 665.536028421635
628 666.460689566747
629 667.384912480168
630 668.308699778226
631 669.232050029863
632 670.154962429401
633 671.077438354038
634 671.999476974648
635 672.921077493453
636 673.842241295288
637 674.762966197604
638 675.683254868229
639 676.603105844703
640 677.522518309357
641 678.441493659029
642 679.360030356325
643 680.278129786457
644 681.195791131717
645 682.11301292913
646 683.029797870845
647 683.946143761791
648 684.852205927657
649 685.757826308557
650 686.663004066864
651 687.567740646018
652 688.472033799336
653 689.375886273735
654 690.279296585745
655 691.182263924324
656 692.084789706438
657 692.986872369422
658 693.888513342089
659 694.789711801622
660 695.690466252313
661 696.590779477143
662 697.490649205169
663 698.390076915722
664 699.289061759075
665 700.187602900403
666 701.085701804178
667 701.98335687193
668 702.88056889853
669 703.777338388516
670 704.673663833945
671 705.569546702851
672 706.464985393181
673 707.359981373079
674 708.254533816
675 709.148641863322
676 710.042306345408
677 710.935527755206
678 711.828304572575
679 712.720638301252
680 713.612527291697
681 714.503973071272
682 715.39497478968
683 716.285530894469
684 717.175644261752
685 718.065312586704
686 718.954537370144
687 719.84331776494
688 720.731652908761
689 721.619544341195
690 722.506990388576
691 723.393991896811
692 724.280549391101
693 725.166661330275
694 726.052329227366
695 726.937551435253
696 727.822329502362
697 728.706662545985
698 729.590549715234
699 730.473991868051
700 731.35698870637
701 732.23954110004
702 733.121648186377
703 734.003309082402
704 734.88452536053
705 735.765295337766
706 736.645619868929
707 737.525499506414
708 738.404932646035
709 739.283920887402
710 740.162462520321
711 741.040559144524
712 741.91820986171
713 742.795413812139
714 743.672171862655
715 744.548484554071
716 745.424350293506
717 746.299770692833
718 747.174744006047
719 748.04927188046
720 748.923353405744
721 749.796987698385
722 750.670175649035
723 751.542916974563
724 752.415212565775
725 753.287061550897
726 754.158463019319
727 755.029418618862
728 755.899926579341
729 756.769988560478
730 757.639602945051
731 758.508770262371
732 759.377491438839
733 760.245764730923
734 761.113591783476
735 761.981390343394
736 762.848740996113
737 763.715644656221
738 764.692406488874
739 765.669051839447
740 766.645579765283
741 767.621992018019
742 768.598286912792
743 769.574466177819
744 770.550529011801
745 771.526474550974
746 772.502304562547
747 773.478017346155
748 774.453614677129
749 775.429094819279
750 776.404459572008
751 777.379707202817
752 778.354839487684
753 779.329854717568
754 780.304754656798
755 781.279537584439
756 782.254205300321
757 783.228756059818
758 784.203191662905
759 785.177511119332
760 786.151714720266
761 787.125802367519
762 788.099773196526
763 789.073629019412
764 790.04736807936
765 791.020992188632
766 791.994499602092
767 792.967892120356
768 793.941167986377
769 794.914329024499
770 795.887373477563
771 796.86030314647
772 797.833116285736
773 798.805814708201
774 799.778396652646
775 800.750863943536
776 801.723214808053
777 802.695451086431
778 803.667571890524
779 804.63957711421
780 805.611467084366
781 806.58324075102
782 807.554899974852
783 808.526442962553
784 809.497871574952
785 810.469184002986
786 811.440382107332
787 812.411464079109
788 813.38243179478
789 814.353283445335
790 815.324020883791
791 816.294642301014
792 817.265149585574
793 818.235540904614
794 819.205818135053
795 820.175980388271
796 821.146026755462
797 822.115959133828
798 823.085775678111
799 824.055479088208
800 825.025065937
801 825.994538904741
802 826.963896146201
803 827.933139586216
804 828.902267355813
805 829.871281368178
806 830.840179766019
807 831.808964474485
808 832.777633624344
809 833.746189140906
810 834.714629143002
811 835.682955575863
812 836.651167514703
813 837.619264023051
814 838.587247050227
815 839.555114702926
816 840.522868930629
817 841.4905078399
818 842.458033392194
819 843.425444473737
820 844.392741451141
821 845.359923222289
822 846.326991737134
823 847.293945090037
824 848.260785262696
825 849.22751033729
826 850.19412227228
827 851.160619165389
828 852.127002975235
829 853.093272780427
830 854.059427608524
831 855.025469469288
832 855.991396397393
833 856.957210414584
834 857.922909567215
835 858.888495853551
836 859.853967331638
837 860.819325996031
838 861.784569916249
839 862.749701087224
840 863.71471838626
841 864.679622164916
842 865.644411312159
843 866.609087811411
844 867.573649723847
845 868.538099056696
846 869.502434864459
847 870.466656150513
848 871.430764949654
849 872.394759295404
850 873.358641207015
851 874.322408717677
852 875.286063858832
853 876.249604643754
854 877.213033127704
855 878.176347300163
856 879.139549228383
857 880.102636913548
858 881.065612399403
859 882.028473698829
860 882.991223707704
861 883.953858730985
862 884.916381676333
863 885.87879154673
864 886.841087372393
865 887.803271197628
866 888.765341011182
867 889.72729890487
868 890.689142843629
869 891.650874895761
870 892.612493061582
871 893.573999409555
872 894.53539190435
873 895.496672638265
874 896.457839583781
875 897.418894821365
876 898.379836323516
877 899.340666186603
878 900.301382347461
879 901.261986938154
880 902.222479790034
881 903.182858168456
882 904.14312505455
883 905.103278376709
884 906.063320251819
885 907.023248643666
886 907.983065633768
887 908.94276917003
888 909.902361393221
889 910.861840215704
890 911.821207758632
891 912.780461969765
892 913.739604958578
893 914.69863466084
894 915.65755320989
895 916.616358505815
896 917.575052717668
897 918.533634799951
898 919.492103722657
899 920.450461627607
900 921.408706426258
901 922.36684116114
902 923.324861954251
903 924.282771852174
904 925.24056874249
905 926.198254795033
906 927.155827885386
907 928.113290207259
908 929.070639624235
909 930.027878318349
910 930.985004153036
911 931.942019334209
912 932.898921713305
913 933.855713480639
914 934.812393590047
915 935.768960983452
916 936.725417855352
917 937.681762044952
918 938.6379957825
919 939.594116907048
920 940.550127613445
921 941.50602666564
922 942.461814456043
923 943.417489736557
924 944.373054734037
925 945.328507263291
926 946.283849551421
927 947.239079428879
928 948.194199134803
929 949.149206475771
930 950.104103691101
931 951.058889726149
932 952.013563462935
933 952.968127168632
934 953.922578645578
935 954.876920137394
936 955.831149446268
937 956.785268847661
938 957.73927610795
939 958.693173514704
940 959.646958838081
941 960.600635279681
942 961.554198769979
943 962.507652510709
944 963.460994283602
945 964.414226341152
946 965.367346500547
947 966.320357002582
948 967.273256780201
949 968.226044702934
950 969.178723071152
951 970.131289650247
952 971.083746728939
953 972.036092064539
954 972.988327957818
955 973.940452165936
956 974.892466989842
957 975.844370162796
958 976.79616402155
959 977.747846275459
960 978.699419261457
961 979.650880724374
962 980.602233892127
963 981.553474640732
964 982.50460623386
965 983.455627540581
966 984.406537433734
967 985.357338250882
968 986.308027712569
969 987.258608156536
970 988.209077291291
971 989.15943745476
972 990.109686367174
973 991.05982636664
974 992.009855161354
975 992.959775101486
976 993.909583891119
977 994.859283892484
978 995.808872773858
979 996.758352925387
980 997.707722015186
981 998.656982421708
982 999.60613396428
983 1000.55517356587
984 1001.50410456397
985 1002.45292464217
986 1003.40163617539
987 1004.35023682328
988 1005.29872898475
989 1006.24711032718
990 1007.19538322592
991 1008.14354536007
992 1009.09159910912
993 1010.03954212824
994 1010.98737683277
995 1011.93510085394
996 1012.88271661917
997 1013.83022175953
998 1014.77761867884
999 1015.72490623304
1000 1016.67208323034
1001 1017.61915209466
1002 1018.56611144392
1003 1019.51296175551
1004 1020.45970159956
1005 1021.40633344005
1006 1022.35285487161
1007 1023.29926834652
1008 1024.24557147112
1009 1025.19176669789
1010 1026.13785160923
1011 1027.08382869348
1012 1028.02969550909
1013 1028.97545454062
1014 1029.92110337017
1015 1030.86664445867
1016 1031.81207661783
1017 1032.75739865517
1018 1033.70261303593
1019 1034.64771734174
1020 1035.59271404994
1021 1036.53760073011
1022 1037.48238085965
1023 1038.42705002013
1024 1039.37161168911
1025 1040.31606343585
1026 1041.26040774615
1027 1042.20464217725
1028 1043.14876922701
1029 1044.0927864684
1030 1045.03669636372
1031 1045.98049649771
1032 1046.92418934477
1033 1047.86777372791
1034 1048.81124839445
1035 1049.75461588271
1036 1050.69787370145
1037 1051.64102441303
1038 1052.58406550221
1039 1053.52699951562
1040 1054.46982398561
1041 1055.41254142317
1042 1056.35514936447
1043 1057.2976513452
1044 1058.24004286433
1045 1059.18232746961
1046 1060.12450266114
1047 1061.06657099815
1048 1062.00852998056
1049 1062.9503821559
1050 1063.8921262989
1051 1064.83376115616
1052 1065.77528928752
1053 1066.71670818848
1054 1067.65802041894
1055 1068.59922347825
1056 1069.54031990269
1057 1070.48130721524
1058 1071.4221879524
1059 1072.36295961315
1060 1073.30362476992
1061 1074.24418088576
1062 1075.18463055716
1063 1076.12497227223
1064 1077.06520656529
1065 1078.00533190829
1066 1078.94535092211
1067 1079.88526232896
1068 1080.8250648789
1069 1081.76476115719
1070 1082.70434862609
1071 1083.64382988298
1072 1084.58320238995
1073 1085.52246873267
1074 1086.46162636112
1075 1087.400677885
1076 1088.33962075013
1077 1089.27845757846
1078 1090.21718576778
1079 1091.15580798006
1080 1092.09432162482
1081 1093.03272932847
1082 1093.97102851227
1083 1094.90922286462
1084 1095.84730900736
1085 1096.78528669199
1086 1097.72315858893
1087 1098.66092207549
1088 1099.5985798223
1089 1100.53612921439
1090 1101.47357291083
1091 1102.41090830823
1092 1103.34813806991
1093 1104.28525956842
1094 1105.22227549116
1095 1106.15918319857
1096 1107.09598537825
1097 1108.03267940239
1098 1108.96926794688
1099 1109.9057483837
1100 1110.8421234009
1101 1111.77839168345
1102 1112.77640570667
1103 1113.77443016431
1104 1114.77246397299
1105 1115.77050930853
1106 1116.76856508739
1107 1117.76663134849
1108 1118.7647083534
1109 1119.76279559178
1110 1120.76089332922
1111 1121.75900049385
1112 1122.75711927416
1113 1123.7552485983
1114 1124.75338737041
1115 1125.7515391408
1116 1126.74970013828
1117 1127.7478706284
1118 1128.74605280014
1119 1129.74424557738
1120 1130.74244787619
1121 1131.7406618975
1122 1132.73888791913
1123 1133.73712213324
1124 1134.73536810286
1125 1135.73362474379
1126 1136.73189207112
1127 1137.73016900046
1128 1138.72845772133
1129 1139.7267585477
1130 1140.72506761874
1131 1141.72338853444
1132 1142.72172019839
1133 1143.72006151401
1134 1144.71841471933
1135 1145.71677870587
1136 1146.71515376345
1137 1147.71353934544
1138 1148.7119357536
1139 1149.71034187918
1140 1150.70875996072
1141 1151.70718888541
1142 1152.70562756858
1143 1153.7040796236
1144 1154.70254116805
1145 1155.70101361583
1146 1156.69949586988
1147 1157.69799013317
1148 1158.69649534483
1149 1159.6950103718
1150 1160.69353886425
1151 1161.69207692711
1152 1162.69062485022
1153 1163.68918486093
1154 1164.6877558862
1155 1165.68633678867
1156 1166.6849298321
1157 1167.68353531861
1158 1168.68214931591
1159 1169.68077547547
1160 1170.67941271177
1161 1171.67805989133
1162 1172.67671929035
1163 1173.67538977535
1164 1174.67407279702
1165 1175.67276438649
1166 1176.67146822766
1167 1177.6701832231
1168 1178.66890822709
1169 1179.66764552805
1170 1180.66639400454
1171 1181.6651539707
1172 1182.66392483117
1173 1183.6627069004
1174 1184.66149904439
1175 1185.66030356403
1176 1186.65911932569
1177 1187.65794519116
1178 1188.65678489829
1179 1189.65563445223
1180 1190.65449528037
1181 1191.65336626073
1182 1192.65224970675
1183 1193.6511444483
1184 1194.65005083592
1185 1195.64896826203
1186 1196.64789702895
1187 1197.64683602647
1188 1198.64578752848
1189 1199.64475042483
1190 1200.64372355695
1191 1201.642710712
1192 1202.64170782181
1193 1203.6407152126
1194 1204.63973518683
1195 1205.63876662214
1196 1206.63780834775
1197 1207.63686271426
1198 1208.63593002464
1199 1209.63500735512
1200 1210.63409504436
1201 1211.63319540736
1202 1212.63230729719
1203 1213.63142955512
1204 1214.63056453236
1205 1215.62971253159
1206 1216.62886947059
1207 1217.62803916247
1208 1218.6272204361
1209 1219.62641215651
1210 1220.6256166473
1211 1221.62483276156
1212 1222.6240608379
1213 1223.62330024422
1214 1224.62255130752
1215 1225.62181286826
1216 1226.62108727861
1217 1227.62037337947
1218 1228.61967118588
1219 1229.61898101258
1220 1230.61830225166
1221 1231.61763522572
1222 1232.61697876335
1223 1233.61633524128
1224 1234.61570348776
1225 1235.61508231927
1226 1236.61447563555
1227 1237.61387924326
1228 1238.61329348147
1229 1239.61272071543
1230 1240.61215978513
1231 1241.61160951882
1232 1242.61107227788
1233 1243.6105484377
1234 1244.61003494318
1235 1245.60953214508
1236 1246.60904244562
1237 1247.60856464856
1238 1248.60809756945
1239 1249.60764361079
1240 1250.60720313567
1241 1251.60677187664
1242 1252.60635378386
1243 1253.60594766085
1244 1254.60555231092
1245 1255.60517017309
1246 1256.60480002259
1247 1257.60444223492
1248 1258.60409614125
1249 1259.60376208065
1250 1260.60343885663
1251 1261.6031289083
1252 1262.60283102679
1253 1263.60254522764
1254 1264.60227185002
1255 1265.60201023695
1256 1266.60176075203
1257 1267.60152215791
1258 1268.60129693074
1259 1269.60108383737
1260 1270.60088168048
1261 1271.60069447311
1262 1272.60051788478
1263 1273.60035225464
1264 1274.60020005935
1265 1275.60006006551
1266 1276.59993106357
1267 1277.59981553046
1268 1278.59971378952
1269 1279.59962152157
1270 1280.59954274029
1271 1281.59947622405
1272 1282.59942200046
1273 1283.59937884766
1274 1284.59935079208
1275 1285.59933348978
1276 1286.59932728004
1277 1287.59933464024
1278 1288.59935434891
1279 1289.59938517978
1280 1290.59942961097
1281 1291.59948801815
1282 1292.59955599568
1283 1293.59963760761
1284 1294.59973163176
1285 1295.59983683376
1286 1296.59995571627
1287 1297.60008704498
1288 1298.60023118353
1289 1299.60038743865
1290 1300.60055615779
1291 1301.60073736863
1292 1302.60092983651
1293 1303.60113605222
1294 1304.60135479366
1295 1305.60158642458
1296 1306.60183022701
1297 1307.60208658922
1298 1308.60235426428
1299 1309.60263575553
1300 1310.60292984063
1301 1311.60323525633
1302 1312.60355614171
1303 1313.60388803997
1304 1314.60423129076
1305 1315.60458844656
1306 1316.60495824821
1307 1317.60534069887
1308 1318.60573456376
1309 1319.60614399449
1310 1320.60656447305
1311 1321.60699641186
1312 1322.6074422992
1313 1323.60790092424
1314 1324.60837101532
1315 1325.60885510124
1316 1326.60935358278
1317 1327.60986191667
1318 1328.61038430376
1319 1329.61091946083
1320 1330.61146615205
1321 1331.61202691878
1322 1332.6126004897
1323 1333.61318727286
1324 1334.6137865141
1325 1335.61439860159
1326 1336.61502353854
1327 1337.61566007734
1328 1338.61631077203
1329 1339.61697435043
1330 1340.61765121342
1331 1341.61834060611
1332 1342.61904290474
1333 1343.61975687351
1334 1344.62048505495
1335 1345.62122618865
1336 1346.62197900258
1337 1347.62274773248
1338 1348.62352778435
1339 1349.62431954644
1340 1350.62512559791
1341 1351.62594466665
1342 1352.62677546778
1343 1353.62762059276
1344 1354.62848044285
1345 1355.62935167439
1346 1356.6302346757
1347 1357.63113205128
1348 1358.63204251189
1349 1359.6329647729
1350 1360.63390143849
1351 1361.63485290941
1352 1362.63581452915
1353 1363.636790588
1354 1364.63777980067
1355 1365.63878087026
1356 1366.63979641353
1357 1367.64082681929
1358 1368.64186743004
1359 1369.64292254483
1360 1370.64399087872
1361 1371.64507243496
1362 1372.64616590368
1363 1373.64727393904
1364 1374.64839692997
1365 1375.64953016904
1366 1376.65067799734
1367 1377.65183910491
1368 1378.65301219367
1369 1379.65419990629
1370 1380.65540094052
1371 1381.65661569793
1372 1382.65784338644
1373 1383.6590844311
1374 1384.66033751008
1375 1385.66160527805
1376 1386.66288642466
1377 1387.66417964001
1378 1388.66548930272
1379 1389.66681064297
1380 1390.66814541241
1381 1391.66949227198
1382 1392.6708539138
1383 1393.67222900311
1384 1394.67361621702
1385 1395.67501997202
1386 1396.67643548509
1387 1397.67786314518
1388 1398.679305645
1389 1399.68076164948
1390 1400.68222984754
1391 1401.68371292011
1392 1402.68521127638
1393 1403.68672009656
1394 1404.68824383385
1395 1405.6897811409
1396 1406.6913306829
1397 1407.69289517684
1398 1408.69447326316
1399 1409.69606671901
1400 1410.6976707107
1401 1411.69928968046
1402 1412.70092229336
1403 1413.70256720934
1404 1414.70422715883
1405 1415.70590076988
1406 1416.70758848014
1407 1417.70928948527
1408 1418.71100419876
1409 1419.71273127249
1410 1420.7144734254
1411 1421.71622932145
1412 1422.71799761236
1413 1423.71978279141
1414 1424.7215799581
1415 1425.72338955076
1416 1426.7252142882
1417 1427.72705283413
1418 1428.72890518051
1419 1429.73076999082
1420 1430.73265178285
1421 1431.7345456237
1422 1432.7364519511
1423 1433.73837350867
1424 1434.74030893639
1425 1435.7422568733
1426 1436.7442200754
1427 1437.74619896947
1428 1438.74818860423
1429 1439.75019354774
1430 1440.7522124148
1431 1441.75424385629
1432 1442.75629061741
1433 1443.758351337
1434 1444.76042784204
1435 1445.76251514881
1436 1446.76461782575
1437 1447.76673449944
1438 1448.76886380907
1439 1449.7710085197
1440 1450.77316727056
1441 1451.77534049991
1442 1452.77752735342
1443 1453.77972825799
1444 1454.78194186388
1445 1455.78417092891
1446 1456.78641409207
1447 1457.78867180377
1448 1458.79094318536
1449 1459.7932287001
1450 1460.79552694534
1451 1461.79784074069
1452 1462.80016867574
1453 1463.80251079014
1454 1464.804867511
1455 1465.80723798364
1456 1466.8096226465
1457 1467.81202012585
1458 1468.81443320494
1459 1469.8168605214
1460 1470.8193006651
1461 1471.82175830107
1462 1472.82422835655
1463 1473.82671126993
1464 1474.82920986132
1465 1475.83172273258
1466 1476.82904747856
1467 1477.79448458737
1468 1478.75987532049
1469 1479.72522246457
1470 1480.69052319675
1471 1481.65577890975
1472 1482.62099098435
1473 1483.58615661732
1474 1484.55127858446
1475 1485.51635221125
1476 1486.4813840107
1477 1487.44636929256
1478 1488.41130946196
1479 1489.37620591213
1480 1490.34105581925
1481 1491.30586195901
1482 1492.27062151948
1483 1493.23533589396
1484 1494.20000647588
1485 1495.16463044098
1486 1496.12921057748
1487 1497.09374218558
1488 1498.05823040937
1489 1499.02267479149
1490 1499.98707245448
1491 1500.95142626044
1492 1501.91573332311
1493 1502.87999506474
1494 1503.84421289136
1495 1504.80838394922
1496 1505.7725110603
1497 1506.736591375
1498 1507.70062437842
1499 1508.66461531784
1500 1509.62855940257
1501 1510.59245949137
1502 1511.55631269784
1503 1512.5201218723
1504 1513.48388414026
1505 1514.44760092022
1506 1515.41127363088
1507 1516.37489939314
1508 1517.33848107077
1509 1518.3020157637
1510 1519.26550298193
1511 1520.22894799472
1512 1521.19234597314
1513 1522.15569980131
1514 1523.11900657958
1515 1524.08226773037
1516 1525.04548470142
1517 1526.00865456421
1518 1526.97178021547
1519 1527.9348587386
1520 1528.89789156927
1521 1529.86087821654
1522 1530.82381963173
1523 1531.78671676198
1524 1532.7495666902
1525 1533.71237233025
1526 1534.67513073195
1527 1535.63784335553
1528 1536.60051163285
1529 1537.56313264636
1530 1538.52570929392
1531 1539.48823865
1532 1540.45072213783
1533 1541.4131592914
1534 1542.37555104595
1535 1543.33789836112
1536 1544.30019831866
1537 1545.26245236718
1538 1546.22466194244
1539 1547.18682410601
1540 1548.14894176886
1541 1549.11101201225
1542 1550.0730362608
1543 1551.03501598687
1544 1551.99694626353
1545 1552.95883394182
1546 1553.9206741267
1547 1554.88246825079
1548 1555.84421779975
1549 1556.80591978474
1550 1557.76757715844
1551 1558.72918695263
1552 1559.69075210371
1553 1560.65226965538
1554 1561.61374106922
1555 1562.57516779391
1556 1563.53654490057
1557 1564.49787927935
1558 1565.45916597261
1559 1566.42040647855
1560 1567.38160223397
1561 1568.34275027402
1562 1569.30385354822
1563 1570.26490907502
1564 1571.22591833639
1565 1572.18688279456
1566 1573.147799459
1567 1574.10866930666
1568 1575.06949333451
1569 1576.03027103528
1570 1576.99100385499
1571 1577.95168883991
1572 1578.9123289197
1573 1579.87292112832
1574 1580.83346842858
1575 1581.7939678135
1576 1582.75442076998
1577 1583.71482877204
1578 1584.6751888289
1579 1585.63550190138
1580 1586.59576901115
1581 1587.55598961431
1582 1588.51616522252
1583 1589.47629280709
1584 1590.43637536048
1585 1591.39640986256
1586 1592.3563978085
1587 1593.31634068156
1588 1594.27623547779
1589 1595.23608517705
1590 1596.19588472343
1591 1597.15563967941
1592 1598.11534950108
1593 1599.07501118399
1594 1600.03462769634
1595 1600.99419603351
1596 1601.95371767903
1597 1602.91319414093
1598 1603.87262237347
1599 1604.83200540704
1600 1605.79134017482
1601 1606.75062970738
1602 1607.70986891815
1603 1608.66906339613
1604 1609.6282126093
1605 1610.58731349134
1606 1611.54636908447
1607 1612.50537633428
1608 1613.46433673706
1609 1614.42325181359
1610 1615.38211850477
1611 1616.3409398422
1612 1617.2997127578
1613 1618.25843671131
1614 1619.21711734252
1615 1620.17574950209
1616 1621.13433627076
1617 1622.09287454346
1618 1623.05136584567
1619 1624.00981171084
1620 1624.96820905453
1621 1625.92656091714
1622 1626.88486424273
1623 1627.84312206311
1624 1628.80133130998
1625 1629.75949141416
1626 1630.71760807848
1627 1631.67567612724
1628 1632.63369861807
1629 1633.59167246901
1630 1634.54959919397
1631 1635.50748033917
1632 1636.46531279464
1633 1637.42309965501
1634 1638.38083778914
1635 1639.3385287477
1636 1640.29617197359
1637 1641.2537685269
1638 1642.2113194192
1639 1643.16882154421
1640 1644.1262764153
1641 1645.08368559579
1642 1646.04104595033
1643 1646.99836058235
1644 1647.95562636847
1645 1648.91284484772
1646 1649.87001757043
1647 1650.82714140515
1648 1651.78421735143
1649 1652.74124649411
1650 1653.69822983741
1651 1654.65516423624
1652 1655.61205125432
1653 1656.56889242683
1654 1657.52568461719
1655 1658.4824309544
1656 1659.4391282939
1657 1660.39577816212
1658 1661.35238214756
1659 1662.30893495927
1660 1663.26544397357
1661 1664.22190393586
1662 1665.17831637388
1663 1666.13468286317
1664 1667.09100023401
1665 1668.04727164078
1666 1669.00349390914
1667 1669.95966860358
1668 1670.91579728774
1669 1671.87187680355
1670 1672.82791026939
1671 1673.78389240437
1672 1674.73983062427
1673 1675.69571962813
1674 1676.65156096756
1675 1677.60735621981
1676 1678.56310220948
1677 1679.51880208005
1678 1680.47445266805
1679 1681.43005553865
1680 1682.38561225608
1681 1683.34111964882
1682 1684.29657870539
1683 1685.25199058491
1684 1686.20735467301
1685 1687.16267255853
1686 1688.11794105727
1687 1689.07316332593
1688 1690.02833618784
1689 1690.98346119204
1690 1691.93853995313
1691 1692.8935692609
1692 1693.84855227701
1693 1694.80348581206
1694 1695.75836927119
1695 1696.71320858967
1696 1697.66799840157
1697 1698.62274186796
1698 1699.57743579118
1699 1700.53208335356
1700 1701.48668134061
1701 1702.44123135073
1702 1703.39573497481
1703 1704.35018898915
1704 1705.30459658105
1705 1706.25895234177
1706 1707.21326225733
1707 1708.16752573744
1708 1709.12173953348
1709 1710.07590686985
1710 1711.03002449442
1711 1711.98409403052
1712 1712.93811705291
1713 1713.89209035018
1714 1714.84601712171
1715 1715.79989413149
1716 1716.75372297872
1717 1717.70750305604
1718 1718.66123554834
1719 1719.6149214622
1720 1720.56855754768
1721 1721.5221470427
1722 1722.47568668162
1723 1723.42917807622
1724 1724.38262285515
1725 1725.33601773135
1726 1726.28936595546
1727 1727.2426642613
1728 1728.19591204114
1729 1729.14911537114
1730 1730.10226874515
1731 1731.05537541317
1732 1732.00843210075
1733 1732.96144043241
1734 1733.91440203288
1735 1734.86731361073
1736 1735.82017842987
1737 1736.77299321414
1738 1737.72575956837
1739 1738.67847914197
1740 1739.63114638569
1741 1740.58376906627
1742 1741.53634164978
1743 1742.48886575355
1744 1743.44134300283
1745 1744.39377012952
1746 1745.34615038195
1747 1746.29848047187
1748 1747.25076367547
1749 1748.20299667988
1750 1749.15518113493
1751 1750.10731640818
1752 1751.05940372246
1753 1752.01144409773
1754 1752.96343420713
1755 1753.91537571744
1756 1754.86727025459
1757 1755.81911450035
1758 1756.77091175764
1759 1757.72265869905
1760 1758.67435696724
1761 1759.62600821281
1762 1760.57760910477
1763 1761.52916067091
1764 1762.48066416348
1765 1763.43211890418
1766 1764.38352657282
1767 1765.33488383783
1768 1766.28619399877
1769 1767.23745373609
1770 1768.18866634184
1771 1769.13982848724
1772 1770.09094184007
1773 1771.04200802716
1774 1771.99302143192
1775 1772.94398995204
1776 1773.89490796181
1777 1774.84577710483
1778 1775.79659904486
1779 1776.74737042458
1780 1777.69809458153
1781 1778.64876817488
1782 1779.59939283502
1783 1780.54997023049
1784 1781.50049702785
1785 1782.45097654074
1786 1783.40140308926
1787 1784.35178299778
1788 1785.30211558767
1789 1786.25239749275
1790 1787.20263207613
1791 1788.15281596692
1792 1789.10295082951
1793 1790.05303832076
1794 1791.0030750849
1795 1791.95306446564
1796 1792.90300307932
1797 1793.85289196714
1798 1794.80273240721
1799 1795.7525237449
1800 1796.7022676375
1801 1797.651960713
1802 1798.60160633582
1803 1799.55120112154
1804 1800.5007467397
1805 1801.45024488322
1806 1802.39969213515
1807 1803.34909188494
1808 1804.29844074757
1809 1805.2477380281
1810 1806.19699012927
1811 1807.14619129654
1812 1808.09534489995
1813 1809.04444754171
1814 1809.99350092411
1815 1810.94250670525
1816 1811.89146150242
1817 1812.84036868626
1818 1813.78922485841
1819 1814.73803169697
1820 1815.68678853134
1821 1816.63549668959
1822 1817.58415716826
1823 1818.53276658519
1824 1819.4813283195
1825 1820.42983895982
1826 1821.37830019687
1827 1822.32671372614
1828 1823.27507611462
1829 1824.223390771
1830 1825.18114972262
1831 1826.23442247028
1832 1827.28774205478
1833 1828.3411060636
1834 1829.39451447518
1835 1830.44796485529
1836 1831.50146195591
1837 1832.55500335194
1838 1833.60858901726
1839 1834.66221652635
1840 1835.71589061508
1841 1836.76960888248
1842 1837.82337127793
1843 1838.8771753878
1844 1839.93102595313
1845 1840.98492229
1846 1842.03885849947
1847 1843.09284108166
1848 1844.14686759827
1849 1845.20093803538
1850 1846.25504992976
1851 1847.30920806804
1852 1848.36341002381
1853 1849.41765575864
1854 1850.4719428135
1855 1851.52627600331
1856 1852.58065286913
1857 1853.63507338475
1858 1854.68953508624
1859 1855.74404278602
1860 1856.79859404475
1861 1857.85318882394
1862 1858.90782464708
1863 1859.96250635628
1864 1861.01723149049
1865 1862.07200000354
1866 1863.12680944301
1867 1864.18166463492
1868 1865.23656311469
1869 1866.29150485607
1870 1867.34648736955
1871 1868.40151553082
1872 1869.45658859076
1873 1870.51170304707
1874 1871.56685812878
1875 1872.6220587413
1876 1873.67730237032
1877 1874.73258655022
1878 1875.78791615783
1879 1876.84328869085
1880 1877.89870412298
1881 1878.95415997596
1882 1880.00966111963
1883 1881.06520506669
1884 1882.1207917954
1885 1883.17641879037
1886 1884.23209095431
1887 1885.28780579643
1888 1886.34356329041
1889 1887.3993609205
1890 1888.45520360235
1891 1889.51108883253
1892 1890.56701657703
1893 1891.62298432286
1894 1892.67899700315
1895 1893.73505210188
1896 1894.79114958043
1897 1895.84728693459
1898 1896.90346909361
1899 1897.95969354108
1900 1899.01596201722
1901 1900.07226847211
1902 1901.12861959448
1903 1902.18501289524
1904 1903.24144581277
1905 1904.29792332657
1906 1905.35444291963
1907 1906.41100452872
1908 1907.46760564866
1909 1908.52425123507
1910 1909.58093877058
1911 1910.63766819652
1912 1911.69443699819
1913 1912.75125014875
1914 1913.80810510589
1915 1914.8650018432
1916 1915.92193780566
1917 1916.97891799934
1918 1918.0359398816
1919 1919.09300340143
1920 1920.150106028
1921 1921.2072527604
1922 1922.26444104643
1923 1923.32167085192
1924 1924.37893962113
1925 1925.43625238607
1926 1926.49360656652
1927 1927.55100213599
1928 1928.6084383435
1929 1929.66591661154
1930 1930.72343618915
1931 1931.78099702987
1932 1932.83859656801
1933 1933.89623984157
1934 1934.95392429412
1935 1936.01164734436
1936 1937.06941405075
1937 1938.12722181974
1938 1939.1850706494
1939 1940.24295793345
1940 1941.30088874794
1941 1942.35886051433
1942 1943.4168731984
1943 1944.47492421808
1944 1945.5330186455
1945 1946.59115389869
1946 1947.64932993878
1947 1948.70754417107
1948 1949.76580170524
1949 1950.82409992206
1950 1951.88243882416
1951 1952.94081577035
1952 1953.99923590019
1953 1955.05769659411
1954 1956.1161978255
1955 1957.17473880572
1956 1958.23332101998
1957 1959.29194366737
1958 1960.35060674585
1959 1961.40930761503
1960 1962.46805141435
1961 1963.52683552806
1962 1964.58565734776
1963 1965.64452199803
1964 1966.70342688284
1965 1967.76237195097
1966 1968.82135458133
1967 1969.8803799361
1968 1970.93944539429
1969 1971.99855092157
1970 1973.05769387494
1971 1974.1168794219
1972 1975.17610495339
1973 1976.23537040583
1974 1977.29467318199
1975 1978.35401843316
1976 1979.4134035253
1977 1980.47282843171
1978 1981.53229050559
1979 1982.59179495277
1980 1983.65133910495
1981 1984.71092295237
1982 1985.77054384784
1983 1986.83020881414
1984 1987.88991153787
1985 1988.94965382543
1986 1990.00943301695
1987 1991.06925433964
1988 1992.12911512607
1989 1993.18901535251
1990 1994.24895235107
1991 1995.30893136197
1992 1996.36894971273
1993 1997.42900474282
1994 1998.48910168069
1995 1999.54923787822
1996 2000.60941328401
1997 2001.66962524947
1998 2002.72987900841
1999 2003.79017187841
2000 2004.85050386196
2001 2005.91087224851
2002 2006.97128231721
2003 2008.03173138221
2004 2009.09221941673
2005 2010.15274374677
2006 2011.21330962758
2007 2012.27391438523
2008 2013.33455798527
2009 2014.39523774401
2010 2015.45595894669
2011 2016.51672074166
2012 2017.57751941994
2013 2018.63835411702
2014 2019.69923012652
2015 2020.76014477377
2016 2021.82109800731
2017 2022.88208715664
2018 2023.94311748216
2019 2025.00418632578
2020 2026.0652909628
2021 2027.12643671272
2022 2028.18762087558
2023 2029.2488434245
2024 2030.31010163441
2025 2031.37140083786
2026 2032.43273832216
2027 2033.49411407743
2028 2034.55552535653
2029 2035.61697752206
2030 2036.67846784862
2031 2037.73999630932
2032 2038.80156016598
2033 2039.86316480189
2034 2040.9248074543
2035 2041.98648813329
2036 2043.04820408793
2037 2044.1099606823
2038 2045.17175706686
2039 2046.23358945979
2040 2047.29545700803
2041 2048.3573650717
2042 2049.41931093656
2043 2050.48129456336
2044 2051.5433132004
2045 2052.60537225785
2046 2053.66746897644
2047 2054.7296033322
2048 2055.79177257772
2049 2056.85398212391
2050 2057.91622920643
2051 2058.97851108522
2052 2060.04083317176
2053 2061.10319271372
2054 2062.16558967183
2055 2063.22802129328
2056 2064.2904930073
2057 2065.35300205184
2058 2066.41554839224
2059 2067.47812927535
2060 2068.54075012643
2061 2069.60340818006
2062 2070.66610342159
2063 2071.72883306042
2064 2072.79160255959
2065 2073.85440914563
2066 2074.9172546823
2067 2075.98013259542
2068 2077.04305024884
2069 2078.10600487635
2070 2079.16899642624
2071 2080.23202211948
2072 2081.29508744527
2073 2082.35818961231
2074 2083.42132858123
2075 2084.48450158964
2076 2085.54771409339
2077 2086.6109633055
2078 2087.6742464586
2079 2088.73756901849
2080 2089.80092821789
2081 2090.86432400504
2082 2091.92775359981
2083 2092.99122249345
2084 2094.05472788126
2085 2095.11826976552
2086 2096.18184530694
2087 2097.24546003925
2088 2098.30911115733
2089 2099.37279862174
2090 2100.43651962687
2091 2101.50027971485
2092 2102.56407605548
2093 2103.62790863397
2094 2104.69177656337
2095 2105.7556815115
2096 2106.81962260377
2097 2107.8835998007
2098 2108.94761028353
2099 2110.0116596206
2100 2111.07574496856
2101 2112.13986631259
2102 2113.20402080885
2103 2114.26821403878
2104 2115.3324431757
2105 2116.39670817064
2106 2117.46100618405
2107 2118.52534282286
2108 2119.58971524291
2109 2120.65412059961
2110 2121.71856447576
2111 2122.78304405159
2112 2123.8475592752
2113 2124.91210730161
2114 2125.97669375616
2115 2127.04131577218
2116 2128.10597331482
2117 2129.17066355105
2118 2130.23539207756
2119 2131.30015604905
2120 2132.3649554383
2121 2133.42978738716
2122 2134.49465947108
2123 2135.55956493024
2124 2136.62450568115
2125 2137.68947885763
2126 2138.75449011969
2127 2139.81953657179
2128 2140.88461819902
2129 2141.94973213009
2130 2143.01488402576
2131 2144.08007100244
2132 2145.14529303286
2133 2146.21054723767
2134 2147.27583929368
2135 2148.34116630926
2136 2149.4065254
2137 2150.47192225276
2138 2151.53735398324
2139 2152.60282055177
2140 2153.66831908592
2141 2154.73385524859
2142 2155.79942618453
2143 2156.86503184459
2144 2157.93066932354
2145 2158.99634433455
2146 2160.06205398011
2147 2161.12779823291
2148 2162.19357419493
2149 2163.25938953521
2150 2164.32523743335
2151 2165.39111980465
2152 2166.45703376783
2153 2167.52298502811
2154 2168.58897069191
2155 2169.65499070712
2156 2170.72104218731
2157 2171.78713086033
2158 2172.8532538027
2159 2173.91941099944
2160 2174.98559951418
2161 2176.05182511268
2162 2177.11808487582
2163 2178.18437876669
2164 2179.25070385328
2165 2180.31706591452
2166 2181.38346201372
2167 2182.44988921378
2168 2183.51635329423
2169 2184.58285133045
2170 2185.64938328266
2171 2186.71594623049
2172 2187.78254594473
2173 2188.84917948033
2174 2189.91584682227
2175 2190.98254502023
2176 2192.04927988008
2177 2193.11605044575
2178 2194.18285270158
2179 2195.24968569092
2180 2196.31655523282
2181 2197.38345836902
2182 2198.45039506253
2183 2199.51736236699
2184 2200.58436610222
2185 2201.65140331717
2186 2202.71847398438
2187 2203.7855751275
2188 2204.85271259195
2189 2205.91988342625
2190 2206.98708757815
2191 2208.05432210044
2192 2209.12159282977
2193 2210.18889679424
2194 2211.25623397876
2195 2212.32360139374
2196 2213.38372904113
2197 2214.62715073263
2198 2215.87074027661
2199 2217.11450162935
2200 2218.35843366064
2201 2219.60253240617
2202 2220.8468027503
2203 2222.09124061697
2204 2223.3358499707
2205 2224.58062669796
2206 2225.82557476635
2207 2227.07069008684
2208 2228.31597757916
2209 2229.56143324092
2210 2230.80705593156
2211 2232.05284964604
2212 2233.29881026504
2213 2234.5449417714
2214 2235.7912400359
2215 2237.03770904161
2216 2238.28434768239
2217 2239.53115191731
2218 2240.77812670757
2219 2242.02526791282
2220 2243.27257955397
2221 2244.520057476
2222 2245.76770567524
2223 2247.01552303283
2224 2248.26350551926
2225 2249.51165808441
2226 2250.75997661174
2227 2252.008465081
2228 2253.25711937538
2229 2254.50594347766
2230 2255.75493327074
2231 2257.00409576254
2232 2258.25342079283
2233 2259.50291333734
2234 2260.75257537135
2235 2262.00240274738
2236 2263.25239947596
2237 2264.5025614121
2238 2265.75289256657
2239 2267.00339183219
2240 2268.25405511514
2241 2269.50488742983
2242 2270.75588460778
2243 2272.00705066796
2244 2273.25838147884
2245 2274.50988105
2246 2275.76154825396
2247 2277.01338104438
2248 2278.26537830373
2249 2279.51754202036
2250 2280.76987415325
2251 2282.02237055742
2252 2283.27503524333
2253 2284.52786407815
2254 2285.7808641122
2255 2287.03402510284
2256 2288.28735411574
2257 2289.54084699264
2258 2290.79450570517
2259 2292.04833226732
2260 2293.30232248106
2261 2294.55648345283
2262 2295.81080489544
2263 2297.0652939155
2264 2298.31994631438
2265 2299.57476408136
2266 2300.82974923845
2267 2302.08489757624
2268 2303.34021315686
2269 2304.5956948518
2270 2305.85134060057
2271 2307.10714925973
2272 2308.36312489401
2273 2309.61926331315
2274 2310.87556650698
2275 2312.13203648831
2276 2313.38866904644
2277 2314.64547134873
2278 2315.90243300788
2279 2317.1595611817
2280 2318.41685167132
2281 2319.67430647456
2282 2320.93192759434
2283 2322.18971082923
2284 2323.44766335304
2285 2324.70577475873
2286 2325.96405222029
2287 2327.22249152324
2288 2328.48109675923
2289 2329.73986369835
2290 2330.99879435622
2291 2332.25789074659
2292 2333.51715175236
2293 2334.77657526157
2294 2336.0361601297
2295 2337.29591046171
2296 2338.5558220391
2297 2339.81589687792
2298 2341.07613697986
2299 2342.33653813087
2300 2343.59710754087
2301 2344.85783473989
2302 2346.11872694072
2303 2347.37977990381
2304 2348.64099776775
2305 2349.90237625537
2306 2351.16391740596
2307 2352.42562637116
2308 2353.68749264876
2309 2354.94952348022
2310 2356.21171461035
2311 2357.47407015861
2312 2358.73658587926
2313 2359.99926380173
2314 2361.2621059411
2315 2362.52511120413
2316 2363.78827740999
2317 2365.05160346507
2318 2366.31509347508
2319 2367.57874319814
2320 2368.84255675486
2321 2370.10652987595
2322 2371.37066459139
2323 2372.63496612524
2324 2373.89942386246
2325 2375.16404510825
2326 2376.42882558235
2327 2377.69376943875
2328 2378.95887240932
2329 2380.22413862607
2330 2381.48956698269
2331 2382.75515318071
2332 2384.02090242537
2333 2385.28681044556
2334 2386.55288138862
2335 2387.81911096805
2336 2389.08550335635
2337 2390.35205423203
2338 2391.61876885119
2339 2392.88564287705
2340 2394.15267521498
2341 2395.41987002343
2342 2396.68722299485
2343 2397.95473832757
2344 2399.2224116741
2345 2400.49025044652
2346 2401.75824391737
2347 2403.02639735642
2348 2404.29471280559
2349 2405.56318596876
2350 2406.83182100289
2351 2408.10061363644
2352 2409.36956800438
2353 2410.63868303674
2354 2411.90795435688
2355 2413.17738724858
2356 2414.44697736251
2357 2415.71672892377
2358 2416.98663759258
2359 2418.25670756938
2360 2419.52693451671
2361 2420.79732587537
2362 2422.06787084979
2363 2423.33857473735
2364 2424.60943959338
2365 2425.88046110688
2366 2427.15164347921
2367 2428.4229823594
2368 2429.69448520237
2369 2430.96614118509
2370 2432.23795563102
2371 2433.50993059591
2372 2434.7820617428
2373 2436.05435329396
2374 2437.32680091215
2375 2438.5994087851
2376 2439.87217584189
2377 2441.14509977214
2378 2442.41817950455
2379 2443.69141710758
2380 2444.96481463983
2381 2446.23836778301
2382 2447.51208074057
2383 2448.78594914662
2384 2450.05998052227
2385 2451.33416395136
2386 2452.60850695516
2387 2453.88300514221
2388 2455.15766060882
2389 2456.43247544663
2390 2457.70744529104
2391 2458.98257765
2392 2460.25786159725
2393 2461.53330465576
2394 2462.80890244546
2395 2464.0846570631
2396 2465.36057060074
2397 2466.63663868025
2398 2467.91286555473
2399 2469.18925011485
2400 2470.46579004833
2401 2471.74248427038
2402 2473.01933700967
2403 2474.29634389963
2404 2475.57350702013
2405 2476.85082849371
2406 2478.12830722083
2407 2479.40594085612
2408 2480.68372829707
2409 2481.96167383806
2410 2483.23977304667
2411 2484.51802805808
2412 2485.79644095284
2413 2487.07500733794
2414 2488.35373480171
2415 2489.63261230958
2416 2490.91164746497
2417 2492.19083583434
2418 2493.47018171331
2419 2494.74968067798
2420 2496.02933486411
2421 2497.30914635536
2422 2498.58911407888
2423 2499.86923567048
2424 2501.14951001946
2425 2502.42994143238
2426 2503.71052548928
2427 2504.9912642839
2428 2506.27215996522
2429 2507.55321142018
2430 2508.83441627648
2431 2510.1157734431
2432 2511.39728723002
2433 2512.67895320124
2434 2513.96077564202
2435 2515.24275013852
2436 2516.524878815
2437 2517.80716714175
2438 2519.08960396324
2439 2520.37219696343
2440 2521.65494166777
2441 2522.93784242492
2442 2524.22089477
2443 2525.50410084021
2444 2526.78746275809
2445 2528.07097944981
2446 2529.35464848676
2447 2530.63846879469
2448 2531.92244469576
2449 2533.20657172898
2450 2534.49085423926
2451 2535.77528775282
2452 2537.05987780477
2453 2538.34461973364
2454 2539.6295124849
2455 2540.91456038414
2456 2542.19975896679
2457 2543.4851125712
2458 2544.77061671753
2459 2546.05627578189
2460 2547.34208864982
2461 2548.62805069585
2462 2549.91416744173
2463 2551.20043441183
2464 2552.48685596794
2465 2553.77342762161
2466 2555.06015373744
2467 2556.34702979914
2468 2557.63406140965
2469 2558.9212438624
2470 2560.20857608221
2471 2561.4960624443
2472 2562.78369845916
2473 2564.0714884748
2474 2565.35942800141
2475 2566.64752484216
2476 2567.9357676397
2477 2569.22416198071
2478 2570.51271001735
2479 2571.80140724397
2480 2573.09025802705
2481 2574.37925788319
2482 2575.66841117916
2483 2576.95771684948
2484 2578.24717016496
2485 2579.53677673893
2486 2580.82653204216
2487 2582.11644047708
2488 2583.40649752669
2489 2584.69670757122
2490 2585.9870695449
2491 2587.27758094514
2492 2588.56824069077
2493 2589.85905095973
2494 2591.15001390263
2495 2592.44112501389
2496 2593.73238866967
2497 2595.02380037661
2498 2596.31536795611
2499 2597.607079992
2500 2598.89894208753
2501 2600.1909564339
2502 2601.48311847176
2503 2602.77543263336
2504 2604.06789438164
2505 2605.36050812409
2506 2606.65327278172
2507 2607.94618583797
2508 2609.23924619849
2509 2610.53245607981
2510 2611.82581762102
2511 2613.11932630154
2512 2614.41298652981
2513 2615.70679725159
2514 2617.00075589961
2515 2618.29486142929
2516 2619.58911600755
2517 2620.88352182399
2518 2622.17807431937
2519 2623.47277792312
2520 2624.76762808819
2521 2626.06263272941
2522 2627.35778029654
2523 2628.65307872721
2524 2629.94852346123
2525 2631.24411666344
2526 2632.53986053921
2527 2633.83575052282
2528 2635.13179105
2529 2636.42798107835
2530 2637.72431800153
2531 2639.02080077431
2532 2640.31743385805
2533 2641.61421263834
2534 2642.91113934593
2535 2644.20821615664
2536 2645.50544203043
2537 2646.80281435767
2538 2648.10033208537
2539 2649.39799967585
2540 2650.69581252613
2541 2651.99377285488
2542 2653.29188285091
2543 2654.59013793853
2544 2655.88854610103
2545 2657.18709567901
2546 2658.48579469113
2547 2659.78463852347
2548 2661.08363163692
2549 2662.38276946737
2550 2663.68205419139
2551 2664.98149158993
2552 2666.28106993544
2553 2667.58079725348
2554 2668.88066896154
2555 2670.18068953674
2556 2671.48085436099
2557 2672.78116564149
2558 2674.08162560572
2559 2675.38223320015
2560 2676.68298576282
2561 2677.97742609198
2562 2679.14864438794
2563 2680.31989652131
2564 2681.49118470997
2565 2682.662511147
2566 2683.83387122574
2567 2685.00526356342
2568 2686.17669754237
2569 2687.34816494218
2570 2688.51966796857
2571 2689.69120886521
2572 2690.86278296176
2573 2692.03439477316
2574 2693.20603966644
2575 2694.37771983508
2576 2695.54943753562
2577 2696.72118808441
2578 2697.89297372536
2579 2699.06479665986
2580 2700.23665226423
2581 2701.40854273981
2582 2702.5804703184
2583 2703.75243034054
2584 2704.92442371986
2585 2706.09645301464
2586 2707.26851684149
2587 2708.4406174451
2588 2709.61275014013
2589 2710.78491715863
2590 2711.95712074549
2591 2713.1293562149
2592 2714.30162581166
2593 2715.47393175574
2594 2716.64626939854
2595 2717.81864324544
2596 2718.99104864755
2597 2720.16348782485
2598 2721.33596302277
2599 2722.50846956681
2600 2723.68100967718
2601 2724.85358195706
2602 2726.02618901622
2603 2727.19882944532
2604 2728.37150549016
2605 2729.5442124502
2606 2730.71695489513
2607 2731.88972812411
2608 2733.06253438298
2609 2734.23537591787
2610 2735.40824802745
2611 2736.58115297033
2612 2737.75409298027
2613 2738.92706336805
2614 2740.10006637991
2615 2741.27310425722
2616 2742.44617230801
2617 2743.61927509837
2618 2744.79240425621
2619 2745.96556935447
2620 2747.13876899571
2621 2748.31199845178
2622 2749.48525999455
2623 2750.65855588365
2624 2751.83188137788
2625 2753.00523876188
2626 2754.17863027032
2627 2755.35205119926
2628 2756.52550612145
2629 2757.69899033261
2630 2758.87250608003
2631 2760.04605563641
2632 2761.2196342593
2633 2762.39324422131
2634 2763.56688777021
2635 2764.74055650414
2636 2765.91426007653
2637 2767.0879970388
2638 2768.26176267271
2639 2769.4355615777
2640 2770.60938899748
2641 2771.78324723036
2642 2772.95713852462
2643 2774.13105814865
2644 2775.30500837581
2645 2776.47899146714
2646 2777.65300267801
2647 2778.82704429453
2648 2780.00111856538
2649 2781.1752207706
2650 2782.34935551117
2651 2783.52351802909
2652 2784.69770689442
2653 2785.87193181397
2654 2787.04618431301
2655 2788.22046667819
2656 2789.39478118386
2657 2790.56912307108
2658 2791.7434946267
2659 2792.9178981127
2660 2794.09232878224
2661 2795.26679125042
2662 2796.4412807701
2663 2797.61579962846
2664 2798.7903500878
2665 2799.96492738793
2666 2801.13953381623
2667 2802.31417166037
2668 2803.48883614709
2669 2804.6635258004
2670 2805.83825043521
2671 2807.01300150175
2672 2808.18778365442
2673 2809.36259210659
2674 2810.53742915876
2675 2811.71229711174
2676 2812.88719115323
2677 2814.06211359654
2678 2815.23706674265
2679 2816.41204577883
2680 2817.58705301855
2681 2818.76209076301
2682 2819.93715419898
2683 2821.11224800762
2684 2822.28736737538
2685 2823.46251462868
2686 2824.63768825307
2687 2825.81289104118
2688 2826.988121486
2689 2828.16338191224
2690 2829.33866750021
2691 2830.51398057673
2692 2831.68932341856
2693 2832.86469123592
2694 2834.04008869891
2695 2835.21551100486
2696 2836.39096045573
2697 2837.5664393538
2698 2838.7419428833
2699 2839.91747337161
2700 2841.0930331212
2701 2842.26861730323
2702 2843.44422823268
2703 2844.61986441938
2704 2845.79552865739
2705 2846.97122182564
2706 2848.14693910714
2707 2849.32268280458
2708 2850.49845524617
2709 2851.67425160182
2710 2852.85007417443
2711 2854.02592530503
2712 2855.20180013782
2713 2856.37770101374
2714 2857.55363022358
2715 2858.72958296151
2716 2859.90556391337
2717 2861.08156826039
2718 2862.25759830602
2719 2863.43365637922
2720 2864.60973380285
2721 2865.78584057102
2722 2866.96197518034
2723 2868.13813277327
2724 2869.31431569147
2725 2870.49052623388
2726 2871.66675957815
2727 2872.84302044428
2728 2874.01930396133
2729 2875.19561247134
2730 2876.37194830399
2731 2877.54830661309
2732 2878.72468970302
2733 2879.90109992893
2734 2881.0775324189
2735 2882.25398951536
2736 2883.43047356105
2737 2884.60697579836
2738 2885.7835087118
2739 2886.96006356881
2740 2888.13664271217
2741 2889.31324847232
2742 2890.48987597609
2743 2891.66652755383
2744 2892.84320557404
2745 2894.01990513785
2746 2895.19662860103
2747 2896.37337830708
2748 2897.55014935661
2749 2898.72694651589
2750 2899.90376491045
2751 2901.0806068712
2752 2902.25747474196
2753 2903.43436366041
2754 2904.61127205775
2755 2905.78821006508
2756 2906.96516891982
2757 2908.14215096591
2758 2909.31915853494
2759 2910.49618676365
2760 2911.67324039465
2761 2912.85031453385
2762 2914.02741154864
2763 2915.20453377835
2764 2916.38167633367
2765 2917.55884155906
2766 2918.73603182457
2767 2919.91324220251
2768 2921.09047507546
2769 2922.26773278839
2770 2923.4450104384
2771 2924.62231280757
2772 2925.79963105264
2773 2926.97697538595
2774 2928.15434423817
2775 2929.3317327056
2776 2930.50914315873
2777 2931.68657794308
2778 2932.86403214185
2779 2934.04150812574
2780 2935.21900826574
2781 2936.39652763192
2782 2937.57407102059
2783 2938.75163351413
2784 2939.92921747095
2785 2941.10682526239
2786 2942.28445195773
2787 2943.46209994085
2788 2944.63977155802
2789 2945.81745794854
2790 2946.99516938066
2791 2948.17290427147
2792 2949.35065767664
2793 2950.52843441936
2794 2951.70622956761
2795 2952.88404549318
2796 2954.06188455555
2797 2955.23974182222
2798 2956.41761967256
2799 2957.59552048943
2800 2958.77343932195
2801 2959.95137855496
2802 2961.12934054835
2803 2962.30732038129
2804 2963.48532285329
2805 2964.66334303056
2806 2965.84137930349
2807 2967.01944202182
2808 2968.19752224395
2809 2969.37562236792
2810 2970.55374475418
2811 2971.73188446797
2812 2972.91004389491
2813 2974.08822539565
2814 2975.26642403496
2815 2976.44464465186
2816 2977.62288226023
2817 2978.80113925869
2818 2979.97941804616
2819 2981.15771364865
2820 2982.33602843972
2821 2983.51436484377
2822 2984.69271787371
2823 2985.87108590631
2824 2987.04947936001
2825 2988.22788925037
2826 2989.40632043071
2827 2990.58476791309
2828 2991.76323410957
2829 2992.94172140719
2830 2994.12022483018
2831 2995.29874677814
2832 2996.47728963833
2833 2997.6558484345
2834 2998.83442556116
2835 3000.01302342904
2836 3001.19163704344
2837 3002.37027127194
2838 3003.54892111219
2839 3004.72758898965
2840 3005.90627325508
2841 3007.08497699227
2842 3008.26369856466
2843 3009.44244038559
2844 3010.62119745171
2845 3011.79997217626
2846 3012.97876696013
2847 3014.15757681216
2848 3015.33640660154
2849 3016.51525131148
2850 3017.69411338087
2851 3018.87299521096
2852 3020.05189178445
2853 3021.23080551513
2854 3022.40973882979
2855 3023.58868671063
2856 3024.767651559
2857 3025.94663175
2858 3027.125630369
2859 3028.3046482604
2860 3029.4836804056
2861 3030.66272921895
2862 3031.84179712782
2863 3033.02087910042
2864 3034.19997756401
2865 3035.37909493349
2866 3036.55822617658
2867 3037.73737373342
2868 3038.91654001912
2869 3040.09572000093
2870 3041.27491858931
2871 3042.4541307332
2872 3043.6333588964
2873 3044.81260547639
2874 3045.99186136019
2875 3047.17113713451
2876 3048.35043117375
2877 3049.52973840584
2878 3050.70906127171
2879 3051.8884021999
2880 3053.06775615587
2881 3054.24712805172
2882 3055.42651283992
2883 3056.60591296175
2884 3057.7853308461
2885 3058.96476144494
2886 3060.14420719975
2887 3061.32367052699
2888 3062.50314639081
2889 3063.68263720754
2890 3064.86214544456
2891 3066.04166190789
2892 3067.22119976304
2893 3068.40074985386
2894 3069.58031459706
2895 3070.75989644768
2896 3071.93949034322
2897 3073.11909872593
2898 3074.29872403842
2899 3075.4783611923
2900 3076.65801265543
2901 3077.8376808706
2902 3079.01736076164
2903 3080.19705728198
2904 3081.37676535511
2905 3082.55648743656
2906 3083.73622595681
2907 3084.91597584617
2908 3086.09573542392
2909 3087.27551540963
2910 3088.45530659143
2911 3089.63511141259
2912 3090.81493232939
2913 3091.99476426383
2914 3093.17461215833
2915 3094.35447095992
2916 3095.53434308689
2917 3096.71423102122
2918 3097.89412965874
2919 3099.07404145597
2920 3100.25396888246
2921 3101.43390683352
2922 3102.61385776589
2923 3103.79382414935
2924 3104.973800866
2925 3106.1537887486
2926 3107.3343955936
2927 3108.51501530211
2928 3109.69565033155
2929 3111.06404598061
2930 3112.43257423333
2931 3113.80124170772
2932 3115.17004328249
2933 3116.53898814008
2934 3117.90806278197
2935 3119.27727383942
2936 3120.64662376835
2937 3122.01611165371
2938 3123.3857315499
2939 3124.75549012002
2940 3126.12538221601
2941 3127.49541704798
2942 3128.86558106314
2943 3130.23588094518
2944 3131.60631913786
2945 3132.97689472046
2946 3134.34760427074
2947 3135.7184468675
2948 3137.08942917045
2949 3138.46054523014
2950 3139.83179411259
2951 3141.2031782872
2952 3142.57470444012
2953 3143.94635898838
2954 3145.31815114537
2955 3146.6900757732
2956 3148.06213957128
2957 3149.4343365505
2958 3150.8066657893
2959 3152.17912974493
2960 3153.55173513598
2961 3154.92446833979
2962 3156.2973386028
2963 3157.67034076038
2964 3159.04348153897
2965 3160.4167549225
2966 3161.79016000179
2967 3163.16370178859
2968 3164.53737936137
2969 3165.91118671572
2970 3167.28513057916
2971 3168.65921001733
2972 3170.03341902524
2973 3171.40776433102
2974 3172.78224074275
2975 3174.15685758178
2976 3175.5316011408
2977 3176.9064781485
2978 3178.28149111456
2979 3179.65663911703
2980 3181.03191609853
2981 3182.40732881422
2982 3183.78287208353
2983 3185.15855524827
2984 3186.53436453587
2985 3187.91030673296
2986 3189.28638431165
2987 3190.66259638785
2988 3192.03893943275
2989 3193.41541252365
2990 3194.79201818356
2991 3196.1687631701
2992 3197.54563371808
2993 3198.92263661031
2994 3200.29977864321
2995 3201.67704601208
2996 3203.05444808206
2997 3204.4319796573
2998 3205.80964752205
2999 3207.18744557725
3000 3208.56537291252
3001 3209.94343203892
3002 3211.32162976724
3003 3212.69995226383
3004 3214.0784088961
3005 3215.45699446684
3006 3216.83571580558
3007 3218.21456674987
3008 3219.59354641992
3009 3220.97265991014
3010 3222.35190629746
3011 3223.731279442
3012 3225.11078619438
3013 3226.49042131784
3014 3227.87019165083
3015 3229.25009105292
3016 3230.63011861317
3017 3232.01028376676
3018 3233.39057259705
3019 3234.77099196858
3020 3236.15154438133
3021 3237.53222896273
3022 3238.91303950707
3023 3240.29398290543
3024 3241.67505390644
3025 3243.05626197306
3026 3244.43759313419
3027 3245.81905428149
3028 3247.20064792821
3029 3248.58237320702
3030 3249.96422647134
3031 3251.34620684062
3032 3252.72831685361
3033 3254.11056339117
3034 3255.49293246588
3035 3256.87543095836
3036 3258.2580614079
3037 3259.64082292867
3038 3261.02371189681
3039 3262.40672741328
3040 3263.7898763856
3041 3265.17315260448
3042 3266.55655515801
3043 3267.94008658576
3044 3269.32375380908
3045 3270.70754278472
3046 3272.09146301952
3047 3273.47550927089
3048 3274.85968843531
3049 3276.24399427637
3050 3277.62842589463
3051 3279.01298845461
3052 3280.39768106268
3053 3281.78249745769
3054 3283.1674445809
3055 3284.55251713738
3056 3285.93772208898
3057 3287.32305314672
3058 3288.70850944909
3059 3290.09409612362
3060 3291.4798123219
3061 3292.86565172839
3062 3294.25162133153
3063 3295.63772023183
3064 3297.02394213864
3065 3298.41029404102
3066 3299.7967706039
3067 3301.18338145539
3068 3302.5701124017
3069 3303.95697044527
3070 3305.34395812786
3071 3306.7310745752
3072 3308.11831609558
3073 3309.50568181426
3074 3310.89317427854
3075 3312.28080048179
3076 3313.66854623211
3077 3315.05641852087
3078 3316.44441991594
3079 3317.83254954276
3080 3319.22080367039
3081 3320.60918144931
3082 3321.9976854219
3083 3323.38632261974
3084 3324.7750787908
3085 3326.16396095367
3086 3327.55297614055
3087 3328.94211009806
3088 3330.33137247284
3089 3331.72075793854
3090 3333.11027354074
3091 3334.49991288147
3092 3335.88967511082
3093 3337.27956542532
3094 3338.66958297541
3095 3340.0597213493
3096 3341.4499876064
3097 3342.84037642454
3098 3344.23089482717
3099 3345.6215364202
3100 3347.01230035344
3101 3348.40319182467
3102 3349.79420999683
3103 3351.18534845645
3104 3352.57661423915
3105 3353.96800202858
3106 3355.3595188865
3107 3356.7511583861
3108 3358.14291967691
3109 3359.53481248877
3110 3360.92682243024
3111 3362.31895661477
3112 3363.71121759995
3113 3365.10360454834
3114 3366.49611366098
3115 3367.88874407443
3116 3369.28149838461
3117 3370.6743836814
3118 3372.06738556972
3119 3373.46051113919
3120 3374.85376299186
3121 3376.24714026615
3122 3377.64063915487
3123 3379.0342587943
3124 3380.42800179374
3125 3381.82187527033
3126 3383.21586476146
3127 3384.60997740958
3128 3386.00421578621
3129 3387.39857906617
3130 3388.79306341016
3131 3390.18766796696
3132 3391.5823998933
3133 3392.97725266754
3134 3394.37222545113
3135 3395.76732351102
3136 3397.16254600901
3137 3398.55788642238
3138 3399.9533518962
3139 3401.34893705713
3140 3402.74464906362
3141 3404.14048135404
3142 3405.5364331279
3143 3406.93250964618
3144 3408.32871007208
3145 3409.7250278612
3146 3411.12147017312
3147 3412.5180316331
3148 3413.91471940133
3149 3415.31152694003
3150 3416.70845339735
3151 3418.10550405551
3152 3419.50267811416
3153 3420.89996897049
3154 3422.29738383697
3155 3423.69492190033
3156 3425.09257922851
3157 3426.49035502054
3158 3427.88825187546
3159 3429.28627700726
3160 3430.68441579707
3161 3432.08267544585
3162 3433.48105857876
3163 3434.8795643695
3164 3436.27818889776
3165 3437.67693133673
3166 3439.07579431723
3167 3440.47478504379
3168 3441.87388888667
3169 3443.27311304854
3170 3444.67246015518
3171 3446.07192940561
3172 3447.47151685288
3173 3448.87122166996
3174 3450.27104648265
3175 3451.67099854679
3176 3453.07106315939
3177 3454.47125026192
3178 3455.8715590404
3179 3457.27198284813
3180 3458.6725289416
3181 3460.07319186338
3182 3461.47397890896
3183 3462.87488340546
3184 3464.27590453825
3185 3465.67704762055
3186 3467.0783118637
3187 3468.47969059369
3188 3469.88119108157
3189 3471.2828078741
3190 3472.68454827012
3191 3474.08640556225
3192 3475.48837894839
3193 3476.89047378143
3194 3478.29268924685
3195 3479.69501864335
3196 3481.09746928213
3197 3482.50004036137
3198 3483.90272787958
3199 3485.30553102166
3200 3486.70845244096
3201 3488.11149945025
3202 3489.51465721921
3203 3490.91793306034
3204 3492.32132960198
3205 3493.72484608046
3206 3495.12847844202
3207 3496.5322259097
3208 3497.93609112469
3209 3499.34008141431
3210 3500.74418190607
3211 3502.14839995267
3212 3503.55273818867
3213 3504.95719582609
3214 3506.36176881575
3215 3507.76645638043
3216 3509.17126116192
3217 3510.57619050213
3218 3511.98122952481
3219 3513.38638554602
3220 3514.79166595955
3221 3516.1970558237
3222 3517.60256522172
3223 3519.0081886631
3224 3520.41393351668
3225 3521.81979299806
3226 3523.22576630408
3227 3524.63185881868
3228 3526.03806977751
3229 3527.44439236943
3230 3528.85083397723
3231 3530.25738908336
3232 3531.66406509688
3233 3533.0708551932
3234 3534.47775860735
3235 3535.8847807046
3236 3537.29192073467
3237 3538.69917183905
3238 3540.10654145358
3239 3541.51402403367
3240 3542.92162701579
3241 3544.32934353516
3242 3545.73717285219
3243 3547.14512508264
3244 3548.55318522269
3245 3549.96136065823
3246 3551.36965408484
3247 3552.77806471195
3248 3554.18658844174
3249 3555.59522448314
3250 3557.00397550615
3251 3558.41284894998
3252 3559.82182975571
3253 3561.23092534949
3254 3562.64013840189
3255 3564.04946816053
3256 3565.45891046244
3257 3566.86846456757
3258 3568.27813313938
3259 3569.68792363318
3260 3571.09782092782
3261 3572.50783250252
3262 3573.91796100282
3263 3575.32820571459
3264 3576.7385624481
3265 3578.14903043742
3266 3579.55961717618
3267 3580.97031574257
3268 3582.38112537057
3269 3583.79205150221
3270 3585.20309337187
3271 3586.61424405656
3272 3588.02551103829
3273 3589.43688876634
3274 3590.84838473616
3275 3592.25999199851
3276 3593.67170981277
3277 3595.08354359663
3278 3596.4954926227
3279 3597.90754992775
3280 3599.31972302124
3281 3600.73200634388
3282 3602.14440739439
3283 3603.5569192146
3284 3604.96954105082
3285 3606.38227836054
3286 3607.79513039047
3287 3609.20809017558
3288 3610.62116524
3289 3612.03435483034
3290 3613.44765474048
3291 3614.86106421651
3292 3616.27458594451
3293 3617.85400570688
3294 3619.4336231187
3295 3621.01344573885
3296 3622.59347347601
3297 3624.17371389596
3298 3625.75415165746
3299 3627.33479433887
3300 3628.91564672771
3301 3630.49670177396
3302 3632.077958744
3303 3633.65942034537
3304 3635.24109136614
3305 3636.82296475537
3306 3638.40503978505
3307 3639.98731915157
3308 3641.56981043609
3309 3643.15249825204
3310 3644.73539020029
3311 3646.31849108275
3312 3647.90179382119
3313 3649.48529769451
3314 3651.06900539823
3315 3652.65292176625
3316 3654.23703969512
3317 3655.82135848218
3318 3657.40588570491
3319 3658.99061150856
3320 3660.57554349656
3321 3662.16067604021
3322 3663.74601675646
3323 3665.331558526
3324 3666.91730065882
3325 3668.50325073538
3326 3670.08939886589
3327 3671.67575269395
3328 3673.26230657671
3329 3674.84906814559
3330 3676.43602747808
3331 3678.02319221871
3332 3679.61055671103
3333 3681.1981286317
3334 3682.78589801971
3335 3684.37387252629
3336 3685.96205145577
3337 3687.55042763393
3338 3689.13900871979
3339 3690.72778906844
3340 3692.31677635243
3341 3693.90596058144
3342 3695.49534945399
3343 3697.08494225425
3344 3698.67473179486
3345 3700.26472295215
3346 3701.85491846295
3347 3703.4453176184
3348 3705.03591322886
3349 3706.6267101655
3350 3708.2177111783
3351 3709.8089155583
3352 3711.40031610781
3353 3712.99192050353
3354 3714.58372805502
3355 3716.17573155815
3356 3717.76793589795
3357 3719.36034379923
3358 3720.95295460426
3359 3722.54576104365
3360 3724.13876804161
3361 3725.73198333306
3362 3727.3253912494
3363 3728.9189995124
3364 3730.51280804284
3365 3732.10682458366
3366 3733.70103346296
3367 3735.29544241053
3368 3736.89005635223
3369 3738.48486801658
3370 3740.07987673797
3371 3741.67508523042
3372 3743.27050125719
3373 3744.86610909139
3374 3746.46191651596
3375 3748.05792342581
3376 3749.65413760507
3377 3751.25054329912
3378 3752.84714829182
3379 3754.44395752932
3380 3756.04096370019
3381 3757.63816612562
3382 3759.23556757071
3383 3760.83317297639
3384 3762.430975029
3385 3764.0289730567
3386 3765.62717484573
3387 3767.22557308172
3388 3768.82416707281
3389 3770.42295957302
3390 3772.02195556874
3391 3773.62114770603
3392 3775.22053532572
3393 3776.82012118091
3394 3778.41991025274
3395 3780.01989517346
3396 3781.62007529667
3397 3783.22045844276
3398 3784.82103439829
3399 3786.42181098394
3400 3788.02278249198
3401 3789.62395673796
3402 3791.22532633955
3403 3792.82689063728
3404 3794.42865747313
3405 3796.03061663015
3406 3797.63277593066
3407 3799.23512965399
3408 3800.83768563604
3409 3802.44043363275
3410 3804.04338151311
3411 3805.64652861788
3412 3807.24986752344
3413 3808.85340326483
3414 3810.45713859704
3415 3812.06107287946
3416 3813.66519868869
3417 3815.26952387547
3418 3816.87404270295
3419 3818.47876305536
3420 3820.08367463348
3421 3821.68878532181
3422 3823.29409448657
3423 3824.89959466284
3424 3826.50529089314
3425 3828.11118596031
3426 3829.71727923631
3427 3831.32356322946
3428 3832.93004300283
3429 3834.53672645621
3430 3836.14359758921
3431 3837.75066427557
3432 3839.35792647403
3433 3840.9653920982
3434 3842.5730450871
3435 3844.18089338103
3436 3845.78893972968
3437 3847.39718353754
3438 3849.00561728449
3439 3850.61424603523
3440 3852.22307774379
3441 3853.83209631391
3442 3855.44130969932
3443 3857.05071781294
3444 3858.6603286109
3445 3860.27012598788
3446 3861.88011789858
3447 3863.4903094223
3448 3865.10069303675
3449 3866.71126810692
3450 3868.32203741617
3451 3869.93300895985
3452 3871.54416656456
3453 3873.15551821363
3454 3874.76706901911
3455 3876.3788114054
3456 3877.9907447631
3457 3879.60287188902
3458 3881.21519788994
3459 3882.82771518928
3460 3884.44042319044
3461 3886.05332467062
3462 3887.66642477705
3463 3889.27971588644
3464 3890.89319741499
3465 3892.50687734828
3466 3894.12074809508
3467 3895.73480904573
3468 3897.34906299789
3469 3898.96351508584
3470 3900.57815771038
3471 3902.19299024993
3472 3903.80802073636
3473 3905.42323865932
3474 3907.03865204506
3475 3908.65425506861
3476 3910.27005578274
3477 3911.88604363701
3478 3913.50222668449
3479 3915.11859910532
3480 3916.73516892855
3481 3918.3519256083
3482 3919.96887722441
3483 3921.58602315435
3484 3923.20335575058
3485 3924.82088304202
3486 3926.43859922743
3487 3928.05651234937
3488 3929.6746118467
3489 3931.29290577621
3490 3932.91139355985
3491 3934.53006750961
3492 3936.14893280152
3493 3937.76799226137
3494 3939.38724530507
3495 3941.0066842307
3496 3942.62631422783
3497 3944.24614339933
3498 3945.86615532373
3499 3947.48635812946
3500 3949.10675461702
3501 3950.727344228
3502 3952.34811920704
3503 3953.96908478356
3504 3955.59024378423
3505 3957.21159562469
3506 3958.83313256744
3507 3960.45485983065
3508 3962.0767855199
3509 3963.69889320694
3510 3965.32119100404
3511 3966.9436788563
3512 3968.56636486434
3513 3970.18923259783
3514 3971.8122901571
3515 3973.43554570115
3516 3975.05898273449
3517 3976.68260939
3518 3978.30642562562
3519 3979.93043956956
3520 3981.55463472319
3521 3983.17901922735
3522 3984.80359303997
3523 3986.42836429021
3524 3988.05331646446
3525 3989.67845773633
3526 3991.30379335328
3527 3992.92931549529
3528 3994.5550236157
3529 3996.18092054292
3530 3997.80701445955
3531 3999.43328880953
3532 4001.05975176225
3533 4002.68640860404
3534 4004.3132515002
3535 4005.94027987901
3536 4007.56749658837
3537 4009.1949069152
3538 4010.82250301785
3539 4012.4502843235
3540 4014.07825905578
3541 4015.70641643568
3542 4017.33476464831
3543 4018.96329780999
3544 4020.59202413342
3545 4022.22093280537
3546 4023.85003206369
3547 4025.47931597914
3548 4027.10879279031
3549 4028.73845460099
3550 4030.3683008769
3551 4031.99833985735
3552 4033.62856070085
3553 4035.25897164794
3554 4036.88956678699
3555 4038.52035435831
3556 4040.15132351303
3557 4041.78248250467
3558 4043.41383081221
3559 4045.04536049781
3560 4046.67707689035
3561 4048.308982853
3562 4049.94107785265
3563 4051.57335395641
3564 4053.20581943253
3565 4054.83846833536
3566 4056.47130895975
3567 4058.10433038829
3568 4059.73754092904
3569 4061.37094006071
3570 4063.00451979687
3571 4064.638285495
3572 4066.27224001916
3573 4067.90638286091
3574 4069.54070603974
3575 4071.17521491282
3576 4072.80991777778
3577 4074.44479782132
3578 4076.07986336667
3579 4077.71511727848
3580 4079.35055903613
3581 4080.98618065037
3582 4082.62198747949
3583 4084.25798784878
3584 4085.8941649153
3585 4087.53052700407
3586 4089.16707403358
3587 4090.80381435604
3588 4092.4407311065
3589 4094.07783258597
3590 4095.71511874484
3591 4097.3525979493
3592 4098.9902532744
3593 4100.62809308604
3594 4102.26612572524
3595 4103.90433429139
3596 4105.54272713817
3597 4107.18130420296
3598 4108.8200738287
3599 4110.45901911865
3600 4112.0981484016
3601 4113.73746711715
3602 4115.37696718717
3603 4117.016648102
3604 4118.65651274796
3605 4120.29656657827
3606 4121.9368014809
3607 4123.57721695996
3608 4125.21781592111
3609 4126.85860377929
3610 4128.49957244136
3611 4130.14072141043
3612 4131.78205910959
3613 4133.42357738007
3614 4135.06527577679
3615 4136.70715717402
3616 4138.34922703279
3617 4139.99147719415
3618 4141.63390720602
3619 4143.27652548032
3620 4144.91932089964
3621 4146.56230188911
3622 4148.20546245323
3623 4149.84881101786
3624 4151.49233645125
3625 4153.13604719857
3626 4154.77994278993
3627 4156.42401502976
3628 4158.06827238389
3629 4159.71270884247
3630 4161.35733285912
3631 4163.00213324769
3632 4164.64711848802
3633 4166.29228255651
3634 4167.93763392683
3635 4169.58316141226
3636 4171.22887347377
3637 4172.87476965334
3638 4174.52084174648
3639 4176.16709525032
3640 4177.81353305441
3641 4179.46015473958
3642 4181.10695204838
3643 4182.75393349549
3644 4184.40109859759
3645 4186.04843912847
3646 4187.69596059939
3647 4189.34366592644
3648 4190.99155466436
3649 4192.63961855383
3650 4194.28786311975
3651 4195.93629687329
3652 4197.58490259095
3653 4199.23368878442
3654 4200.88265537761
