1 -1.08883333 -1.13400000 -1.04366667
2 -1.08883333 -1.13400000 -1.04366667
3 -1.08883333 -1.13400000 -1.04366667
4 0.00000000 0.00000000 0.00000000
5 -0.84300000 -0.85800000 -0.82800000
6 -1.69575000 -1.71200000 -1.67950000
7 -2.54850000 -2.56600000 -2.53100000
8 -3.40125000 -3.42000000 -3.38250000
9 -4.25400000 -4.27400000 -4.23400000
10 -5.10675000 -5.12800000 -5.08550000
11 -5.95950000 -5.98200000 -5.93700000
12 -6.81692857 -6.84328571 -6.79057142
13 -7.67435714 -7.70457142 -7.64414285
14 -8.53178571 -8.56585714 -8.49771428
15 -9.38921428 -9.42714285 -9.35128571
16 -10.24664285 -10.28842857 -10.20485714
17 -11.10407142 -11.14971428 -11.05842857
18 -11.96150000 -12.01100000 -11.91200000
19 -12.87007142 -12.92785714 -12.81228571
20 -13.77864285 -13.84471428 -13.71257142
21 -14.68721428 -14.76157142 -14.61285714
22 -15.59578571 -15.67842857 -15.51314285
23 -16.50435714 -16.59528571 -16.41342857
24 -17.41292857 -17.51214285 -17.31371428
25 -18.32150000 -18.42900000 -18.21400000
26 -19.19615000 -19.29820000 -19.09410000
27 -20.07080000 -20.16740000 -19.97420000
28 -20.94545000 -21.03660000 -20.85430000
29 -21.82010000 -21.90580000 -21.73440000
30 -22.69475000 -22.77500000 -22.61450000
31 -23.56940000 -23.64420000 -23.49460000
32 -24.44405000 -24.51340000 -24.37470000
33 -25.31870000 -25.38260000 -25.25480000
34 -26.19335000 -26.25180000 -26.13490000
35 -27.06800000 -27.12100000 -27.01500000
36 -27.94272580 -28.00125806 -27.88419354
37 -28.81745161 -28.88151612 -28.75338709
38 -29.69217741 -29.76177419 -29.62258064
39 -30.56690322 -30.64203225 -30.49177419
40 -31.44162903 -31.52229032 -31.36096774
41 -32.31635483 -32.40254838 -32.23016129
42 -33.19108064 -33.28280645 -33.09935483
43 -34.06580645 -34.16306451 -33.96854838
44 -34.94053225 -35.04332258 -34.83774193
45 -35.81525806 -35.92358064 -35.70693548
46 -36.68998387 -36.80383870 -36.57612903
47 -37.56470967 -37.68409677 -37.44532258
48 -38.43943548 -38.56435483 -38.31451612
49 -39.31416129 -39.44461290 -39.18370967
50 -40.18888709 -40.32487096 -40.05290322
51 -41.06361290 -41.20512903 -40.92209677
52 -41.93833870 -42.08538709 -41.79129032
53 -42.81306451 -42.96564516 -42.66048387
54 -43.68779032 -43.84590322 -43.52967741
55 -44.56251612 -44.72616129 -44.39887096
56 -45.43724193 -45.60641935 -45.26806451
57 -46.31196774 -46.48667741 -46.13725806
58 -47.18669354 -47.36693548 -47.00645161
59 -48.06141935 -48.24719354 -47.87564516
60 -48.93614516 -49.12745161 -48.74483870
61 -49.81087096 -50.00770967 -49.61403225
62 -50.68559677 -50.88796774 -50.48322580
63 -51.56032258 -51.76822580 -51.35241935
64 -52.43504838 -52.64848387 -52.22161290
65 -53.30977419 -53.52874193 -53.09080645
66 -54.18450000 -54.40900000 -53.96000000
67 -55.08756666 -55.31710000 -54.85803333
68 -55.99063333 -56.22520000 -55.75606666
69 -56.89370000 -57.13330000 -56.65410000
70 -57.79676666 -58.04140000 -57.55213333
71 -58.69983333 -58.94950000 -58.45016666
72 -59.60290000 -59.85760000 -59.34820000
73 -60.50596666 -60.76570000 -60.24623333
74 -61.40903333 -61.67380000 -61.14426666
75 -62.31210000 -62.58190000 -62.04230000
76 -63.21516666 -63.49000000 -62.94033333
77 -64.11823333 -64.39810000 -63.83836666
78 -65.02130000 -65.30620000 -64.73640000
79 -65.92436666 -66.21430000 -65.63443333
80 -66.82743333 -67.12240000 -66.53246666
81 -67.73050000 -68.03050000 -67.43050000
82 -68.63356666 -68.93860000 -68.32853333
83 -69.53663333 -69.84670000 -69.22656666
84 -70.43970000 -70.75480000 -70.12460000
85 -71.34276666 -71.66290000 -71.02263333
86 -72.24583333 -72.57100000 -71.92066666
87 -73.14890000 -73.47910000 -72.81870000
88 -74.05196666 -74.38720000 -73.71673333
89 -74.95503333 -75.29530000 -74.61476666
90 -75.85810000 -76.20340000 -75.51280000
91 -76.76116666 -77.11150000 -76.41083333
92 -77.66423333 -78.01960000 -77.30886666
93 -78.56730000 -78.92770000 -78.20690000
94 -79.47036666 -79.83580000 -79.10493333
95 -80.37343333 -80.74390000 -80.00296666
96 -81.27650000 -81.65200000 -80.90100000
97 -82.17848484 -82.55115151 -81.80581818
98 -83.08046969 -83.45030303 -82.71063636
99 -83.98245454 -84.34945454 -83.61545454
100 -84.88443939 -85.24860606 -84.52027272
101 -85.78642424 -86.14775757 -85.42509090
102 -86.68840909 -87.04690909 -86.32990909
103 -87.59039393 -87.94606060 -87.23472727
104 -88.49237878 -88.84521212 -88.13954545
105 -89.39436363 -89.74436363 -89.04436363
106 -90.29634848 -90.64351515 -89.94918181
107 -91.19833333 -91.54266666 -90.85400000
108 -92.10031818 -92.44181818 -91.75881818
109 -93.00230303 -93.34096969 -92.66363636
110 -93.90428787 -94.24012121 -93.56845454
111 -94.80627272 -95.13927272 -94.47327272
112 -95.70825757 -96.03842424 -95.37809090
113 -96.61024242 -96.93757575 -96.28290909
114 -97.51222727 -97.83672727 -97.18772727
115 -98.41421212 -98.73587878 -98.09254545
116 -99.31619696 -99.63503030 -98.99736363
117 -100.21818181 -100.53418181 -99.90218181
118 -101.12016666 -101.43333333 -100.80700000
119 -102.02215151 -102.33248484 -101.71181818
120 -102.92413636 -103.23163636 -102.61663636
121 -103.82612121 -104.13078787 -103.52145454
122 -104.72810606 -105.02993939 -104.42627272
123 -105.63009090 -105.92909090 -105.33109090
124 -106.53207575 -106.82824242 -106.23590909
125 -107.43406060 -107.72739393 -107.14072727
126 -108.33604545 -108.62654545 -108.04554545
127 -109.23803030 -109.52569696 -108.95036363
128 -110.14001515 -110.42484848 -109.85518181
129 -111.04200000 -111.32400000 -110.76000000
130 -111.94453571 -112.22892857 -111.66014285
131 -112.84707142 -113.13385714 -112.56028571
132 -113.74960714 -114.03878571 -113.46042857
133 -114.65214285 -114.94371428 -114.36057142
134 -115.55467857 -115.84864285 -115.26071428
135 -116.45721428 -116.75357142 -116.16085714
136 -117.35975000 -117.65850000 -117.06100000
137 -118.26228571 -118.56342857 -117.96114285
138 -119.16482142 -119.46835714 -118.86128571
139 -120.06735714 -120.37328571 -119.76142857
140 -120.96989285 -121.27821428 -120.66157142
141 -121.87242857 -122.18314285 -121.56171428
142 -122.77496428 -123.08807142 -122.46185714
143 -123.67750000 -123.99300000 -123.36200000
144 -124.58003571 -124.89792857 -124.26214285
145 -125.48257142 -125.80285714 -125.16228571
146 -126.38510714 -126.70778571 -126.06242857
147 -127.28764285 -127.61271428 -126.96257142
148 -128.19017857 -128.51764285 -127.86271428
149 -129.09271428 -129.42257142 -128.76285714
150 -129.99525000 -130.32750000 -129.66300000
151 -130.89778571 -131.23242857 -130.56314285
152 -131.80032142 -132.13735714 -131.46328571
153 -132.70285714 -133.04228571 -132.36342857
154 -133.60539285 -133.94721428 -133.26357142
155 -134.50792857 -134.85214285 -134.16371428
156 -135.41046428 -135.75707142 -135.06385714
157 -136.31300000 -136.66200000 -135.96400000
158 -137.25837096 -137.61625806 -136.90048387
159 -138.20374193 -138.57051612 -137.83696774
160 -139.14911290 -139.52477419 -138.77345161
161 -140.09448387 -140.47903225 -139.70993548
162 -141.03985483 -141.43329032 -140.64641935
163 -141.98522580 -142.38754838 -141.58290322
164 -142.93059677 -143.34180645 -142.51938709
165 -143.87596774 -144.29606451 -143.45587096
166 -144.82133870 -145.25032258 -144.39235483
167 -145.76670967 -146.20458064 -145.32883870
168 -146.71208064 -147.15883870 -146.26532258
169 -147.65745161 -148.11309677 -147.20180645
170 -148.60282258 -149.06735483 -148.13829032
171 -149.54819354 -150.02161290 -149.07477419
172 -150.49356451 -150.97587096 -150.01125806
173 -151.43893548 -151.93012903 -150.94774193
174 -152.38430645 -152.88438709 -151.88422580
175 -153.32967741 -153.83864516 -152.82070967
176 -154.27504838 -154.79290322 -153.75719354
177 -155.22041935 -155.74716129 -154.69367741
178 -156.16579032 -156.70141935 -155.63016129
179 -157.11116129 -157.65567741 -156.56664516
180 -158.05653225 -158.60993548 -157.50312903
181 -159.00190322 -159.56419354 -158.43961290
182 -159.94727419 -160.51845161 -159.37609677
183 -160.89264516 -161.47270967 -160.31258064
184 -161.83801612 -162.42696774 -161.24906451
185 -162.78338709 -163.38122580 -162.18554838
186 -163.72875806 -164.33548387 -163.12203225
187 -164.67412903 -165.28974193 -164.05851612
188 -165.61950000 -166.24400000 -164.99500000
189 -166.52869696 -167.14821212 -165.90918181
190 -167.43789393 -168.05242424 -166.82336363
191 -168.34709090 -168.95663636 -167.73754545
192 -169.25628787 -169.86084848 -168.65172727
193 -170.16548484 -170.76506060 -169.56590909
194 -171.07468181 -171.66927272 -170.48009090
195 -171.98387878 -172.57348484 -171.39427272
196 -172.89307575 -173.47769696 -172.30845454
197 -173.80227272 -174.38190909 -173.22263636
198 -174.71146969 -175.28612121 -174.13681818
199 -175.62066666 -176.19033333 -175.05100000
200 -176.52986363 -177.09454545 -175.96518181
201 -177.43906060 -177.99875757 -176.87936363
202 -178.34825757 -178.90296969 -177.79354545
203 -179.25745454 -179.80718181 -178.70772727
204 -180.16665151 -180.71139393 -179.62190909
205 -181.07584848 -181.61560606 -180.53609090
206 -181.98504545 -182.51981818 -181.45027272
207 -182.89424242 -183.42403030 -182.36445454
208 -183.80343939 -184.32824242 -183.27863636
209 -184.71263636 -185.23245454 -184.19281818
210 -185.62183333 -186.13666666 -185.10700000
211 -186.53103030 -187.04087878 -186.02118181
212 -187.44022727 -187.94509090 -186.93536363
213 -188.34942424 -188.84930303 -187.84954545
214 -189.25862121 -189.75351515 -188.76372727
215 -190.16781818 -190.65772727 -189.67790909
216 -191.07701515 -191.56193939 -190.59209090
217 -191.98621212 -192.46615151 -191.50627272
218 -192.89540909 -193.37036363 -192.42045454
219 -193.80460606 -194.27457575 -193.33463636
220 -194.71380303 -195.17878787 -194.24881818
221 -195.62300000 -196.08300000 -195.16300000
222 -196.53229629 -196.99440740 -196.07018518
223 -197.44159259 -197.90581481 -196.97737037
224 -198.35088888 -198.81722222 -197.88455555
225 -199.26018518 -199.72862962 -198.79174074
226 -200.16948148 -200.64003703 -199.69892592
227 -201.07877777 -201.55144444 -200.60611111
228 -201.98807407 -202.46285185 -201.51329629
229 -202.89737037 -203.37425925 -202.42048148
230 -203.80666666 -204.28566666 -203.32766666
231 -204.71596296 -205.19707407 -204.23485185
232 -205.62525925 -206.10848148 -205.14203703
233 -206.53455555 -207.01988888 -206.04922222
234 -207.44385185 -207.93129629 -206.95640740
235 -208.35314814 -208.84270370 -207.86359259
236 -209.26244444 -209.75411111 -208.77077777
237 -210.17174074 -210.66551851 -209.67796296
238 -211.08103703 -211.57692592 -210.58514814
239 -211.99033333 -212.48833333 -211.49233333
240 -212.89962962 -213.39974074 -212.39951851
241 -213.80892592 -214.31114814 -213.30670370
242 -214.71822222 -215.22255555 -214.21388888
243 -215.62751851 -216.13396296 -215.12107407
244 -216.53681481 -217.04537037 -216.02825925
245 -217.44611111 -217.95677777 -216.93544444
246 -218.35540740 -218.86818518 -217.84262962
247 -219.26470370 -219.77959259 -218.74981481
248 -220.17400000 -220.69100000 -219.65700000
249 -221.07426666 -221.59706666 -220.55146666
250 -221.97453333 -222.50313333 -221.44593333
251 -222.87480000 -223.40920000 -222.34040000
252 -223.77506666 -224.31526666 -223.23486666
253 -224.67533333 -225.22133333 -224.12933333
254 -225.57560000 -226.12740000 -225.02380000
255 -226.47586666 -227.03346666 -225.91826666
256 -227.37613333 -227.93953333 -226.81273333
257 -228.27640000 -228.84560000 -227.70720000
258 -229.17666666 -229.75166666 -228.60166666
259 -230.07693333 -230.65773333 -229.49613333
260 -230.97720000 -231.56380000 -230.39060000
261 -231.87746666 -232.46986666 -231.28506666
262 -232.77773333 -233.37593333 -232.17953333
263 -233.67800000 -234.28200000 -233.07400000
264 -234.57826666 -235.18806666 -233.96846666
265 -235.47853333 -236.09413333 -234.86293333
266 -236.37880000 -237.00020000 -235.75740000
267 -237.27906666 -237.90626666 -236.65186666
268 -238.17933333 -238.81233333 -237.54633333
269 -239.07960000 -239.71840000 -238.44080000
270 -239.97986666 -240.62446666 -239.33526666
271 -240.88013333 -241.53053333 -240.22973333
272 -241.78040000 -242.43660000 -241.12420000
273 -242.68066666 -243.34266666 -242.01866666
274 -243.58093333 -244.24873333 -242.91313333
275 -244.48120000 -245.15480000 -243.80760000
276 -245.38146666 -246.06086666 -244.70206666
277 -246.28173333 -246.96693333 -245.59653333
278 -247.18200000 -247.87300000 -246.49100000
279 -248.08140000 -248.77123333 -247.39156666
280 -248.98080000 -249.66946666 -248.29213333
281 -249.88020000 -250.56770000 -249.19270000
282 -250.77960000 -251.46593333 -250.09326666
283 -251.67900000 -252.36416666 -250.99383333
284 -252.57840000 -253.26240000 -251.89440000
285 -253.47780000 -254.16063333 -252.79496666
286 -254.37720000 -255.05886666 -253.69553333
287 -255.27660000 -255.95710000 -254.59610000
288 -256.17600000 -256.85533333 -255.49666666
289 -257.07540000 -257.75356666 -256.39723333
290 -257.97480000 -258.65180000 -257.29780000
291 -258.87420000 -259.55003333 -258.19836666
292 -259.77360000 -260.44826666 -259.09893333
293 -260.67300000 -261.34650000 -259.99950000
294 -261.57240000 -262.24473333 -260.90006666
295 -262.47180000 -263.14296666 -261.80063333
296 -263.37120000 -264.04120000 -262.70120000
297 -264.27060000 -264.93943333 -263.60176666
298 -265.17000000 -265.83766666 -264.50233333
299 -266.06940000 -266.73590000 -265.40290000
300 -266.96880000 -267.63413333 -266.30346666
301 -267.86820000 -268.53236666 -267.20403333
302 -268.76760000 -269.43060000 -268.10460000
303 -269.66700000 -270.32883333 -269.00516666
304 -270.56640000 -271.22706666 -269.90573333
305 -271.46580000 -272.12530000 -270.80630000
306 -272.36520000 -273.02353333 -271.70686666
307 -273.26460000 -273.92176666 -272.60743333
308 -274.16400000 -274.82000000 -273.50800000
309 -275.05858064 -275.72200000 -274.39516129
310 -275.95316129 -276.62400000 -275.28232258
311 -276.84774193 -277.52600000 -276.16948387
312 -277.74232258 -278.42800000 -277.05664516
313 -278.63690322 -279.33000000 -277.94380645
314 -279.53148387 -280.23200000 -278.83096774
315 -280.42606451 -281.13400000 -279.71812903
316 -281.32064516 -282.03600000 -280.60529032
317 -282.21522580 -282.93800000 -281.49245161
318 -283.10980645 -283.84000000 -282.37961290
319 -284.00438709 -284.74200000 -283.26677419
320 -284.89896774 -285.64400000 -284.15393548
321 -285.79354838 -286.54600000 -285.04109677
322 -286.68812903 -287.44800000 -285.92825806
323 -287.58270967 -288.35000000 -286.81541935
324 -288.47729032 -289.25200000 -287.70258064
325 -289.37187096 -290.15400000 -288.58974193
326 -290.26645161 -291.05600000 -289.47690322
327 -291.16103225 -291.95800000 -290.36406451
328 -292.05561290 -292.86000000 -291.25122580
329 -292.95019354 -293.76200000 -292.13838709
330 -293.84477419 -294.66400000 -293.02554838
331 -294.73935483 -295.56600000 -293.91270967
332 -295.63393548 -296.46800000 -294.79987096
333 -296.52851612 -297.37000000 -295.68703225
334 -297.42309677 -298.27200000 -296.57419354
335 -298.31767741 -299.17400000 -297.46135483
336 -299.21225806 -300.07600000 -298.34851612
337 -300.10683870 -300.97800000 -299.23567741
338 -301.00141935 -301.88000000 -300.12283870
339 -301.89600000 -302.78200000 -301.01000000
340 -302.76943333 -303.69013333 -301.84873333
341 -303.64286666 -304.59826666 -302.68746666
342 -304.51630000 -305.50640000 -303.52620000
343 -305.38973333 -306.41453333 -304.36493333
344 -306.26316666 -307.32266666 -305.20366666
345 -307.13660000 -308.23080000 -306.04240000
346 -308.01003333 -309.13893333 -306.88113333
347 -308.88346666 -310.04706666 -307.71986666
348 -309.75690000 -310.95520000 -308.55860000
349 -310.63033333 -311.86333333 -309.39733333
350 -311.50376666 -312.77146666 -310.23606666
351 -312.37720000 -313.67960000 -311.07480000
352 -313.25063333 -314.58773333 -311.91353333
353 -314.12406666 -315.49586666 -312.75226666
354 -314.99750000 -316.40400000 -313.59100000
355 -315.87093333 -317.31213333 -314.42973333
356 -316.74436666 -318.22026666 -315.26846666
357 -317.61780000 -319.12840000 -316.10720000
358 -318.49123333 -320.03653333 -316.94593333
359 -319.36466666 -320.94466666 -317.78466666
360 -320.23810000 -321.85280000 -318.62340000
361 -321.11153333 -322.76093333 -319.46213333
362 -321.98496666 -323.66906666 -320.30086666
363 -322.85840000 -324.57720000 -321.13960000
364 -323.73183333 -325.48533333 -321.97833333
365 -324.60526666 -326.39346666 -322.81706666
366 -325.47870000 -327.30160000 -323.65580000
367 -326.35213333 -328.20973333 -324.49453333
368 -327.22556666 -329.11786666 -325.33326666
369 -328.09900000 -330.02600000 -326.17200000
370 -328.95663043 -330.89664130 -327.01661956
371 -329.81426086 -331.76728260 -327.86123913
372 -330.67189130 -332.63792391 -328.70585869
373 -331.52952173 -333.50856521 -329.55047826
374 -332.38715217 -334.37920652 -330.39509782
375 -333.24478260 -335.24984782 -331.23971739
376 -334.10241304 -336.12048913 -332.08433695
377 -334.96004347 -336.99113043 -332.92895652
378 -335.81767391 -337.86177173 -333.77357608
379 -336.67530434 -338.73241304 -334.61819565
380 -337.53293478 -339.60305434 -335.46281521
381 -338.39056521 -340.47369565 -336.30743478
382 -339.24819565 -341.34433695 -337.15205434
383 -340.10582608 -342.21497826 -337.99667391
384 -340.96345652 -343.08561956 -338.84129347
385 -341.82108695 -343.95626086 -339.68591304
386 -342.67871739 -344.82690217 -340.53053260
387 -343.53634782 -345.69754347 -341.37515217
388 -344.39397826 -346.56818478 -342.21977173
389 -345.25160869 -347.43882608 -343.06439130
390 -346.10923913 -348.30946739 -343.90901086
391 -346.96686956 -349.18010869 -344.75363043
392 -347.82450000 -350.05075000 -345.59825000
393 -348.68213043 -350.92139130 -346.44286956
394 -349.53976086 -351.79203260 -347.28748913
395 -350.39739130 -352.66267391 -348.13210869
396 -351.25502173 -353.53331521 -348.97672826
397 -352.11265217 -354.40395652 -349.82134782
398 -352.97028260 -355.27459782 -350.66596739
399 -353.82791304 -356.14523913 -351.51058695
400 -354.68554347 -357.01588043 -352.35520652
401 -355.54317391 -357.88652173 -353.19982608
402 -356.40080434 -358.75716304 -354.04444565
403 -357.25843478 -359.62780434 -354.88906521
404 -358.11606521 -360.49844565 -355.73368478
405 -358.97369565 -361.36908695 -356.57830434
406 -359.83132608 -362.23972826 -357.42292391
407 -360.68895652 -363.11036956 -358.26754347
408 -361.54658695 -363.98101086 -359.11216304
409 -362.40421739 -364.85165217 -359.95678260
410 -363.26184782 -365.72229347 -360.80140217
411 -364.11947826 -366.59293478 -361.64602173
412 -364.97710869 -367.46357608 -362.49064130
413 -365.83473913 -368.33421739 -363.33526086
414 -366.69236956 -369.20485869 -364.17988043
415 -367.55000000 -370.07550000 -365.02450000
416 -368.40763043 -370.94614130 -365.86911956
417 -369.26526086 -371.81678260 -366.71373913
418 -370.12289130 -372.68742391 -367.55835869
419 -370.98052173 -373.55806521 -368.40297826
420 -371.83815217 -374.42870652 -369.24759782
421 -372.69578260 -375.29934782 -370.09221739
422 -373.55341304 -376.16998913 -370.93683695
423 -374.41104347 -377.04063043 -371.78145652
424 -375.26867391 -377.91127173 -372.62607608
425 -376.12630434 -378.78191304 -373.47069565
426 -376.98393478 -379.65255434 -374.31531521
427 -377.84156521 -380.52319565 -375.15993478
428 -378.69919565 -381.39383695 -376.00455434
429 -379.55682608 -382.26447826 -376.84917391
430 -380.41445652 -383.13511956 -377.69379347
431 -381.27208695 -384.00576086 -378.53841304
432 -382.12971739 -384.87640217 -379.38303260
433 -382.98734782 -385.74704347 -380.22765217
434 -383.84497826 -386.61768478 -381.07227173
435 -384.70260869 -387.48832608 -381.91689130
436 -385.56023913 -388.35896739 -382.76151086
437 -386.41786956 -389.22960869 -383.60613043
438 -387.27550000 -390.10025000 -384.45075000
439 -388.13313043 -390.97089130 -385.29536956
440 -388.99076086 -391.84153260 -386.13998913
441 -389.84839130 -392.71217391 -386.98460869
442 -390.70602173 -393.58281521 -387.82922826
443 -391.56365217 -394.45345652 -388.67384782
444 -392.42128260 -395.32409782 -389.51846739
445 -393.27891304 -396.19473913 -390.36308695
446 -394.13654347 -397.06538043 -391.20770652
447 -394.99417391 -397.93602173 -392.05232608
448 -395.85180434 -398.80666304 -392.89694565
449 -396.70943478 -399.67730434 -393.74156521
450 -397.56706521 -400.54794565 -394.58618478
451 -398.42469565 -401.41858695 -395.43080434
452 -399.28232608 -402.28922826 -396.27542391
453 -400.13995652 -403.15986956 -397.12004347
454 -400.99758695 -404.03051086 -397.96466304
455 -401.85521739 -404.90115217 -398.80928260
456 -402.71284782 -405.77179347 -399.65390217
457 -403.57047826 -406.64243478 -400.49852173
458 -404.42810869 -407.51307608 -401.34314130
459 -405.28573913 -408.38371739 -402.18776086
460 -406.14336956 -409.25435869 -403.03238043
461 -407.00100000 -410.12500000 -403.87700000
462 -407.83870108 -410.98388043 -404.69352173
463 -408.67640217 -411.84276086 -405.51004347
464 -409.51410326 -412.70164130 -406.32656521
465 -410.35180434 -413.56052173 -407.14308695
466 -411.18950543 -414.41940217 -407.95960869
467 -412.02720652 -415.27828260 -408.77613043
468 -412.86490760 -416.13716304 -409.59265217
469 -413.70260869 -416.99604347 -410.40917391
470 -414.54030978 -417.85492391 -411.22569565
471 -415.37801086 -418.71380434 -412.04221739
472 -416.21571195 -419.57268478 -412.85873913
473 -417.05341304 -420.43156521 -413.67526086
474 -417.89111413 -421.29044565 -414.49178260
475 -418.72881521 -422.14932608 -415.30830434
476 -419.56651630 -423.00820652 -416.12482608
477 -420.40421739 -423.86708695 -416.94134782
478 -421.24191847 -424.72596739 -417.75786956
479 -422.07961956 -425.58484782 -418.57439130
480 -422.91732065 -426.44372826 -419.39091304
481 -423.75502173 -427.30260869 -420.20743478
482 -424.59272282 -428.16148913 -421.02395652
483 -425.43042391 -429.02036956 -421.84047826
484 -426.26812500 -429.87925000 -422.65700000
485 -427.10582608 -430.73813043 -423.47352173
486 -427.94352717 -431.59701086 -424.29004347
487 -428.78122826 -432.45589130 -425.10656521
488 -429.61892934 -433.31477173 -425.92308695
489 -430.45663043 -434.17365217 -426.73960869
490 -431.29433152 -435.03253260 -427.55613043
491 -432.13203260 -435.89141304 -428.37265217
492 -432.96973369 -436.75029347 -429.18917391
493 -433.80743478 -437.60917391 -430.00569565
494 -434.64513586 -438.46805434 -430.82221739
495 -435.48283695 -439.32693478 -431.63873913
496 -436.32053804 -440.18581521 -432.45526086
497 -437.15823913 -441.04469565 -433.27178260
498 -437.99594021 -441.90357608 -434.08830434
499 -438.83364130 -442.76245652 -434.90482608
500 -439.67134239 -443.62133695 -435.72134782
501 -440.50904347 -444.48021739 -436.53786956
502 -441.34674456 -445.33909782 -437.35439130
503 -442.18444565 -446.19797826 -438.17091304
504 -443.02214673 -447.05685869 -438.98743478
505 -443.85984782 -447.91573913 -439.80395652
506 -444.69754891 -448.77461956 -440.62047826
507 -445.53525000 -449.63350000 -441.43700000
508 -446.37295108 -450.49238043 -442.25352173
509 -447.21065217 -451.35126086 -443.07004347
510 -448.04835326 -452.21014130 -443.88656521
511 -448.88605434 -453.06902173 -444.70308695
512 -449.72375543 -453.92790217 -445.51960869
513 -450.56145652 -454.78678260 -446.33613043
514 -451.39915760 -455.64566304 -447.15265217
515 -452.23685869 -456.50454347 -447.96917391
516 -453.07455978 -457.36342391 -448.78569565
517 -453.91226086 -458.22230434 -449.60221739
518 -454.74996195 -459.08118478 -450.41873913
519 -455.58766304 -459.94006521 -451.23526086
520 -456.42536413 -460.79894565 -452.05178260
521 -457.26306521 -461.65782608 -452.86830434
522 -458.10076630 -462.51670652 -453.68482608
523 -458.93846739 -463.37558695 -454.50134782
524 -459.77616847 -464.23446739 -455.31786956
525 -460.61386956 -465.09334782 -456.13439130
526 -461.45157065 -465.95222826 -456.95091304
527 -462.28927173 -466.81110869 -457.76743478
528 -463.12697282 -467.66998913 -458.58395652
529 -463.96467391 -468.52886956 -459.40047826
530 -464.80237500 -469.38775000 -460.21700000
531 -465.64007608 -470.24663043 -461.03352173
532 -466.47777717 -471.10551086 -461.85004347
533 -467.31547826 -471.96439130 -462.66656521
534 -468.15317934 -472.82327173 -463.48308695
535 -468.99088043 -473.68215217 -464.29960869
536 -469.82858152 -474.54103260 -465.11613043
537 -470.66628260 -475.39991304 -465.93265217
538 -471.50398369 -476.25879347 -466.74917391
539 -472.34168478 -477.11767391 -467.56569565
540 -473.17938586 -477.97655434 -468.38221739
541 -474.01708695 -478.83543478 -469.19873913
542 -474.85478804 -479.69431521 -470.01526086
543 -475.69248913 -480.55319565 -470.83178260
544 -476.53019021 -481.41207608 -471.64830434
545 -477.36789130 -482.27095652 -472.46482608
546 -478.20559239 -483.12983695 -473.28134782
547 -479.04329347 -483.98871739 -474.09786956
548 -479.88099456 -484.84759782 -474.91439130
549 -480.71869565 -485.70647826 -475.73091304
550 -481.55639673 -486.56535869 -476.54743478
551 -482.39409782 -487.42423913 -477.36395652
552 -483.23179891 -488.28311956 -478.18047826
553 -484.06950000 -489.14200000 -478.99700000
554 -484.87461578 -489.96355789 -479.78567368
555 -485.67973157 -490.78511578 -480.57434736
556 -486.48484736 -491.60667368 -481.36302105
557 -487.28996315 -492.42823157 -482.15169473
558 -488.09507894 -493.24978947 -482.94036842
559 -488.90019473 -494.07134736 -483.72904210
560 -489.70531052 -494.89290526 -484.51771578
561 -490.51042631 -495.71446315 -485.30638947
562 -491.31554210 -496.53602105 -486.09506315
563 -492.12065789 -497.35757894 -486.88373684
564 -492.92577368 -498.17913684 -487.67241052
565 -493.73088947 -499.00069473 -488.46108421
566 -494.53600526 -499.82225263 -489.24975789
567 -495.34112105 -500.64381052 -490.03843157
568 -496.14623684 -501.46536842 -490.82710526
569 -496.95135263 -502.28692631 -491.61577894
570 -497.75646842 -503.10848421 -492.40445263
571 -498.56158421 -503.93004210 -493.19312631
572 -499.36670000 -504.75160000 -493.98180000
573 -500.17181578 -505.57315789 -494.77047368
574 -500.97693157 -506.39471578 -495.55914736
575 -501.78204736 -507.21627368 -496.34782105
576 -502.58716315 -508.03783157 -497.13649473
577 -503.39227894 -508.85938947 -497.92516842
578 -504.19739473 -509.68094736 -498.71384210
579 -505.00251052 -510.50250526 -499.50251578
580 -505.80762631 -511.32406315 -500.29118947
581 -506.61274210 -512.14562105 -501.07986315
582 -507.41785789 -512.96717894 -501.86853684
583 -508.22297368 -513.78873684 -502.65721052
584 -509.02808947 -514.61029473 -503.44588421
585 -509.83320526 -515.43185263 -504.23455789
586 -510.63832105 -516.25341052 -505.02323157
587 -511.44343684 -517.07496842 -505.81190526
588 -512.24855263 -517.89652631 -506.60057894
589 -513.05366842 -518.71808421 -507.38925263
590 -513.85878421 -519.53964210 -508.17792631
591 -514.66390000 -520.36120000 -508.96660000
592 -515.46901578 -521.18275789 -509.75527368
593 -516.27413157 -522.00431578 -510.54394736
594 -517.07924736 -522.82587368 -511.33262105
595 -517.88436315 -523.64743157 -512.12129473
596 -518.68947894 -524.46898947 -512.90996842
597 -519.49459473 -525.29054736 -513.69864210
598 -520.29971052 -526.11210526 -514.48731578
599 -521.10482631 -526.93366315 -515.27598947
600 -521.90994210 -527.75522105 -516.06466315
601 -522.71505789 -528.57677894 -516.85333684
602 -523.52017368 -529.39833684 -517.64201052
603 -524.32528947 -530.21989473 -518.43068421
604 -525.13040526 -531.04145263 -519.21935789
605 -525.93552105 -531.86301052 -520.00803157
606 -526.74063684 -532.68456842 -520.79670526
607 -527.54575263 -533.50612631 -521.58537894
608 -528.35086842 -534.32768421 -522.37405263
609 -529.15598421 -535.14924210 -523.16272631
610 -529.96110000 -535.97080000 -523.95140000
611 -530.76621578 -536.79235789 -524.74007368
612 -531.57133157 -537.61391578 -525.52874736
613 -532.37644736 -538.43547368 -526.31742105
614 -533.18156315 -539.25703157 -527.10609473
615 -533.98667894 -540.07858947 -527.89476842
616 -534.79179473 -540.90014736 -528.68344210
617 -535.59691052 -541.72170526 -529.47211578
618 -536.40202631 -542.54326315 -530.26078947
619 -537.20714210 -543.36482105 -531.04946315
620 -538.01225789 -544.18637894 -531.83813684
621 -538.81737368 -545.00793684 -532.62681052
622 -539.62248947 -545.82949473 -533.41548421
623 -540.42760526 -546.65105263 -534.20415789
624 -541.23272105 -547.47261052 -534.99283157
625 -542.03783684 -548.29416842 -535.78150526
626 -542.84295263 -549.11572631 -536.57017894
627 -543.64806842 -549.93728421 -537.35885263
628 -544.45318421 -550.75884210 -538.14752631
629 -545.25830000 -551.58040000 -538.93620000
630 -546.06341578 -552.40195789 -539.72487368
631 -546.86853157 -553.22351578 -540.51354736
632 -547.67364736 -554.04507368 -541.30222105
633 -548.47876315 -554.86663157 -542.09089473
634 -549.28387894 -555.68818947 -542.87956842
635 -550.08899473 -556.50974736 -543.66824210
636 -550.89411052 -557.33130526 -544.45691578
637 -551.69922631 -558.15286315 -545.24558947
638 -552.50434210 -558.97442105 -546.03426315
639 -553.30945789 -559.79597894 -546.82293684
640 -554.11457368 -560.61753684 -547.61161052
641 -554.91968947 -561.43909473 -548.40028421
642 -555.72480526 -562.26065263 -549.18895789
643 -556.52992105 -563.08221052 -549.97763157
644 -557.33503684 -563.90376842 -550.76630526
645 -558.14015263 -564.72532631 -551.55497894
646 -558.94526842 -565.54688421 -552.34365263
647 -559.75038421 -566.36844210 -553.13232631
648 -560.55550000 -567.19000000 -553.92100000
649 -561.34168390 -567.97912643 -554.70424137
650 -562.12786781 -568.76825287 -555.48748275
651 -562.91405172 -569.55737931 -556.27072413
652 -563.70023563 -570.34650574 -557.05396551
653 -564.48641954 -571.13563218 -557.83720689
654 -565.27260344 -571.92475862 -558.62044827
655 -566.05878735 -572.71388505 -559.40368965
656 -566.84497126 -573.50301149 -560.18693103
657 -567.63115517 -574.29213793 -560.97017241
658 -568.41733908 -575.08126436 -561.75341379
659 -569.20352298 -575.87039080 -562.53665517
660 -569.98970689 -576.65951724 -563.31989655
661 -570.77589080 -577.44864367 -564.10313793
662 -571.56207471 -578.23777011 -564.88637931
663 -572.34825862 -579.02689655 -565.66962068
664 -573.13444252 -579.81602298 -566.45286206
665 -573.92062643 -580.60514942 -567.23610344
666 -574.70681034 -581.39427586 -568.01934482
667 -575.49299425 -582.18340229 -568.80258620
668 -576.27917816 -582.97252873 -569.58582758
669 -577.06536206 -583.76165517 -570.36906896
670 -577.85154597 -584.55078160 -571.15231034
671 -578.63772988 -585.33990804 -571.93555172
672 -579.42391379 -586.12903448 -572.71879310
673 -580.21009770 -586.91816091 -573.50203448
674 -580.99628160 -587.70728735 -574.28527586
675 -581.78246551 -588.49641379 -575.06851724
676 -582.56864942 -589.28554022 -575.85175862
677 -583.35483333 -590.07466666 -576.63500000
678 -584.14101724 -590.86379310 -577.41824137
679 -584.92720114 -591.65291954 -578.20148275
680 -585.71338505 -592.44204597 -578.98472413
681 -586.49956896 -593.23117241 -579.76796551
682 -587.28575287 -594.02029885 -580.55120689
683 -588.07193678 -594.80942528 -581.33444827
684 -588.85812068 -595.59855172 -582.11768965
685 -589.64430459 -596.38767816 -582.90093103
686 -590.43048850 -597.17680459 -583.68417241
687 -591.21667241 -597.96593103 -584.46741379
688 -592.00285632 -598.75505747 -585.25065517
689 -592.78904022 -599.54418390 -586.03389655
690 -593.57522413 -600.33331034 -586.81713793
691 -594.36140804 -601.12243678 -587.60037931
692 -595.14759195 -601.91156321 -588.38362068
693 -595.93377586 -602.70068965 -589.16686206
694 -596.71995977 -603.48981609 -589.95010344
695 -597.50614367 -604.27894252 -590.73334482
696 -598.29232758 -605.06806896 -591.51658620
697 -599.07851149 -605.85719540 -592.29982758
698 -599.86469540 -606.64632183 -593.08306896
699 -600.65087931 -607.43544827 -593.86631034
700 -601.43706321 -608.22457471 -594.64955172
701 -602.22324712 -609.01370114 -595.43279310
702 -603.00943103 -609.80282758 -596.21603448
703 -603.79561494 -610.59195402 -596.99927586
704 -604.58179885 -611.38108045 -597.78251724
705 -605.36798275 -612.17020689 -598.56575862
706 -606.15416666 -612.95933333 -599.34900000
707 -606.94035057 -613.74845977 -600.13224137
708 -607.72653448 -614.53758620 -600.91548275
709 -608.51271839 -615.32671264 -601.69872413
710 -609.29890229 -616.11583908 -602.48196551
711 -610.08508620 -616.90496551 -603.26520689
712 -610.87127011 -617.69409195 -604.04844827
713 -611.65745402 -618.48321839 -604.83168965
714 -612.44363793 -619.27234482 -605.61493103
715 -613.22982183 -620.06147126 -606.39817241
716 -614.01600574 -620.85059770 -607.18141379
717 -614.80218965 -621.63972413 -607.96465517
718 -615.58837356 -622.42885057 -608.74789655
719 -616.37455747 -623.21797701 -609.53113793
720 -617.16074137 -624.00710344 -610.31437931
721 -617.94692528 -624.79622988 -611.09762068
722 -618.73310919 -625.58535632 -611.88086206
723 -619.51929310 -626.37448275 -612.66410344
724 -620.30547701 -627.16360919 -613.44734482
725 -621.09166091 -627.95273563 -614.23058620
726 -621.87784482 -628.74186206 -615.01382758
727 -622.66402873 -629.53098850 -615.79706896
728 -623.45021264 -630.32011494 -616.58031034
729 -624.23639655 -631.10924137 -617.36355172
730 -625.02258045 -631.89836781 -618.14679310
731 -625.80876436 -632.68749425 -618.93003448
732 -626.59494827 -633.47662068 -619.71327586
733 -627.38113218 -634.26574712 -620.49651724
734 -628.16731609 -635.05487356 -621.27975862
735 -628.95350000 -635.84400000 -622.06300000
736 -629.68612806 -636.58237057 -622.78988555
737 -630.41875613 -637.32074114 -623.51677111
738 -631.15138419 -638.05911171 -624.24365667
739 -631.88401226 -638.79748228 -624.97054223
740 -632.61664032 -639.53585286 -625.69742779
741 -633.34926839 -640.27422343 -626.42431335
742 -634.08189645 -641.01259400 -627.15119891
743 -634.81452452 -641.75096457 -627.87808446
744 -635.54715258 -642.48933514 -628.60497002
745 -636.27978065 -643.22770572 -629.33185558
746 -637.01240871 -643.96607629 -630.05874114
747 -637.74503678 -644.70444686 -630.78562670
748 -638.47766485 -645.44281743 -631.51251226
749 -639.21029291 -646.18118801 -632.23939782
750 -639.94292098 -646.91955858 -632.96628337
751 -640.67554904 -647.65792915 -633.69316893
752 -641.40817711 -648.39629972 -634.42005449
753 -642.14080517 -649.13467029 -635.14694005
754 -642.87343324 -649.87304087 -635.87382561
755 -643.60606130 -650.61141144 -636.60071117
756 -644.33868937 -651.34978201 -637.32759673
757 -645.07131743 -652.08815258 -638.05448228
758 -645.80394550 -652.82652316 -638.78136784
759 -646.53657356 -653.56489373 -639.50825340
760 -647.26920163 -654.30326430 -640.23513896
761 -648.00182970 -655.04163487 -640.96202452
762 -648.73445776 -655.78000544 -641.68891008
763 -649.46708583 -656.51837602 -642.41579564
764 -650.19971389 -657.25674659 -643.14268119
765 -650.93234196 -657.99511716 -643.86956675
766 -651.66497002 -658.73348773 -644.59645231
767 -652.39759809 -659.47185831 -645.32333787
768 -653.13022615 -660.21022888 -646.05022343
769 -653.86285422 -660.94859945 -646.77710899
770 -654.59548228 -661.68697002 -647.50399455
771 -655.32811035 -662.42534059 -648.23088010
772 -656.06073841 -663.16371117 -648.95776566
773 -656.79336648 -663.90208174 -649.68465122
774 -657.52599455 -664.64045231 -650.41153678
775 -658.25862261 -665.37882288 -651.13842234
776 -658.99125068 -666.11719346 -651.86530790
777 -659.72387874 -666.85556403 -652.59219346
778 -660.45650681 -667.59393460 -653.31907901
779 -661.18913487 -668.33230517 -654.04596457
780 -661.92176294 -669.07067574 -654.77285013
781 -662.65439100 -669.80904632 -655.49973569
782 -663.38701907 -670.54741689 -656.22662125
783 -664.11964713 -671.28578746 -656.95350681
784 -664.85227520 -672.02415803 -657.68039237
785 -665.58490326 -672.76252861 -658.40727792
786 -666.31753133 -673.50089918 -659.13416348
787 -667.05015940 -674.23926975 -659.86104904
788 -667.78278746 -674.97764032 -660.58793460
789 -668.51541553 -675.71601089 -661.31482016
790 -669.24804359 -676.45438147 -662.04170572
791 -669.98067166 -677.19275204 -662.76859128
792 -670.71329972 -677.93112261 -663.49547683
793 -671.44592779 -678.66949318 -664.22236239
794 -672.17855585 -679.40786376 -664.94924795
795 -672.91118392 -680.14623433 -665.67613351
796 -673.64381198 -680.88460490 -666.40301907
797 -674.37644005 -681.62297547 -667.12990463
798 -675.10906811 -682.36134604 -667.85679019
799 -675.84169618 -683.09971662 -668.58367574
800 -676.57432425 -683.83808719 -669.31056130
801 -677.30695231 -684.57645776 -670.03744686
802 -678.03958038 -685.31482833 -670.76433242
803 -678.77220844 -686.05319891 -671.49121798
804 -679.50483651 -686.79156948 -672.21810354
805 -680.23746457 -687.52994005 -672.94498910
806 -680.97009264 -688.26831062 -673.67187465
807 -681.70272070 -689.00668119 -674.39876021
808 -682.43534877 -689.74505177 -675.12564577
809 -683.16797683 -690.48342234 -675.85253133
810 -683.90060490 -691.22179291 -676.57941689
811 -684.63323297 -691.96016348 -677.30630245
812 -685.36586103 -692.69853405 -678.03318801
813 -686.09848910 -693.43690463 -678.76007356
814 -686.83111716 -694.17527520 -679.48695912
815 -687.56374523 -694.91364577 -680.21384468
816 -688.29637329 -695.65201634 -680.94073024
817 -689.02900136 -696.39038692 -681.66761580
818 -689.76162942 -697.12875749 -682.39450136
819 -690.49425749 -697.86712806 -683.12138692
820 -691.22688555 -698.60549863 -683.84827247
821 -691.95951362 -699.34386920 -684.57515803
822 -692.69214168 -700.08223978 -685.30204359
823 -693.42476975 -700.82061035 -686.02892915
824 -694.15739782 -701.55898092 -686.75581471
825 -694.89002588 -702.29735149 -687.48270027
826 -695.62265395 -703.03572207 -688.20958583
827 -696.35528201 -703.77409264 -688.93647138
828 -697.08791008 -704.51246321 -689.66335694
829 -697.82053814 -705.25083378 -690.39024250
830 -698.55316621 -705.98920435 -691.11712806
831 -699.28579427 -706.72757493 -691.84401362
832 -700.01842234 -707.46594550 -692.57089918
833 -700.75105040 -708.20431607 -693.29778474
834 -701.48367847 -708.94268664 -694.02467029
835 -702.21630653 -709.68105722 -694.75155585
836 -702.94893460 -710.41942779 -695.47844141
837 -703.68156267 -711.15779836 -696.20532697
838 -704.41419073 -711.89616893 -696.93221253
839 -705.14681880 -712.63453950 -697.65909809
840 -705.87944686 -713.37291008 -698.38598365
841 -706.61207493 -714.11128065 -699.11286920
842 -707.34470299 -714.84965122 -699.83975476
843 -708.07733106 -715.58802179 -700.56664032
844 -708.80995912 -716.32639237 -701.29352588
845 -709.54258719 -717.06476294 -702.02041144
846 -710.27521525 -717.80313351 -702.74729700
847 -711.00784332 -718.54150408 -703.47418256
848 -711.74047138 -719.27987465 -704.20106811
849 -712.47309945 -720.01824523 -704.92795367
850 -713.20572752 -720.75661580 -705.65483923
851 -713.93835558 -721.49498637 -706.38172479
852 -714.67098365 -722.23335694 -707.10861035
853 -715.40361171 -722.97172752 -707.83549591
854 -716.13623978 -723.71009809 -708.56238147
855 -716.86886784 -724.44846866 -709.28926703
856 -717.60149591 -725.18683923 -710.01615258
857 -718.33412397 -725.92520980 -710.74303814
858 -719.06675204 -726.66358038 -711.46992370
859 -719.79938010 -727.40195095 -712.19680926
860 -720.53200817 -728.14032152 -712.92369482
861 -721.26463623 -728.87869209 -713.65058038
862 -721.99726430 -729.61706267 -714.37746594
863 -722.72989237 -730.35543324 -715.10435149
864 -723.46252043 -731.09380381 -715.83123705
865 -724.19514850 -731.83217438 -716.55812261
866 -724.92777656 -732.57054495 -717.28500817
867 -725.66040463 -733.30891553 -718.01189373
868 -726.39303269 -734.04728610 -718.73877929
869 -727.12566076 -734.78565667 -719.46566485
870 -727.85828882 -735.52402724 -720.19255040
871 -728.59091689 -736.26239782 -720.91943596
872 -729.32354495 -737.00076839 -721.64632152
873 -730.05617302 -737.73913896 -722.37320708
874 -730.78880108 -738.47750953 -723.10009264
875 -731.52142915 -739.21588010 -723.82697820
876 -732.25405722 -739.95425068 -724.55386376
877 -732.98668528 -740.69262125 -725.28074931
878 -733.71931335 -741.43099182 -726.00763487
879 -734.45194141 -742.16936239 -726.73452043
880 -735.18456948 -742.90773297 -727.46140599
881 -735.91719754 -743.64610354 -728.18829155
882 -736.64982561 -744.38447411 -728.91517711
883 -737.38245367 -745.12284468 -729.64206267
884 -738.11508174 -745.86121525 -730.36894822
885 -738.84770980 -746.59958583 -731.09583378
886 -739.58033787 -747.33795640 -731.82271934
887 -740.31296594 -748.07632697 -732.54960490
888 -741.04559400 -748.81469754 -733.27649046
889 -741.77822207 -749.55306811 -734.00337602
890 -742.51085013 -750.29143869 -734.73026158
891 -743.24347820 -751.02980926 -735.45714713
892 -743.97610626 -751.76817983 -736.18403269
893 -744.70873433 -752.50655040 -736.91091825
894 -745.44136239 -753.24492098 -737.63780381
895 -746.17399046 -753.98329155 -738.36468937
896 -746.90661852 -754.72166212 -739.09157493
897 -747.63924659 -755.46003269 -739.81846049
898 -748.37187465 -756.19840326 -740.54534604
899 -749.10450272 -756.93677384 -741.27223160
900 -749.83713079 -757.67514441 -741.99911716
901 -750.56975885 -758.41351498 -742.72600272
902 -751.30238692 -759.15188555 -743.45288828
903 -752.03501498 -759.89025613 -744.17977384
904 -752.76764305 -760.62862670 -744.90665940
905 -753.50027111 -761.36699727 -745.63354495
906 -754.23289918 -762.10536784 -746.36043051
907 -754.96552724 -762.84373841 -747.08731607
908 -755.69815531 -763.58210899 -747.81420163
909 -756.43078337 -764.32047956 -748.54108719
910 -757.16341144 -765.05885013 -749.26797275
911 -757.89603950 -765.79722070 -749.99485831
912 -758.62866757 -766.53559128 -750.72174386
913 -759.36129564 -767.27396185 -751.44862942
914 -760.09392370 -768.01233242 -752.17551498
915 -760.82655177 -768.75070299 -752.90240054
916 -761.55917983 -769.48907356 -753.62928610
917 -762.29180790 -770.22744414 -754.35617166
918 -763.02443596 -770.96581471 -755.08305722
919 -763.75706403 -771.70418528 -755.80994277
920 -764.48969209 -772.44255585 -756.53682833
921 -765.22232016 -773.18092643 -757.26371389
922 -765.95494822 -773.91929700 -757.99059945
923 -766.68757629 -774.65766757 -758.71748501
924 -767.42020435 -775.39603814 -759.44437057
925 -768.15283242 -776.13440871 -760.17125613
926 -768.88546049 -776.87277929 -760.89814168
927 -769.61808855 -777.61114986 -761.62502724
928 -770.35071662 -778.34952043 -762.35191280
929 -771.08334468 -779.08789100 -763.07879836
930 -771.81597275 -779.82626158 -763.80568392
931 -772.54860081 -780.56463215 -764.53256948
932 -773.28122888 -781.30300272 -765.25945504
933 -774.01385694 -782.04137329 -765.98634059
934 -774.74648501 -782.77974386 -766.71322615
935 -775.47911307 -783.51811444 -767.44011171
936 -776.21174114 -784.25648501 -768.16699727
937 -776.94436920 -784.99485558 -768.89388283
938 -777.67699727 -785.73322615 -769.62076839
939 -778.40962534 -786.47159673 -770.34765395
940 -779.14225340 -787.20996730 -771.07453950
941 -779.87488147 -787.94833787 -771.80142506
942 -780.60750953 -788.68670844 -772.52831062
943 -781.34013760 -789.42507901 -773.25519618
944 -782.07276566 -790.16344959 -773.98208174
945 -782.80539373 -790.90182016 -774.70896730
946 -783.53802179 -791.64019073 -775.43585286
947 -784.27064986 -792.37856130 -776.16273841
948 -785.00327792 -793.11693188 -776.88962397
949 -785.73590599 -793.85530245 -777.61650953
950 -786.46853405 -794.59367302 -778.34339509
951 -787.20116212 -795.33204359 -779.07028065
952 -787.93379019 -796.07041416 -779.79716621
953 -788.66641825 -796.80878474 -780.52405177
954 -789.39904632 -797.54715531 -781.25093732
955 -790.13167438 -798.28552588 -781.97782288
956 -790.86430245 -799.02389645 -782.70470844
957 -791.59693051 -799.76226703 -783.43159400
958 -792.32955858 -800.50063760 -784.15847956
959 -793.06218664 -801.23900817 -784.88536512
960 -793.79481471 -801.97737874 -785.61225068
961 -794.52744277 -802.71574931 -786.33913623
962 -795.26007084 -803.45411989 -787.06602179
963 -795.99269891 -804.19249046 -787.79290735
964 -796.72532697 -804.93086103 -788.51979291
965 -797.45795504 -805.66923160 -789.24667847
966 -798.19058310 -806.40760217 -789.97356403
967 -798.92321117 -807.14597275 -790.70044959
968 -799.65583923 -807.88434332 -791.42733514
969 -800.38846730 -808.62271389 -792.15422070
970 -801.12109536 -809.36108446 -792.88110626
971 -801.85372343 -810.09945504 -793.60799182
972 -802.58635149 -810.83782561 -794.33487738
973 -803.31897956 -811.57619618 -795.06176294
974 -804.05160762 -812.31456675 -795.78864850
975 -804.78423569 -813.05293732 -796.51553405
976 -805.51686376 -813.79130790 -797.24241961
977 -806.24949182 -814.52967847 -797.96930517
978 -806.98211989 -815.26804904 -798.69619073
979 -807.71474795 -816.00641961 -799.42307629
980 -808.44737602 -816.74479019 -800.14996185
981 -809.18000408 -817.48316076 -800.87684741
982 -809.91263215 -818.22153133 -801.60373297
983 -810.64526021 -818.95990190 -802.33061852
984 -811.37788828 -819.69827247 -803.05750408
985 -812.11051634 -820.43664305 -803.78438964
986 -812.84314441 -821.17501362 -804.51127520
987 -813.57577247 -821.91338419 -805.23816076
988 -814.30840054 -822.65175476 -805.96504632
989 -815.04102861 -823.39012534 -806.69193188
990 -815.77365667 -824.12849591 -807.41881743
991 -816.50628474 -824.86686648 -808.14570299
992 -817.23891280 -825.60523705 -808.87258855
993 -817.97154087 -826.34360762 -809.59947411
994 -818.70416893 -827.08197820 -810.32635967
995 -819.43679700 -827.82034877 -811.05324523
996 -820.16942506 -828.55871934 -811.78013079
997 -820.90205313 -829.29708991 -812.50701634
998 -821.63468119 -830.03546049 -813.23390190
999 -822.36730926 -830.77383106 -813.96078746
1000 -823.09993732 -831.51220163 -814.68767302
1001 -823.83256539 -832.25057220 -815.41455858
1002 -824.56519346 -832.98894277 -816.14144414
1003 -825.29782152 -833.72731335 -816.86832970
1004 -826.03044959 -834.46568392 -817.59521525
1005 -826.76307765 -835.20405449 -818.32210081
1006 -827.49570572 -835.94242506 -819.04898637
1007 -828.22833378 -836.68079564 -819.77587193
1008 -828.96096185 -837.41916621 -820.50275749
1009 -829.69358991 -838.15753678 -821.22964305
1010 -830.42621798 -838.89590735 -821.95652861
1011 -831.15884604 -839.63427792 -822.68341416
1012 -831.89147411 -840.37264850 -823.41029972
1013 -832.62410217 -841.11101907 -824.13718528
1014 -833.35673024 -841.84938964 -824.86407084
1015 -834.08935831 -842.58776021 -825.59095640
1016 -834.82198637 -843.32613079 -826.31784196
1017 -835.55461444 -844.06450136 -827.04472752
1018 -836.28724250 -844.80287193 -827.77161307
1019 -837.01987057 -845.54124250 -828.49849863
1020 -837.75249863 -846.27961307 -829.22538419
1021 -838.48512670 -847.01798365 -829.95226975
1022 -839.21775476 -847.75635422 -830.67915531
1023 -839.95038283 -848.49472479 -831.40604087
1024 -840.68301089 -849.23309536 -832.13292643
1025 -841.41563896 -849.97146594 -832.85981198
1026 -842.14826703 -850.70983651 -833.58669754
1027 -842.88089509 -851.44820708 -834.31358310
1028 -843.61352316 -852.18657765 -835.04046866
1029 -844.34615122 -852.92494822 -835.76735422
1030 -845.07877929 -853.66331880 -836.49423978
1031 -845.81140735 -854.40168937 -837.22112534
1032 -846.54403542 -855.14005994 -837.94801089
1033 -847.27666348 -855.87843051 -838.67489645
1034 -848.00929155 -856.61680108 -839.40178201
1035 -848.74191961 -857.35517166 -840.12866757
1036 -849.47454768 -858.09354223 -840.85555313
1037 -850.20717574 -858.83191280 -841.58243869
1038 -850.93980381 -859.57028337 -842.30932425
1039 -851.67243188 -860.30865395 -843.03620980
1040 -852.40505994 -861.04702452 -843.76309536
1041 -853.13768801 -861.78539509 -844.48998092
1042 -853.87031607 -862.52376566 -845.21686648
1043 -854.60294414 -863.26213623 -845.94375204
1044 -855.33557220 -864.00050681 -846.67063760
1045 -856.06820027 -864.73887738 -847.39752316
1046 -856.80082833 -865.47724795 -848.12440871
1047 -857.53345640 -866.21561852 -848.85129427
1048 -858.26608446 -866.95398910 -849.57817983
1049 -858.99871253 -867.69235967 -850.30506539
1050 -859.73134059 -868.43073024 -851.03195095
1051 -860.46396866 -869.16910081 -851.75883651
1052 -861.19659673 -869.90747138 -852.48572207
1053 -861.92922479 -870.64584196 -853.21260762
1054 -862.66185286 -871.38421253 -853.93949318
1055 -863.39448092 -872.12258310 -854.66637874
1056 -864.12710899 -872.86095367 -855.39326430
1057 -864.85973705 -873.59932425 -856.12014986
1058 -865.59236512 -874.33769482 -856.84703542
1059 -866.32499318 -875.07606539 -857.57392098
1060 -867.05762125 -875.81443596 -858.30080653
1061 -867.79024931 -876.55280653 -859.02769209
1062 -868.52287738 -877.29117711 -859.75457765
1063 -869.25550544 -878.02954768 -860.48146321
1064 -869.98813351 -878.76791825 -861.20834877
1065 -870.72076158 -879.50628882 -861.93523433
1066 -871.45338964 -880.24465940 -862.66211989
1067 -872.18601771 -880.98302997 -863.38900544
1068 -872.91864577 -881.72140054 -864.11589100
1069 -873.65127384 -882.45977111 -864.84277656
1070 -874.38390190 -883.19814168 -865.56966212
1071 -875.11652997 -883.93651226 -866.29654768
1072 -875.84915803 -884.67488283 -867.02343324
1073 -876.58178610 -885.41325340 -867.75031880
1074 -877.31441416 -886.15162397 -868.47720435
1075 -878.04704223 -886.88999455 -869.20408991
1076 -878.77967029 -887.62836512 -869.93097547
1077 -879.51229836 -888.36673569 -870.65786103
1078 -880.24492643 -889.10510626 -871.38474659
1079 -880.97755449 -889.84347683 -872.11163215
1080 -881.71018256 -890.58184741 -872.83851771
1081 -882.44281062 -891.32021798 -873.56540326
1082 -883.17543869 -892.05858855 -874.29228882
1083 -883.90806675 -892.79695912 -875.01917438
1084 -884.64069482 -893.53532970 -875.74605994
1085 -885.37332288 -894.27370027 -876.47294550
1086 -886.10595095 -895.01207084 -877.19983106
1087 -886.83857901 -895.75044141 -877.92671662
1088 -887.57120708 -896.48881198 -878.65360217
1089 -888.30383514 -897.22718256 -879.38048773
1090 -889.03646321 -897.96555313 -880.10737329
1091 -889.76909128 -898.70392370 -880.83425885
1092 -890.50171934 -899.44229427 -881.56114441
1093 -891.23434741 -900.18066485 -882.28802997
1094 -891.96697547 -900.91903542 -883.01491553
1095 -892.69960354 -901.65740599 -883.74180108
1096 -893.43223160 -902.39577656 -884.46868664
1097 -894.16485967 -903.13414713 -885.19557220
1098 -894.89748773 -903.87251771 -885.92245776
1099 -895.63011580 -904.61088828 -886.64934332
1100 -896.36274386 -905.34925885 -887.37622888
1101 -897.09537193 -906.08762942 -888.10311444
1102 -897.82800000 -906.82600000 -888.83000000
1103 -898.51153434 -907.52429945 -889.49876923
1104 -899.19506868 -908.22259890 -890.16753846
1105 -899.87860302 -908.92089835 -890.83630769
1106 -900.56213736 -909.61919780 -891.50507692
1107 -901.24567170 -910.31749725 -892.17384615
1108 -901.92920604 -911.01579670 -892.84261538
1109 -902.61274038 -911.71409615 -893.51138461
1110 -903.29627472 -912.41239560 -894.18015384
1111 -903.97980906 -913.11069505 -894.84892307
1112 -904.66334340 -913.80899450 -895.51769230
1113 -905.34687774 -914.50729395 -896.18646153
1114 -906.03041208 -915.20559340 -896.85523076
1115 -906.71394642 -915.90389285 -897.52400000
1116 -907.39748076 -916.60219230 -898.19276923
1117 -908.08101510 -917.30049175 -898.86153846
1118 -908.76454945 -917.99879120 -899.53030769
1119 -909.44808379 -918.69709065 -900.19907692
1120 -910.13161813 -919.39539010 -900.86784615
1121 -910.81515247 -920.09368956 -901.53661538
1122 -911.49868681 -920.79198901 -902.20538461
1123 -912.18222115 -921.49028846 -902.87415384
1124 -912.86575549 -922.18858791 -903.54292307
1125 -913.54928983 -922.88688736 -904.21169230
1126 -914.23282417 -923.58518681 -904.88046153
1127 -914.91635851 -924.28348626 -905.54923076
1128 -915.59989285 -924.98178571 -906.21800000
1129 -916.28342719 -925.68008516 -906.88676923
1130 -916.96696153 -926.37838461 -907.55553846
1131 -917.65049587 -927.07668406 -908.22430769
1132 -918.33403021 -927.77498351 -908.89307692
1133 -919.01756456 -928.47328296 -909.56184615
1134 -919.70109890 -929.17158241 -910.23061538
1135 -920.38463324 -929.86988186 -910.89938461
1136 -921.06816758 -930.56818131 -911.56815384
1137 -921.75170192 -931.26648076 -912.23692307
1138 -922.43523626 -931.96478021 -912.90569230
1139 -923.11877060 -932.66307967 -913.57446153
1140 -923.80230494 -933.36137912 -914.24323076
1141 -924.48583928 -934.05967857 -914.91200000
1142 -925.16937362 -934.75797802 -915.58076923
1143 -925.85290796 -935.45627747 -916.24953846
1144 -926.53644230 -936.15457692 -916.91830769
1145 -927.21997664 -936.85287637 -917.58707692
1146 -927.90351098 -937.55117582 -918.25584615
1147 -928.58704532 -938.24947527 -918.92461538
1148 -929.27057967 -938.94777472 -919.59338461
1149 -929.95411401 -939.64607417 -920.26215384
1150 -930.63764835 -940.34437362 -920.93092307
1151 -931.32118269 -941.04267307 -921.59969230
1152 -932.00471703 -941.74097252 -922.26846153
1153 -932.68825137 -942.43927197 -922.93723076
1154 -933.37178571 -943.13757142 -923.60600000
1155 -934.05532005 -943.83587087 -924.27476923
1156 -934.73885439 -944.53417032 -924.94353846
1157 -935.42238873 -945.23246978 -925.61230769
1158 -936.10592307 -945.93076923 -926.28107692
1159 -936.78945741 -946.62906868 -926.94984615
1160 -937.47299175 -947.32736813 -927.61861538
1161 -938.15652609 -948.02566758 -928.28738461
1162 -938.84006043 -948.72396703 -928.95615384
1163 -939.52359478 -949.42226648 -929.62492307
1164 -940.20712912 -950.12056593 -930.29369230
1165 -940.89066346 -950.81886538 -930.96246153
1166 -941.57419780 -951.51716483 -931.63123076
1167 -942.25773214 -952.21546428 -932.30000000
1168 -942.94126648 -952.91376373 -932.96876923
1169 -943.62480082 -953.61206318 -933.63753846
1170 -944.30833516 -954.31036263 -934.30630769
1171 -944.99186950 -955.00866208 -934.97507692
1172 -945.67540384 -955.70696153 -935.64384615
1173 -946.35893818 -956.40526098 -936.31261538
1174 -947.04247252 -957.10356043 -936.98138461
1175 -947.72600686 -957.80185989 -937.65015384
1176 -948.40954120 -958.50015934 -938.31892307
1177 -949.09307554 -959.19845879 -938.98769230
1178 -949.77660989 -959.89675824 -939.65646153
1179 -950.46014423 -960.59505769 -940.32523076
1180 -951.14367857 -961.29335714 -940.99400000
1181 -951.82721291 -961.99165659 -941.66276923
1182 -952.51074725 -962.68995604 -942.33153846
1183 -953.19428159 -963.38825549 -943.00030769
1184 -953.87781593 -964.08655494 -943.66907692
1185 -954.56135027 -964.78485439 -944.33784615
1186 -955.24488461 -965.48315384 -945.00661538
1187 -955.92841895 -966.18145329 -945.67538461
1188 -956.61195329 -966.87975274 -946.34415384
1189 -957.29548763 -967.57805219 -947.01292307
1190 -957.97902197 -968.27635164 -947.68169230
1191 -958.66255631 -968.97465109 -948.35046153
1192 -959.34609065 -969.67295054 -949.01923076
1193 -960.02962500 -970.37125000 -949.68800000
1194 -960.71315934 -971.06954945 -950.35676923
1195 -961.39669368 -971.76784890 -951.02553846
1196 -962.08022802 -972.46614835 -951.69430769
1197 -962.76376236 -973.16444780 -952.36307692
1198 -963.44729670 -973.86274725 -953.03184615
1199 -964.13083104 -974.56104670 -953.70061538
1200 -964.81436538 -975.25934615 -954.36938461
1201 -965.49789972 -975.95764560 -955.03815384
1202 -966.18143406 -976.65594505 -955.70692307
1203 -966.86496840 -977.35424450 -956.37569230
1204 -967.54850274 -978.05254395 -957.04446153
1205 -968.23203708 -978.75084340 -957.71323076
1206 -968.91557142 -979.44914285 -958.38200000
1207 -969.59910576 -980.14744230 -959.05076923
1208 -970.28264010 -980.84574175 -959.71953846
1209 -970.96617445 -981.54404120 -960.38830769
1210 -971.64970879 -982.24234065 -961.05707692
1211 -972.33324313 -982.94064010 -961.72584615
1212 -973.01677747 -983.63893956 -962.39461538
1213 -973.70031181 -984.33723901 -963.06338461
1214 -974.38384615 -985.03553846 -963.73215384
1215 -975.06738049 -985.73383791 -964.40092307
1216 -975.75091483 -986.43213736 -965.06969230
1217 -976.43444917 -987.13043681 -965.73846153
1218 -977.11798351 -987.82873626 -966.40723076
1219 -977.80151785 -988.52703571 -967.07600000
1220 -978.48505219 -989.22533516 -967.74476923
1221 -979.16858653 -989.92363461 -968.41353846
1222 -979.85212087 -990.62193406 -969.08230769
1223 -980.53565521 -991.32023351 -969.75107692
1224 -981.21918956 -992.01853296 -970.41984615
1225 -981.90272390 -992.71683241 -971.08861538
1226 -982.58625824 -993.41513186 -971.75738461
1227 -983.26979258 -994.11343131 -972.42615384
1228 -983.95332692 -994.81173076 -973.09492307
1229 -984.63686126 -995.51003021 -973.76369230
1230 -985.32039560 -996.20832967 -974.43246153
1231 -986.00392994 -996.90662912 -975.10123076
1232 -986.68746428 -997.60492857 -975.77000000
1233 -987.37099862 -998.30322802 -976.43876923
1234 -988.05453296 -999.00152747 -977.10753846
1235 -988.73806730 -999.69982692 -977.77630769
1236 -989.42160164 -1000.39812637 -978.44507692
1237 -990.10513598 -1001.09642582 -979.11384615
1238 -990.78867032 -1001.79472527 -979.78261538
1239 -991.47220467 -1002.49302472 -980.45138461
1240 -992.15573901 -1003.19132417 -981.12015384
1241 -992.83927335 -1003.88962362 -981.78892307
1242 -993.52280769 -1004.58792307 -982.45769230
1243 -994.20634203 -1005.28622252 -983.12646153
1244 -994.88987637 -1005.98452197 -983.79523076
1245 -995.57341071 -1006.68282142 -984.46400000
1246 -996.25694505 -1007.38112087 -985.13276923
1247 -996.94047939 -1008.07942032 -985.80153846
1248 -997.62401373 -1008.77771978 -986.47030769
1249 -998.30754807 -1009.47601923 -987.13907692
1250 -998.99108241 -1010.17431868 -987.80784615
1251 -999.67461675 -1010.87261813 -988.47661538
1252 -1000.35815109 -1011.57091758 -989.14538461
1253 -1001.04168543 -1012.26921703 -989.81415384
1254 -1001.72521978 -1012.96751648 -990.48292307
1255 -1002.40875412 -1013.66581593 -991.15169230
1256 -1003.09228846 -1014.36411538 -991.82046153
1257 -1003.77582280 -1015.06241483 -992.48923076
1258 -1004.45935714 -1015.76071428 -993.15800000
1259 -1005.14289148 -1016.45901373 -993.82676923
1260 -1005.82642582 -1017.15731318 -994.49553846
1261 -1006.50996016 -1017.85561263 -995.16430769
1262 -1007.19349450 -1018.55391208 -995.83307692
1263 -1007.87702884 -1019.25221153 -996.50184615
1264 -1008.56056318 -1019.95051098 -997.17061538
1265 -1009.24409752 -1020.64881043 -997.83938461
1266 -1009.92763186 -1021.34710989 -998.50815384
1267 -1010.61116620 -1022.04540934 -999.17692307
1268 -1011.29470054 -1022.74370879 -999.84569230
1269 -1011.97823489 -1023.44200824 -1000.51446153
1270 -1012.66176923 -1024.14030769 -1001.18323076
1271 -1013.34530357 -1024.83860714 -1001.85200000
1272 -1014.02883791 -1025.53690659 -1002.52076923
1273 -1014.71237225 -1026.23520604 -1003.18953846
1274 -1015.39590659 -1026.93350549 -1003.85830769
1275 -1016.07944093 -1027.63180494 -1004.52707692
1276 -1016.76297527 -1028.33010439 -1005.19584615
1277 -1017.44650961 -1029.02840384 -1005.86461538
1278 -1018.13004395 -1029.72670329 -1006.53338461
1279 -1018.81357829 -1030.42500274 -1007.20215384
1280 -1019.49711263 -1031.12330219 -1007.87092307
1281 -1020.18064697 -1031.82160164 -1008.53969230
1282 -1020.86418131 -1032.51990109 -1009.20846153
1283 -1021.54771565 -1033.21820054 -1009.87723076
1284 -1022.23125000 -1033.91650000 -1010.54600000
1285 -1022.91478434 -1034.61479945 -1011.21476923
1286 -1023.59831868 -1035.31309890 -1011.88353846
1287 -1024.28185302 -1036.01139835 -1012.55230769
1288 -1024.96538736 -1036.70969780 -1013.22107692
1289 -1025.64892170 -1037.40799725 -1013.88984615
1290 -1026.33245604 -1038.10629670 -1014.55861538
1291 -1027.01599038 -1038.80459615 -1015.22738461
1292 -1027.69952472 -1039.50289560 -1015.89615384
1293 -1028.38305906 -1040.20119505 -1016.56492307
1294 -1029.06659340 -1040.89949450 -1017.23369230
1295 -1029.75012774 -1041.59779395 -1017.90246153
1296 -1030.43366208 -1042.29609340 -1018.57123076
1297 -1031.11719642 -1042.99439285 -1019.24000000
1298 -1031.80073076 -1043.69269230 -1019.90876923
1299 -1032.48426510 -1044.39099175 -1020.57753846
1300 -1033.16779945 -1045.08929120 -1021.24630769
1301 -1033.85133379 -1045.78759065 -1021.91507692
1302 -1034.53486813 -1046.48589010 -1022.58384615
1303 -1035.21840247 -1047.18418956 -1023.25261538
1304 -1035.90193681 -1047.88248901 -1023.92138461
1305 -1036.58547115 -1048.58078846 -1024.59015384
1306 -1037.26900549 -1049.27908791 -1025.25892307
1307 -1037.95253983 -1049.97738736 -1025.92769230
1308 -1038.63607417 -1050.67568681 -1026.59646153
1309 -1039.31960851 -1051.37398626 -1027.26523076
1310 -1040.00314285 -1052.07228571 -1027.93400000
1311 -1040.68667719 -1052.77058516 -1028.60276923
1312 -1041.37021153 -1053.46888461 -1029.27153846
1313 -1042.05374587 -1054.16718406 -1029.94030769
1314 -1042.73728021 -1054.86548351 -1030.60907692
1315 -1043.42081456 -1055.56378296 -1031.27784615
1316 -1044.10434890 -1056.26208241 -1031.94661538
1317 -1044.78788324 -1056.96038186 -1032.61538461
1318 -1045.47141758 -1057.65868131 -1033.28415384
1319 -1046.15495192 -1058.35698076 -1033.95292307
1320 -1046.83848626 -1059.05528021 -1034.62169230
1321 -1047.52202060 -1059.75357967 -1035.29046153
1322 -1048.20555494 -1060.45187912 -1035.95923076
1323 -1048.88908928 -1061.15017857 -1036.62800000
1324 -1049.57262362 -1061.84847802 -1037.29676923
1325 -1050.25615796 -1062.54677747 -1037.96553846
1326 -1050.93969230 -1063.24507692 -1038.63430769
1327 -1051.62322664 -1063.94337637 -1039.30307692
1328 -1052.30676098 -1064.64167582 -1039.97184615
1329 -1052.99029532 -1065.33997527 -1040.64061538
1330 -1053.67382967 -1066.03827472 -1041.30938461
1331 -1054.35736401 -1066.73657417 -1041.97815384
1332 -1055.04089835 -1067.43487362 -1042.64692307
1333 -1055.72443269 -1068.13317307 -1043.31569230
1334 -1056.40796703 -1068.83147252 -1043.98446153
1335 -1057.09150137 -1069.52977197 -1044.65323076
1336 -1057.77503571 -1070.22807142 -1045.32200000
1337 -1058.45857005 -1070.92637087 -1045.99076923
1338 -1059.14210439 -1071.62467032 -1046.65953846
1339 -1059.82563873 -1072.32296978 -1047.32830769
1340 -1060.50917307 -1073.02126923 -1047.99707692
1341 -1061.19270741 -1073.71956868 -1048.66584615
1342 -1061.87624175 -1074.41786813 -1049.33461538
1343 -1062.55977609 -1075.11616758 -1050.00338461
1344 -1063.24331043 -1075.81446703 -1050.67215384
1345 -1063.92684478 -1076.51276648 -1051.34092307
1346 -1064.61037912 -1077.21106593 -1052.00969230
1347 -1065.29391346 -1077.90936538 -1052.67846153
1348 -1065.97744780 -1078.60766483 -1053.34723076
1349 -1066.66098214 -1079.30596428 -1054.01600000
1350 -1067.34451648 -1080.00426373 -1054.68476923
1351 -1068.02805082 -1080.70256318 -1055.35353846
1352 -1068.71158516 -1081.40086263 -1056.02230769
1353 -1069.39511950 -1082.09916208 -1056.69107692
1354 -1070.07865384 -1082.79746153 -1057.35984615
1355 -1070.76218818 -1083.49576098 -1058.02861538
1356 -1071.44572252 -1084.19406043 -1058.69738461
1357 -1072.12925686 -1084.89235989 -1059.36615384
1358 -1072.81279120 -1085.59065934 -1060.03492307
1359 -1073.49632554 -1086.28895879 -1060.70369230
1360 -1074.17985989 -1086.98725824 -1061.37246153
1361 -1074.86339423 -1087.68555769 -1062.04123076
1362 -1075.54692857 -1088.38385714 -1062.71000000
1363 -1076.23046291 -1089.08215659 -1063.37876923
1364 -1076.91399725 -1089.78045604 -1064.04753846
1365 -1077.59753159 -1090.47875549 -1064.71630769
1366 -1078.28106593 -1091.17705494 -1065.38507692
1367 -1078.96460027 -1091.87535439 -1066.05384615
1368 -1079.64813461 -1092.57365384 -1066.72261538
1369 -1080.33166895 -1093.27195329 -1067.39138461
1370 -1081.01520329 -1093.97025274 -1068.06015384
1371 -1081.69873763 -1094.66855219 -1068.72892307
1372 -1082.38227197 -1095.36685164 -1069.39769230
1373 -1083.06580631 -1096.06515109 -1070.06646153
1374 -1083.74934065 -1096.76345054 -1070.73523076
1375 -1084.43287500 -1097.46175000 -1071.40400000
1376 -1085.11640934 -1098.16004945 -1072.07276923
1377 -1085.79994368 -1098.85834890 -1072.74153846
1378 -1086.48347802 -1099.55664835 -1073.41030769
1379 -1087.16701236 -1100.25494780 -1074.07907692
1380 -1087.85054670 -1100.95324725 -1074.74784615
1381 -1088.53408104 -1101.65154670 -1075.41661538
1382 -1089.21761538 -1102.34984615 -1076.08538461
1383 -1089.90114972 -1103.04814560 -1076.75415384
1384 -1090.58468406 -1103.74644505 -1077.42292307
1385 -1091.26821840 -1104.44474450 -1078.09169230
1386 -1091.95175274 -1105.14304395 -1078.76046153
1387 -1092.63528708 -1105.84134340 -1079.42923076
1388 -1093.31882142 -1106.53964285 -1080.09800000
1389 -1094.00235576 -1107.23794230 -1080.76676923
1390 -1094.68589010 -1107.93624175 -1081.43553846
1391 -1095.36942445 -1108.63454120 -1082.10430769
1392 -1096.05295879 -1109.33284065 -1082.77307692
1393 -1096.73649313 -1110.03114010 -1083.44184615
1394 -1097.42002747 -1110.72943956 -1084.11061538
1395 -1098.10356181 -1111.42773901 -1084.77938461
1396 -1098.78709615 -1112.12603846 -1085.44815384
1397 -1099.47063049 -1112.82433791 -1086.11692307
1398 -1100.15416483 -1113.52263736 -1086.78569230
1399 -1100.83769917 -1114.22093681 -1087.45446153
1400 -1101.52123351 -1114.91923626 -1088.12323076
1401 -1102.20476785 -1115.61753571 -1088.79200000
1402 -1102.88830219 -1116.31583516 -1089.46076923
1403 -1103.57183653 -1117.01413461 -1090.12953846
1404 -1104.25537087 -1117.71243406 -1090.79830769
1405 -1104.93890521 -1118.41073351 -1091.46707692
1406 -1105.62243956 -1119.10903296 -1092.13584615
1407 -1106.30597390 -1119.80733241 -1092.80461538
1408 -1106.98950824 -1120.50563186 -1093.47338461
1409 -1107.67304258 -1121.20393131 -1094.14215384
1410 -1108.35657692 -1121.90223076 -1094.81092307
1411 -1109.04011126 -1122.60053021 -1095.47969230
1412 -1109.72364560 -1123.29882967 -1096.14846153
1413 -1110.40717994 -1123.99712912 -1096.81723076
1414 -1111.09071428 -1124.69542857 -1097.48600000
1415 -1111.77424862 -1125.39372802 -1098.15476923
1416 -1112.45778296 -1126.09202747 -1098.82353846
1417 -1113.14131730 -1126.79032692 -1099.49230769
1418 -1113.82485164 -1127.48862637 -1100.16107692
1419 -1114.50838598 -1128.18692582 -1100.82984615
1420 -1115.19192032 -1128.88522527 -1101.49861538
1421 -1115.87545467 -1129.58352472 -1102.16738461
1422 -1116.55898901 -1130.28182417 -1102.83615384
1423 -1117.24252335 -1130.98012362 -1103.50492307
1424 -1117.92605769 -1131.67842307 -1104.17369230
1425 -1118.60959203 -1132.37672252 -1104.84246153
1426 -1119.29312637 -1133.07502197 -1105.51123076
1427 -1119.97666071 -1133.77332142 -1106.18000000
1428 -1120.66019505 -1134.47162087 -1106.84876923
1429 -1121.34372939 -1135.16992032 -1107.51753846
1430 -1122.02726373 -1135.86821978 -1108.18630769
1431 -1122.71079807 -1136.56651923 -1108.85507692
1432 -1123.39433241 -1137.26481868 -1109.52384615
1433 -1124.07786675 -1137.96311813 -1110.19261538
1434 -1124.76140109 -1138.66141758 -1110.86138461
1435 -1125.44493543 -1139.35971703 -1111.53015384
1436 -1126.12846978 -1140.05801648 -1112.19892307
1437 -1126.81200412 -1140.75631593 -1112.86769230
1438 -1127.49553846 -1141.45461538 -1113.53646153
1439 -1128.17907280 -1142.15291483 -1114.20523076
1440 -1128.86260714 -1142.85121428 -1114.87400000
1441 -1129.54614148 -1143.54951373 -1115.54276923
1442 -1130.22967582 -1144.24781318 -1116.21153846
1443 -1130.91321016 -1144.94611263 -1116.88030769
1444 -1131.59674450 -1145.64441208 -1117.54907692
1445 -1132.28027884 -1146.34271153 -1118.21784615
1446 -1132.96381318 -1147.04101098 -1118.88661538
1447 -1133.64734752 -1147.73931043 -1119.55538461
1448 -1134.33088186 -1148.43760989 -1120.22415384
1449 -1135.01441620 -1149.13590934 -1120.89292307
1450 -1135.69795054 -1149.83420879 -1121.56169230
1451 -1136.38148489 -1150.53250824 -1122.23046153
1452 -1137.06501923 -1151.23080769 -1122.89923076
1453 -1137.74855357 -1151.92910714 -1123.56800000
1454 -1138.43208791 -1152.62740659 -1124.23676923
1455 -1139.11562225 -1153.32570604 -1124.90553846
1456 -1139.79915659 -1154.02400549 -1125.57430769
1457 -1140.48269093 -1154.72230494 -1126.24307692
1458 -1141.16622527 -1155.42060439 -1126.91184615
1459 -1141.84975961 -1156.11890384 -1127.58061538
1460 -1142.53329395 -1156.81720329 -1128.24938461
1461 -1143.21682829 -1157.51550274 -1128.91815384
1462 -1143.90036263 -1158.21380219 -1129.58692307
1463 -1144.58389697 -1158.91210164 -1130.25569230
1464 -1145.26743131 -1159.61040109 -1130.92446153
1465 -1145.95096565 -1160.30870054 -1131.59323076
1466 -1146.63450000 -1161.00700000 -1132.26200000
1467 -1147.27839560 -1161.66356318 -1132.89322802
1468 -1147.92229120 -1162.32012637 -1133.52445604
1469 -1148.56618681 -1162.97668956 -1134.15568406
1470 -1149.21008241 -1163.63325274 -1134.78691208
1471 -1149.85397802 -1164.28981593 -1135.41814010
1472 -1150.49787362 -1164.94637912 -1136.04936813
1473 -1151.14176923 -1165.60294230 -1136.68059615
1474 -1151.78566483 -1166.25950549 -1137.31182417
1475 -1152.42956043 -1166.91606868 -1137.94305219
1476 -1153.07345604 -1167.57263186 -1138.57428021
1477 -1153.71735164 -1168.22919505 -1139.20550824
1478 -1154.36124725 -1168.88575824 -1139.83673626
1479 -1155.00514285 -1169.54232142 -1140.46796428
1480 -1155.64903846 -1170.19888461 -1141.09919230
1481 -1156.29293406 -1170.85544780 -1141.73042032
1482 -1156.93682967 -1171.51201098 -1142.36164835
1483 -1157.58072527 -1172.16857417 -1142.99287637
1484 -1158.22462087 -1172.82513736 -1143.62410439
1485 -1158.86851648 -1173.48170054 -1144.25533241
1486 -1159.51241208 -1174.13826373 -1144.88656043
1487 -1160.15630769 -1174.79482692 -1145.51778846
1488 -1160.80020329 -1175.45139010 -1146.14901648
1489 -1161.44409890 -1176.10795329 -1146.78024450
1490 -1162.08799450 -1176.76451648 -1147.41147252
1491 -1162.73189010 -1177.42107967 -1148.04270054
1492 -1163.37578571 -1178.07764285 -1148.67392857
1493 -1164.01968131 -1178.73420604 -1149.30515659
1494 -1164.66357692 -1179.39076923 -1149.93638461
1495 -1165.30747252 -1180.04733241 -1150.56761263
1496 -1165.95136813 -1180.70389560 -1151.19884065
1497 -1166.59526373 -1181.36045879 -1151.83006868
1498 -1167.23915934 -1182.01702197 -1152.46129670
1499 -1167.88305494 -1182.67358516 -1153.09252472
1500 -1168.52695054 -1183.33014835 -1153.72375274
1501 -1169.17084615 -1183.98671153 -1154.35498076
1502 -1169.81474175 -1184.64327472 -1154.98620879
1503 -1170.45863736 -1185.29983791 -1155.61743681
1504 -1171.10253296 -1185.95640109 -1156.24866483
1505 -1171.74642857 -1186.61296428 -1156.87989285
1506 -1172.39032417 -1187.26952747 -1157.51112087
1507 -1173.03421978 -1187.92609065 -1158.14234890
1508 -1173.67811538 -1188.58265384 -1158.77357692
1509 -1174.32201098 -1189.23921703 -1159.40480494
1510 -1174.96590659 -1189.89578021 -1160.03603296
1511 -1175.60980219 -1190.55234340 -1160.66726098
1512 -1176.25369780 -1191.20890659 -1161.29848901
1513 -1176.89759340 -1191.86546978 -1161.92971703
1514 -1177.54148901 -1192.52203296 -1162.56094505
1515 -1178.18538461 -1193.17859615 -1163.19217307
1516 -1178.82928021 -1193.83515934 -1163.82340109
1517 -1179.47317582 -1194.49172252 -1164.45462912
1518 -1180.11707142 -1195.14828571 -1165.08585714
1519 -1180.76096703 -1195.80484890 -1165.71708516
1520 -1181.40486263 -1196.46141208 -1166.34831318
1521 -1182.04875824 -1197.11797527 -1166.97954120
1522 -1182.69265384 -1197.77453846 -1167.61076923
1523 -1183.33654945 -1198.43110164 -1168.24199725
1524 -1183.98044505 -1199.08766483 -1168.87322527
1525 -1184.62434065 -1199.74422802 -1169.50445329
1526 -1185.26823626 -1200.40079120 -1170.13568131
1527 -1185.91213186 -1201.05735439 -1170.76690934
1528 -1186.55602747 -1201.71391758 -1171.39813736
1529 -1187.19992307 -1202.37048076 -1172.02936538
1530 -1187.84381868 -1203.02704395 -1172.66059340
1531 -1188.48771428 -1203.68360714 -1173.29182142
1532 -1189.13160989 -1204.34017032 -1173.92304945
1533 -1189.77550549 -1204.99673351 -1174.55427747
1534 -1190.41940109 -1205.65329670 -1175.18550549
1535 -1191.06329670 -1206.30985989 -1175.81673351
1536 -1191.70719230 -1206.96642307 -1176.44796153
1537 -1192.35108791 -1207.62298626 -1177.07918956
1538 -1192.99498351 -1208.27954945 -1177.71041758
1539 -1193.63887912 -1208.93611263 -1178.34164560
1540 -1194.28277472 -1209.59267582 -1178.97287362
1541 -1194.92667032 -1210.24923901 -1179.60410164
1542 -1195.57056593 -1210.90580219 -1180.23532967
1543 -1196.21446153 -1211.56236538 -1180.86655769
1544 -1196.85835714 -1212.21892857 -1181.49778571
1545 -1197.50225274 -1212.87549175 -1182.12901373
1546 -1198.14614835 -1213.53205494 -1182.76024175
1547 -1198.79004395 -1214.18861813 -1183.39146978
1548 -1199.43393956 -1214.84518131 -1184.02269780
1549 -1200.07783516 -1215.50174450 -1184.65392582
1550 -1200.72173076 -1216.15830769 -1185.28515384
1551 -1201.36562637 -1216.81487087 -1185.91638186
1552 -1202.00952197 -1217.47143406 -1186.54760989
1553 -1202.65341758 -1218.12799725 -1187.17883791
1554 -1203.29731318 -1218.78456043 -1187.81006593
1555 -1203.94120879 -1219.44112362 -1188.44129395
1556 -1204.58510439 -1220.09768681 -1189.07252197
1557 -1205.22900000 -1220.75425000 -1189.70375000
1558 -1205.87289560 -1221.41081318 -1190.33497802
1559 -1206.51679120 -1222.06737637 -1190.96620604
1560 -1207.16068681 -1222.72393956 -1191.59743406
1561 -1207.80458241 -1223.38050274 -1192.22866208
1562 -1208.44847802 -1224.03706593 -1192.85989010
1563 -1209.09237362 -1224.69362912 -1193.49111813
1564 -1209.73626923 -1225.35019230 -1194.12234615
1565 -1210.38016483 -1226.00675549 -1194.75357417
1566 -1211.02406043 -1226.66331868 -1195.38480219
1567 -1211.66795604 -1227.31988186 -1196.01603021
1568 -1212.31185164 -1227.97644505 -1196.64725824
1569 -1212.95574725 -1228.63300824 -1197.27848626
1570 -1213.59964285 -1229.28957142 -1197.90971428
1571 -1214.24353846 -1229.94613461 -1198.54094230
1572 -1214.88743406 -1230.60269780 -1199.17217032
1573 -1215.53132967 -1231.25926098 -1199.80339835
1574 -1216.17522527 -1231.91582417 -1200.43462637
1575 -1216.81912087 -1232.57238736 -1201.06585439
1576 -1217.46301648 -1233.22895054 -1201.69708241
1577 -1218.10691208 -1233.88551373 -1202.32831043
1578 -1218.75080769 -1234.54207692 -1202.95953846
1579 -1219.39470329 -1235.19864010 -1203.59076648
1580 -1220.03859890 -1235.85520329 -1204.22199450
1581 -1220.68249450 -1236.51176648 -1204.85322252
1582 -1221.32639010 -1237.16832967 -1205.48445054
1583 -1221.97028571 -1237.82489285 -1206.11567857
1584 -1222.61418131 -1238.48145604 -1206.74690659
1585 -1223.25807692 -1239.13801923 -1207.37813461
1586 -1223.90197252 -1239.79458241 -1208.00936263
1587 -1224.54586813 -1240.45114560 -1208.64059065
1588 -1225.18976373 -1241.10770879 -1209.27181868
1589 -1225.83365934 -1241.76427197 -1209.90304670
1590 -1226.47755494 -1242.42083516 -1210.53427472
1591 -1227.12145054 -1243.07739835 -1211.16550274
1592 -1227.76534615 -1243.73396153 -1211.79673076
1593 -1228.40924175 -1244.39052472 -1212.42795879
1594 -1229.05313736 -1245.04708791 -1213.05918681
1595 -1229.69703296 -1245.70365109 -1213.69041483
1596 -1230.34092857 -1246.36021428 -1214.32164285
1597 -1230.98482417 -1247.01677747 -1214.95287087
1598 -1231.62871978 -1247.67334065 -1215.58409890
1599 -1232.27261538 -1248.32990384 -1216.21532692
1600 -1232.91651098 -1248.98646703 -1216.84655494
1601 -1233.56040659 -1249.64303021 -1217.47778296
1602 -1234.20430219 -1250.29959340 -1218.10901098
1603 -1234.84819780 -1250.95615659 -1218.74023901
1604 -1235.49209340 -1251.61271978 -1219.37146703
1605 -1236.13598901 -1252.26928296 -1220.00269505
1606 -1236.77988461 -1252.92584615 -1220.63392307
1607 -1237.42378021 -1253.58240934 -1221.26515109
1608 -1238.06767582 -1254.23897252 -1221.89637912
1609 -1238.71157142 -1254.89553571 -1222.52760714
1610 -1239.35546703 -1255.55209890 -1223.15883516
1611 -1239.99936263 -1256.20866208 -1223.79006318
1612 -1240.64325824 -1256.86522527 -1224.42129120
1613 -1241.28715384 -1257.52178846 -1225.05251923
1614 -1241.93104945 -1258.17835164 -1225.68374725
1615 -1242.57494505 -1258.83491483 -1226.31497527
1616 -1243.21884065 -1259.49147802 -1226.94620329
1617 -1243.86273626 -1260.14804120 -1227.57743131
1618 -1244.50663186 -1260.80460439 -1228.20865934
1619 -1245.15052747 -1261.46116758 -1228.83988736
1620 -1245.79442307 -1262.11773076 -1229.47111538
1621 -1246.43831868 -1262.77429395 -1230.10234340
1622 -1247.08221428 -1263.43085714 -1230.73357142
1623 -1247.72610989 -1264.08742032 -1231.36479945
1624 -1248.37000549 -1264.74398351 -1231.99602747
1625 -1249.01390109 -1265.40054670 -1232.62725549
1626 -1249.65779670 -1266.05710989 -1233.25848351
1627 -1250.30169230 -1266.71367307 -1233.88971153
1628 -1250.94558791 -1267.37023626 -1234.52093956
1629 -1251.58948351 -1268.02679945 -1235.15216758
1630 -1252.23337912 -1268.68336263 -1235.78339560
1631 -1252.87727472 -1269.33992582 -1236.41462362
1632 -1253.52117032 -1269.99648901 -1237.04585164
1633 -1254.16506593 -1270.65305219 -1237.67707967
1634 -1254.80896153 -1271.30961538 -1238.30830769
1635 -1255.45285714 -1271.96617857 -1238.93953571
1636 -1256.09675274 -1272.62274175 -1239.57076373
1637 -1256.74064835 -1273.27930494 -1240.20199175
1638 -1257.38454395 -1273.93586813 -1240.83321978
1639 -1258.02843956 -1274.59243131 -1241.46444780
1640 -1258.67233516 -1275.24899450 -1242.09567582
1641 -1259.31623076 -1275.90555769 -1242.72690384
1642 -1259.96012637 -1276.56212087 -1243.35813186
1643 -1260.60402197 -1277.21868406 -1243.98935989
1644 -1261.24791758 -1277.87524725 -1244.62058791
1645 -1261.89181318 -1278.53181043 -1245.25181593
1646 -1262.53570879 -1279.18837362 -1245.88304395
1647 -1263.17960439 -1279.84493681 -1246.51427197
1648 -1263.82350000 -1280.50150000 -1247.14550000
1649 -1264.46739560 -1281.15806318 -1247.77672802
1650 -1265.11129120 -1281.81462637 -1248.40795604
1651 -1265.75518681 -1282.47118956 -1249.03918406
1652 -1266.39908241 -1283.12775274 -1249.67041208
1653 -1267.04297802 -1283.78431593 -1250.30164010
1654 -1267.68687362 -1284.44087912 -1250.93286813
1655 -1268.33076923 -1285.09744230 -1251.56409615
1656 -1268.97466483 -1285.75400549 -1252.19532417
1657 -1269.61856043 -1286.41056868 -1252.82655219
1658 -1270.26245604 -1287.06713186 -1253.45778021
1659 -1270.90635164 -1287.72369505 -1254.08900824
1660 -1271.55024725 -1288.38025824 -1254.72023626
1661 -1272.19414285 -1289.03682142 -1255.35146428
1662 -1272.83803846 -1289.69338461 -1255.98269230
1663 -1273.48193406 -1290.34994780 -1256.61392032
1664 -1274.12582967 -1291.00651098 -1257.24514835
1665 -1274.76972527 -1291.66307417 -1257.87637637
1666 -1275.41362087 -1292.31963736 -1258.50760439
1667 -1276.05751648 -1292.97620054 -1259.13883241
1668 -1276.70141208 -1293.63276373 -1259.77006043
1669 -1277.34530769 -1294.28932692 -1260.40128846
1670 -1277.98920329 -1294.94589010 -1261.03251648
1671 -1278.63309890 -1295.60245329 -1261.66374450
1672 -1279.27699450 -1296.25901648 -1262.29497252
1673 -1279.92089010 -1296.91557967 -1262.92620054
1674 -1280.56478571 -1297.57214285 -1263.55742857
1675 -1281.20868131 -1298.22870604 -1264.18865659
1676 -1281.85257692 -1298.88526923 -1264.81988461
1677 -1282.49647252 -1299.54183241 -1265.45111263
1678 -1283.14036813 -1300.19839560 -1266.08234065
1679 -1283.78426373 -1300.85495879 -1266.71356868
1680 -1284.42815934 -1301.51152197 -1267.34479670
1681 -1285.07205494 -1302.16808516 -1267.97602472
1682 -1285.71595054 -1302.82464835 -1268.60725274
1683 -1286.35984615 -1303.48121153 -1269.23848076
1684 -1287.00374175 -1304.13777472 -1269.86970879
1685 -1287.64763736 -1304.79433791 -1270.50093681
1686 -1288.29153296 -1305.45090109 -1271.13216483
1687 -1288.93542857 -1306.10746428 -1271.76339285
1688 -1289.57932417 -1306.76402747 -1272.39462087
1689 -1290.22321978 -1307.42059065 -1273.02584890
1690 -1290.86711538 -1308.07715384 -1273.65707692
1691 -1291.51101098 -1308.73371703 -1274.28830494
1692 -1292.15490659 -1309.39028021 -1274.91953296
1693 -1292.79880219 -1310.04684340 -1275.55076098
1694 -1293.44269780 -1310.70340659 -1276.18198901
1695 -1294.08659340 -1311.35996978 -1276.81321703
1696 -1294.73048901 -1312.01653296 -1277.44444505
1697 -1295.37438461 -1312.67309615 -1278.07567307
1698 -1296.01828021 -1313.32965934 -1278.70690109
1699 -1296.66217582 -1313.98622252 -1279.33812912
1700 -1297.30607142 -1314.64278571 -1279.96935714
1701 -1297.94996703 -1315.29934890 -1280.60058516
1702 -1298.59386263 -1315.95591208 -1281.23181318
1703 -1299.23775824 -1316.61247527 -1281.86304120
1704 -1299.88165384 -1317.26903846 -1282.49426923
1705 -1300.52554945 -1317.92560164 -1283.12549725
1706 -1301.16944505 -1318.58216483 -1283.75672527
1707 -1301.81334065 -1319.23872802 -1284.38795329
1708 -1302.45723626 -1319.89529120 -1285.01918131
1709 -1303.10113186 -1320.55185439 -1285.65040934
1710 -1303.74502747 -1321.20841758 -1286.28163736
1711 -1304.38892307 -1321.86498076 -1286.91286538
1712 -1305.03281868 -1322.52154395 -1287.54409340
1713 -1305.67671428 -1323.17810714 -1288.17532142
1714 -1306.32060989 -1323.83467032 -1288.80654945
1715 -1306.96450549 -1324.49123351 -1289.43777747
1716 -1307.60840109 -1325.14779670 -1290.06900549
1717 -1308.25229670 -1325.80435989 -1290.70023351
1718 -1308.89619230 -1326.46092307 -1291.33146153
1719 -1309.54008791 -1327.11748626 -1291.96268956
1720 -1310.18398351 -1327.77404945 -1292.59391758
1721 -1310.82787912 -1328.43061263 -1293.22514560
1722 -1311.47177472 -1329.08717582 -1293.85637362
1723 -1312.11567032 -1329.74373901 -1294.48760164
1724 -1312.75956593 -1330.40030219 -1295.11882967
1725 -1313.40346153 -1331.05686538 -1295.75005769
1726 -1314.04735714 -1331.71342857 -1296.38128571
1727 -1314.69125274 -1332.36999175 -1297.01251373
1728 -1315.33514835 -1333.02655494 -1297.64374175
1729 -1315.97904395 -1333.68311813 -1298.27496978
1730 -1316.62293956 -1334.33968131 -1298.90619780
1731 -1317.26683516 -1334.99624450 -1299.53742582
1732 -1317.91073076 -1335.65280769 -1300.16865384
1733 -1318.55462637 -1336.30937087 -1300.79988186
1734 -1319.19852197 -1336.96593406 -1301.43110989
1735 -1319.84241758 -1337.62249725 -1302.06233791
1736 -1320.48631318 -1338.27906043 -1302.69356593
1737 -1321.13020879 -1338.93562362 -1303.32479395
1738 -1321.77410439 -1339.59218681 -1303.95602197
1739 -1322.41800000 -1340.24875000 -1304.58725000
1740 -1323.06189560 -1340.90531318 -1305.21847802
1741 -1323.70579120 -1341.56187637 -1305.84970604
1742 -1324.34968681 -1342.21843956 -1306.48093406
1743 -1324.99358241 -1342.87500274 -1307.11216208
1744 -1325.63747802 -1343.53156593 -1307.74339010
1745 -1326.28137362 -1344.18812912 -1308.37461813
1746 -1326.92526923 -1344.84469230 -1309.00584615
1747 -1327.56916483 -1345.50125549 -1309.63707417
1748 -1328.21306043 -1346.15781868 -1310.26830219
1749 -1328.85695604 -1346.81438186 -1310.89953021
1750 -1329.50085164 -1347.47094505 -1311.53075824
1751 -1330.14474725 -1348.12750824 -1312.16198626
1752 -1330.78864285 -1348.78407142 -1312.79321428
1753 -1331.43253846 -1349.44063461 -1313.42444230
1754 -1332.07643406 -1350.09719780 -1314.05567032
1755 -1332.72032967 -1350.75376098 -1314.68689835
1756 -1333.36422527 -1351.41032417 -1315.31812637
1757 -1334.00812087 -1352.06688736 -1315.94935439
1758 -1334.65201648 -1352.72345054 -1316.58058241
1759 -1335.29591208 -1353.38001373 -1317.21181043
1760 -1335.93980769 -1354.03657692 -1317.84303846
1761 -1336.58370329 -1354.69314010 -1318.47426648
1762 -1337.22759890 -1355.34970329 -1319.10549450
1763 -1337.87149450 -1356.00626648 -1319.73672252
1764 -1338.51539010 -1356.66282967 -1320.36795054
1765 -1339.15928571 -1357.31939285 -1320.99917857
1766 -1339.80318131 -1357.97595604 -1321.63040659
1767 -1340.44707692 -1358.63251923 -1322.26163461
1768 -1341.09097252 -1359.28908241 -1322.89286263
1769 -1341.73486813 -1359.94564560 -1323.52409065
1770 -1342.37876373 -1360.60220879 -1324.15531868
1771 -1343.02265934 -1361.25877197 -1324.78654670
1772 -1343.66655494 -1361.91533516 -1325.41777472
1773 -1344.31045054 -1362.57189835 -1326.04900274
1774 -1344.95434615 -1363.22846153 -1326.68023076
1775 -1345.59824175 -1363.88502472 -1327.31145879
1776 -1346.24213736 -1364.54158791 -1327.94268681
1777 -1346.88603296 -1365.19815109 -1328.57391483
1778 -1347.52992857 -1365.85471428 -1329.20514285
1779 -1348.17382417 -1366.51127747 -1329.83637087
1780 -1348.81771978 -1367.16784065 -1330.46759890
1781 -1349.46161538 -1367.82440384 -1331.09882692
1782 -1350.10551098 -1368.48096703 -1331.73005494
1783 -1350.74940659 -1369.13753021 -1332.36128296
1784 -1351.39330219 -1369.79409340 -1332.99251098
1785 -1352.03719780 -1370.45065659 -1333.62373901
1786 -1352.68109340 -1371.10721978 -1334.25496703
1787 -1353.32498901 -1371.76378296 -1334.88619505
1788 -1353.96888461 -1372.42034615 -1335.51742307
1789 -1354.61278021 -1373.07690934 -1336.14865109
1790 -1355.25667582 -1373.73347252 -1336.77987912
1791 -1355.90057142 -1374.39003571 -1337.41110714
1792 -1356.54446703 -1375.04659890 -1338.04233516
1793 -1357.18836263 -1375.70316208 -1338.67356318
1794 -1357.83225824 -1376.35972527 -1339.30479120
1795 -1358.47615384 -1377.01628846 -1339.93601923
1796 -1359.12004945 -1377.67285164 -1340.56724725
1797 -1359.76394505 -1378.32941483 -1341.19847527
1798 -1360.40784065 -1378.98597802 -1341.82970329
1799 -1361.05173626 -1379.64254120 -1342.46093131
1800 -1361.69563186 -1380.29910439 -1343.09215934
1801 -1362.33952747 -1380.95566758 -1343.72338736
1802 -1362.98342307 -1381.61223076 -1344.35461538
1803 -1363.62731868 -1382.26879395 -1344.98584340
1804 -1364.27121428 -1382.92535714 -1345.61707142
1805 -1364.91510989 -1383.58192032 -1346.24829945
1806 -1365.55900549 -1384.23848351 -1346.87952747
1807 -1366.20290109 -1384.89504670 -1347.51075549
1808 -1366.84679670 -1385.55160989 -1348.14198351
1809 -1367.49069230 -1386.20817307 -1348.77321153
1810 -1368.13458791 -1386.86473626 -1349.40443956
1811 -1368.77848351 -1387.52129945 -1350.03566758
1812 -1369.42237912 -1388.17786263 -1350.66689560
1813 -1370.06627472 -1388.83442582 -1351.29812362
1814 -1370.71017032 -1389.49098901 -1351.92935164
1815 -1371.35406593 -1390.14755219 -1352.56057967
1816 -1371.99796153 -1390.80411538 -1353.19180769
1817 -1372.64185714 -1391.46067857 -1353.82303571
1818 -1373.28575274 -1392.11724175 -1354.45426373
1819 -1373.92964835 -1392.77380494 -1355.08549175
1820 -1374.57354395 -1393.43036813 -1355.71671978
1821 -1375.21743956 -1394.08693131 -1356.34794780
1822 -1375.86133516 -1394.74349450 -1356.97917582
1823 -1376.50523076 -1395.40005769 -1357.61040384
1824 -1377.14912637 -1396.05662087 -1358.24163186
1825 -1377.79302197 -1396.71318406 -1358.87285989
1826 -1378.43691758 -1397.36974725 -1359.50408791
1827 -1379.08081318 -1398.02631043 -1360.13531593
1828 -1379.72470879 -1398.68287362 -1360.76654395
1829 -1380.36860439 -1399.33943681 -1361.39777197
1830 -1381.01250000 -1399.99600000 -1362.02900000
