1 -0.73150000 -0.82733333 -0.63566667
2 -0.36575000 -0.41366666 -0.31783333
3 0.00000000 0.00000000 0.00000000
4 -0.57200000 -0.60200000 -0.54200000
5 -1.15500000 -1.19000000 -1.12000000
6 -1.73800000 -1.77800000 -1.69800000
7 -2.32100000 -2.36600000 -2.27600000
8 -2.90400000 -2.95400000 -2.85400000
9 -3.48700000 -3.54200000 -3.43200000
10 -4.07000000 -4.13000000 -4.01000000
11 -4.66857142 -4.73285714 -4.60428571
12 -5.26714285 -5.33571428 -5.19857142
13 -5.86571428 -5.93857142 -5.79285714
14 -6.46428571 -6.54142857 -6.38714285
15 -7.06285714 -7.14428571 -6.98142857
16 -7.66142857 -7.74714285 -7.57571428
17 -8.26000000 -8.35000000 -8.17000000
18 -8.88187500 -8.97875000 -8.78500000
19 -9.50375000 -9.60750000 -9.40000000
20 -10.12562500 -10.23625000 -10.01500000
21 -10.74750000 -10.86500000 -10.63000000
22 -11.36937500 -11.49375000 -11.24500000
23 -11.99125000 -12.12250000 -11.86000000
24 -12.61312500 -12.75125000 -12.47500000
25 -13.23500000 -13.38000000 -13.09000000
26 -13.87055555 -14.01111111 -13.73000000
27 -14.50611111 -14.64222222 -14.37000000
28 -15.14166666 -15.27333333 -15.01000000
29 -15.77722222 -15.90444444 -15.65000000
30 -16.41277777 -16.53555555 -16.29000000
31 -17.04833333 -17.16666666 -16.93000000
32 -17.68388888 -17.79777777 -17.57000000
33 -18.31944444 -18.42888888 -18.21000000
34 -18.95500000 -19.06000000 -18.85000000
35 -19.58250000 -19.69125000 -19.47375000
36 -20.21000000 -20.32250000 -20.09750000
37 -20.83750000 -20.95375000 -20.72125000
38 -21.46500000 -21.58500000 -21.34500000
39 -22.09250000 -22.21625000 -21.96875000
40 -22.72000000 -22.84750000 -22.59250000
41 -23.34750000 -23.47875000 -23.21625000
42 -23.97500000 -24.11000000 -23.84000000
43 -24.60250000 -24.74125000 -24.46375000
44 -25.23000000 -25.37250000 -25.08750000
45 -25.85750000 -26.00375000 -25.71125000
46 -26.48500000 -26.63500000 -26.33500000
47 -27.11250000 -27.26625000 -26.95875000
48 -27.74000000 -27.89750000 -27.58250000
49 -28.36750000 -28.52875000 -28.20625000
50 -28.99500000 -29.16000000 -28.83000000
51 -29.62250000 -29.79125000 -29.45375000
52 -30.25000000 -30.42250000 -30.07750000
53 -30.87750000 -31.05375000 -30.70125000
54 -31.50500000 -31.68500000 -31.32500000
55 -32.13250000 -32.31625000 -31.94875000
56 -32.76000000 -32.94750000 -32.57250000
57 -33.38750000 -33.57875000 -33.19625000
58 -34.01500000 -34.21000000 -33.82000000
59 -34.64250000 -34.84125000 -34.44375000
60 -35.27000000 -35.47250000 -35.06750000
61 -35.89750000 -36.10375000 -35.69125000
62 -36.52500000 -36.73500000 -36.31500000
63 -37.15250000 -37.36625000 -36.93875000
64 -37.78000000 -37.99750000 -37.56250000
65 -38.40750000 -38.62875000 -38.18625000
66 -39.03500000 -39.26000000 -38.81000000
67 -39.69793103 -39.92310344 -39.47275862
68 -40.36086206 -40.58620689 -40.13551724
69 -41.02379310 -41.24931034 -40.79827586
70 -41.68672413 -41.91241379 -41.46103448
71 -42.34965517 -42.57551724 -42.12379310
72 -43.01258620 -43.23862068 -42.78655172
73 -43.67551724 -43.90172413 -43.44931034
74 -44.33844827 -44.56482758 -44.11206896
75 -45.00137931 -45.22793103 -44.77482758
76 -45.66431034 -45.89103448 -45.43758620
77 -46.32724137 -46.55413793 -46.10034482
78 -46.99017241 -47.21724137 -46.76310344
79 -47.65310344 -47.88034482 -47.42586206
80 -48.31603448 -48.54344827 -48.08862068
81 -48.97896551 -49.20655172 -48.75137931
82 -49.64189655 -49.86965517 -49.41413793
83 -50.30482758 -50.53275862 -50.07689655
84 -50.96775862 -51.19586206 -50.73965517
85 -51.63068965 -51.85896551 -51.40241379
86 -52.29362068 -52.52206896 -52.06517241
87 -52.95655172 -53.18517241 -52.72793103
88 -53.61948275 -53.84827586 -53.39068965
89 -54.28241379 -54.51137931 -54.05344827
90 -54.94534482 -55.17448275 -54.71620689
91 -55.60827586 -55.83758620 -55.37896551
92 -56.27120689 -56.50068965 -56.04172413
93 -56.93413793 -57.16379310 -56.70448275
94 -57.59706896 -57.82689655 -57.36724137
95 -58.26000000 -58.49000000 -58.03000000
96 -58.92338709 -59.15903225 -58.68774193
97 -59.58677419 -59.82806451 -59.34548387
98 -60.25016129 -60.49709677 -60.00322580
99 -60.91354838 -61.16612903 -60.66096774
100 -61.57693548 -61.83516129 -61.31870967
101 -62.24032258 -62.50419354 -61.97645161
102 -62.90370967 -63.17322580 -62.63419354
103 -63.56709677 -63.84225806 -63.29193548
104 -64.23048387 -64.51129032 -63.94967741
105 -64.89387096 -65.18032258 -64.60741935
106 -65.55725806 -65.84935483 -65.26516129
107 -66.22064516 -66.51838709 -65.92290322
108 -66.88403225 -67.18741935 -66.58064516
109 -67.54741935 -67.85645161 -67.23838709
110 -68.21080645 -68.52548387 -67.89612903
111 -68.87419354 -69.19451612 -68.55387096
112 -69.53758064 -69.86354838 -69.21161290
113 -70.20096774 -70.53258064 -69.86935483
114 -70.86435483 -71.20161290 -70.52709677
115 -71.52774193 -71.87064516 -71.18483870
116 -72.19112903 -72.53967741 -71.84258064
117 -72.85451612 -73.20870967 -72.50032258
118 -73.51790322 -73.87774193 -73.15806451
119 -74.18129032 -74.54677419 -73.81580645
120 -74.84467741 -75.21580645 -74.47354838
121 -75.50806451 -75.88483870 -75.13129032
122 -76.17145161 -76.55387096 -75.78903225
123 -76.83483870 -77.22290322 -76.44677419
124 -77.49822580 -77.89193548 -77.10451612
125 -78.16161290 -78.56096774 -77.76225806
126 -78.82500000 -79.23000000 -78.42000000
127 -79.48161290 -79.88870967 -79.07451612
128 -80.13822580 -80.54741935 -79.72903225
129 -80.79483870 -81.20612903 -80.38354838
130 -81.45145161 -81.86483870 -81.03806451
131 -82.10806451 -82.52354838 -81.69258064
132 -82.76467741 -83.18225806 -82.34709677
133 -83.42129032 -83.84096774 -83.00161290
134 -84.07790322 -84.49967741 -83.65612903
135 -84.73451612 -85.15838709 -84.31064516
136 -85.39112903 -85.81709677 -84.96516129
137 -86.04774193 -86.47580645 -85.61967741
138 -86.70435483 -87.13451612 -86.27419354
139 -87.36096774 -87.79322580 -86.92870967
140 -88.01758064 -88.45193548 -87.58322580
141 -88.67419354 -89.11064516 -88.23774193
142 -89.33080645 -89.76935483 -88.89225806
143 -89.98741935 -90.42806451 -89.54677419
144 -90.64403225 -91.08677419 -90.20129032
145 -91.30064516 -91.74548387 -90.85580645
146 -91.95725806 -92.40419354 -91.51032258
147 -92.61387096 -93.06290322 -92.16483870
148 -93.27048387 -93.72161290 -92.81935483
149 -93.92709677 -94.38032258 -93.47387096
150 -94.58370967 -95.03903225 -94.12838709
151 -95.24032258 -95.69774193 -94.78290322
152 -95.89693548 -96.35645161 -95.43741935
153 -96.55354838 -97.01516129 -96.09193548
154 -97.21016129 -97.67387096 -96.74645161
155 -97.86677419 -98.33258064 -97.40096774
156 -98.52338709 -98.99129032 -98.05548387
157 -99.18000000 -99.65000000 -98.71000000
158 -99.86750000 -100.34500000 -99.39000000
159 -100.55500000 -101.04000000 -100.07000000
160 -101.24250000 -101.73500000 -100.75000000
161 -101.93000000 -102.43000000 -101.43000000
162 -102.61750000 -103.12500000 -102.11000000
163 -103.30500000 -103.82000000 -102.79000000
164 -103.99250000 -104.51500000 -103.47000000
165 -104.68000000 -105.21000000 -104.15000000
166 -105.36750000 -105.90500000 -104.83000000
167 -106.05500000 -106.60000000 -105.51000000
168 -106.74250000 -107.29500000 -106.19000000
169 -107.43000000 -107.99000000 -106.87000000
170 -108.11750000 -108.68500000 -107.55000000
171 -108.80500000 -109.38000000 -108.23000000
172 -109.49250000 -110.07500000 -108.91000000
173 -110.18000000 -110.77000000 -109.59000000
174 -110.86750000 -111.46500000 -110.27000000
175 -111.55500000 -112.16000000 -110.95000000
176 -112.24250000 -112.85500000 -111.63000000
177 -112.93000000 -113.55000000 -112.31000000
178 -113.61750000 -114.24500000 -112.99000000
179 -114.30500000 -114.94000000 -113.67000000
180 -114.99250000 -115.63500000 -114.35000000
181 -115.68000000 -116.33000000 -115.03000000
182 -116.36750000 -117.02500000 -115.71000000
183 -117.05500000 -117.72000000 -116.39000000
184 -117.74250000 -118.41500000 -117.07000000
185 -118.43000000 -119.11000000 -117.75000000
186 -119.11750000 -119.80500000 -118.43000000
187 -119.80500000 -120.50000000 -119.11000000
188 -120.45147058 -121.15352941 -119.74941176
189 -121.09794117 -121.80705882 -120.38882352
190 -121.74441176 -122.46058823 -121.02823529
191 -122.39088235 -123.11411764 -121.66764705
192 -123.03735294 -123.76764705 -122.30705882
193 -123.68382352 -124.42117647 -122.94647058
194 -124.33029411 -125.07470588 -123.58588235
195 -124.97676470 -125.72823529 -124.22529411
196 -125.62323529 -126.38176470 -124.86470588
197 -126.26970588 -127.03529411 -125.50411764
198 -126.91617647 -127.68882352 -126.14352941
199 -127.56264705 -128.34235294 -126.78294117
200 -128.20911764 -128.99588235 -127.42235294
201 -128.85558823 -129.64941176 -128.06176470
202 -129.50205882 -130.30294117 -128.70117647
203 -130.14852941 -130.95647058 -129.34058823
204 -130.79500000 -131.61000000 -129.98000000
205 -131.44147058 -132.26352941 -130.61941176
206 -132.08794117 -132.91705882 -131.25882352
207 -132.73441176 -133.57058823 -131.89823529
208 -133.38088235 -134.22411764 -132.53764705
209 -134.02735294 -134.87764705 -133.17705882
210 -134.67382352 -135.53117647 -133.81647058
211 -135.32029411 -136.18470588 -134.45588235
212 -135.96676470 -136.83823529 -135.09529411
213 -136.61323529 -137.49176470 -135.73470588
214 -137.25970588 -138.14529411 -136.37411764
215 -137.90617647 -138.79882352 -137.01352941
216 -138.55264705 -139.45235294 -137.65294117
217 -139.19911764 -140.10588235 -138.29235294
218 -139.84558823 -140.75941176 -138.93176470
219 -140.49205882 -141.41294117 -139.57117647
220 -141.13852941 -142.06647058 -140.21058823
221 -141.78500000 -142.72000000 -140.85000000
222 -142.42351851 -143.36222222 -141.48481481
223 -143.06203703 -144.00444444 -142.11962962
224 -143.70055555 -144.64666666 -142.75444444
225 -144.33907407 -145.28888888 -143.38925925
226 -144.97759259 -145.93111111 -144.02407407
227 -145.61611111 -146.57333333 -144.65888888
228 -146.25462962 -147.21555555 -145.29370370
229 -146.89314814 -147.85777777 -145.92851851
230 -147.53166666 -148.50000000 -146.56333333
231 -148.17018518 -149.14222222 -147.19814814
232 -148.80870370 -149.78444444 -147.83296296
233 -149.44722222 -150.42666666 -148.46777777
234 -150.08574074 -151.06888888 -149.10259259
235 -150.72425925 -151.71111111 -149.73740740
236 -151.36277777 -152.35333333 -150.37222222
237 -152.00129629 -152.99555555 -151.00703703
238 -152.63981481 -153.63777777 -151.64185185
239 -153.27833333 -154.28000000 -152.27666666
240 -153.91685185 -154.92222222 -152.91148148
241 -154.55537037 -155.56444444 -153.54629629
242 -155.19388888 -156.20666666 -154.18111111
243 -155.83240740 -156.84888888 -154.81592592
244 -156.47092592 -157.49111111 -155.45074074
245 -157.10944444 -158.13333333 -156.08555555
246 -157.74796296 -158.77555555 -156.72037037
247 -158.38648148 -159.41777777 -157.35518518
248 -159.02500000 -160.06000000 -157.99000000
249 -159.63258620 -160.68448275 -158.58068965
250 -160.24017241 -161.30896551 -159.17137931
251 -160.84775862 -161.93344827 -159.76206896
252 -161.45534482 -162.55793103 -160.35275862
253 -162.06293103 -163.18241379 -160.94344827
254 -162.67051724 -163.80689655 -161.53413793
255 -163.27810344 -164.43137931 -162.12482758
256 -163.88568965 -165.05586206 -162.71551724
257 -164.49327586 -165.68034482 -163.30620689
258 -165.10086206 -166.30482758 -163.89689655
259 -165.70844827 -166.92931034 -164.48758620
260 -166.31603448 -167.55379310 -165.07827586
261 -166.92362068 -168.17827586 -165.66896551
262 -167.53120689 -168.80275862 -166.25965517
263 -168.13879310 -169.42724137 -166.85034482
264 -168.74637931 -170.05172413 -167.44103448
265 -169.35396551 -170.67620689 -168.03172413
266 -169.96155172 -171.30068965 -168.62241379
267 -170.56913793 -171.92517241 -169.21310344
268 -171.17672413 -172.54965517 -169.80379310
269 -171.78431034 -173.17413793 -170.39448275
270 -172.39189655 -173.79862068 -170.98517241
271 -172.99948275 -174.42310344 -171.57586206
272 -173.60706896 -175.04758620 -172.16655172
273 -174.21465517 -175.67206896 -172.75724137
274 -174.82224137 -176.29655172 -173.34793103
275 -175.42982758 -176.92103448 -173.93862068
276 -176.03741379 -177.54551724 -174.52931034
277 -176.64500000 -178.17000000 -175.12000000
278 -177.23833333 -178.76466666 -175.71200000
279 -177.83166666 -179.35933333 -176.30400000
280 -178.42500000 -179.95400000 -176.89600000
281 -179.01833333 -180.54866666 -177.48800000
282 -179.61166666 -181.14333333 -178.08000000
283 -180.20500000 -181.73800000 -178.67200000
284 -180.79833333 -182.33266666 -179.26400000
285 -181.39166666 -182.92733333 -179.85600000
286 -181.98500000 -183.52200000 -180.44800000
287 -182.57833333 -184.11666666 -181.04000000
288 -183.17166666 -184.71133333 -181.63200000
289 -183.76500000 -185.30600000 -182.22400000
290 -184.35833333 -185.90066666 -182.81600000
291 -184.95166666 -186.49533333 -183.40800000
292 -185.54500000 -187.09000000 -184.00000000
293 -186.13833333 -187.68466666 -184.59200000
294 -186.73166666 -188.27933333 -185.18400000
295 -187.32500000 -188.87400000 -185.77600000
296 -187.91833333 -189.46866666 -186.36800000
297 -188.51166666 -190.06333333 -186.96000000
298 -189.10500000 -190.65800000 -187.55200000
299 -189.69833333 -191.25266666 -188.14400000
300 -190.29166666 -191.84733333 -188.73600000
301 -190.88500000 -192.44200000 -189.32800000
302 -191.47833333 -193.03666666 -189.92000000
303 -192.07166666 -193.63133333 -190.51200000
304 -192.66500000 -194.22600000 -191.10400000
305 -193.25833333 -194.82066666 -191.69600000
306 -193.85166666 -195.41533333 -192.28800000
307 -194.44500000 -196.01000000 -192.88000000
308 -195.03234375 -196.60468750 -193.46000000
309 -195.61968750 -197.19937500 -194.04000000
310 -196.20703125 -197.79406250 -194.62000000
311 -196.79437500 -198.38875000 -195.20000000
312 -197.38171875 -198.98343750 -195.78000000
313 -197.96906250 -199.57812500 -196.36000000
314 -198.55640625 -200.17281250 -196.94000000
315 -199.14375000 -200.76750000 -197.52000000
316 -199.73109375 -201.36218750 -198.10000000
317 -200.31843750 -201.95687500 -198.68000000
318 -200.90578125 -202.55156250 -199.26000000
319 -201.49312500 -203.14625000 -199.84000000
320 -202.08046875 -203.74093750 -200.42000000
321 -202.66781250 -204.33562500 -201.00000000
322 -203.25515625 -204.93031250 -201.58000000
323 -203.84250000 -205.52500000 -202.16000000
324 -204.42984375 -206.11968750 -202.74000000
325 -205.01718750 -206.71437500 -203.32000000
326 -205.60453125 -207.30906250 -203.90000000
327 -206.19187500 -207.90375000 -204.48000000
328 -206.77921875 -208.49843750 -205.06000000
329 -207.36656250 -209.09312500 -205.64000000
330 -207.95390625 -209.68781250 -206.22000000
331 -208.54125000 -210.28250000 -206.80000000
332 -209.12859375 -210.87718750 -207.38000000
333 -209.71593750 -211.47187500 -207.96000000
334 -210.30328125 -212.06656250 -208.54000000
335 -210.89062500 -212.66125000 -209.12000000
336 -211.47796875 -213.25593750 -209.70000000
337 -212.06531250 -213.85062500 -210.28000000
338 -212.65265625 -214.44531250 -210.86000000
339 -213.24000000 -215.04000000 -211.44000000
340 -213.79396551 -215.59965517 -211.98827586
341 -214.34793103 -216.15931034 -212.53655172
342 -214.90189655 -216.71896551 -213.08482758
343 -215.45586206 -217.27862068 -213.63310344
344 -216.00982758 -217.83827586 -214.18137931
345 -216.56379310 -218.39793103 -214.72965517
346 -217.11775862 -218.95758620 -215.27793103
347 -217.67172413 -219.51724137 -215.82620689
348 -218.22568965 -220.07689655 -216.37448275
349 -218.77965517 -220.63655172 -216.92275862
350 -219.33362068 -221.19620689 -217.47103448
351 -219.88758620 -221.75586206 -218.01931034
352 -220.44155172 -222.31551724 -218.56758620
353 -220.99551724 -222.87517241 -219.11586206
354 -221.54948275 -223.43482758 -219.66413793
355 -222.10344827 -223.99448275 -220.21241379
356 -222.65741379 -224.55413793 -220.76068965
357 -223.21137931 -225.11379310 -221.30896551
358 -223.76534482 -225.67344827 -221.85724137
359 -224.31931034 -226.23310344 -222.40551724
360 -224.87327586 -226.79275862 -222.95379310
361 -225.42724137 -227.35241379 -223.50206896
362 -225.98120689 -227.91206896 -224.05034482
363 -226.53517241 -228.47172413 -224.59862068
364 -227.08913793 -229.03137931 -225.14689655
365 -227.64310344 -229.59103448 -225.69517241
366 -228.19706896 -230.15068965 -226.24344827
367 -228.75103448 -230.71034482 -226.79172413
368 -229.30500000 -231.27000000 -227.34000000
369 -229.81707608 -231.80918478 -227.82496739
370 -230.32915217 -232.34836956 -228.30993478
371 -230.84122826 -232.88755434 -228.79490217
372 -231.35330434 -233.42673913 -229.27986956
373 -231.86538043 -233.96592391 -229.76483695
374 -232.37745652 -234.50510869 -230.24980434
375 -232.88953260 -235.04429347 -230.73477173
376 -233.40160869 -235.58347826 -231.21973913
377 -233.91368478 -236.12266304 -231.70470652
378 -234.42576086 -236.66184782 -232.18967391
379 -234.93783695 -237.20103260 -232.67464130
380 -235.44991304 -237.74021739 -233.15960869
381 -235.96198913 -238.27940217 -233.64457608
382 -236.47406521 -238.81858695 -234.12954347
383 -236.98614130 -239.35777173 -234.61451086
384 -237.49821739 -239.89695652 -235.09947826
385 -238.01029347 -240.43614130 -235.58444565
386 -238.52236956 -240.97532608 -236.06941304
387 -239.03444565 -241.51451086 -236.55438043
388 -239.54652173 -242.05369565 -237.03934782
389 -240.05859782 -242.59288043 -237.52431521
390 -240.57067391 -243.13206521 -238.00928260
391 -241.08275000 -243.67125000 -238.49425000
392 -241.59482608 -244.21043478 -238.97921739
393 -242.10690217 -244.74961956 -239.46418478
394 -242.61897826 -245.28880434 -239.94915217
395 -243.13105434 -245.82798913 -240.43411956
396 -243.64313043 -246.36717391 -240.91908695
397 -244.15520652 -246.90635869 -241.40405434
398 -244.66728260 -247.44554347 -241.88902173
399 -245.17935869 -247.98472826 -242.37398913
400 -245.69143478 -248.52391304 -242.85895652
401 -246.20351086 -249.06309782 -243.34392391
402 -246.71558695 -249.60228260 -243.82889130
403 -247.22766304 -250.14146739 -244.31385869
404 -247.73973913 -250.68065217 -244.79882608
405 -248.25181521 -251.21983695 -245.28379347
406 -248.76389130 -251.75902173 -245.76876086
407 -249.27596739 -252.29820652 -246.25372826
408 -249.78804347 -252.83739130 -246.73869565
409 -250.30011956 -253.37657608 -247.22366304
410 -250.81219565 -253.91576086 -247.70863043
411 -251.32427173 -254.45494565 -248.19359782
412 -251.83634782 -254.99413043 -248.67856521
413 -252.34842391 -255.53331521 -249.16353260
414 -252.86050000 -256.07250000 -249.64850000
415 -253.37257608 -256.61168478 -250.13346739
416 -253.88465217 -257.15086956 -250.61843478
417 -254.39672826 -257.69005434 -251.10340217
418 -254.90880434 -258.22923913 -251.58836956
419 -255.42088043 -258.76842391 -252.07333695
420 -255.93295652 -259.30760869 -252.55830434
421 -256.44503260 -259.84679347 -253.04327173
422 -256.95710869 -260.38597826 -253.52823913
423 -257.46918478 -260.92516304 -254.01320652
424 -257.98126086 -261.46434782 -254.49817391
425 -258.49333695 -262.00353260 -254.98314130
426 -259.00541304 -262.54271739 -255.46810869
427 -259.51748913 -263.08190217 -255.95307608
428 -260.02956521 -263.62108695 -256.43804347
429 -260.54164130 -264.16027173 -256.92301086
430 -261.05371739 -264.69945652 -257.40797826
431 -261.56579347 -265.23864130 -257.89294565
432 -262.07786956 -265.77782608 -258.37791304
433 -262.58994565 -266.31701086 -258.86288043
434 -263.10202173 -266.85619565 -259.34784782
435 -263.61409782 -267.39538043 -259.83281521
436 -264.12617391 -267.93456521 -260.31778260
437 -264.63825000 -268.47375000 -260.80275000
438 -265.15032608 -269.01293478 -261.28771739
439 -265.66240217 -269.55211956 -261.77268478
440 -266.17447826 -270.09130434 -262.25765217
441 -266.68655434 -270.63048913 -262.74261956
442 -267.19863043 -271.16967391 -263.22758695
443 -267.71070652 -271.70885869 -263.71255434
444 -268.22278260 -272.24804347 -264.19752173
445 -268.73485869 -272.78722826 -264.68248913
446 -269.24693478 -273.32641304 -265.16745652
447 -269.75901086 -273.86559782 -265.65242391
448 -270.27108695 -274.40478260 -266.13739130
449 -270.78316304 -274.94396739 -266.62235869
450 -271.29523913 -275.48315217 -267.10732608
451 -271.80731521 -276.02233695 -267.59229347
452 -272.31939130 -276.56152173 -268.07726086
453 -272.83146739 -277.10070652 -268.56222826
454 -273.34354347 -277.63989130 -269.04719565
455 -273.85561956 -278.17907608 -269.53216304
456 -274.36769565 -278.71826086 -270.01713043
457 -274.87977173 -279.25744565 -270.50209782
458 -275.39184782 -279.79663043 -270.98706521
459 -275.90392391 -280.33581521 -271.47203260
460 -276.41600000 -280.87500000 -271.95700000
461 -276.87261956 -281.33994565 -272.40529347
462 -277.32923913 -281.80489130 -272.85358695
463 -277.78585869 -282.26983695 -273.30188043
464 -278.24247826 -282.73478260 -273.75017391
465 -278.69909782 -283.19972826 -274.19846739
466 -279.15571739 -283.66467391 -274.64676086
467 -279.61233695 -284.12961956 -275.09505434
468 -280.06895652 -284.59456521 -275.54334782
469 -280.52557608 -285.05951086 -275.99164130
470 -280.98219565 -285.52445652 -276.43993478
471 -281.43881521 -285.98940217 -276.88822826
472 -281.89543478 -286.45434782 -277.33652173
473 -282.35205434 -286.91929347 -277.78481521
474 -282.80867391 -287.38423913 -278.23310869
475 -283.26529347 -287.84918478 -278.68140217
476 -283.72191304 -288.31413043 -279.12969565
477 -284.17853260 -288.77907608 -279.57798913
478 -284.63515217 -289.24402173 -280.02628260
479 -285.09177173 -289.70896739 -280.47457608
480 -285.54839130 -290.17391304 -280.92286956
481 -286.00501086 -290.63885869 -281.37116304
482 -286.46163043 -291.10380434 -281.81945652
483 -286.91825000 -291.56875000 -282.26775000
484 -287.37486956 -292.03369565 -282.71604347
485 -287.83148913 -292.49864130 -283.16433695
486 -288.28810869 -292.96358695 -283.61263043
487 -288.74472826 -293.42853260 -284.06092391
488 -289.20134782 -293.89347826 -284.50921739
489 -289.65796739 -294.35842391 -284.95751086
490 -290.11458695 -294.82336956 -285.40580434
491 -290.57120652 -295.28831521 -285.85409782
492 -291.02782608 -295.75326086 -286.30239130
493 -291.48444565 -296.21820652 -286.75068478
494 -291.94106521 -296.68315217 -287.19897826
495 -292.39768478 -297.14809782 -287.64727173
496 -292.85430434 -297.61304347 -288.09556521
497 -293.31092391 -298.07798913 -288.54385869
498 -293.76754347 -298.54293478 -288.99215217
499 -294.22416304 -299.00788043 -289.44044565
500 -294.68078260 -299.47282608 -289.88873913
501 -295.13740217 -299.93777173 -290.33703260
502 -295.59402173 -300.40271739 -290.78532608
503 -296.05064130 -300.86766304 -291.23361956
504 -296.50726086 -301.33260869 -291.68191304
505 -296.96388043 -301.79755434 -292.13020652
506 -297.42050000 -302.26250000 -292.57850000
507 -297.87711956 -302.72744565 -293.02679347
508 -298.33373913 -303.19239130 -293.47508695
509 -298.79035869 -303.65733695 -293.92338043
510 -299.24697826 -304.12228260 -294.37167391
511 -299.70359782 -304.58722826 -294.81996739
512 -300.16021739 -305.05217391 -295.26826086
513 -300.61683695 -305.51711956 -295.71655434
514 -301.07345652 -305.98206521 -296.16484782
515 -301.53007608 -306.44701086 -296.61314130
516 -301.98669565 -306.91195652 -297.06143478
517 -302.44331521 -307.37690217 -297.50972826
518 -302.89993478 -307.84184782 -297.95802173
519 -303.35655434 -308.30679347 -298.40631521
520 -303.81317391 -308.77173913 -298.85460869
521 -304.26979347 -309.23668478 -299.30290217
522 -304.72641304 -309.70163043 -299.75119565
523 -305.18303260 -310.16657608 -300.19948913
524 -305.63965217 -310.63152173 -300.64778260
525 -306.09627173 -311.09646739 -301.09607608
526 -306.55289130 -311.56141304 -301.54436956
527 -307.00951086 -312.02635869 -301.99266304
528 -307.46613043 -312.49130434 -302.44095652
529 -307.92275000 -312.95625000 -302.88925000
530 -308.37936956 -313.42119565 -303.33754347
531 -308.83598913 -313.88614130 -303.78583695
532 -309.29260869 -314.35108695 -304.23413043
533 -309.74922826 -314.81603260 -304.68242391
534 -310.20584782 -315.28097826 -305.13071739
535 -310.66246739 -315.74592391 -305.57901086
536 -311.11908695 -316.21086956 -306.02730434
537 -311.57570652 -316.67581521 -306.47559782
538 -312.03232608 -317.14076086 -306.92389130
539 -312.48894565 -317.60570652 -307.37218478
540 -312.94556521 -318.07065217 -307.82047826
541 -313.40218478 -318.53559782 -308.26877173
542 -313.85880434 -319.00054347 -308.71706521
543 -314.31542391 -319.46548913 -309.16535869
544 -314.77204347 -319.93043478 -309.61365217
545 -315.22866304 -320.39538043 -310.06194565
546 -315.68528260 -320.86032608 -310.51023913
547 -316.14190217 -321.32527173 -310.95853260
548 -316.59852173 -321.79021739 -311.40682608
549 -317.05514130 -322.25516304 -311.85511956
550 -317.51176086 -322.72010869 -312.30341304
551 -317.96838043 -323.18505434 -312.75170652
552 -318.42500000 -323.65000000 -313.20000000
553 -318.82085714 -324.07092307 -313.57079120
554 -319.21671428 -324.49184615 -313.94158241
555 -319.61257142 -324.91276923 -314.31237362
556 -320.00842857 -325.33369230 -314.68316483
557 -320.40428571 -325.75461538 -315.05395604
558 -320.80014285 -326.17553846 -315.42474725
559 -321.19600000 -326.59646153 -315.79553846
560 -321.59185714 -327.01738461 -316.16632967
561 -321.98771428 -327.43830769 -316.53712087
562 -322.38357142 -327.85923076 -316.90791208
563 -322.77942857 -328.28015384 -317.27870329
564 -323.17528571 -328.70107692 -317.64949450
565 -323.57114285 -329.12200000 -318.02028571
566 -323.96700000 -329.54292307 -318.39107692
567 -324.36285714 -329.96384615 -318.76186813
568 -324.75871428 -330.38476923 -319.13265934
569 -325.15457142 -330.80569230 -319.50345054
570 -325.55042857 -331.22661538 -319.87424175
571 -325.94628571 -331.64753846 -320.24503296
572 -326.34214285 -332.06846153 -320.61582417
573 -326.73800000 -332.48938461 -320.98661538
574 -327.13385714 -332.91030769 -321.35740659
575 -327.52971428 -333.33123076 -321.72819780
576 -327.92557142 -333.75215384 -322.09898901
577 -328.32142857 -334.17307692 -322.46978021
578 -328.71728571 -334.59400000 -322.84057142
579 -329.11314285 -335.01492307 -323.21136263
580 -329.50900000 -335.43584615 -323.58215384
581 -329.90485714 -335.85676923 -323.95294505
582 -330.30071428 -336.27769230 -324.32373626
583 -330.69657142 -336.69861538 -324.69452747
584 -331.09242857 -337.11953846 -325.06531868
585 -331.48828571 -337.54046153 -325.43610989
586 -331.88414285 -337.96138461 -325.80690109
587 -332.28000000 -338.38230769 -326.17769230
588 -332.67585714 -338.80323076 -326.54848351
589 -333.07171428 -339.22415384 -326.91927472
590 -333.46757142 -339.64507692 -327.29006593
591 -333.86342857 -340.06600000 -327.66085714
592 -334.25928571 -340.48692307 -328.03164835
593 -334.65514285 -340.90784615 -328.40243956
594 -335.05100000 -341.32876923 -328.77323076
595 -335.44685714 -341.74969230 -329.14402197
596 -335.84271428 -342.17061538 -329.51481318
597 -336.23857142 -342.59153846 -329.88560439
598 -336.63442857 -343.01246153 -330.25639560
599 -337.03028571 -343.43338461 -330.62718681
600 -337.42614285 -343.85430769 -330.99797802
601 -337.82200000 -344.27523076 -331.36876923
602 -338.21785714 -344.69615384 -331.73956043
603 -338.61371428 -345.11707692 -332.11035164
604 -339.00957142 -345.53800000 -332.48114285
605 -339.40542857 -345.95892307 -332.85193406
606 -339.80128571 -346.37984615 -333.22272527
607 -340.19714285 -346.80076923 -333.59351648
608 -340.59300000 -347.22169230 -333.96430769
609 -340.98885714 -347.64261538 -334.33509890
610 -341.38471428 -348.06353846 -334.70589010
611 -341.78057142 -348.48446153 -335.07668131
612 -342.17642857 -348.90538461 -335.44747252
613 -342.57228571 -349.32630769 -335.81826373
614 -342.96814285 -349.74723076 -336.18905494
615 -343.36400000 -350.16815384 -336.55984615
616 -343.75985714 -350.58907692 -336.93063736
617 -344.15571428 -351.01000000 -337.30142857
618 -344.55157142 -351.43092307 -337.67221978
619 -344.94742857 -351.85184615 -338.04301098
620 -345.34328571 -352.27276923 -338.41380219
621 -345.73914285 -352.69369230 -338.78459340
622 -346.13500000 -353.11461538 -339.15538461
623 -346.53085714 -353.53553846 -339.52617582
624 -346.92671428 -353.95646153 -339.89696703
625 -347.32257142 -354.37738461 -340.26775824
626 -347.71842857 -354.79830769 -340.63854945
627 -348.11428571 -355.21923076 -341.00934065
628 -348.51014285 -355.64015384 -341.38013186
629 -348.90600000 -356.06107692 -341.75092307
630 -349.30185714 -356.48200000 -342.12171428
631 -349.69771428 -356.90292307 -342.49250549
632 -350.09357142 -357.32384615 -342.86329670
633 -350.48942857 -357.74476923 -343.23408791
634 -350.88528571 -358.16569230 -343.60487912
635 -351.28114285 -358.58661538 -343.97567032
636 -351.67700000 -359.00753846 -344.34646153
637 -352.07285714 -359.42846153 -344.71725274
638 -352.46871428 -359.84938461 -345.08804395
639 -352.86457142 -360.27030769 -345.45883516
640 -353.26042857 -360.69123076 -345.82962637
641 -353.65628571 -361.11215384 -346.20041758
642 -354.05214285 -361.53307692 -346.57120879
643 -354.44800000 -361.95400000 -346.94200000
644 -354.83076923 -362.36571428 -347.29582417
645 -355.21353846 -362.77742857 -347.64964835
646 -355.59630769 -363.18914285 -348.00347252
647 -355.97907692 -363.60085714 -348.35729670
648 -356.36184615 -364.01257142 -348.71112087
649 -356.74461538 -364.42428571 -349.06494505
650 -357.12738461 -364.83600000 -349.41876923
651 -357.51015384 -365.24771428 -349.77259340
652 -357.89292307 -365.65942857 -350.12641758
653 -358.27569230 -366.07114285 -350.48024175
654 -358.65846153 -366.48285714 -350.83406593
655 -359.04123076 -366.89457142 -351.18789010
656 -359.42400000 -367.30628571 -351.54171428
657 -359.80676923 -367.71800000 -351.89553846
658 -360.18953846 -368.12971428 -352.24936263
659 -360.57230769 -368.54142857 -352.60318681
660 -360.95507692 -368.95314285 -352.95701098
661 -361.33784615 -369.36485714 -353.31083516
662 -361.72061538 -369.77657142 -353.66465934
663 -362.10338461 -370.18828571 -354.01848351
664 -362.48615384 -370.60000000 -354.37230769
665 -362.86892307 -371.01171428 -354.72613186
666 -363.25169230 -371.42342857 -355.07995604
667 -363.63446153 -371.83514285 -355.43378021
668 -364.01723076 -372.24685714 -355.78760439
669 -364.40000000 -372.65857142 -356.14142857
670 -364.78276923 -373.07028571 -356.49525274
671 -365.16553846 -373.48200000 -356.84907692
672 -365.54830769 -373.89371428 -357.20290109
673 -365.93107692 -374.30542857 -357.55672527
674 -366.31384615 -374.71714285 -357.91054945
675 -366.69661538 -375.12885714 -358.26437362
676 -367.07938461 -375.54057142 -358.61819780
677 -367.46215384 -375.95228571 -358.97202197
678 -367.84492307 -376.36400000 -359.32584615
679 -368.22769230 -376.77571428 -359.67967032
680 -368.61046153 -377.18742857 -360.03349450
681 -368.99323076 -377.59914285 -360.38731868
682 -369.37600000 -378.01085714 -360.74114285
683 -369.75876923 -378.42257142 -361.09496703
684 -370.14153846 -378.83428571 -361.44879120
685 -370.52430769 -379.24600000 -361.80261538
686 -370.90707692 -379.65771428 -362.15643956
687 -371.28984615 -380.06942857 -362.51026373
688 -371.67261538 -380.48114285 -362.86408791
689 -372.05538461 -380.89285714 -363.21791208
690 -372.43815384 -381.30457142 -363.57173626
691 -372.82092307 -381.71628571 -363.92556043
692 -373.20369230 -382.12800000 -364.27938461
693 -373.58646153 -382.53971428 -364.63320879
694 -373.96923076 -382.95142857 -364.98703296
695 -374.35200000 -383.36314285 -365.34085714
696 -374.73476923 -383.77485714 -365.69468131
697 -375.11753846 -384.18657142 -366.04850549
698 -375.50030769 -384.59828571 -366.40232967
699 -375.88307692 -385.01000000 -366.75615384
700 -376.26584615 -385.42171428 -367.10997802
701 -376.64861538 -385.83342857 -367.46380219
702 -377.03138461 -386.24514285 -367.81762637
703 -377.41415384 -386.65685714 -368.17145054
704 -377.79692307 -387.06857142 -368.52527472
705 -378.17969230 -387.48028571 -368.87909890
706 -378.56246153 -387.89200000 -369.23292307
707 -378.94523076 -388.30371428 -369.58674725
708 -379.32800000 -388.71542857 -369.94057142
709 -379.71076923 -389.12714285 -370.29439560
710 -380.09353846 -389.53885714 -370.64821978
711 -380.47630769 -389.95057142 -371.00204395
712 -380.85907692 -390.36228571 -371.35586813
713 -381.24184615 -390.77400000 -371.70969230
714 -381.62461538 -391.18571428 -372.06351648
715 -382.00738461 -391.59742857 -372.41734065
716 -382.39015384 -392.00914285 -372.77116483
717 -382.77292307 -392.42085714 -373.12498901
718 -383.15569230 -392.83257142 -373.47881318
719 -383.53846153 -393.24428571 -373.83263736
720 -383.92123076 -393.65600000 -374.18646153
721 -384.30400000 -394.06771428 -374.54028571
722 -384.68676923 -394.47942857 -374.89410989
723 -385.06953846 -394.89114285 -375.24793406
724 -385.45230769 -395.30285714 -375.60175824
725 -385.83507692 -395.71457142 -375.95558241
726 -386.21784615 -396.12628571 -376.30940659
727 -386.60061538 -396.53800000 -376.66323076
728 -386.98338461 -396.94971428 -377.01705494
729 -387.36615384 -397.36142857 -377.37087912
730 -387.74892307 -397.77314285 -377.72470329
731 -388.13169230 -398.18485714 -378.07852747
732 -388.51446153 -398.59657142 -378.43235164
733 -388.89723076 -399.00828571 -378.78617582
734 -389.28000000 -399.42000000 -379.14000000
735 -389.61536986 -399.76427397 -379.46646575
736 -389.95073972 -400.10854794 -379.79293150
737 -390.28610958 -400.45282191 -380.11939726
738 -390.62147945 -400.79709589 -380.44586301
739 -390.95684931 -401.14136986 -380.77232876
740 -391.29221917 -401.48564383 -381.09879452
741 -391.62758904 -401.82991780 -381.42526027
742 -391.96295890 -402.17419178 -381.75172602
743 -392.29832876 -402.51846575 -382.07819178
744 -392.63369863 -402.86273972 -382.40465753
745 -392.96906849 -403.20701369 -382.73112328
746 -393.30443835 -403.55128767 -383.05758904
747 -393.63980821 -403.89556164 -383.38405479
748 -393.97517808 -404.23983561 -383.71052054
749 -394.31054794 -404.58410958 -384.03698630
750 -394.64591780 -404.92838356 -384.36345205
751 -394.98128767 -405.27265753 -384.68991780
752 -395.31665753 -405.61693150 -385.01638356
753 -395.65202739 -405.96120547 -385.34284931
754 -395.98739726 -406.30547945 -385.66931506
755 -396.32276712 -406.64975342 -385.99578082
756 -396.65813698 -406.99402739 -386.32224657
757 -396.99350684 -407.33830136 -386.64871232
758 -397.32887671 -407.68257534 -386.97517808
759 -397.66424657 -408.02684931 -387.30164383
760 -397.99961643 -408.37112328 -387.62810958
761 -398.33498630 -408.71539726 -387.95457534
762 -398.67035616 -409.05967123 -388.28104109
763 -399.00572602 -409.40394520 -388.60750684
764 -399.34109589 -409.74821917 -388.93397260
765 -399.67646575 -410.09249315 -389.26043835
766 -400.01183561 -410.43676712 -389.58690410
767 -400.34720547 -410.78104109 -389.91336986
768 -400.68257534 -411.12531506 -390.23983561
769 -401.01794520 -411.46958904 -390.56630136
770 -401.35331506 -411.81386301 -390.89276712
771 -401.68868493 -412.15813698 -391.21923287
772 -402.02405479 -412.50241095 -391.54569863
773 -402.35942465 -412.84668493 -391.87216438
774 -402.69479452 -413.19095890 -392.19863013
775 -403.03016438 -413.53523287 -392.52509589
776 -403.36553424 -413.87950684 -392.85156164
777 -403.70090410 -414.22378082 -393.17802739
778 -404.03627397 -414.56805479 -393.50449315
779 -404.37164383 -414.91232876 -393.83095890
780 -404.70701369 -415.25660273 -394.15742465
781 -405.04238356 -415.60087671 -394.48389041
782 -405.37775342 -415.94515068 -394.81035616
783 -405.71312328 -416.28942465 -395.13682191
784 -406.04849315 -416.63369863 -395.46328767
785 -406.38386301 -416.97797260 -395.78975342
786 -406.71923287 -417.32224657 -396.11621917
787 -407.05460273 -417.66652054 -396.44268493
788 -407.38997260 -418.01079452 -396.76915068
789 -407.72534246 -418.35506849 -397.09561643
790 -408.06071232 -418.69934246 -397.42208219
791 -408.39608219 -419.04361643 -397.74854794
792 -408.73145205 -419.38789041 -398.07501369
793 -409.06682191 -419.73216438 -398.40147945
794 -409.40219178 -420.07643835 -398.72794520
795 -409.73756164 -420.42071232 -399.05441095
796 -410.07293150 -420.76498630 -399.38087671
797 -410.40830136 -421.10926027 -399.70734246
798 -410.74367123 -421.45353424 -400.03380821
799 -411.07904109 -421.79780821 -400.36027397
800 -411.41441095 -422.14208219 -400.68673972
801 -411.74978082 -422.48635616 -401.01320547
802 -412.08515068 -422.83063013 -401.33967123
803 -412.42052054 -423.17490410 -401.66613698
804 -412.75589041 -423.51917808 -401.99260273
805 -413.09126027 -423.86345205 -402.31906849
806 -413.42663013 -424.20772602 -402.64553424
807 -413.76200000 -424.55200000 -402.97200000
808 -414.09736986 -424.89627397 -403.29846575
809 -414.43273972 -425.24054794 -403.62493150
810 -414.76810958 -425.58482191 -403.95139726
811 -415.10347945 -425.92909589 -404.27786301
812 -415.43884931 -426.27336986 -404.60432876
813 -415.77421917 -426.61764383 -404.93079452
814 -416.10958904 -426.96191780 -405.25726027
815 -416.44495890 -427.30619178 -405.58372602
816 -416.78032876 -427.65046575 -405.91019178
817 -417.11569863 -427.99473972 -406.23665753
818 -417.45106849 -428.33901369 -406.56312328
819 -417.78643835 -428.68328767 -406.88958904
820 -418.12180821 -429.02756164 -407.21605479
821 -418.45717808 -429.37183561 -407.54252054
822 -418.79254794 -429.71610958 -407.86898630
823 -419.12791780 -430.06038356 -408.19545205
824 -419.46328767 -430.40465753 -408.52191780
825 -419.79865753 -430.74893150 -408.84838356
826 -420.13402739 -431.09320547 -409.17484931
827 -420.46939726 -431.43747945 -409.50131506
828 -420.80476712 -431.78175342 -409.82778082
829 -421.14013698 -432.12602739 -410.15424657
830 -421.47550684 -432.47030136 -410.48071232
831 -421.81087671 -432.81457534 -410.80717808
832 -422.14624657 -433.15884931 -411.13364383
833 -422.48161643 -433.50312328 -411.46010958
834 -422.81698630 -433.84739726 -411.78657534
835 -423.15235616 -434.19167123 -412.11304109
836 -423.48772602 -434.53594520 -412.43950684
837 -423.82309589 -434.88021917 -412.76597260
838 -424.15846575 -435.22449315 -413.09243835
839 -424.49383561 -435.56876712 -413.41890410
840 -424.82920547 -435.91304109 -413.74536986
841 -425.16457534 -436.25731506 -414.07183561
842 -425.49994520 -436.60158904 -414.39830136
843 -425.83531506 -436.94586301 -414.72476712
844 -426.17068493 -437.29013698 -415.05123287
845 -426.50605479 -437.63441095 -415.37769863
846 -426.84142465 -437.97868493 -415.70416438
847 -427.17679452 -438.32295890 -416.03063013
848 -427.51216438 -438.66723287 -416.35709589
849 -427.84753424 -439.01150684 -416.68356164
850 -428.18290410 -439.35578082 -417.01002739
851 -428.51827397 -439.70005479 -417.33649315
852 -428.85364383 -440.04432876 -417.66295890
853 -429.18901369 -440.38860273 -417.98942465
854 -429.52438356 -440.73287671 -418.31589041
855 -429.85975342 -441.07715068 -418.64235616
856 -430.19512328 -441.42142465 -418.96882191
857 -430.53049315 -441.76569863 -419.29528767
858 -430.86586301 -442.10997260 -419.62175342
859 -431.20123287 -442.45424657 -419.94821917
860 -431.53660273 -442.79852054 -420.27468493
861 -431.87197260 -443.14279452 -420.60115068
862 -432.20734246 -443.48706849 -420.92761643
863 -432.54271232 -443.83134246 -421.25408219
864 -432.87808219 -444.17561643 -421.58054794
865 -433.21345205 -444.51989041 -421.90701369
866 -433.54882191 -444.86416438 -422.23347945
867 -433.88419178 -445.20843835 -422.55994520
868 -434.21956164 -445.55271232 -422.88641095
869 -434.55493150 -445.89698630 -423.21287671
870 -434.89030136 -446.24126027 -423.53934246
871 -435.22567123 -446.58553424 -423.86580821
872 -435.56104109 -446.92980821 -424.19227397
873 -435.89641095 -447.27408219 -424.51873972
874 -436.23178082 -447.61835616 -424.84520547
875 -436.56715068 -447.96263013 -425.17167123
876 -436.90252054 -448.30690410 -425.49813698
877 -437.23789041 -448.65117808 -425.82460273
878 -437.57326027 -448.99545205 -426.15106849
879 -437.90863013 -449.33972602 -426.47753424
880 -438.24400000 -449.68400000 -426.80400000
881 -438.57936986 -450.02827397 -427.13046575
882 -438.91473972 -450.37254794 -427.45693150
883 -439.25010958 -450.71682191 -427.78339726
884 -439.58547945 -451.06109589 -428.10986301
885 -439.92084931 -451.40536986 -428.43632876
886 -440.25621917 -451.74964383 -428.76279452
887 -440.59158904 -452.09391780 -429.08926027
888 -440.92695890 -452.43819178 -429.41572602
889 -441.26232876 -452.78246575 -429.74219178
890 -441.59769863 -453.12673972 -430.06865753
891 -441.93306849 -453.47101369 -430.39512328
892 -442.26843835 -453.81528767 -430.72158904
893 -442.60380821 -454.15956164 -431.04805479
894 -442.93917808 -454.50383561 -431.37452054
895 -443.27454794 -454.84810958 -431.70098630
896 -443.60991780 -455.19238356 -432.02745205
897 -443.94528767 -455.53665753 -432.35391780
898 -444.28065753 -455.88093150 -432.68038356
899 -444.61602739 -456.22520547 -433.00684931
900 -444.95139726 -456.56947945 -433.33331506
901 -445.28676712 -456.91375342 -433.65978082
902 -445.62213698 -457.25802739 -433.98624657
903 -445.95750684 -457.60230136 -434.31271232
904 -446.29287671 -457.94657534 -434.63917808
905 -446.62824657 -458.29084931 -434.96564383
906 -446.96361643 -458.63512328 -435.29210958
907 -447.29898630 -458.97939726 -435.61857534
908 -447.63435616 -459.32367123 -435.94504109
909 -447.96972602 -459.66794520 -436.27150684
910 -448.30509589 -460.01221917 -436.59797260
911 -448.64046575 -460.35649315 -436.92443835
912 -448.97583561 -460.70076712 -437.25090410
913 -449.31120547 -461.04504109 -437.57736986
914 -449.64657534 -461.38931506 -437.90383561
915 -449.98194520 -461.73358904 -438.23030136
916 -450.31731506 -462.07786301 -438.55676712
917 -450.65268493 -462.42213698 -438.88323287
918 -450.98805479 -462.76641095 -439.20969863
919 -451.32342465 -463.11068493 -439.53616438
920 -451.65879452 -463.45495890 -439.86263013
921 -451.99416438 -463.79923287 -440.18909589
922 -452.32953424 -464.14350684 -440.51556164
923 -452.66490410 -464.48778082 -440.84202739
924 -453.00027397 -464.83205479 -441.16849315
925 -453.33564383 -465.17632876 -441.49495890
926 -453.67101369 -465.52060273 -441.82142465
927 -454.00638356 -465.86487671 -442.14789041
928 -454.34175342 -466.20915068 -442.47435616
929 -454.67712328 -466.55342465 -442.80082191
930 -455.01249315 -466.89769863 -443.12728767
931 -455.34786301 -467.24197260 -443.45375342
932 -455.68323287 -467.58624657 -443.78021917
933 -456.01860273 -467.93052054 -444.10668493
934 -456.35397260 -468.27479452 -444.43315068
935 -456.68934246 -468.61906849 -444.75961643
936 -457.02471232 -468.96334246 -445.08608219
937 -457.36008219 -469.30761643 -445.41254794
938 -457.69545205 -469.65189041 -445.73901369
939 -458.03082191 -469.99616438 -446.06547945
940 -458.36619178 -470.34043835 -446.39194520
941 -458.70156164 -470.68471232 -446.71841095
942 -459.03693150 -471.02898630 -447.04487671
943 -459.37230136 -471.37326027 -447.37134246
944 -459.70767123 -471.71753424 -447.69780821
945 -460.04304109 -472.06180821 -448.02427397
946 -460.37841095 -472.40608219 -448.35073972
947 -460.71378082 -472.75035616 -448.67720547
948 -461.04915068 -473.09463013 -449.00367123
949 -461.38452054 -473.43890410 -449.33013698
950 -461.71989041 -473.78317808 -449.65660273
951 -462.05526027 -474.12745205 -449.98306849
952 -462.39063013 -474.47172602 -450.30953424
953 -462.72600000 -474.81600000 -450.63600000
954 -463.06136986 -475.16027397 -450.96246575
955 -463.39673972 -475.50454794 -451.28893150
956 -463.73210958 -475.84882191 -451.61539726
957 -464.06747945 -476.19309589 -451.94186301
958 -464.40284931 -476.53736986 -452.26832876
959 -464.73821917 -476.88164383 -452.59479452
960 -465.07358904 -477.22591780 -452.92126027
961 -465.40895890 -477.57019178 -453.24772602
962 -465.74432876 -477.91446575 -453.57419178
963 -466.07969863 -478.25873972 -453.90065753
964 -466.41506849 -478.60301369 -454.22712328
965 -466.75043835 -478.94728767 -454.55358904
966 -467.08580821 -479.29156164 -454.88005479
967 -467.42117808 -479.63583561 -455.20652054
968 -467.75654794 -479.98010958 -455.53298630
969 -468.09191780 -480.32438356 -455.85945205
970 -468.42728767 -480.66865753 -456.18591780
971 -468.76265753 -481.01293150 -456.51238356
972 -469.09802739 -481.35720547 -456.83884931
973 -469.43339726 -481.70147945 -457.16531506
974 -469.76876712 -482.04575342 -457.49178082
975 -470.10413698 -482.39002739 -457.81824657
976 -470.43950684 -482.73430136 -458.14471232
977 -470.77487671 -483.07857534 -458.47117808
978 -471.11024657 -483.42284931 -458.79764383
979 -471.44561643 -483.76712328 -459.12410958
980 -471.78098630 -484.11139726 -459.45057534
981 -472.11635616 -484.45567123 -459.77704109
982 -472.45172602 -484.79994520 -460.10350684
983 -472.78709589 -485.14421917 -460.42997260
984 -473.12246575 -485.48849315 -460.75643835
985 -473.45783561 -485.83276712 -461.08290410
986 -473.79320547 -486.17704109 -461.40936986
987 -474.12857534 -486.52131506 -461.73583561
988 -474.46394520 -486.86558904 -462.06230136
989 -474.79931506 -487.20986301 -462.38876712
990 -475.13468493 -487.55413698 -462.71523287
991 -475.47005479 -487.89841095 -463.04169863
992 -475.80542465 -488.24268493 -463.36816438
993 -476.14079452 -488.58695890 -463.69463013
994 -476.47616438 -488.93123287 -464.02109589
995 -476.81153424 -489.27550684 -464.34756164
996 -477.14690410 -489.61978082 -464.67402739
997 -477.48227397 -489.96405479 -465.00049315
998 -477.81764383 -490.30832876 -465.32695890
999 -478.15301369 -490.65260273 -465.65342465
1000 -478.48838356 -490.99687671 -465.97989041
1001 -478.82375342 -491.34115068 -466.30635616
1002 -479.15912328 -491.68542465 -466.63282191
1003 -479.49449315 -492.02969863 -466.95928767
1004 -479.82986301 -492.37397260 -467.28575342
1005 -480.16523287 -492.71824657 -467.61221917
1006 -480.50060273 -493.06252054 -467.93868493
1007 -480.83597260 -493.40679452 -468.26515068
1008 -481.17134246 -493.75106849 -468.59161643
1009 -481.50671232 -494.09534246 -468.91808219
1010 -481.84208219 -494.43961643 -469.24454794
1011 -482.17745205 -494.78389041 -469.57101369
1012 -482.51282191 -495.12816438 -469.89747945
1013 -482.84819178 -495.47243835 -470.22394520
1014 -483.18356164 -495.81671232 -470.55041095
1015 -483.51893150 -496.16098630 -470.87687671
1016 -483.85430136 -496.50526027 -471.20334246
1017 -484.18967123 -496.84953424 -471.52980821
1018 -484.52504109 -497.19380821 -471.85627397
1019 -484.86041095 -497.53808219 -472.18273972
1020 -485.19578082 -497.88235616 -472.50920547
1021 -485.53115068 -498.22663013 -472.83567123
1022 -485.86652054 -498.57090410 -473.16213698
1023 -486.20189041 -498.91517808 -473.48860273
1024 -486.53726027 -499.25945205 -473.81506849
1025 -486.87263013 -499.60372602 -474.14153424
1026 -487.20800000 -499.94800000 -474.46800000
1027 -487.54336986 -500.29227397 -474.79446575
1028 -487.87873972 -500.63654794 -475.12093150
1029 -488.21410958 -500.98082191 -475.44739726
1030 -488.54947945 -501.32509589 -475.77386301
1031 -488.88484931 -501.66936986 -476.10032876
1032 -489.22021917 -502.01364383 -476.42679452
1033 -489.55558904 -502.35791780 -476.75326027
1034 -489.89095890 -502.70219178 -477.07972602
1035 -490.22632876 -503.04646575 -477.40619178
1036 -490.56169863 -503.39073972 -477.73265753
1037 -490.89706849 -503.73501369 -478.05912328
1038 -491.23243835 -504.07928767 -478.38558904
1039 -491.56780821 -504.42356164 -478.71205479
1040 -491.90317808 -504.76783561 -479.03852054
1041 -492.23854794 -505.11210958 -479.36498630
1042 -492.57391780 -505.45638356 -479.69145205
1043 -492.90928767 -505.80065753 -480.01791780
1044 -493.24465753 -506.14493150 -480.34438356
1045 -493.58002739 -506.48920547 -480.67084931
1046 -493.91539726 -506.83347945 -480.99731506
1047 -494.25076712 -507.17775342 -481.32378082
1048 -494.58613698 -507.52202739 -481.65024657
1049 -494.92150684 -507.86630136 -481.97671232
1050 -495.25687671 -508.21057534 -482.30317808
1051 -495.59224657 -508.55484931 -482.62964383
1052 -495.92761643 -508.89912328 -482.95610958
1053 -496.26298630 -509.24339726 -483.28257534
1054 -496.59835616 -509.58767123 -483.60904109
1055 -496.93372602 -509.93194520 -483.93550684
1056 -497.26909589 -510.27621917 -484.26197260
1057 -497.60446575 -510.62049315 -484.58843835
1058 -497.93983561 -510.96476712 -484.91490410
1059 -498.27520547 -511.30904109 -485.24136986
1060 -498.61057534 -511.65331506 -485.56783561
1061 -498.94594520 -511.99758904 -485.89430136
1062 -499.28131506 -512.34186301 -486.22076712
1063 -499.61668493 -512.68613698 -486.54723287
1064 -499.95205479 -513.03041095 -486.87369863
1065 -500.28742465 -513.37468493 -487.20016438
1066 -500.62279452 -513.71895890 -487.52663013
1067 -500.95816438 -514.06323287 -487.85309589
1068 -501.29353424 -514.40750684 -488.17956164
1069 -501.62890410 -514.75178082 -488.50602739
1070 -501.96427397 -515.09605479 -488.83249315
1071 -502.29964383 -515.44032876 -489.15895890
1072 -502.63501369 -515.78460273 -489.48542465
1073 -502.97038356 -516.12887671 -489.81189041
1074 -503.30575342 -516.47315068 -490.13835616
1075 -503.64112328 -516.81742465 -490.46482191
1076 -503.97649315 -517.16169863 -490.79128767
1077 -504.31186301 -517.50597260 -491.11775342
1078 -504.64723287 -517.85024657 -491.44421917
1079 -504.98260273 -518.19452054 -491.77068493
1080 -505.31797260 -518.53879452 -492.09715068
1081 -505.65334246 -518.88306849 -492.42361643
1082 -505.98871232 -519.22734246 -492.75008219
1083 -506.32408219 -519.57161643 -493.07654794
1084 -506.65945205 -519.91589041 -493.40301369
1085 -506.99482191 -520.26016438 -493.72947945
1086 -507.33019178 -520.60443835 -494.05594520
1087 -507.66556164 -520.94871232 -494.38241095
1088 -508.00093150 -521.29298630 -494.70887671
1089 -508.33630136 -521.63726027 -495.03534246
1090 -508.67167123 -521.98153424 -495.36180821
1091 -509.00704109 -522.32580821 -495.68827397
1092 -509.34241095 -522.67008219 -496.01473972
1093 -509.67778082 -523.01435616 -496.34120547
1094 -510.01315068 -523.35863013 -496.66767123
1095 -510.34852054 -523.70290410 -496.99413698
1096 -510.68389041 -524.04717808 -497.32060273
1097 -511.01926027 -524.39145205 -497.64706849
1098 -511.35463013 -524.73572602 -497.97353424
1099 -511.69000000 -525.08000000 -498.30000000
1100 -511.99808038 -525.40703814 -498.58912261
1101 -512.30616076 -525.73407629 -498.87824523
1102 -512.61424114 -526.06111444 -499.16736784
1103 -512.92232152 -526.38815258 -499.45649046
1104 -513.23040190 -526.71519073 -499.74561307
1105 -513.53848228 -527.04222888 -500.03473569
1106 -513.84656267 -527.36926703 -500.32385831
1107 -514.15464305 -527.69630517 -500.61298092
1108 -514.46272343 -528.02334332 -500.90210354
1109 -514.77080381 -528.35038147 -501.19122615
1110 -515.07888419 -528.67741961 -501.48034877
1111 -515.38696457 -529.00445776 -501.76947138
1112 -515.69504495 -529.33149591 -502.05859400
1113 -516.00312534 -529.65853405 -502.34771662
1114 -516.31120572 -529.98557220 -502.63683923
1115 -516.61928610 -530.31261035 -502.92596185
1116 -516.92736648 -530.63964850 -503.21508446
1117 -517.23544686 -530.96668664 -503.50420708
1118 -517.54352724 -531.29372479 -503.79332970
1119 -517.85160762 -531.62076294 -504.08245231
1120 -518.15968801 -531.94780108 -504.37157493
1121 -518.46776839 -532.27483923 -504.66069754
1122 -518.77584877 -532.60187738 -504.94982016
1123 -519.08392915 -532.92891553 -505.23894277
1124 -519.39200953 -533.25595367 -505.52806539
1125 -519.70008991 -533.58299182 -505.81718801
1126 -520.00817029 -533.91002997 -506.10631062
1127 -520.31625068 -534.23706811 -506.39543324
1128 -520.62433106 -534.56410626 -506.68455585
1129 -520.93241144 -534.89114441 -506.97367847
1130 -521.24049182 -535.21818256 -507.26280108
1131 -521.54857220 -535.54522070 -507.55192370
1132 -521.85665258 -535.87225885 -507.84104632
1133 -522.16473297 -536.19929700 -508.13016893
1134 -522.47281335 -536.52633514 -508.41929155
1135 -522.78089373 -536.85337329 -508.70841416
1136 -523.08897411 -537.18041144 -508.99753678
1137 -523.39705449 -537.50744959 -509.28665940
1138 -523.70513487 -537.83448773 -509.57578201
1139 -524.01321525 -538.16152588 -509.86490463
1140 -524.32129564 -538.48856403 -510.15402724
1141 -524.62937602 -538.81560217 -510.44314986
1142 -524.93745640 -539.14264032 -510.73227247
1143 -525.24553678 -539.46967847 -511.02139509
1144 -525.55361716 -539.79671662 -511.31051771
1145 -525.86169754 -540.12375476 -511.59964032
1146 -526.16977792 -540.45079291 -511.88876294
1147 -526.47785831 -540.77783106 -512.17788555
1148 -526.78593869 -541.10486920 -512.46700817
1149 -527.09401907 -541.43190735 -512.75613079
1150 -527.40209945 -541.75894550 -513.04525340
1151 -527.71017983 -542.08598365 -513.33437602
1152 -528.01826021 -542.41302179 -513.62349863
1153 -528.32634059 -542.74005994 -513.91262125
1154 -528.63442098 -543.06709809 -514.20174386
1155 -528.94250136 -543.39413623 -514.49086648
1156 -529.25058174 -543.72117438 -514.77998910
1157 -529.55866212 -544.04821253 -515.06911171
1158 -529.86674250 -544.37525068 -515.35823433
1159 -530.17482288 -544.70228882 -515.64735694
1160 -530.48290326 -545.02932697 -515.93647956
1161 -530.79098365 -545.35636512 -516.22560217
1162 -531.09906403 -545.68340326 -516.51472479
1163 -531.40714441 -546.01044141 -516.80384741
1164 -531.71522479 -546.33747956 -517.09297002
1165 -532.02330517 -546.66451771 -517.38209264
1166 -532.33138555 -546.99155585 -517.67121525
1167 -532.63946594 -547.31859400 -517.96033787
1168 -532.94754632 -547.64563215 -518.24946049
1169 -533.25562670 -547.97267029 -518.53858310
1170 -533.56370708 -548.29970844 -518.82770572
1171 -533.87178746 -548.62674659 -519.11682833
1172 -534.17986784 -548.95378474 -519.40595095
1173 -534.48794822 -549.28082288 -519.69507356
1174 -534.79602861 -549.60786103 -519.98419618
1175 -535.10410899 -549.93489918 -520.27331880
1176 -535.41218937 -550.26193732 -520.56244141
1177 -535.72026975 -550.58897547 -520.85156403
1178 -536.02835013 -550.91601362 -521.14068664
1179 -536.33643051 -551.24305177 -521.42980926
1180 -536.64451089 -551.57008991 -521.71893188
1181 -536.95259128 -551.89712806 -522.00805449
1182 -537.26067166 -552.22416621 -522.29717711
1183 -537.56875204 -552.55120435 -522.58629972
1184 -537.87683242 -552.87824250 -522.87542234
1185 -538.18491280 -553.20528065 -523.16454495
1186 -538.49299318 -553.53231880 -523.45366757
1187 -538.80107356 -553.85935694 -523.74279019
1188 -539.10915395 -554.18639509 -524.03191280
1189 -539.41723433 -554.51343324 -524.32103542
1190 -539.72531471 -554.84047138 -524.61015803
1191 -540.03339509 -555.16750953 -524.89928065
1192 -540.34147547 -555.49454768 -525.18840326
1193 -540.64955585 -555.82158583 -525.47752588
1194 -540.95763623 -556.14862397 -525.76664850
1195 -541.26571662 -556.47566212 -526.05577111
1196 -541.57379700 -556.80270027 -526.34489373
1197 -541.88187738 -557.12973841 -526.63401634
1198 -542.18995776 -557.45677656 -526.92313896
1199 -542.49803814 -557.78381471 -527.21226158
1200 -542.80611852 -558.11085286 -527.50138419
1201 -543.11419891 -558.43789100 -527.79050681
1202 -543.42227929 -558.76492915 -528.07962942
1203 -543.73035967 -559.09196730 -528.36875204
1204 -544.03844005 -559.41900544 -528.65787465
1205 -544.34652043 -559.74604359 -528.94699727
1206 -544.65460081 -560.07308174 -529.23611989
1207 -544.96268119 -560.40011989 -529.52524250
1208 -545.27076158 -560.72715803 -529.81436512
1209 -545.57884196 -561.05419618 -530.10348773
1210 -545.88692234 -561.38123433 -530.39261035
1211 -546.19500272 -561.70827247 -530.68173297
1212 -546.50308310 -562.03531062 -530.97085558
1213 -546.81116348 -562.36234877 -531.25997820
1214 -547.11924386 -562.68938692 -531.54910081
1215 -547.42732425 -563.01642506 -531.83822343
1216 -547.73540463 -563.34346321 -532.12734604
1217 -548.04348501 -563.67050136 -532.41646866
1218 -548.35156539 -563.99753950 -532.70559128
1219 -548.65964577 -564.32457765 -532.99471389
1220 -548.96772615 -564.65161580 -533.28383651
1221 -549.27580653 -564.97865395 -533.57295912
1222 -549.58388692 -565.30569209 -533.86208174
1223 -549.89196730 -565.63273024 -534.15120435
1224 -550.20004768 -565.95976839 -534.44032697
1225 -550.50812806 -566.28680653 -534.72944959
1226 -550.81620844 -566.61384468 -535.01857220
1227 -551.12428882 -566.94088283 -535.30769482
1228 -551.43236920 -567.26792098 -535.59681743
1229 -551.74044959 -567.59495912 -535.88594005
1230 -552.04852997 -567.92199727 -536.17506267
1231 -552.35661035 -568.24903542 -536.46418528
1232 -552.66469073 -568.57607356 -536.75330790
1233 -552.97277111 -568.90311171 -537.04243051
1234 -553.28085149 -569.23014986 -537.33155313
1235 -553.58893188 -569.55718801 -537.62067574
1236 -553.89701226 -569.88422615 -537.90979836
1237 -554.20509264 -570.21126430 -538.19892098
1238 -554.51317302 -570.53830245 -538.48804359
1239 -554.82125340 -570.86534059 -538.77716621
1240 -555.12933378 -571.19237874 -539.06628882
1241 -555.43741416 -571.51941689 -539.35541144
1242 -555.74549455 -571.84645504 -539.64453405
1243 -556.05357493 -572.17349318 -539.93365667
1244 -556.36165531 -572.50053133 -540.22277929
1245 -556.66973569 -572.82756948 -540.51190190
1246 -556.97781607 -573.15460762 -540.80102452
1247 -557.28589645 -573.48164577 -541.09014713
1248 -557.59397683 -573.80868392 -541.37926975
1249 -557.90205722 -574.13572207 -541.66839237
1250 -558.21013760 -574.46276021 -541.95751498
1251 -558.51821798 -574.78979836 -542.24663760
1252 -558.82629836 -575.11683651 -542.53576021
1253 -559.13437874 -575.44387465 -542.82488283
1254 -559.44245912 -575.77091280 -543.11400544
1255 -559.75053950 -576.09795095 -543.40312806
1256 -560.05861989 -576.42498910 -543.69225068
1257 -560.36670027 -576.75202724 -543.98137329
1258 -560.67478065 -577.07906539 -544.27049591
1259 -560.98286103 -577.40610354 -544.55961852
1260 -561.29094141 -577.73314168 -544.84874114
1261 -561.59902179 -578.06017983 -545.13786376
1262 -561.90710217 -578.38721798 -545.42698637
1263 -562.21518256 -578.71425613 -545.71610899
1264 -562.52326294 -579.04129427 -546.00523160
1265 -562.83134332 -579.36833242 -546.29435422
1266 -563.13942370 -579.69537057 -546.58347683
1267 -563.44750408 -580.02240871 -546.87259945
1268 -563.75558446 -580.34944686 -547.16172207
1269 -564.06366485 -580.67648501 -547.45084468
1270 -564.37174523 -581.00352316 -547.73996730
1271 -564.67982561 -581.33056130 -548.02908991
1272 -564.98790599 -581.65759945 -548.31821253
1273 -565.29598637 -581.98463760 -548.60733514
1274 -565.60406675 -582.31167574 -548.89645776
1275 -565.91214713 -582.63871389 -549.18558038
1276 -566.22022752 -582.96575204 -549.47470299
1277 -566.52830790 -583.29279019 -549.76382561
1278 -566.83638828 -583.61982833 -550.05294822
1279 -567.14446866 -583.94686648 -550.34207084
1280 -567.45254904 -584.27390463 -550.63119346
1281 -567.76062942 -584.60094277 -550.92031607
1282 -568.06870980 -584.92798092 -551.20943869
1283 -568.37679019 -585.25501907 -551.49856130
1284 -568.68487057 -585.58205722 -551.78768392
1285 -568.99295095 -585.90909536 -552.07680653
1286 -569.30103133 -586.23613351 -552.36592915
1287 -569.60911171 -586.56317166 -552.65505177
1288 -569.91719209 -586.89020980 -552.94417438
1289 -570.22527247 -587.21724795 -553.23329700
1290 -570.53335286 -587.54428610 -553.52241961
1291 -570.84143324 -587.87132425 -553.81154223
1292 -571.14951362 -588.19836239 -554.10066485
1293 -571.45759400 -588.52540054 -554.38978746
1294 -571.76567438 -588.85243869 -554.67891008
1295 -572.07375476 -589.17947683 -554.96803269
1296 -572.38183514 -589.50651498 -555.25715531
1297 -572.68991553 -589.83355313 -555.54627792
1298 -572.99799591 -590.16059128 -555.83540054
1299 -573.30607629 -590.48762942 -556.12452316
1300 -573.61415667 -590.81466757 -556.41364577
1301 -573.92223705 -591.14170572 -556.70276839
1302 -574.23031743 -591.46874386 -556.99189100
1303 -574.53839782 -591.79578201 -557.28101362
1304 -574.84647820 -592.12282016 -557.57013623
1305 -575.15455858 -592.44985831 -557.85925885
1306 -575.46263896 -592.77689645 -558.14838147
1307 -575.77071934 -593.10393460 -558.43750408
1308 -576.07879972 -593.43097275 -558.72662670
1309 -576.38688010 -593.75801089 -559.01574931
1310 -576.69496049 -594.08504904 -559.30487193
1311 -577.00304087 -594.41208719 -559.59399455
1312 -577.31112125 -594.73912534 -559.88311716
1313 -577.61920163 -595.06616348 -560.17223978
1314 -577.92728201 -595.39320163 -560.46136239
1315 -578.23536239 -595.72023978 -560.75048501
1316 -578.54344277 -596.04727792 -561.03960762
1317 -578.85152316 -596.37431607 -561.32873024
1318 -579.15960354 -596.70135422 -561.61785286
1319 -579.46768392 -597.02839237 -561.90697547
1320 -579.77576430 -597.35543051 -562.19609809
1321 -580.08384468 -597.68246866 -562.48522070
1322 -580.39192506 -598.00950681 -562.77434332
1323 -580.70000544 -598.33654495 -563.06346594
1324 -581.00808583 -598.66358310 -563.35258855
1325 -581.31616621 -598.99062125 -563.64171117
1326 -581.62424659 -599.31765940 -563.93083378
1327 -581.93232697 -599.64469754 -564.21995640
1328 -582.24040735 -599.97173569 -564.50907901
1329 -582.54848773 -600.29877384 -564.79820163
1330 -582.85656811 -600.62581198 -565.08732425
1331 -583.16464850 -600.95285013 -565.37644686
1332 -583.47272888 -601.27988828 -565.66556948
1333 -583.78080926 -601.60692643 -565.95469209
1334 -584.08888964 -601.93396457 -566.24381471
1335 -584.39697002 -602.26100272 -566.53293732
1336 -584.70505040 -602.58804087 -566.82205994
1337 -585.01313079 -602.91507901 -567.11118256
1338 -585.32121117 -603.24211716 -567.40030517
1339 -585.62929155 -603.56915531 -567.68942779
1340 -585.93737193 -603.89619346 -567.97855040
1341 -586.24545231 -604.22323160 -568.26767302
1342 -586.55353269 -604.55026975 -568.55679564
1343 -586.86161307 -604.87730790 -568.84591825
1344 -587.16969346 -605.20434604 -569.13504087
1345 -587.47777384 -605.53138419 -569.42416348
1346 -587.78585422 -605.85842234 -569.71328610
1347 -588.09393460 -606.18546049 -570.00240871
1348 -588.40201498 -606.51249863 -570.29153133
1349 -588.71009536 -606.83953678 -570.58065395
1350 -589.01817574 -607.16657493 -570.86977656
1351 -589.32625613 -607.49361307 -571.15889918
1352 -589.63433651 -607.82065122 -571.44802179
1353 -589.94241689 -608.14768937 -571.73714441
1354 -590.25049727 -608.47472752 -572.02626703
1355 -590.55857765 -608.80176566 -572.31538964
1356 -590.86665803 -609.12880381 -572.60451226
1357 -591.17473841 -609.45584196 -572.89363487
1358 -591.48281880 -609.78288010 -573.18275749
1359 -591.79089918 -610.10991825 -573.47188010
1360 -592.09897956 -610.43695640 -573.76100272
1361 -592.40705994 -610.76399455 -574.05012534
1362 -592.71514032 -611.09103269 -574.33924795
1363 -593.02322070 -611.41807084 -574.62837057
1364 -593.33130108 -611.74510899 -574.91749318
1365 -593.63938147 -612.07214713 -575.20661580
1366 -593.94746185 -612.39918528 -575.49573841
1367 -594.25554223 -612.72622343 -575.78486103
1368 -594.56362261 -613.05326158 -576.07398365
1369 -594.87170299 -613.38029972 -576.36310626
1370 -595.17978337 -613.70733787 -576.65222888
1371 -595.48786376 -614.03437602 -576.94135149
1372 -595.79594414 -614.36141416 -577.23047411
1373 -596.10402452 -614.68845231 -577.51959673
1374 -596.41210490 -615.01549046 -577.80871934
1375 -596.72018528 -615.34252861 -578.09784196
1376 -597.02826566 -615.66956675 -578.38696457
1377 -597.33634604 -615.99660490 -578.67608719
1378 -597.64442643 -616.32364305 -578.96520980
1379 -597.95250681 -616.65068119 -579.25433242
1380 -598.26058719 -616.97771934 -579.54345504
1381 -598.56866757 -617.30475749 -579.83257765
1382 -598.87674795 -617.63179564 -580.12170027
1383 -599.18482833 -617.95883378 -580.41082288
1384 -599.49290871 -618.28587193 -580.69994550
1385 -599.80098910 -618.61291008 -580.98906811
1386 -600.10906948 -618.93994822 -581.27819073
1387 -600.41714986 -619.26698637 -581.56731335
1388 -600.72523024 -619.59402452 -581.85643596
1389 -601.03331062 -619.92106267 -582.14555858
1390 -601.34139100 -620.24810081 -582.43468119
1391 -601.64947138 -620.57513896 -582.72380381
1392 -601.95755177 -620.90217711 -583.01292643
1393 -602.26563215 -621.22921525 -583.30204904
1394 -602.57371253 -621.55625340 -583.59117166
1395 -602.88179291 -621.88329155 -583.88029427
1396 -603.18987329 -622.21032970 -584.16941689
1397 -603.49795367 -622.53736784 -584.45853950
1398 -603.80603405 -622.86440599 -584.74766212
1399 -604.11411444 -623.19144414 -585.03678474
1400 -604.42219482 -623.51848228 -585.32590735
1401 -604.73027520 -623.84552043 -585.61502997
1402 -605.03835558 -624.17255858 -585.90415258
1403 -605.34643596 -624.49959673 -586.19327520
1404 -605.65451634 -624.82663487 -586.48239782
1405 -605.96259673 -625.15367302 -586.77152043
1406 -606.27067711 -625.48071117 -587.06064305
1407 -606.57875749 -625.80774931 -587.34976566
1408 -606.88683787 -626.13478746 -587.63888828
1409 -607.19491825 -626.46182561 -587.92801089
1410 -607.50299863 -626.78886376 -588.21713351
1411 -607.81107901 -627.11590190 -588.50625613
1412 -608.11915940 -627.44294005 -588.79537874
1413 -608.42723978 -627.76997820 -589.08450136
1414 -608.73532016 -628.09701634 -589.37362397
1415 -609.04340054 -628.42405449 -589.66274659
1416 -609.35148092 -628.75109264 -589.95186920
1417 -609.65956130 -629.07813079 -590.24099182
1418 -609.96764168 -629.40516893 -590.53011444
1419 -610.27572207 -629.73220708 -590.81923705
1420 -610.58380245 -630.05924523 -591.10835967
1421 -610.89188283 -630.38628337 -591.39748228
1422 -611.19996321 -630.71332152 -591.68660490
1423 -611.50804359 -631.04035967 -591.97572752
1424 -611.81612397 -631.36739782 -592.26485013
1425 -612.12420435 -631.69443596 -592.55397275
1426 -612.43228474 -632.02147411 -592.84309536
1427 -612.74036512 -632.34851226 -593.13221798
1428 -613.04844550 -632.67555040 -593.42134059
1429 -613.35652588 -633.00258855 -593.71046321
1430 -613.66460626 -633.32962670 -593.99958583
1431 -613.97268664 -633.65666485 -594.28870844
1432 -614.28076703 -633.98370299 -594.57783106
1433 -614.58884741 -634.31074114 -594.86695367
1434 -614.89692779 -634.63777929 -595.15607629
1435 -615.20500817 -634.96481743 -595.44519891
1436 -615.51308855 -635.29185558 -595.73432152
1437 -615.82116893 -635.61889373 -596.02344414
1438 -616.12924931 -635.94593188 -596.31256675
1439 -616.43732970 -636.27297002 -596.60168937
1440 -616.74541008 -636.60000817 -596.89081198
1441 -617.05349046 -636.92704632 -597.17993460
1442 -617.36157084 -637.25408446 -597.46905722
1443 -617.66965122 -637.58112261 -597.75817983
1444 -617.97773160 -637.90816076 -598.04730245
1445 -618.28581198 -638.23519891 -598.33642506
1446 -618.59389237 -638.56223705 -598.62554768
1447 -618.90197275 -638.88927520 -598.91467029
1448 -619.21005313 -639.21631335 -599.20379291
1449 -619.51813351 -639.54335149 -599.49291553
1450 -619.82621389 -639.87038964 -599.78203814
1451 -620.13429427 -640.19742779 -600.07116076
1452 -620.44237465 -640.52446594 -600.36028337
1453 -620.75045504 -640.85150408 -600.64940599
1454 -621.05853542 -641.17854223 -600.93852861
1455 -621.36661580 -641.50558038 -601.22765122
1456 -621.67469618 -641.83261852 -601.51677384
1457 -621.98277656 -642.15965667 -601.80589645
1458 -622.29085694 -642.48669482 -602.09501907
1459 -622.59893732 -642.81373297 -602.38414168
1460 -622.90701771 -643.14077111 -602.67326430
1461 -623.21509809 -643.46780926 -602.96238692
1462 -623.52317847 -643.79484741 -603.25150953
1463 -623.83125885 -644.12188555 -603.54063215
1464 -624.13933923 -644.44892370 -603.82975476
1465 -624.44741961 -644.77596185 -604.11887738
1466 -624.75550000 -645.10300000 -604.40800000
1467 -625.06140796 -645.42435439 -604.69846153
1468 -625.36731593 -645.74570879 -604.98892307
1469 -625.67322390 -646.06706318 -605.27938461
1470 -625.97913186 -646.38841758 -605.56984615
1471 -626.28503983 -646.70977197 -605.86030769
1472 -626.59094780 -647.03112637 -606.15076923
1473 -626.89685576 -647.35248076 -606.44123076
1474 -627.20276373 -647.67383516 -606.73169230
1475 -627.50867170 -647.99518956 -607.02215384
1476 -627.81457967 -648.31654395 -607.31261538
1477 -628.12048763 -648.63789835 -607.60307692
1478 -628.42639560 -648.95925274 -607.89353846
1479 -628.73230357 -649.28060714 -608.18400000
1480 -629.03821153 -649.60196153 -608.47446153
1481 -629.34411950 -649.92331593 -608.76492307
1482 -629.65002747 -650.24467032 -609.05538461
1483 -629.95593543 -650.56602472 -609.34584615
1484 -630.26184340 -650.88737912 -609.63630769
1485 -630.56775137 -651.20873351 -609.92676923
1486 -630.87365934 -651.53008791 -610.21723076
1487 -631.17956730 -651.85144230 -610.50769230
1488 -631.48547527 -652.17279670 -610.79815384
1489 -631.79138324 -652.49415109 -611.08861538
1490 -632.09729120 -652.81550549 -611.37907692
1491 -632.40319917 -653.13685989 -611.66953846
1492 -632.70910714 -653.45821428 -611.96000000
1493 -633.01501510 -653.77956868 -612.25046153
1494 -633.32092307 -654.10092307 -612.54092307
1495 -633.62683104 -654.42227747 -612.83138461
1496 -633.93273901 -654.74363186 -613.12184615
1497 -634.23864697 -655.06498626 -613.41230769
1498 -634.54455494 -655.38634065 -613.70276923
1499 -634.85046291 -655.70769505 -613.99323076
1500 -635.15637087 -656.02904945 -614.28369230
1501 -635.46227884 -656.35040384 -614.57415384
1502 -635.76818681 -656.67175824 -614.86461538
1503 -636.07409478 -656.99311263 -615.15507692
1504 -636.38000274 -657.31446703 -615.44553846
1505 -636.68591071 -657.63582142 -615.73600000
1506 -636.99181868 -657.95717582 -616.02646153
1507 -637.29772664 -658.27853021 -616.31692307
1508 -637.60363461 -658.59988461 -616.60738461
1509 -637.90954258 -658.92123901 -616.89784615
1510 -638.21545054 -659.24259340 -617.18830769
1511 -638.52135851 -659.56394780 -617.47876923
1512 -638.82726648 -659.88530219 -617.76923076
1513 -639.13317445 -660.20665659 -618.05969230
1514 -639.43908241 -660.52801098 -618.35015384
1515 -639.74499038 -660.84936538 -618.64061538
1516 -640.05089835 -661.17071978 -618.93107692
1517 -640.35680631 -661.49207417 -619.22153846
1518 -640.66271428 -661.81342857 -619.51200000
1519 -640.96862225 -662.13478296 -619.80246153
1520 -641.27453021 -662.45613736 -620.09292307
1521 -641.58043818 -662.77749175 -620.38338461
1522 -641.88634615 -663.09884615 -620.67384615
1523 -642.19225412 -663.42020054 -620.96430769
1524 -642.49816208 -663.74155494 -621.25476923
1525 -642.80407005 -664.06290934 -621.54523076
1526 -643.10997802 -664.38426373 -621.83569230
1527 -643.41588598 -664.70561813 -622.12615384
1528 -643.72179395 -665.02697252 -622.41661538
1529 -644.02770192 -665.34832692 -622.70707692
1530 -644.33360989 -665.66968131 -622.99753846
1531 -644.63951785 -665.99103571 -623.28800000
1532 -644.94542582 -666.31239010 -623.57846153
1533 -645.25133379 -666.63374450 -623.86892307
1534 -645.55724175 -666.95509890 -624.15938461
1535 -645.86314972 -667.27645329 -624.44984615
1536 -646.16905769 -667.59780769 -624.74030769
1537 -646.47496565 -667.91916208 -625.03076923
1538 -646.78087362 -668.24051648 -625.32123076
1539 -647.08678159 -668.56187087 -625.61169230
1540 -647.39268956 -668.88322527 -625.90215384
1541 -647.69859752 -669.20457967 -626.19261538
1542 -648.00450549 -669.52593406 -626.48307692
1543 -648.31041346 -669.84728846 -626.77353846
1544 -648.61632142 -670.16864285 -627.06400000
1545 -648.92222939 -670.48999725 -627.35446153
1546 -649.22813736 -670.81135164 -627.64492307
1547 -649.53404532 -671.13270604 -627.93538461
1548 -649.83995329 -671.45406043 -628.22584615
1549 -650.14586126 -671.77541483 -628.51630769
1550 -650.45176923 -672.09676923 -628.80676923
1551 -650.75767719 -672.41812362 -629.09723076
1552 -651.06358516 -672.73947802 -629.38769230
1553 -651.36949313 -673.06083241 -629.67815384
1554 -651.67540109 -673.38218681 -629.96861538
1555 -651.98130906 -673.70354120 -630.25907692
1556 -652.28721703 -674.02489560 -630.54953846
1557 -652.59312500 -674.34625000 -630.84000000
1558 -652.89903296 -674.66760439 -631.13046153
1559 -653.20494093 -674.98895879 -631.42092307
1560 -653.51084890 -675.31031318 -631.71138461
1561 -653.81675686 -675.63166758 -632.00184615
1562 -654.12266483 -675.95302197 -632.29230769
1563 -654.42857280 -676.27437637 -632.58276923
1564 -654.73448076 -676.59573076 -632.87323076
1565 -655.04038873 -676.91708516 -633.16369230
1566 -655.34629670 -677.23843956 -633.45415384
1567 -655.65220467 -677.55979395 -633.74461538
1568 -655.95811263 -677.88114835 -634.03507692
1569 -656.26402060 -678.20250274 -634.32553846
1570 -656.56992857 -678.52385714 -634.61600000
1571 -656.87583653 -678.84521153 -634.90646153
1572 -657.18174450 -679.16656593 -635.19692307
1573 -657.48765247 -679.48792032 -635.48738461
1574 -657.79356043 -679.80927472 -635.77784615
1575 -658.09946840 -680.13062912 -636.06830769
1576 -658.40537637 -680.45198351 -636.35876923
1577 -658.71128434 -680.77333791 -636.64923076
1578 -659.01719230 -681.09469230 -636.93969230
1579 -659.32310027 -681.41604670 -637.23015384
1580 -659.62900824 -681.73740109 -637.52061538
1581 -659.93491620 -682.05875549 -637.81107692
1582 -660.24082417 -682.38010989 -638.10153846
1583 -660.54673214 -682.70146428 -638.39200000
1584 -660.85264010 -683.02281868 -638.68246153
1585 -661.15854807 -683.34417307 -638.97292307
1586 -661.46445604 -683.66552747 -639.26338461
1587 -661.77036401 -683.98688186 -639.55384615
1588 -662.07627197 -684.30823626 -639.84430769
1589 -662.38217994 -684.62959065 -640.13476923
1590 -662.68808791 -684.95094505 -640.42523076
1591 -662.99399587 -685.27229945 -640.71569230
1592 -663.29990384 -685.59365384 -641.00615384
1593 -663.60581181 -685.91500824 -641.29661538
1594 -663.91171978 -686.23636263 -641.58707692
1595 -664.21762774 -686.55771703 -641.87753846
1596 -664.52353571 -686.87907142 -642.16800000
1597 -664.82944368 -687.20042582 -642.45846153
1598 -665.13535164 -687.52178021 -642.74892307
1599 -665.44125961 -687.84313461 -643.03938461
1600 -665.74716758 -688.16448901 -643.32984615
1601 -666.05307554 -688.48584340 -643.62030769
1602 -666.35898351 -688.80719780 -643.91076923
1603 -666.66489148 -689.12855219 -644.20123076
1604 -666.97079945 -689.44990659 -644.49169230
1605 -667.27670741 -689.77126098 -644.78215384
1606 -667.58261538 -690.09261538 -645.07261538
1607 -667.88852335 -690.41396978 -645.36307692
1608 -668.19443131 -690.73532417 -645.65353846
1609 -668.50033928 -691.05667857 -645.94400000
1610 -668.80624725 -691.37803296 -646.23446153
1611 -669.11215521 -691.69938736 -646.52492307
1612 -669.41806318 -692.02074175 -646.81538461
1613 -669.72397115 -692.34209615 -647.10584615
1614 -670.02987912 -692.66345054 -647.39630769
1615 -670.33578708 -692.98480494 -647.68676923
1616 -670.64169505 -693.30615934 -647.97723076
1617 -670.94760302 -693.62751373 -648.26769230
1618 -671.25351098 -693.94886813 -648.55815384
1619 -671.55941895 -694.27022252 -648.84861538
1620 -671.86532692 -694.59157692 -649.13907692
1621 -672.17123489 -694.91293131 -649.42953846
1622 -672.47714285 -695.23428571 -649.72000000
1623 -672.78305082 -695.55564010 -650.01046153
1624 -673.08895879 -695.87699450 -650.30092307
1625 -673.39486675 -696.19834890 -650.59138461
1626 -673.70077472 -696.51970329 -650.88184615
1627 -674.00668269 -696.84105769 -651.17230769
1628 -674.31259065 -697.16241208 -651.46276923
1629 -674.61849862 -697.48376648 -651.75323076
1630 -674.92440659 -697.80512087 -652.04369230
1631 -675.23031456 -698.12647527 -652.33415384
1632 -675.53622252 -698.44782967 -652.62461538
1633 -675.84213049 -698.76918406 -652.91507692
1634 -676.14803846 -699.09053846 -653.20553846
1635 -676.45394642 -699.41189285 -653.49600000
1636 -676.75985439 -699.73324725 -653.78646153
1637 -677.06576236 -700.05460164 -654.07692307
1638 -677.37167032 -700.37595604 -654.36738461
1639 -677.67757829 -700.69731043 -654.65784615
1640 -677.98348626 -701.01866483 -654.94830769
1641 -678.28939423 -701.34001923 -655.23876923
1642 -678.59530219 -701.66137362 -655.52923076
1643 -678.90121016 -701.98272802 -655.81969230
1644 -679.20711813 -702.30408241 -656.11015384
1645 -679.51302609 -702.62543681 -656.40061538
1646 -679.81893406 -702.94679120 -656.69107692
1647 -680.12484203 -703.26814560 -656.98153846
1648 -680.43075000 -703.58950000 -657.27200000
1649 -680.73665796 -703.91085439 -657.56246153
1650 -681.04256593 -704.23220879 -657.85292307
1651 -681.34847390 -704.55356318 -658.14338461
1652 -681.65438186 -704.87491758 -658.43384615
1653 -681.96028983 -705.19627197 -658.72430769
1654 -682.26619780 -705.51762637 -659.01476923
1655 -682.57210576 -705.83898076 -659.30523076
1656 -682.87801373 -706.16033516 -659.59569230
1657 -683.18392170 -706.48168956 -659.88615384
1658 -683.48982967 -706.80304395 -660.17661538
1659 -683.79573763 -707.12439835 -660.46707692
1660 -684.10164560 -707.44575274 -660.75753846
1661 -684.40755357 -707.76710714 -661.04800000
1662 -684.71346153 -708.08846153 -661.33846153
1663 -685.01936950 -708.40981593 -661.62892307
1664 -685.32527747 -708.73117032 -661.91938461
1665 -685.63118543 -709.05252472 -662.20984615
1666 -685.93709340 -709.37387912 -662.50030769
1667 -686.24300137 -709.69523351 -662.79076923
1668 -686.54890934 -710.01658791 -663.08123076
1669 -686.85481730 -710.33794230 -663.37169230
1670 -687.16072527 -710.65929670 -663.66215384
1671 -687.46663324 -710.98065109 -663.95261538
1672 -687.77254120 -711.30200549 -664.24307692
1673 -688.07844917 -711.62335989 -664.53353846
1674 -688.38435714 -711.94471428 -664.82400000
1675 -688.69026510 -712.26606868 -665.11446153
1676 -688.99617307 -712.58742307 -665.40492307
1677 -689.30208104 -712.90877747 -665.69538461
1678 -689.60798901 -713.23013186 -665.98584615
1679 -689.91389697 -713.55148626 -666.27630769
1680 -690.21980494 -713.87284065 -666.56676923
1681 -690.52571291 -714.19419505 -666.85723076
1682 -690.83162087 -714.51554945 -667.14769230
1683 -691.13752884 -714.83690384 -667.43815384
1684 -691.44343681 -715.15825824 -667.72861538
1685 -691.74934478 -715.47961263 -668.01907692
1686 -692.05525274 -715.80096703 -668.30953846
1687 -692.36116071 -716.12232142 -668.60000000
1688 -692.66706868 -716.44367582 -668.89046153
1689 -692.97297664 -716.76503021 -669.18092307
1690 -693.27888461 -717.08638461 -669.47138461
1691 -693.58479258 -717.40773901 -669.76184615
1692 -693.89070054 -717.72909340 -670.05230769
1693 -694.19660851 -718.05044780 -670.34276923
1694 -694.50251648 -718.37180219 -670.63323076
1695 -694.80842445 -718.69315659 -670.92369230
1696 -695.11433241 -719.01451098 -671.21415384
1697 -695.42024038 -719.33586538 -671.50461538
1698 -695.72614835 -719.65721978 -671.79507692
1699 -696.03205631 -719.97857417 -672.08553846
1700 -696.33796428 -720.29992857 -672.37600000
1701 -696.64387225 -720.62128296 -672.66646153
1702 -696.94978021 -720.94263736 -672.95692307
1703 -697.25568818 -721.26399175 -673.24738461
1704 -697.56159615 -721.58534615 -673.53784615
1705 -697.86750412 -721.90670054 -673.82830769
1706 -698.17341208 -722.22805494 -674.11876923
1707 -698.47932005 -722.54940934 -674.40923076
1708 -698.78522802 -722.87076373 -674.69969230
1709 -699.09113598 -723.19211813 -674.99015384
1710 -699.39704395 -723.51347252 -675.28061538
1711 -699.70295192 -723.83482692 -675.57107692
1712 -700.00885989 -724.15618131 -675.86153846
1713 -700.31476785 -724.47753571 -676.15200000
1714 -700.62067582 -724.79889010 -676.44246153
1715 -700.92658379 -725.12024450 -676.73292307
1716 -701.23249175 -725.44159890 -677.02338461
1717 -701.53839972 -725.76295329 -677.31384615
1718 -701.84430769 -726.08430769 -677.60430769
1719 -702.15021565 -726.40566208 -677.89476923
1720 -702.45612362 -726.72701648 -678.18523076
1721 -702.76203159 -727.04837087 -678.47569230
1722 -703.06793956 -727.36972527 -678.76615384
1723 -703.37384752 -727.69107967 -679.05661538
1724 -703.67975549 -728.01243406 -679.34707692
1725 -703.98566346 -728.33378846 -679.63753846
1726 -704.29157142 -728.65514285 -679.92800000
1727 -704.59747939 -728.97649725 -680.21846153
1728 -704.90338736 -729.29785164 -680.50892307
1729 -705.20929532 -729.61920604 -680.79938461
1730 -705.51520329 -729.94056043 -681.08984615
1731 -705.82111126 -730.26191483 -681.38030769
1732 -706.12701923 -730.58326923 -681.67076923
1733 -706.43292719 -730.90462362 -681.96123076
1734 -706.73883516 -731.22597802 -682.25169230
1735 -707.04474313 -731.54733241 -682.54215384
1736 -707.35065109 -731.86868681 -682.83261538
1737 -707.65655906 -732.19004120 -683.12307692
1738 -707.96246703 -732.51139560 -683.41353846
1739 -708.26837500 -732.83275000 -683.70400000
1740 -708.57428296 -733.15410439 -683.99446153
1741 -708.88019093 -733.47545879 -684.28492307
1742 -709.18609890 -733.79681318 -684.57538461
1743 -709.49200686 -734.11816758 -684.86584615
1744 -709.79791483 -734.43952197 -685.15630769
1745 -710.10382280 -734.76087637 -685.44676923
1746 -710.40973076 -735.08223076 -685.73723076
1747 -710.71563873 -735.40358516 -686.02769230
1748 -711.02154670 -735.72493956 -686.31815384
1749 -711.32745467 -736.04629395 -686.60861538
1750 -711.63336263 -736.36764835 -686.89907692
1751 -711.93927060 -736.68900274 -687.18953846
1752 -712.24517857 -737.01035714 -687.48000000
1753 -712.55108653 -737.33171153 -687.77046153
1754 -712.85699450 -737.65306593 -688.06092307
1755 -713.16290247 -737.97442032 -688.35138461
1756 -713.46881043 -738.29577472 -688.64184615
1757 -713.77471840 -738.61712912 -688.93230769
1758 -714.08062637 -738.93848351 -689.22276923
1759 -714.38653434 -739.25983791 -689.51323076
1760 -714.69244230 -739.58119230 -689.80369230
1761 -714.99835027 -739.90254670 -690.09415384
1762 -715.30425824 -740.22390109 -690.38461538
1763 -715.61016620 -740.54525549 -690.67507692
1764 -715.91607417 -740.86660989 -690.96553846
1765 -716.22198214 -741.18796428 -691.25600000
1766 -716.52789010 -741.50931868 -691.54646153
1767 -716.83379807 -741.83067307 -691.83692307
1768 -717.13970604 -742.15202747 -692.12738461
1769 -717.44561401 -742.47338186 -692.41784615
1770 -717.75152197 -742.79473626 -692.70830769
1771 -718.05742994 -743.11609065 -692.99876923
1772 -718.36333791 -743.43744505 -693.28923076
1773 -718.66924587 -743.75879945 -693.57969230
1774 -718.97515384 -744.08015384 -693.87015384
1775 -719.28106181 -744.40150824 -694.16061538
1776 -719.58696978 -744.72286263 -694.45107692
1777 -719.89287774 -745.04421703 -694.74153846
1778 -720.19878571 -745.36557142 -695.03200000
1779 -720.50469368 -745.68692582 -695.32246153
1780 -720.81060164 -746.00828021 -695.61292307
1781 -721.11650961 -746.32963461 -695.90338461
1782 -721.42241758 -746.65098901 -696.19384615
1783 -721.72832554 -746.97234340 -696.48430769
1784 -722.03423351 -747.29369780 -696.77476923
1785 -722.34014148 -747.61505219 -697.06523076
1786 -722.64604945 -747.93640659 -697.35569230
1787 -722.95195741 -748.25776098 -697.64615384
1788 -723.25786538 -748.57911538 -697.93661538
1789 -723.56377335 -748.90046978 -698.22707692
1790 -723.86968131 -749.22182417 -698.51753846
1791 -724.17558928 -749.54317857 -698.80800000
1792 -724.48149725 -749.86453296 -699.09846153
1793 -724.78740521 -750.18588736 -699.38892307
1794 -725.09331318 -750.50724175 -699.67938461
1795 -725.39922115 -750.82859615 -699.96984615
1796 -725.70512912 -751.14995054 -700.26030769
1797 -726.01103708 -751.47130494 -700.55076923
1798 -726.31694505 -751.79265934 -700.84123076
1799 -726.62285302 -752.11401373 -701.13169230
1800 -726.92876098 -752.43536813 -701.42215384
1801 -727.23466895 -752.75672252 -701.71261538
1802 -727.54057692 -753.07807692 -702.00307692
1803 -727.84648489 -753.39943131 -702.29353846
1804 -728.15239285 -753.72078571 -702.58400000
1805 -728.45830082 -754.04214010 -702.87446153
1806 -728.76420879 -754.36349450 -703.16492307
1807 -729.07011675 -754.68484890 -703.45538461
1808 -729.37602472 -755.00620329 -703.74584615
1809 -729.68193269 -755.32755769 -704.03630769
1810 -729.98784065 -755.64891208 -704.32676923
1811 -730.29374862 -755.97026648 -704.61723076
1812 -730.59965659 -756.29162087 -704.90769230
1813 -730.90556456 -756.61297527 -705.19815384
1814 -731.21147252 -756.93432967 -705.48861538
1815 -731.51738049 -757.25568406 -705.77907692
1816 -731.82328846 -757.57703846 -706.06953846
1817 -732.12919642 -757.89839285 -706.36000000
1818 -732.43510439 -758.21974725 -706.65046153
1819 -732.74101236 -758.54110164 -706.94092307
1820 -733.04692032 -758.86245604 -707.23138461
1821 -733.35282829 -759.18381043 -707.52184615
1822 -733.65873626 -759.50516483 -707.81230769
1823 -733.96464423 -759.82651923 -708.10276923
1824 -734.27055219 -760.14787362 -708.39323076
1825 -734.57646016 -760.46922802 -708.68369230
1826 -734.88236813 -760.79058241 -708.97415384
1827 -735.18827609 -761.11193681 -709.26461538
1828 -735.49418406 -761.43329120 -709.55507692
1829 -735.80009203 -761.75464560 -709.84553846
1830 -736.10600000 -762.07600000 -710.13600000
