1 0.52683333 0.45400000 0.59966667
2 0.52683333 0.45400000 0.59966667
3 0.52683333 0.45400000 0.59966667
4 0.00000000 0.00000000 0.00000000
5 0.44900000 0.44300000 0.45500000
6 0.89666667 0.88750000 0.90583333
7 1.34433333 1.33200000 1.35666667
8 1.79200000 1.77650000 1.80750000
9 2.23966667 2.22100000 2.25833333
10 2.68733333 2.66550000 2.70916667
11 3.13500000 3.11000000 3.16000000
12 3.58714286 3.56000000 3.61428571
13 4.03928571 4.01000000 4.06857143
14 4.49142857 4.46000000 4.52285714
15 4.94357143 4.91000000 4.97714286
16 5.39571429 5.36000000 5.43142857
17 5.84785714 5.81000000 5.88571429
18 6.30000000 6.26000000 6.34000000
19 6.77857143 6.73857143 6.81857143
20 7.25714286 7.21714286 7.29714286
21 7.73571429 7.69571429 7.77571429
22 8.21428571 8.17428571 8.25428571
23 8.69285714 8.65285714 8.73285714
24 9.17142857 9.13142857 9.21142857
25 9.65000000 9.61000000 9.69000000
26 10.12300000 10.08100000 10.16500000
27 10.59600000 10.55200000 10.64000000
28 11.06900000 11.02300000 11.11500000
29 11.54200000 11.49400000 11.59000000
30 12.01500000 11.96500000 12.06500000
31 12.48800000 12.43600000 12.54000000
32 12.96100000 12.90700000 13.01500000
33 13.43400000 13.37800000 13.49000000
34 13.90700000 13.84900000 13.96500000
35 14.38000000 14.32000000 14.44000000
36 14.85629032 14.79387097 14.91870968
37 15.33258065 15.26774194 15.39741935
38 15.80887097 15.74161290 15.87612903
39 16.28516129 16.21548387 16.35483871
40 16.76145161 16.68935484 16.83354839
41 17.23774194 17.16322581 17.31225806
42 17.71403226 17.63709677 17.79096774
43 18.19032258 18.11096774 18.26967742
44 18.66661290 18.58483871 18.74838710
45 19.14290323 19.05870968 19.22709677
46 19.61919355 19.53258065 19.70580645
47 20.09548387 20.00645161 20.18451613
48 20.57177419 20.48032258 20.66322581
49 21.04806452 20.95419355 21.14193548
50 21.52435484 21.42806452 21.62064516
51 22.00064516 21.90193548 22.09935484
52 22.47693548 22.37580645 22.57806452
53 22.95322581 22.84967742 23.05677419
54 23.42951613 23.32354839 23.53548387
55 23.90580645 23.79741935 24.01419355
56 24.38209677 24.27129032 24.49290323
57 24.85838710 24.74516129 24.97161290
58 25.33467742 25.21903226 25.45032258
59 25.81096774 25.69290323 25.92903226
60 26.28725806 26.16677419 26.40774194
61 26.76354839 26.64064516 26.88645161
62 27.23983871 27.11451613 27.36516129
63 27.71612903 27.58838710 27.84387097
64 28.19241935 28.06225806 28.32258065
65 28.66870968 28.53612903 28.80129032
66 29.14500000 29.01000000 29.28000000
67 29.61000000 29.47133333 29.74866667
68 30.07500000 29.93266667 30.21733333
69 30.54000000 30.39400000 30.68600000
70 31.00500000 30.85533333 31.15466667
71 31.47000000 31.31666667 31.62333333
72 31.93500000 31.77800000 32.09200000
73 32.40000000 32.23933333 32.56066667
74 32.86500000 32.70066667 33.02933333
75 33.33000000 33.16200000 33.49800000
76 33.79500000 33.62333333 33.96666667
77 34.26000000 34.08466667 34.43533333
78 34.72500000 34.54600000 34.90400000
79 35.19000000 35.00733333 35.37266667
80 35.65500000 35.46866667 35.84133333
81 36.12000000 35.93000000 36.31000000
82 36.58500000 36.39133333 36.77866667
83 37.05000000 36.85266667 37.24733333
84 37.51500000 37.31400000 37.71600000
85 37.98000000 37.77533333 38.18466667
86 38.44500000 38.23666667 38.65333333
87 38.91000000 38.69800000 39.12200000
88 39.37500000 39.15933333 39.59066667
89 39.84000000 39.62066667 40.05933333
90 40.30500000 40.08200000 40.52800000
91 40.77000000 40.54333333 40.99666667
92 41.23500000 41.00466667 41.46533333
93 41.70000000 41.46600000 41.93400000
94 42.16500000 41.92733333 42.40266667
95 42.63000000 42.38866667 42.87133333
96 43.09500000 42.85000000 43.34000000
97 43.56500000 43.31757576 43.81242424
98 44.03500000 43.78515152 44.28484848
99 44.50500000 44.25272727 44.75727273
100 44.97500000 44.72030303 45.22969697
101 45.44500000 45.18787879 45.70212121
102 45.91500000 45.65545455 46.17454545
103 46.38500000 46.12303030 46.64696970
104 46.85500000 46.59060606 47.11939394
105 47.32500000 47.05818182 47.59181818
106 47.79500000 47.52575758 48.06424242
107 48.26500000 47.99333333 48.53666667
108 48.73500000 48.46090909 49.00909091
109 49.20500000 48.92848485 49.48151515
110 49.67500000 49.39606061 49.95393939
111 50.14500000 49.86363636 50.42636364
112 50.61500000 50.33121212 50.89878788
113 51.08500000 50.79878788 51.37121212
114 51.55500000 51.26636364 51.84363636
115 52.02500000 51.73393939 52.31606061
116 52.49500000 52.20151515 52.78848485
117 52.96500000 52.66909091 53.26090909
118 53.43500000 53.13666667 53.73333333
119 53.90500000 53.60424242 54.20575758
120 54.37500000 54.07181818 54.67818182
121 54.84500000 54.53939394 55.15060606
122 55.31500000 55.00696970 55.62303030
123 55.78500000 55.47454545 56.09545455
124 56.25500000 55.94212121 56.56787879
125 56.72500000 56.40969697 57.04030303
126 57.19500000 56.87727273 57.51272727
127 57.66500000 57.34484848 57.98515152
128 58.13500000 57.81242424 58.45757576
129 58.60500000 58.28000000 58.93000000
130 59.07428571 58.74714286 59.40142857
131 59.54357143 59.21428571 59.87285714
132 60.01285714 59.68142857 60.34428571
133 60.48214286 60.14857143 60.81571429
134 60.95142857 60.61571429 61.28714286
135 61.42071429 61.08285714 61.75857143
136 61.89000000 61.55000000 62.23000000
137 62.35928571 62.01714286 62.70142857
138 62.82857143 62.48428571 63.17285714
139 63.29785714 62.95142857 63.64428571
140 63.76714286 63.41857143 64.11571429
141 64.23642857 63.88571429 64.58714286
142 64.70571429 64.35285714 65.05857143
143 65.17500000 64.82000000 65.53000000
144 65.64428571 65.28714286 66.00142857
145 66.11357143 65.75428571 66.47285714
146 66.58285714 66.22142857 66.94428571
147 67.05214286 66.68857143 67.41571429
148 67.52142857 67.15571429 67.88714286
149 67.99071429 67.62285714 68.35857143
150 68.46000000 68.09000000 68.83000000
151 68.92928571 68.55714286 69.30142857
152 69.39857143 69.02428571 69.77285714
153 69.86785714 69.49142857 70.24428571
154 70.33714286 69.95857143 70.71571429
155 70.80642857 70.42571429 71.18714286
156 71.27571429 70.89285714 71.65857143
157 71.74500000 71.36000000 72.13000000
158 72.26919355 71.88032258 72.65806452
159 72.79338710 72.40064516 73.18612903
160 73.31758065 72.92096774 73.71419355
161 73.84177419 73.44129032 74.24225806
162 74.36596774 73.96161290 74.77032258
163 74.89016129 74.48193548 75.29838710
164 75.41435484 75.00225806 75.82645161
165 75.93854839 75.52258065 76.35451613
166 76.46274194 76.04290323 76.88258065
167 76.98693548 76.56322581 77.41064516
168 77.51112903 77.08354839 77.93870968
169 78.03532258 77.60387097 78.46677419
170 78.55951613 78.12419355 78.99483871
171 79.08370968 78.64451613 79.52290323
172 79.60790323 79.16483871 80.05096774
173 80.13209677 79.68516129 80.57903226
174 80.65629032 80.20548387 81.10709677
175 81.18048387 80.72580645 81.63516129
176 81.70467742 81.24612903 82.16322581
177 82.22887097 81.76645161 82.69129032
178 82.75306452 82.28677419 83.21935484
179 83.27725806 82.80709677 83.74741935
180 83.80145161 83.32741935 84.27548387
181 84.32564516 83.84774194 84.80354839
182 84.84983871 84.36806452 85.33161290
183 85.37403226 84.88838710 85.85967742
184 85.89822581 85.40870968 86.38774194
185 86.42241935 85.92903226 86.91580645
186 86.94661290 86.44935484 87.44387097
187 87.47080645 86.96967742 87.97193548
188 87.99500000 87.49000000 88.50000000
189 88.48560606 87.97939394 88.99181818
190 88.97621212 88.46878788 89.48363636
191 89.46681818 88.95818182 89.97545455
192 89.95742424 89.44757576 90.46727273
193 90.44803030 89.93696970 90.95909091
194 90.93863636 90.42636364 91.45090909
195 91.42924242 90.91575758 91.94272727
196 91.91984848 91.40515152 92.43454545
197 92.41045455 91.89454545 92.92636364
198 92.90106061 92.38393939 93.41818182
199 93.39166667 92.87333333 93.91000000
200 93.88227273 93.36272727 94.40181818
201 94.37287879 93.85212121 94.89363636
202 94.86348485 94.34151515 95.38545455
203 95.35409091 94.83090909 95.87727273
204 95.84469697 95.32030303 96.36909091
205 96.33530303 95.80969697 96.86090909
206 96.82590909 96.29909091 97.35272727
207 97.31651515 96.78848485 97.84454545
208 97.80712121 97.27787879 98.33636364
209 98.29772727 97.76727273 98.82818182
210 98.78833333 98.25666667 99.32000000
211 99.27893939 98.74606061 99.81181818
212 99.76954545 99.23545455 100.30363636
213 100.26015152 99.72484848 100.79545455
214 100.75075758 100.21424242 101.28727273
215 101.24136364 100.70363636 101.77909091
216 101.73196970 101.19303030 102.27090909
217 102.22257576 101.68242424 102.76272727
218 102.71318182 102.17181818 103.25454545
219 103.20378788 102.66121212 103.74636364
220 103.69439394 103.15060606 104.23818182
221 104.18500000 103.64000000 104.73000000
222 104.67537037 104.12740741 105.22333333
223 105.16574074 104.61481481 105.71666667
224 105.65611111 105.10222222 106.21000000
225 106.14648148 105.58962963 106.70333333
226 106.63685185 106.07703704 107.19666667
227 107.12722222 106.56444444 107.69000000
228 107.61759259 107.05185185 108.18333333
229 108.10796296 107.53925926 108.67666667
230 108.59833333 108.02666667 109.17000000
231 109.08870370 108.51407407 109.66333333
232 109.57907407 109.00148148 110.15666667
233 110.06944444 109.48888889 110.65000000
234 110.55981481 109.97629630 111.14333333
235 111.05018519 110.46370370 111.63666667
236 111.54055556 110.95111111 112.13000000
237 112.03092593 111.43851852 112.62333333
238 112.52129630 111.92592593 113.11666667
239 113.01166667 112.41333333 113.61000000
240 113.50203704 112.90074074 114.10333333
241 113.99240741 113.38814815 114.59666667
242 114.48277778 113.87555556 115.09000000
243 114.97314815 114.36296296 115.58333333
244 115.46351852 114.85037037 116.07666667
245 115.95388889 115.33777778 116.57000000
246 116.44425926 115.82518519 117.06333333
247 116.93462963 116.31259259 117.55666667
248 117.42500000 116.80000000 118.05000000
249 117.92350000 117.29466667 118.55233333
250 118.42200000 117.78933333 119.05466667
251 118.92050000 118.28400000 119.55700000
252 119.41900000 118.77866667 120.05933333
253 119.91750000 119.27333333 120.56166667
254 120.41600000 119.76800000 121.06400000
255 120.91450000 120.26266667 121.56633333
256 121.41300000 120.75733333 122.06866667
257 121.91150000 121.25200000 122.57100000
258 122.41000000 121.74666667 123.07333333
259 122.90850000 122.24133333 123.57566667
260 123.40700000 122.73600000 124.07800000
261 123.90550000 123.23066667 124.58033333
262 124.40400000 123.72533333 125.08266667
263 124.90250000 124.22000000 125.58500000
264 125.40100000 124.71466667 126.08733333
265 125.89950000 125.20933333 126.58966667
266 126.39800000 125.70400000 127.09200000
267 126.89650000 126.19866667 127.59433333
268 127.39500000 126.69333333 128.09666667
269 127.89350000 127.18800000 128.59900000
270 128.39200000 127.68266667 129.10133333
271 128.89050000 128.17733333 129.60366667
272 129.38900000 128.67200000 130.10600000
273 129.88750000 129.16666667 130.60833333
274 130.38600000 129.66133333 131.11066667
275 130.88450000 130.15600000 131.61300000
276 131.38300000 130.65066667 132.11533333
277 131.88150000 131.14533333 132.61766667
278 132.38000000 131.64000000 133.12000000
279 132.87233333 132.12966667 133.61500000
280 133.36466667 132.61933333 134.11000000
281 133.85700000 133.10900000 134.60500000
282 134.34933333 133.59866667 135.10000000
283 134.84166667 134.08833333 135.59500000
284 135.33400000 134.57800000 136.09000000
285 135.82633333 135.06766667 136.58500000
286 136.31866667 135.55733333 137.08000000
287 136.81100000 136.04700000 137.57500000
288 137.30333333 136.53666667 138.07000000
289 137.79566667 137.02633333 138.56500000
290 138.28800000 137.51600000 139.06000000
291 138.78033333 138.00566667 139.55500000
292 139.27266667 138.49533333 140.05000000
293 139.76500000 138.98500000 140.54500000
294 140.25733333 139.47466667 141.04000000
295 140.74966667 139.96433333 141.53500000
296 141.24200000 140.45400000 142.03000000
297 141.73433333 140.94366667 142.52500000
298 142.22666667 141.43333333 143.02000000
299 142.71900000 141.92300000 143.51500000
300 143.21133333 142.41266667 144.01000000
301 143.70366667 142.90233333 144.50500000
302 144.19600000 143.39200000 145.00000000
303 144.68833333 143.88166667 145.49500000
304 145.18066667 144.37133333 145.99000000
305 145.67300000 144.86100000 146.48500000
306 146.16533333 145.35066667 146.98000000
307 146.65766667 145.84033333 147.47500000
308 147.15000000 146.33000000 147.97000000
309 147.64790323 146.82612903 148.46967742
310 148.14580645 147.32225806 148.96935484
311 148.64370968 147.81838710 149.46903226
312 149.14161290 148.31451613 149.96870968
313 149.63951613 148.81064516 150.46838710
314 150.13741935 149.30677419 150.96806452
315 150.63532258 149.80290323 151.46774194
316 151.13322581 150.29903226 151.96741935
317 151.63112903 150.79516129 152.46709677
318 152.12903226 151.29129032 152.96677419
319 152.62693548 151.78741935 153.46645161
320 153.12483871 152.28354839 153.96612903
321 153.62274194 152.77967742 154.46580645
322 154.12064516 153.27580645 154.96548387
323 154.61854839 153.77193548 155.46516129
324 155.11645161 154.26806452 155.96483871
325 155.61435484 154.76419355 156.46451613
326 156.11225806 155.26032258 156.96419355
327 156.61016129 155.75645161 157.46387097
328 157.10806452 156.25258065 157.96354839
329 157.60596774 156.74870968 158.46322581
330 158.10387097 157.24483871 158.96290323
331 158.60177419 157.74096774 159.46258065
332 159.09967742 158.23709677 159.96225806
333 159.59758065 158.73322581 160.46193548
334 160.09548387 159.22935484 160.96161290
335 160.59338710 159.72548387 161.46129032
336 161.09129032 160.22161290 161.96096774
337 161.58919355 160.71774194 162.46064516
338 162.08709677 161.21387097 162.96032258
339 162.58500000 161.71000000 163.46000000
340 163.07900000 162.19700000 163.96100000
341 163.57300000 162.68400000 164.46200000
342 164.06700000 163.17100000 164.96300000
343 164.56100000 163.65800000 165.46400000
344 165.05500000 164.14500000 165.96500000
345 165.54900000 164.63200000 166.46600000
346 166.04300000 165.11900000 166.96700000
347 166.53700000 165.60600000 167.46800000
348 167.03100000 166.09300000 167.96900000
349 167.52500000 166.58000000 168.47000000
350 168.01900000 167.06700000 168.97100000
351 168.51300000 167.55400000 169.47200000
352 169.00700000 168.04100000 169.97300000
353 169.50100000 168.52800000 170.47400000
354 169.99500000 169.01500000 170.97500000
355 170.48900000 169.50200000 171.47600000
356 170.98300000 169.98900000 171.97700000
357 171.47700000 170.47600000 172.47800000
358 171.97100000 170.96300000 172.97900000
359 172.46500000 171.45000000 173.48000000
360 172.95900000 171.93700000 173.98100000
361 173.45300000 172.42400000 174.48200000
362 173.94700000 172.91100000 174.98300000
363 174.44100000 173.39800000 175.48400000
364 174.93500000 173.88500000 175.98500000
365 175.42900000 174.37200000 176.48600000
366 175.92300000 174.85900000 176.98700000
367 176.41700000 175.34600000 177.48800000
368 176.91100000 175.83300000 177.98900000
369 177.40500000 176.32000000 178.49000000
370 177.89016304 176.79978261 178.98054348
371 178.37532609 177.27956522 179.47108696
372 178.86048913 177.75934783 179.96163043
373 179.34565217 178.23913043 180.45217391
374 179.83081522 178.71891304 180.94271739
375 180.31597826 179.19869565 181.43326087
376 180.80114130 179.67847826 181.92380435
377 181.28630435 180.15826087 182.41434783
378 181.77146739 180.63804348 182.90489130
379 182.25663043 181.11782609 183.39543478
380 182.74179348 181.59760870 183.88597826
381 183.22695652 182.07739130 184.37652174
382 183.71211957 182.55717391 184.86706522
383 184.19728261 183.03695652 185.35760870
384 184.68244565 183.51673913 185.84815217
385 185.16760870 183.99652174 186.33869565
386 185.65277174 184.47630435 186.82923913
387 186.13793478 184.95608696 187.31978261
388 186.62309783 185.43586957 187.81032609
389 187.10826087 185.91565217 188.30086957
390 187.59342391 186.39543478 188.79141304
391 188.07858696 186.87521739 189.28195652
392 188.56375000 187.35500000 189.77250000
393 189.04891304 187.83478261 190.26304348
394 189.53407609 188.31456522 190.75358696
395 190.01923913 188.79434783 191.24413043
396 190.50440217 189.27413043 191.73467391
397 190.98956522 189.75391304 192.22521739
398 191.47472826 190.23369565 192.71576087
399 191.95989130 190.71347826 193.20630435
400 192.44505435 191.19326087 193.69684783
401 192.93021739 191.67304348 194.18739130
402 193.41538043 192.15282609 194.67793478
403 193.90054348 192.63260870 195.16847826
404 194.38570652 193.11239130 195.65902174
405 194.87086957 193.59217391 196.14956522
406 195.35603261 194.07195652 196.64010870
407 195.84119565 194.55173913 197.13065217
408 196.32635870 195.03152174 197.62119565
409 196.81152174 195.51130435 198.11173913
410 197.29668478 195.99108696 198.60228261
411 197.78184783 196.47086957 199.09282609
412 198.26701087 196.95065217 199.58336957
413 198.75217391 197.43043478 200.07391304
414 199.23733696 197.91021739 200.56445652
415 199.72250000 198.39000000 201.05500000
416 200.20766304 198.86978261 201.54554348
417 200.69282609 199.34956522 202.03608696
418 201.17798913 199.82934783 202.52663043
419 201.66315217 200.30913043 203.01717391
420 202.14831522 200.78891304 203.50771739
421 202.63347826 201.26869565 203.99826087
422 203.11864130 201.74847826 204.48880435
423 203.60380435 202.22826087 204.97934783
424 204.08896739 202.70804348 205.46989130
425 204.57413043 203.18782609 205.96043478
426 205.05929348 203.66760870 206.45097826
427 205.54445652 204.14739130 206.94152174
428 206.02961957 204.62717391 207.43206522
429 206.51478261 205.10695652 207.92260870
430 206.99994565 205.58673913 208.41315217
431 207.48510870 206.06652174 208.90369565
432 207.97027174 206.54630435 209.39423913
433 208.45543478 207.02608696 209.88478261
434 208.94059783 207.50586957 210.37532609
435 209.42576087 207.98565217 210.86586957
436 209.91092391 208.46543478 211.35641304
437 210.39608696 208.94521739 211.84695652
438 210.88125000 209.42500000 212.33750000
439 211.36641304 209.90478261 212.82804348
440 211.85157609 210.38456522 213.31858696
441 212.33673913 210.86434783 213.80913043
442 212.82190217 211.34413043 214.29967391
443 213.30706522 211.82391304 214.79021739
444 213.79222826 212.30369565 215.28076087
445 214.27739130 212.78347826 215.77130435
446 214.76255435 213.26326087 216.26184783
447 215.24771739 213.74304348 216.75239130
448 215.73288043 214.22282609 217.24293478
449 216.21804348 214.70260870 217.73347826
450 216.70320652 215.18239130 218.22402174
451 217.18836957 215.66217391 218.71456522
452 217.67353261 216.14195652 219.20510870
453 218.15869565 216.62173913 219.69565217
454 218.64385870 217.10152174 220.18619565
455 219.12902174 217.58130435 220.67673913
456 219.61418478 218.06108696 221.16728261
457 220.09934783 218.54086957 221.65782609
458 220.58451087 219.02065217 222.14836957
459 221.06967391 219.50043478 222.63891304
460 221.55483696 219.98021739 223.12945652
461 222.04000000 220.46000000 223.62000000
462 222.52168478 220.92978261 224.11358696
463 223.00336957 221.39956522 224.60717391
464 223.48505435 221.86934783 225.10076087
465 223.96673913 222.33913043 225.59434783
466 224.44842391 222.80891304 226.08793478
467 224.93010870 223.27869565 226.58152174
468 225.41179348 223.74847826 227.07510870
469 225.89347826 224.21826087 227.56869565
470 226.37516304 224.68804348 228.06228261
471 226.85684783 225.15782609 228.55586957
472 227.33853261 225.62760870 229.04945652
473 227.82021739 226.09739130 229.54304348
474 228.30190217 226.56717391 230.03663043
475 228.78358696 227.03695652 230.53021739
476 229.26527174 227.50673913 231.02380435
477 229.74695652 227.97652174 231.51739130
478 230.22864130 228.44630435 232.01097826
479 230.71032609 228.91608696 232.50456522
480 231.19201087 229.38586957 232.99815217
481 231.67369565 229.85565217 233.49173913
482 232.15538043 230.32543478 233.98532609
483 232.63706522 230.79521739 234.47891304
484 233.11875000 231.26500000 234.97250000
485 233.60043478 231.73478261 235.46608696
486 234.08211957 232.20456522 235.95967391
487 234.56380435 232.67434783 236.45326087
488 235.04548913 233.14413043 236.94684783
489 235.52717391 233.61391304 237.44043478
490 236.00885870 234.08369565 237.93402174
491 236.49054348 234.55347826 238.42760870
492 236.97222826 235.02326087 238.92119565
493 237.45391304 235.49304348 239.41478261
494 237.93559783 235.96282609 239.90836957
495 238.41728261 236.43260870 240.40195652
496 238.89896739 236.90239130 240.89554348
497 239.38065217 237.37217391 241.38913043
498 239.86233696 237.84195652 241.88271739
499 240.34402174 238.31173913 242.37630435
500 240.82570652 238.78152174 242.86989130
501 241.30739130 239.25130435 243.36347826
502 241.78907609 239.72108696 243.85706522
503 242.27076087 240.19086957 244.35065217
504 242.75244565 240.66065217 244.84423913
505 243.23413043 241.13043478 245.33782609
506 243.71581522 241.60021739 245.83141304
507 244.19750000 242.07000000 246.32500000
508 244.67918478 242.53978261 246.81858696
509 245.16086957 243.00956522 247.31217391
510 245.64255435 243.47934783 247.80576087
511 246.12423913 243.94913043 248.29934783
512 246.60592391 244.41891304 248.79293478
513 247.08760870 244.88869565 249.28652174
514 247.56929348 245.35847826 249.78010870
515 248.05097826 245.82826087 250.27369565
516 248.53266304 246.29804348 250.76728261
517 249.01434783 246.76782609 251.26086957
518 249.49603261 247.23760870 251.75445652
519 249.97771739 247.70739130 252.24804348
520 250.45940217 248.17717391 252.74163043
521 250.94108696 248.64695652 253.23521739
522 251.42277174 249.11673913 253.72880435
523 251.90445652 249.58652174 254.22239130
524 252.38614130 250.05630435 254.71597826
525 252.86782609 250.52608696 255.20956522
526 253.34951087 250.99586957 255.70315217
527 253.83119565 251.46565217 256.19673913
528 254.31288043 251.93543478 256.69032609
529 254.79456522 252.40521739 257.18391304
530 255.27625000 252.87500000 257.67750000
531 255.75793478 253.34478261 258.17108696
532 256.23961957 253.81456522 258.66467391
533 256.72130435 254.28434783 259.15826087
534 257.20298913 254.75413043 259.65184783
535 257.68467391 255.22391304 260.14543478
536 258.16635870 255.69369565 260.63902174
537 258.64804348 256.16347826 261.13260870
538 259.12972826 256.63326087 261.62619565
539 259.61141304 257.10304348 262.11978261
540 260.09309783 257.57282609 262.61336957
541 260.57478261 258.04260870 263.10695652
542 261.05646739 258.51239130 263.60054348
543 261.53815217 258.98217391 264.09413043
544 262.01983696 259.45195652 264.58771739
545 262.50152174 259.92173913 265.08130435
546 262.98320652 260.39152174 265.57489130
547 263.46489130 260.86130435 266.06847826
548 263.94657609 261.33108696 266.56206522
549 264.42826087 261.80086957 267.05565217
550 264.90994565 262.27065217 267.54923913
551 265.39163043 262.74043478 268.04282609
552 265.87331522 263.21021739 268.53641304
553 266.35500000 263.68000000 269.03000000
554 266.81605263 264.13663158 269.49547368
555 267.27710526 264.59326316 269.96094737
556 267.73815789 265.04989474 270.42642105
557 268.19921053 265.50652632 270.89189474
558 268.66026316 265.96315789 271.35736842
559 269.12131579 266.41978947 271.82284211
560 269.58236842 266.87642105 272.28831579
561 270.04342105 267.33305263 272.75378947
562 270.50447368 267.78968421 273.21926316
563 270.96552632 268.24631579 273.68473684
564 271.42657895 268.70294737 274.15021053
565 271.88763158 269.15957895 274.61568421
566 272.34868421 269.61621053 275.08115789
567 272.80973684 270.07284211 275.54663158
568 273.27078947 270.52947368 276.01210526
569 273.73184211 270.98610526 276.47757895
570 274.19289474 271.44273684 276.94305263
571 274.65394737 271.89936842 277.40852632
572 275.11500000 272.35600000 277.87400000
573 275.57605263 272.81263158 278.33947368
574 276.03710526 273.26926316 278.80494737
575 276.49815789 273.72589474 279.27042105
576 276.95921053 274.18252632 279.73589474
577 277.42026316 274.63915789 280.20136842
578 277.88131579 275.09578947 280.66684211
579 278.34236842 275.55242105 281.13231579
580 278.80342105 276.00905263 281.59778947
581 279.26447368 276.46568421 282.06326316
582 279.72552632 276.92231579 282.52873684
583 280.18657895 277.37894737 282.99421053
584 280.64763158 277.83557895 283.45968421
585 281.10868421 278.29221053 283.92515789
586 281.56973684 278.74884211 284.39063158
587 282.03078947 279.20547368 284.85610526
588 282.49184211 279.66210526 285.32157895
589 282.95289474 280.11873684 285.78705263
590 283.41394737 280.57536842 286.25252632
591 283.87500000 281.03200000 286.71800000
592 284.33605263 281.48863158 287.18347368
593 284.79710526 281.94526316 287.64894737
594 285.25815789 282.40189474 288.11442105
595 285.71921053 282.85852632 288.57989474
596 286.18026316 283.31515789 289.04536842
597 286.64131579 283.77178947 289.51084211
598 287.10236842 284.22842105 289.97631579
599 287.56342105 284.68505263 290.44178947
600 288.02447368 285.14168421 290.90726316
601 288.48552632 285.59831579 291.37273684
602 288.94657895 286.05494737 291.83821053
603 289.40763158 286.51157895 292.30368421
604 289.86868421 286.96821053 292.76915789
605 290.32973684 287.42484211 293.23463158
606 290.79078947 287.88147368 293.70010526
607 291.25184211 288.33810526 294.16557895
608 291.71289474 288.79473684 294.63105263
609 292.17394737 289.25136842 295.09652632
610 292.63500000 289.70800000 295.56200000
611 293.09605263 290.16463158 296.02747368
612 293.55710526 290.62126316 296.49294737
613 294.01815789 291.07789474 296.95842105
614 294.47921053 291.53452632 297.42389474
615 294.94026316 291.99115789 297.88936842
616 295.40131579 292.44778947 298.35484211
617 295.86236842 292.90442105 298.82031579
618 296.32342105 293.36105263 299.28578947
619 296.78447368 293.81768421 299.75126316
620 297.24552632 294.27431579 300.21673684
621 297.70657895 294.73094737 300.68221053
622 298.16763158 295.18757895 301.14768421
623 298.62868421 295.64421053 301.61315789
624 299.08973684 296.10084211 302.07863158
625 299.55078947 296.55747368 302.54410526
626 300.01184211 297.01410526 303.00957895
627 300.47289474 297.47073684 303.47505263
628 300.93394737 297.92736842 303.94052632
629 301.39500000 298.38400000 304.40600000
630 301.85605263 298.84063158 304.87147368
631 302.31710526 299.29726316 305.33694737
632 302.77815789 299.75389474 305.80242105
633 303.23921053 300.21052632 306.26789474
634 303.70026316 300.66715789 306.73336842
635 304.16131579 301.12378947 307.19884211
636 304.62236842 301.58042105 307.66431579
637 305.08342105 302.03705263 308.12978947
638 305.54447368 302.49368421 308.59526316
639 306.00552632 302.95031579 309.06073684
640 306.46657895 303.40694737 309.52621053
641 306.92763158 303.86357895 309.99168421
642 307.38868421 304.32021053 310.45715789
643 307.84973684 304.77684211 310.92263158
644 308.31078947 305.23347368 311.38810526
645 308.77184211 305.69010526 311.85357895
646 309.23289474 306.14673684 312.31905263
647 309.69394737 306.60336842 312.78452632
648 310.15500000 307.06000000 313.25000000
649 310.58977011 307.47620690 313.70333333
650 311.02454023 307.89241379 314.15666667
651 311.45931034 308.30862069 314.61000000
652 311.89408046 308.72482759 315.06333333
653 312.32885057 309.14103448 315.51666667
654 312.76362069 309.55724138 315.97000000
655 313.19839080 309.97344828 316.42333333
656 313.63316092 310.38965517 316.87666667
657 314.06793103 310.80586207 317.33000000
658 314.50270115 311.22206897 317.78333333
659 314.93747126 311.63827586 318.23666667
660 315.37224138 312.05448276 318.69000000
661 315.80701149 312.47068966 319.14333333
662 316.24178161 312.88689655 319.59666667
663 316.67655172 313.30310345 320.05000000
664 317.11132184 313.71931034 320.50333333
665 317.54609195 314.13551724 320.95666667
666 317.98086207 314.55172414 321.41000000
667 318.41563218 314.96793103 321.86333333
668 318.85040230 315.38413793 322.31666667
669 319.28517241 315.80034483 322.77000000
670 319.71994253 316.21655172 323.22333333
671 320.15471264 316.63275862 323.67666667
672 320.58948276 317.04896552 324.13000000
673 321.02425287 317.46517241 324.58333333
674 321.45902299 317.88137931 325.03666667
675 321.89379310 318.29758621 325.49000000
676 322.32856322 318.71379310 325.94333333
677 322.76333333 319.13000000 326.39666667
678 323.19810345 319.54620690 326.85000000
679 323.63287356 319.96241379 327.30333333
680 324.06764368 320.37862069 327.75666667
681 324.50241379 320.79482759 328.21000000
682 324.93718391 321.21103448 328.66333333
683 325.37195402 321.62724138 329.11666667
684 325.80672414 322.04344828 329.57000000
685 326.24149425 322.45965517 330.02333333
686 326.67626437 322.87586207 330.47666667
687 327.11103448 323.29206897 330.93000000
688 327.54580460 323.70827586 331.38333333
689 327.98057471 324.12448276 331.83666667
690 328.41534483 324.54068966 332.29000000
691 328.85011494 324.95689655 332.74333333
692 329.28488506 325.37310345 333.19666667
693 329.71965517 325.78931034 333.65000000
694 330.15442529 326.20551724 334.10333333
695 330.58919540 326.62172414 334.55666667
696 331.02396552 327.03793103 335.01000000
697 331.45873563 327.45413793 335.46333333
698 331.89350575 327.87034483 335.91666667
699 332.32827586 328.28655172 336.37000000
700 332.76304598 328.70275862 336.82333333
701 333.19781609 329.11896552 337.27666667
702 333.63258621 329.53517241 337.73000000
703 334.06735632 329.95137931 338.18333333
704 334.50212644 330.36758621 338.63666667
705 334.93689655 330.78379310 339.09000000
706 335.37166667 331.20000000 339.54333333
707 335.80643678 331.61620690 339.99666667
708 336.24120690 332.03241379 340.45000000
709 336.67597701 332.44862069 340.90333333
710 337.11074713 332.86482759 341.35666667
711 337.54551724 333.28103448 341.81000000
712 337.98028736 333.69724138 342.26333333
713 338.41505747 334.11344828 342.71666667
714 338.84982759 334.52965517 343.17000000
715 339.28459770 334.94586207 343.62333333
716 339.71936782 335.36206897 344.07666667
717 340.15413793 335.77827586 344.53000000
718 340.58890805 336.19448276 344.98333333
719 341.02367816 336.61068966 345.43666667
720 341.45844828 337.02689655 345.89000000
721 341.89321839 337.44310345 346.34333333
722 342.32798851 337.85931034 346.79666667
723 342.76275862 338.27551724 347.25000000
724 343.19752874 338.69172414 347.70333333
725 343.63229885 339.10793103 348.15666667
726 344.06706897 339.52413793 348.61000000
727 344.50183908 339.94034483 349.06333333
728 344.93660920 340.35655172 349.51666667
729 345.37137931 340.77275862 349.97000000
730 345.80614943 341.18896552 350.42333333
731 346.24091954 341.60517241 350.87666667
732 346.67568966 342.02137931 351.33000000
733 347.11045977 342.43758621 351.78333333
734 347.54522989 342.85379310 352.23666667
735 347.98000000 343.27000000 352.69000000
736 348.41587193 343.69940055 353.13234332
737 348.85174387 344.12880109 353.57468665
738 349.28761580 344.55820163 354.01702997
739 349.72348774 344.98760218 354.45937330
740 350.15935967 345.41700272 354.90171662
741 350.59523161 345.84640327 355.34405995
742 351.03110354 346.27580381 355.78640327
743 351.46697548 346.70520436 356.22874659
744 351.90284741 347.13460490 356.67108992
745 352.33871935 347.56400545 357.11343324
746 352.77459128 347.99340599 357.55577657
747 353.21046322 348.42280654 357.99811989
748 353.64633515 348.85220708 358.44046322
749 354.08220708 349.28160763 358.88280654
750 354.51807902 349.71100817 359.32514986
751 354.95395095 350.14040872 359.76749319
752 355.38982289 350.56980926 360.20983651
753 355.82569482 350.99920981 360.65217984
754 356.26156676 351.42861035 361.09452316
755 356.69743869 351.85801090 361.53686649
756 357.13331063 352.28741144 361.97920981
757 357.56918256 352.71681199 362.42155313
758 358.00505450 353.14621253 362.86389646
759 358.44092643 353.57561308 363.30623978
760 358.87679837 354.00501362 363.74858311
761 359.31267030 354.43441417 364.19092643
762 359.74854223 354.86381471 364.63326975
763 360.18441417 355.29321526 365.07561308
764 360.62028610 355.72261580 365.51795640
765 361.05615804 356.15201635 365.96029973
766 361.49202997 356.58141689 366.40264305
767 361.92790191 357.01081744 366.84498638
768 362.36377384 357.44021798 367.28732970
769 362.79964578 357.86961853 367.72967302
770 363.23551771 358.29901907 368.17201635
771 363.67138965 358.72841962 368.61435967
772 364.10726158 359.15782016 369.05670300
773 364.54313352 359.58722071 369.49904632
774 364.97900545 360.01662125 369.94138965
775 365.41487738 360.44602180 370.38373297
776 365.85074932 360.87542234 370.82607629
777 366.28662125 361.30482289 371.26841962
778 366.72249319 361.73422343 371.71076294
779 367.15836512 362.16362398 372.15310627
780 367.59423706 362.59302452 372.59544959
781 368.03010899 363.02242507 373.03779292
782 368.46598093 363.45182561 373.48013624
783 368.90185286 363.88122616 373.92247956
784 369.33772480 364.31062670 374.36482289
785 369.77359673 364.74002725 374.80716621
786 370.20946866 365.16942779 375.24950954
787 370.64534060 365.59882834 375.69185286
788 371.08121253 366.02822888 376.13419619
789 371.51708447 366.45762943 376.57653951
790 371.95295640 366.88702997 377.01888283
791 372.38882834 367.31643052 377.46122616
792 372.82470027 367.74583106 377.90356948
793 373.26057221 368.17523161 378.34591281
794 373.69644414 368.60463215 378.78825613
795 374.13231608 369.03403270 379.23059946
796 374.56818801 369.46343324 379.67294278
797 375.00405995 369.89283379 380.11528610
798 375.43993188 370.32223433 380.55762943
799 375.87580381 370.75163488 380.99997275
800 376.31167575 371.18103542 381.44231608
801 376.74754768 371.61043597 381.88465940
802 377.18341962 372.03983651 382.32700272
803 377.61929155 372.46923706 382.76934605
804 378.05516349 372.89863760 383.21168937
805 378.49103542 373.32803815 383.65403270
806 378.92690736 373.75743869 384.09637602
807 379.36277929 374.18683924 384.53871935
808 379.79865123 374.61623978 384.98106267
809 380.23452316 375.04564033 385.42340599
810 380.67039510 375.47504087 385.86574932
811 381.10626703 375.90444142 386.30809264
812 381.54213896 376.33384196 386.75043597
813 381.97801090 376.76324251 387.19277929
814 382.41388283 377.19264305 387.63512262
815 382.84975477 377.62204360 388.07746594
816 383.28562670 378.05144414 388.51980926
817 383.72149864 378.48084469 388.96215259
818 384.15737057 378.91024523 389.40449591
819 384.59324251 379.33964578 389.84683924
820 385.02911444 379.76904632 390.28918256
821 385.46498638 380.19844687 390.73152589
822 385.90085831 380.62784741 391.17386921
823 386.33673025 381.05724796 391.61621253
824 386.77260218 381.48664850 392.05855586
825 387.20847411 381.91604905 392.50089918
826 387.64434605 382.34544959 392.94324251
827 388.08021798 382.77485014 393.38558583
828 388.51608992 383.20425068 393.82792916
829 388.95196185 383.63365123 394.27027248
830 389.38783379 384.06305177 394.71261580
831 389.82370572 384.49245232 395.15495913
832 390.25957766 384.92185286 395.59730245
833 390.69544959 385.35125341 396.03964578
834 391.13132153 385.78065395 396.48198910
835 391.56719346 386.21005450 396.92433243
836 392.00306540 386.63945504 397.36667575
837 392.43893733 387.06885559 397.80901907
838 392.87480926 387.49825613 398.25136240
839 393.31068120 387.92765668 398.69370572
840 393.74655313 388.35705722 399.13604905
841 394.18242507 388.78645777 399.57839237
842 394.61829700 389.21585831 400.02073569
843 395.05416894 389.64525886 400.46307902
844 395.49004087 390.07465940 400.90542234
845 395.92591281 390.50405995 401.34776567
846 396.36178474 390.93346049 401.79010899
847 396.79765668 391.36286104 402.23245232
848 397.23352861 391.79226158 402.67479564
849 397.66940055 392.22166213 403.11713896
850 398.10527248 392.65106267 403.55948229
851 398.54114441 393.08046322 404.00182561
852 398.97701635 393.50986376 404.44416894
853 399.41288828 393.93926431 404.88651226
854 399.84876022 394.36866485 405.32885559
855 400.28463215 394.79806540 405.77119891
856 400.72050409 395.22746594 406.21354223
857 401.15637602 395.65686649 406.65588556
858 401.59224796 396.08626703 407.09822888
859 402.02811989 396.51566757 407.54057221
860 402.46399183 396.94506812 407.98291553
861 402.89986376 397.37446866 408.42525886
862 403.33573569 397.80386921 408.86760218
863 403.77160763 398.23326975 409.30994550
864 404.20747956 398.66267030 409.75228883
865 404.64335150 399.09207084 410.19463215
866 405.07922343 399.52147139 410.63697548
867 405.51509537 399.95087193 411.07931880
868 405.95096730 400.38027248 411.52166213
869 406.38683924 400.80967302 411.96400545
870 406.82271117 401.23907357 412.40634877
871 407.25858311 401.66847411 412.84869210
872 407.69445504 402.09787466 413.29103542
873 408.13032698 402.52727520 413.73337875
874 408.56619891 402.95667575 414.17572207
875 409.00207084 403.38607629 414.61806540
876 409.43794278 403.81547684 415.06040872
877 409.87381471 404.24487738 415.50275204
878 410.30968665 404.67427793 415.94509537
879 410.74555858 405.10367847 416.38743869
880 411.18143052 405.53307902 416.82978202
881 411.61730245 405.96247956 417.27212534
882 412.05317439 406.39188011 417.71446866
883 412.48904632 406.82128065 418.15681199
884 412.92491826 407.25068120 418.59915531
885 413.36079019 407.68008174 419.04149864
886 413.79666213 408.10948229 419.48384196
887 414.23253406 408.53888283 419.92618529
888 414.66840599 408.96828338 420.36852861
889 415.10427793 409.39768392 420.81087193
890 415.54014986 409.82708447 421.25321526
891 415.97602180 410.25648501 421.69555858
892 416.41189373 410.68588556 422.13790191
893 416.84776567 411.11528610 422.58024523
894 417.28363760 411.54468665 423.02258856
895 417.71950954 411.97408719 423.46493188
896 418.15538147 412.40348774 423.90727520
897 418.59125341 412.83288828 424.34961853
898 419.02712534 413.26228883 424.79196185
899 419.46299728 413.69168937 425.23430518
900 419.89886921 414.12108992 425.67664850
901 420.33474114 414.55049046 426.11899183
902 420.77061308 414.97989101 426.56133515
903 421.20648501 415.40929155 427.00367847
904 421.64235695 415.83869210 427.44602180
905 422.07822888 416.26809264 427.88836512
906 422.51410082 416.69749319 428.33070845
907 422.94997275 417.12689373 428.77305177
908 423.38584469 417.55629428 429.21539510
909 423.82171662 417.98569482 429.65773842
910 424.25758856 418.41509537 430.10008174
911 424.69346049 418.84449591 430.54242507
912 425.12933243 419.27389646 430.98476839
913 425.56520436 419.70329700 431.42711172
914 426.00107629 420.13269755 431.86945504
915 426.43694823 420.56209809 432.31179837
916 426.87282016 420.99149864 432.75414169
917 427.30869210 421.42089918 433.19648501
918 427.74456403 421.85029973 433.63882834
919 428.18043597 422.27970027 434.08117166
920 428.61630790 422.70910082 434.52351499
921 429.05217984 423.13850136 434.96585831
922 429.48805177 423.56790191 435.40820163
923 429.92392371 423.99730245 435.85054496
924 430.35979564 424.42670300 436.29288828
925 430.79566757 424.85610354 436.73523161
926 431.23153951 425.28550409 437.17757493
927 431.66741144 425.71490463 437.61991826
928 432.10328338 426.14430518 438.06226158
929 432.53915531 426.57370572 438.50460490
930 432.97502725 427.00310627 438.94694823
931 433.41089918 427.43250681 439.38929155
932 433.84677112 427.86190736 439.83163488
933 434.28264305 428.29130790 440.27397820
934 434.71851499 428.72070845 440.71632153
935 435.15438692 429.15010899 441.15866485
936 435.59025886 429.57950954 441.60100817
937 436.02613079 430.00891008 442.04335150
938 436.46200272 430.43831063 442.48569482
939 436.89787466 430.86771117 442.92803815
940 437.33374659 431.29711172 443.37038147
941 437.76961853 431.72651226 443.81272480
942 438.20549046 432.15591281 444.25506812
943 438.64136240 432.58531335 444.69741144
944 439.07723433 433.01471390 445.13975477
945 439.51310627 433.44411444 445.58209809
946 439.94897820 433.87351499 446.02444142
947 440.38485014 434.30291553 446.46678474
948 440.82072207 434.73231608 446.90912807
949 441.25659401 435.16171662 447.35147139
950 441.69246594 435.59111717 447.79381471
951 442.12833787 436.02051771 448.23615804
952 442.56420981 436.44991826 448.67850136
953 443.00008174 436.87931880 449.12084469
954 443.43595368 437.30871935 449.56318801
955 443.87182561 437.73811989 450.00553134
956 444.30769755 438.16752044 450.44787466
957 444.74356948 438.59692098 450.89021798
958 445.17944142 439.02632153 451.33256131
959 445.61531335 439.45572207 451.77490463
960 446.05118529 439.88512262 452.21724796
961 446.48705722 440.31452316 452.65959128
962 446.92292916 440.74392371 453.10193460
963 447.35880109 441.17332425 453.54427793
964 447.79467302 441.60272480 453.98662125
965 448.23054496 442.03212534 454.42896458
966 448.66641689 442.46152589 454.87130790
967 449.10228883 442.89092643 455.31365123
968 449.53816076 443.32032698 455.75599455
969 449.97403270 443.74972752 456.19833787
970 450.40990463 444.17912807 456.64068120
971 450.84577657 444.60852861 457.08302452
972 451.28164850 445.03792916 457.52536785
973 451.71752044 445.46732970 457.96771117
974 452.15339237 445.89673025 458.41005450
975 452.58926431 446.32613079 458.85239782
976 453.02513624 446.75553134 459.29474114
977 453.46100817 447.18493188 459.73708447
978 453.89688011 447.61433243 460.17942779
979 454.33275204 448.04373297 460.62177112
980 454.76862398 448.47313352 461.06411444
981 455.20449591 448.90253406 461.50645777
982 455.64036785 449.33193460 461.94880109
983 456.07623978 449.76133515 462.39114441
984 456.51211172 450.19073569 462.83348774
985 456.94798365 450.62013624 463.27583106
986 457.38385559 451.04953678 463.71817439
987 457.81972752 451.47893733 464.16051771
988 458.25559946 451.90833787 464.60286104
989 458.69147139 452.33773842 465.04520436
990 459.12734332 452.76713896 465.48754768
991 459.56321526 453.19653951 465.92989101
992 459.99908719 453.62594005 466.37223433
993 460.43495913 454.05534060 466.81457766
994 460.87083106 454.48474114 467.25692098
995 461.30670300 454.91414169 467.69926431
996 461.74257493 455.34354223 468.14160763
997 462.17844687 455.77294278 468.58395095
998 462.61431880 456.20234332 469.02629428
999 463.05019074 456.63174387 469.46863760
1000 463.48606267 457.06114441 469.91098093
1001 463.92193460 457.49054496 470.35332425
1002 464.35780654 457.91994550 470.79566757
1003 464.79367847 458.34934605 471.23801090
1004 465.22955041 458.77874659 471.68035422
1005 465.66542234 459.20814714 472.12269755
1006 466.10129428 459.63754768 472.56504087
1007 466.53716621 460.06694823 473.00738420
1008 466.97303815 460.49634877 473.44972752
1009 467.40891008 460.92574932 473.89207084
1010 467.84478202 461.35514986 474.33441417
1011 468.28065395 461.78455041 474.77675749
1012 468.71652589 462.21395095 475.21910082
1013 469.15239782 462.64335150 475.66144414
1014 469.58826975 463.07275204 476.10378747
1015 470.02414169 463.50215259 476.54613079
1016 470.46001362 463.93155313 476.98847411
1017 470.89588556 464.36095368 477.43081744
1018 471.33175749 464.79035422 477.87316076
1019 471.76762943 465.21975477 478.31550409
1020 472.20350136 465.64915531 478.75784741
1021 472.63937330 466.07855586 479.20019074
1022 473.07524523 466.50795640 479.64253406
1023 473.51111717 466.93735695 480.08487738
1024 473.94698910 467.36675749 480.52722071
1025 474.38286104 467.79615804 480.96956403
1026 474.81873297 468.22555858 481.41190736
1027 475.25460490 468.65495913 481.85425068
1028 475.69047684 469.08435967 482.29659401
1029 476.12634877 469.51376022 482.73893733
1030 476.56222071 469.94316076 483.18128065
1031 476.99809264 470.37256131 483.62362398
1032 477.43396458 470.80196185 484.06596730
1033 477.86983651 471.23136240 484.50831063
1034 478.30570845 471.66076294 484.95065395
1035 478.74158038 472.09016349 485.39299728
1036 479.17745232 472.51956403 485.83534060
1037 479.61332425 472.94896458 486.27768392
1038 480.04919619 473.37836512 486.72002725
1039 480.48506812 473.80776567 487.16237057
1040 480.92094005 474.23716621 487.60471390
1041 481.35681199 474.66656676 488.04705722
1042 481.79268392 475.09596730 488.48940055
1043 482.22855586 475.52536785 488.93174387
1044 482.66442779 475.95476839 489.37408719
1045 483.10029973 476.38416894 489.81643052
1046 483.53617166 476.81356948 490.25877384
1047 483.97204360 477.24297003 490.70111717
1048 484.40791553 477.67237057 491.14346049
1049 484.84378747 478.10177112 491.58580381
1050 485.27965940 478.53117166 492.02814714
1051 485.71553134 478.96057221 492.47049046
1052 486.15140327 479.38997275 492.91283379
1053 486.58727520 479.81937330 493.35517711
1054 487.02314714 480.24877384 493.79752044
1055 487.45901907 480.67817439 494.23986376
1056 487.89489101 481.10757493 494.68220708
1057 488.33076294 481.53697548 495.12455041
1058 488.76663488 481.96637602 495.56689373
1059 489.20250681 482.39577657 496.00923706
1060 489.63837875 482.82517711 496.45158038
1061 490.07425068 483.25457766 496.89392371
1062 490.51012262 483.68397820 497.33626703
1063 490.94599455 484.11337875 497.77861035
1064 491.38186649 484.54277929 498.22095368
1065 491.81773842 484.97217984 498.66329700
1066 492.25361035 485.40158038 499.10564033
1067 492.68948229 485.83098093 499.54798365
1068 493.12535422 486.26038147 499.99032698
1069 493.56122616 486.68978202 500.43267030
1070 493.99709809 487.11918256 500.87501362
1071 494.43297003 487.54858311 501.31735695
1072 494.86884196 487.97798365 501.75970027
1073 495.30471390 488.40738420 502.20204360
1074 495.74058583 488.83678474 502.64438692
1075 496.17645777 489.26618529 503.08673025
1076 496.61232970 489.69558583 503.52907357
1077 497.04820163 490.12498638 503.97141689
1078 497.48407357 490.55438692 504.41376022
1079 497.91994550 490.98378747 504.85610354
1080 498.35581744 491.41318801 505.29844687
1081 498.79168937 491.84258856 505.74079019
1082 499.22756131 492.27198910 506.18313352
1083 499.66343324 492.70138965 506.62547684
1084 500.09930518 493.13079019 507.06782016
1085 500.53517711 493.56019074 507.51016349
1086 500.97104905 493.98959128 507.95250681
1087 501.40692098 494.41899183 508.39485014
1088 501.84279292 494.84839237 508.83719346
1089 502.27866485 495.27779292 509.27953678
1090 502.71453678 495.70719346 509.72188011
1091 503.15040872 496.13659401 510.16422343
1092 503.58628065 496.56599455 510.60656676
1093 504.02215259 496.99539510 511.04891008
1094 504.45802452 497.42479564 511.49125341
1095 504.89389646 497.85419619 511.93359673
1096 505.32976839 498.28359673 512.37594005
1097 505.76564033 498.71299728 512.81828338
1098 506.20151226 499.14239782 513.26062670
1099 506.63738420 499.57179837 513.70297003
1100 507.07325613 500.00119891 514.14531335
1101 507.50912807 500.43059946 514.58765668
1102 507.94500000 500.86000000 515.03000000
1103 508.36262363 501.27708791 515.44815934
1104 508.78024725 501.69417582 515.86631868
1105 509.19787088 502.11126374 516.28447802
1106 509.61549451 502.52835165 516.70263736
1107 510.03311813 502.94543956 517.12079670
1108 510.45074176 503.36252747 517.53895604
1109 510.86836538 503.77961538 517.95711538
1110 511.28598901 504.19670330 518.37527473
1111 511.70361264 504.61379121 518.79343407
1112 512.12123626 505.03087912 519.21159341
1113 512.53885989 505.44796703 519.62975275
1114 512.95648352 505.86505495 520.04791209
1115 513.37410714 506.28214286 520.46607143
1116 513.79173077 506.69923077 520.88423077
1117 514.20935440 507.11631868 521.30239011
1118 514.62697802 507.53340659 521.72054945
1119 515.04460165 507.95049451 522.13870879
1120 515.46222527 508.36758242 522.55686813
1121 515.87984890 508.78467033 522.97502747
1122 516.29747253 509.20175824 523.39318681
1123 516.71509615 509.61884615 523.81134615
1124 517.13271978 510.03593407 524.22950549
1125 517.55034341 510.45302198 524.64766484
1126 517.96796703 510.87010989 525.06582418
1127 518.38559066 511.28719780 525.48398352
1128 518.80321429 511.70428571 525.90214286
1129 519.22083791 512.12137363 526.32030220
1130 519.63846154 512.53846154 526.73846154
1131 520.05608516 512.95554945 527.15662088
1132 520.47370879 513.37263736 527.57478022
1133 520.89133242 513.78972527 527.99293956
1134 521.30895604 514.20681319 528.41109890
1135 521.72657967 514.62390110 528.82925824
1136 522.14420330 515.04098901 529.24741758
1137 522.56182692 515.45807692 529.66557692
1138 522.97945055 515.87516484 530.08373626
1139 523.39707418 516.29225275 530.50189560
1140 523.81469780 516.70934066 530.92005495
1141 524.23232143 517.12642857 531.33821429
1142 524.64994505 517.54351648 531.75637363
1143 525.06756868 517.96060440 532.17453297
1144 525.48519231 518.37769231 532.59269231
1145 525.90281593 518.79478022 533.01085165
1146 526.32043956 519.21186813 533.42901099
1147 526.73806319 519.62895604 533.84717033
1148 527.15568681 520.04604396 534.26532967
1149 527.57331044 520.46313187 534.68348901
1150 527.99093407 520.88021978 535.10164835
1151 528.40855769 521.29730769 535.51980769
1152 528.82618132 521.71439560 535.93796703
1153 529.24380495 522.13148352 536.35612637
1154 529.66142857 522.54857143 536.77428571
1155 530.07905220 522.96565934 537.19244505
1156 530.49667582 523.38274725 537.61060440
1157 530.91429945 523.79983516 538.02876374
1158 531.33192308 524.21692308 538.44692308
1159 531.74954670 524.63401099 538.86508242
1160 532.16717033 525.05109890 539.28324176
1161 532.58479396 525.46818681 539.70140110
1162 533.00241758 525.88527473 540.11956044
1163 533.42004121 526.30236264 540.53771978
1164 533.83766484 526.71945055 540.95587912
1165 534.25528846 527.13653846 541.37403846
1166 534.67291209 527.55362637 541.79219780
1167 535.09053571 527.97071429 542.21035714
1168 535.50815934 528.38780220 542.62851648
1169 535.92578297 528.80489011 543.04667582
1170 536.34340659 529.22197802 543.46483516
1171 536.76103022 529.63906593 543.88299451
1172 537.17865385 530.05615385 544.30115385
1173 537.59627747 530.47324176 544.71931319
1174 538.01390110 530.89032967 545.13747253
1175 538.43152473 531.30741758 545.55563187
1176 538.84914835 531.72450549 545.97379121
1177 539.26677198 532.14159341 546.39195055
1178 539.68439560 532.55868132 546.81010989
1179 540.10201923 532.97576923 547.22826923
1180 540.51964286 533.39285714 547.64642857
1181 540.93726648 533.80994505 548.06458791
1182 541.35489011 534.22703297 548.48274725
1183 541.77251374 534.64412088 548.90090659
1184 542.19013736 535.06120879 549.31906593
1185 542.60776099 535.47829670 549.73722527
1186 543.02538462 535.89538462 550.15538462
1187 543.44300824 536.31247253 550.57354396
1188 543.86063187 536.72956044 550.99170330
1189 544.27825549 537.14664835 551.40986264
1190 544.69587912 537.56373626 551.82802198
1191 545.11350275 537.98082418 552.24618132
1192 545.53112637 538.39791209 552.66434066
1193 545.94875000 538.81500000 553.08250000
1194 546.36637363 539.23208791 553.50065934
1195 546.78399725 539.64917582 553.91881868
1196 547.20162088 540.06626374 554.33697802
1197 547.61924451 540.48335165 554.75513736
1198 548.03686813 540.90043956 555.17329670
1199 548.45449176 541.31752747 555.59145604
1200 548.87211538 541.73461538 556.00961538
1201 549.28973901 542.15170330 556.42777473
1202 549.70736264 542.56879121 556.84593407
1203 550.12498626 542.98587912 557.26409341
1204 550.54260989 543.40296703 557.68225275
1205 550.96023352 543.82005495 558.10041209
1206 551.37785714 544.23714286 558.51857143
1207 551.79548077 544.65423077 558.93673077
1208 552.21310440 545.07131868 559.35489011
1209 552.63072802 545.48840659 559.77304945
1210 553.04835165 545.90549451 560.19120879
1211 553.46597527 546.32258242 560.60936813
1212 553.88359890 546.73967033 561.02752747
1213 554.30122253 547.15675824 561.44568681
1214 554.71884615 547.57384615 561.86384615
1215 555.13646978 547.99093407 562.28200549
1216 555.55409341 548.40802198 562.70016484
1217 555.97171703 548.82510989 563.11832418
1218 556.38934066 549.24219780 563.53648352
1219 556.80696429 549.65928571 563.95464286
1220 557.22458791 550.07637363 564.37280220
1221 557.64221154 550.49346154 564.79096154
1222 558.05983516 550.91054945 565.20912088
1223 558.47745879 551.32763736 565.62728022
1224 558.89508242 551.74472527 566.04543956
1225 559.31270604 552.16181319 566.46359890
1226 559.73032967 552.57890110 566.88175824
1227 560.14795330 552.99598901 567.29991758
1228 560.56557692 553.41307692 567.71807692
1229 560.98320055 553.83016484 568.13623626
1230 561.40082418 554.24725275 568.55439560
1231 561.81844780 554.66434066 568.97255495
1232 562.23607143 555.08142857 569.39071429
1233 562.65369505 555.49851648 569.80887363
1234 563.07131868 555.91560440 570.22703297
1235 563.48894231 556.33269231 570.64519231
1236 563.90656593 556.74978022 571.06335165
1237 564.32418956 557.16686813 571.48151099
1238 564.74181319 557.58395604 571.89967033
1239 565.15943681 558.00104396 572.31782967
1240 565.57706044 558.41813187 572.73598901
1241 565.99468407 558.83521978 573.15414835
1242 566.41230769 559.25230769 573.57230769
1243 566.82993132 559.66939560 573.99046703
1244 567.24755495 560.08648352 574.40862637
1245 567.66517857 560.50357143 574.82678571
1246 568.08280220 560.92065934 575.24494505
1247 568.50042582 561.33774725 575.66310440
1248 568.91804945 561.75483516 576.08126374
1249 569.33567308 562.17192308 576.49942308
1250 569.75329670 562.58901099 576.91758242
1251 570.17092033 563.00609890 577.33574176
1252 570.58854396 563.42318681 577.75390110
1253 571.00616758 563.84027473 578.17206044
1254 571.42379121 564.25736264 578.59021978
1255 571.84141484 564.67445055 579.00837912
1256 572.25903846 565.09153846 579.42653846
1257 572.67666209 565.50862637 579.84469780
1258 573.09428571 565.92571429 580.26285714
1259 573.51190934 566.34280220 580.68101648
1260 573.92953297 566.75989011 581.09917582
1261 574.34715659 567.17697802 581.51733516
1262 574.76478022 567.59406593 581.93549451
1263 575.18240385 568.01115385 582.35365385
1264 575.60002747 568.42824176 582.77181319
1265 576.01765110 568.84532967 583.18997253
1266 576.43527473 569.26241758 583.60813187
1267 576.85289835 569.67950549 584.02629121
1268 577.27052198 570.09659341 584.44445055
1269 577.68814560 570.51368132 584.86260989
1270 578.10576923 570.93076923 585.28076923
1271 578.52339286 571.34785714 585.69892857
1272 578.94101648 571.76494505 586.11708791
1273 579.35864011 572.18203297 586.53524725
1274 579.77626374 572.59912088 586.95340659
1275 580.19388736 573.01620879 587.37156593
1276 580.61151099 573.43329670 587.78972527
1277 581.02913462 573.85038462 588.20788462
1278 581.44675824 574.26747253 588.62604396
1279 581.86438187 574.68456044 589.04420330
1280 582.28200549 575.10164835 589.46236264
1281 582.69962912 575.51873626 589.88052198
1282 583.11725275 575.93582418 590.29868132
1283 583.53487637 576.35291209 590.71684066
1284 583.95250000 576.77000000 591.13500000
1285 584.37012363 577.18708791 591.55315934
1286 584.78774725 577.60417582 591.97131868
1287 585.20537088 578.02126374 592.38947802
1288 585.62299451 578.43835165 592.80763736
1289 586.04061813 578.85543956 593.22579670
1290 586.45824176 579.27252747 593.64395604
1291 586.87586538 579.68961538 594.06211538
1292 587.29348901 580.10670330 594.48027473
1293 587.71111264 580.52379121 594.89843407
1294 588.12873626 580.94087912 595.31659341
1295 588.54635989 581.35796703 595.73475275
1296 588.96398352 581.77505495 596.15291209
1297 589.38160714 582.19214286 596.57107143
1298 589.79923077 582.60923077 596.98923077
1299 590.21685440 583.02631868 597.40739011
1300 590.63447802 583.44340659 597.82554945
1301 591.05210165 583.86049451 598.24370879
1302 591.46972527 584.27758242 598.66186813
1303 591.88734890 584.69467033 599.08002747
1304 592.30497253 585.11175824 599.49818681
1305 592.72259615 585.52884615 599.91634615
1306 593.14021978 585.94593407 600.33450549
1307 593.55784341 586.36302198 600.75266484
1308 593.97546703 586.78010989 601.17082418
1309 594.39309066 587.19719780 601.58898352
1310 594.81071429 587.61428571 602.00714286
1311 595.22833791 588.03137363 602.42530220
1312 595.64596154 588.44846154 602.84346154
1313 596.06358516 588.86554945 603.26162088
1314 596.48120879 589.28263736 603.67978022
1315 596.89883242 589.69972527 604.09793956
1316 597.31645604 590.11681319 604.51609890
1317 597.73407967 590.53390110 604.93425824
1318 598.15170330 590.95098901 605.35241758
1319 598.56932692 591.36807692 605.77057692
1320 598.98695055 591.78516484 606.18873626
1321 599.40457418 592.20225275 606.60689560
1322 599.82219780 592.61934066 607.02505495
1323 600.23982143 593.03642857 607.44321429
1324 600.65744505 593.45351648 607.86137363
1325 601.07506868 593.87060440 608.27953297
1326 601.49269231 594.28769231 608.69769231
1327 601.91031593 594.70478022 609.11585165
1328 602.32793956 595.12186813 609.53401099
1329 602.74556319 595.53895604 609.95217033
1330 603.16318681 595.95604396 610.37032967
1331 603.58081044 596.37313187 610.78848901
1332 603.99843407 596.79021978 611.20664835
1333 604.41605769 597.20730769 611.62480769
1334 604.83368132 597.62439560 612.04296703
1335 605.25130495 598.04148352 612.46112637
1336 605.66892857 598.45857143 612.87928571
1337 606.08655220 598.87565934 613.29744505
1338 606.50417582 599.29274725 613.71560440
1339 606.92179945 599.70983516 614.13376374
1340 607.33942308 600.12692308 614.55192308
1341 607.75704670 600.54401099 614.97008242
1342 608.17467033 600.96109890 615.38824176
1343 608.59229396 601.37818681 615.80640110
1344 609.00991758 601.79527473 616.22456044
1345 609.42754121 602.21236264 616.64271978
1346 609.84516484 602.62945055 617.06087912
1347 610.26278846 603.04653846 617.47903846
1348 610.68041209 603.46362637 617.89719780
1349 611.09803571 603.88071429 618.31535714
1350 611.51565934 604.29780220 618.73351648
1351 611.93328297 604.71489011 619.15167582
1352 612.35090659 605.13197802 619.56983516
1353 612.76853022 605.54906593 619.98799451
1354 613.18615385 605.96615385 620.40615385
1355 613.60377747 606.38324176 620.82431319
1356 614.02140110 606.80032967 621.24247253
1357 614.43902473 607.21741758 621.66063187
1358 614.85664835 607.63450549 622.07879121
1359 615.27427198 608.05159341 622.49695055
1360 615.69189560 608.46868132 622.91510989
1361 616.10951923 608.88576923 623.33326923
1362 616.52714286 609.30285714 623.75142857
1363 616.94476648 609.71994505 624.16958791
1364 617.36239011 610.13703297 624.58774725
1365 617.78001374 610.55412088 625.00590659
1366 618.19763736 610.97120879 625.42406593
1367 618.61526099 611.38829670 625.84222527
1368 619.03288462 611.80538462 626.26038462
1369 619.45050824 612.22247253 626.67854396
1370 619.86813187 612.63956044 627.09670330
1371 620.28575549 613.05664835 627.51486264
1372 620.70337912 613.47373626 627.93302198
1373 621.12100275 613.89082418 628.35118132
1374 621.53862637 614.30791209 628.76934066
1375 621.95625000 614.72500000 629.18750000
1376 622.37387363 615.14208791 629.60565934
1377 622.79149725 615.55917582 630.02381868
1378 623.20912088 615.97626374 630.44197802
1379 623.62674451 616.39335165 630.86013736
1380 624.04436813 616.81043956 631.27829670
1381 624.46199176 617.22752747 631.69645604
1382 624.87961538 617.64461538 632.11461538
1383 625.29723901 618.06170330 632.53277473
1384 625.71486264 618.47879121 632.95093407
1385 626.13248626 618.89587912 633.36909341
1386 626.55010989 619.31296703 633.78725275
1387 626.96773352 619.73005495 634.20541209
1388 627.38535714 620.14714286 634.62357143
1389 627.80298077 620.56423077 635.04173077
1390 628.22060440 620.98131868 635.45989011
1391 628.63822802 621.39840659 635.87804945
1392 629.05585165 621.81549451 636.29620879
1393 629.47347527 622.23258242 636.71436813
1394 629.89109890 622.64967033 637.13252747
1395 630.30872253 623.06675824 637.55068681
1396 630.72634615 623.48384615 637.96884615
1397 631.14396978 623.90093407 638.38700549
1398 631.56159341 624.31802198 638.80516484
1399 631.97921703 624.73510989 639.22332418
1400 632.39684066 625.15219780 639.64148352
1401 632.81446429 625.56928571 640.05964286
1402 633.23208791 625.98637363 640.47780220
1403 633.64971154 626.40346154 640.89596154
1404 634.06733516 626.82054945 641.31412088
1405 634.48495879 627.23763736 641.73228022
1406 634.90258242 627.65472527 642.15043956
1407 635.32020604 628.07181319 642.56859890
1408 635.73782967 628.48890110 642.98675824
1409 636.15545330 628.90598901 643.40491758
1410 636.57307692 629.32307692 643.82307692
1411 636.99070055 629.74016484 644.24123626
1412 637.40832418 630.15725275 644.65939560
1413 637.82594780 630.57434066 645.07755495
1414 638.24357143 630.99142857 645.49571429
1415 638.66119505 631.40851648 645.91387363
1416 639.07881868 631.82560440 646.33203297
1417 639.49644231 632.24269231 646.75019231
1418 639.91406593 632.65978022 647.16835165
1419 640.33168956 633.07686813 647.58651099
1420 640.74931319 633.49395604 648.00467033
1421 641.16693681 633.91104396 648.42282967
1422 641.58456044 634.32813187 648.84098901
1423 642.00218407 634.74521978 649.25914835
1424 642.41980769 635.16230769 649.67730769
1425 642.83743132 635.57939560 650.09546703
1426 643.25505495 635.99648352 650.51362637
1427 643.67267857 636.41357143 650.93178571
1428 644.09030220 636.83065934 651.34994505
1429 644.50792582 637.24774725 651.76810440
1430 644.92554945 637.66483516 652.18626374
1431 645.34317308 638.08192308 652.60442308
1432 645.76079670 638.49901099 653.02258242
1433 646.17842033 638.91609890 653.44074176
1434 646.59604396 639.33318681 653.85890110
1435 647.01366758 639.75027473 654.27706044
1436 647.43129121 640.16736264 654.69521978
1437 647.84891484 640.58445055 655.11337912
1438 648.26653846 641.00153846 655.53153846
1439 648.68416209 641.41862637 655.94969780
1440 649.10178571 641.83571429 656.36785714
1441 649.51940934 642.25280220 656.78601648
1442 649.93703297 642.66989011 657.20417582
1443 650.35465659 643.08697802 657.62233516
1444 650.77228022 643.50406593 658.04049451
1445 651.18990385 643.92115385 658.45865385
1446 651.60752747 644.33824176 658.87681319
1447 652.02515110 644.75532967 659.29497253
1448 652.44277473 645.17241758 659.71313187
1449 652.86039835 645.58950549 660.13129121
1450 653.27802198 646.00659341 660.54945055
1451 653.69564560 646.42368132 660.96760989
1452 654.11326923 646.84076923 661.38576923
1453 654.53089286 647.25785714 661.80392857
1454 654.94851648 647.67494505 662.22208791
1455 655.36614011 648.09203297 662.64024725
1456 655.78376374 648.50912088 663.05840659
1457 656.20138736 648.92620879 663.47656593
1458 656.61901099 649.34329670 663.89472527
1459 657.03663462 649.76038462 664.31288462
1460 657.45425824 650.17747253 664.73104396
1461 657.87188187 650.59456044 665.14920330
1462 658.28950549 651.01164835 665.56736264
1463 658.70712912 651.42873626 665.98552198
1464 659.12475275 651.84582418 666.40368132
1465 659.54237637 652.26291209 666.82184066
1466 659.96000000 652.68000000 667.24000000
1467 660.36550824 653.07656593 667.65445055
1468 660.77101648 653.47313187 668.06890110
1469 661.17652473 653.86969780 668.48335165
1470 661.58203297 654.26626374 668.89780220
1471 661.98754121 654.66282967 669.31225275
1472 662.39304945 655.05939560 669.72670330
1473 662.79855769 655.45596154 670.14115385
1474 663.20406593 655.85252747 670.55560440
1475 663.60957418 656.24909341 670.97005495
1476 664.01508242 656.64565934 671.38450549
1477 664.42059066 657.04222527 671.79895604
1478 664.82609890 657.43879121 672.21340659
1479 665.23160714 657.83535714 672.62785714
1480 665.63711538 658.23192308 673.04230769
1481 666.04262363 658.62848901 673.45675824
1482 666.44813187 659.02505495 673.87120879
1483 666.85364011 659.42162088 674.28565934
1484 667.25914835 659.81818681 674.70010989
1485 667.66465659 660.21475275 675.11456044
1486 668.07016484 660.61131868 675.52901099
1487 668.47567308 661.00788462 675.94346154
1488 668.88118132 661.40445055 676.35791209
1489 669.28668956 661.80101648 676.77236264
1490 669.69219780 662.19758242 677.18681319
1491 670.09770604 662.59414835 677.60126374
1492 670.50321429 662.99071429 678.01571429
1493 670.90872253 663.38728022 678.43016484
1494 671.31423077 663.78384615 678.84461538
1495 671.71973901 664.18041209 679.25906593
1496 672.12524725 664.57697802 679.67351648
1497 672.53075549 664.97354396 680.08796703
1498 672.93626374 665.37010989 680.50241758
1499 673.34177198 665.76667582 680.91686813
1500 673.74728022 666.16324176 681.33131868
1501 674.15278846 666.55980769 681.74576923
1502 674.55829670 666.95637363 682.16021978
1503 674.96380495 667.35293956 682.57467033
1504 675.36931319 667.74950549 682.98912088
1505 675.77482143 668.14607143 683.40357143
1506 676.18032967 668.54263736 683.81802198
1507 676.58583791 668.93920330 684.23247253
1508 676.99134615 669.33576923 684.64692308
1509 677.39685440 669.73233516 685.06137363
1510 677.80236264 670.12890110 685.47582418
1511 678.20787088 670.52546703 685.89027473
1512 678.61337912 670.92203297 686.30472527
1513 679.01888736 671.31859890 686.71917582
1514 679.42439560 671.71516484 687.13362637
1515 679.82990385 672.11173077 687.54807692
1516 680.23541209 672.50829670 687.96252747
1517 680.64092033 672.90486264 688.37697802
1518 681.04642857 673.30142857 688.79142857
1519 681.45193681 673.69799451 689.20587912
1520 681.85744505 674.09456044 689.62032967
1521 682.26295330 674.49112637 690.03478022
1522 682.66846154 674.88769231 690.44923077
1523 683.07396978 675.28425824 690.86368132
1524 683.47947802 675.68082418 691.27813187
1525 683.88498626 676.07739011 691.69258242
1526 684.29049451 676.47395604 692.10703297
1527 684.69600275 676.87052198 692.52148352
1528 685.10151099 677.26708791 692.93593407
1529 685.50701923 677.66365385 693.35038462
1530 685.91252747 678.06021978 693.76483516
1531 686.31803571 678.45678571 694.17928571
1532 686.72354396 678.85335165 694.59373626
1533 687.12905220 679.24991758 695.00818681
1534 687.53456044 679.64648352 695.42263736
1535 687.94006868 680.04304945 695.83708791
1536 688.34557692 680.43961538 696.25153846
1537 688.75108516 680.83618132 696.66598901
1538 689.15659341 681.23274725 697.08043956
1539 689.56210165 681.62931319 697.49489011
1540 689.96760989 682.02587912 697.90934066
1541 690.37311813 682.42244505 698.32379121
1542 690.77862637 682.81901099 698.73824176
1543 691.18413462 683.21557692 699.15269231
1544 691.58964286 683.61214286 699.56714286
1545 691.99515110 684.00870879 699.98159341
1546 692.40065934 684.40527473 700.39604396
1547 692.80616758 684.80184066 700.81049451
1548 693.21167582 685.19840659 701.22494505
1549 693.61718407 685.59497253 701.63939560
1550 694.02269231 685.99153846 702.05384615
1551 694.42820055 686.38810440 702.46829670
1552 694.83370879 686.78467033 702.88274725
1553 695.23921703 687.18123626 703.29719780
1554 695.64472527 687.57780220 703.71164835
1555 696.05023352 687.97436813 704.12609890
1556 696.45574176 688.37093407 704.54054945
1557 696.86125000 688.76750000 704.95500000
1558 697.26675824 689.16406593 705.36945055
1559 697.67226648 689.56063187 705.78390110
1560 698.07777473 689.95719780 706.19835165
1561 698.48328297 690.35376374 706.61280220
1562 698.88879121 690.75032967 707.02725275
1563 699.29429945 691.14689560 707.44170330
1564 699.69980769 691.54346154 707.85615385
1565 700.10531593 691.94002747 708.27060440
1566 700.51082418 692.33659341 708.68505495
1567 700.91633242 692.73315934 709.09950549
1568 701.32184066 693.12972527 709.51395604
1569 701.72734890 693.52629121 709.92840659
1570 702.13285714 693.92285714 710.34285714
1571 702.53836538 694.31942308 710.75730769
1572 702.94387363 694.71598901 711.17175824
1573 703.34938187 695.11255495 711.58620879
1574 703.75489011 695.50912088 712.00065934
1575 704.16039835 695.90568681 712.41510989
1576 704.56590659 696.30225275 712.82956044
1577 704.97141484 696.69881868 713.24401099
1578 705.37692308 697.09538462 713.65846154
1579 705.78243132 697.49195055 714.07291209
1580 706.18793956 697.88851648 714.48736264
1581 706.59344780 698.28508242 714.90181319
1582 706.99895604 698.68164835 715.31626374
1583 707.40446429 699.07821429 715.73071429
1584 707.80997253 699.47478022 716.14516484
1585 708.21548077 699.87134615 716.55961538
1586 708.62098901 700.26791209 716.97406593
1587 709.02649725 700.66447802 717.38851648
1588 709.43200549 701.06104396 717.80296703
1589 709.83751374 701.45760989 718.21741758
1590 710.24302198 701.85417582 718.63186813
1591 710.64853022 702.25074176 719.04631868
1592 711.05403846 702.64730769 719.46076923
1593 711.45954670 703.04387363 719.87521978
1594 711.86505495 703.44043956 720.28967033
1595 712.27056319 703.83700549 720.70412088
1596 712.67607143 704.23357143 721.11857143
1597 713.08157967 704.63013736 721.53302198
1598 713.48708791 705.02670330 721.94747253
1599 713.89259615 705.42326923 722.36192308
1600 714.29810440 705.81983516 722.77637363
1601 714.70361264 706.21640110 723.19082418
1602 715.10912088 706.61296703 723.60527473
1603 715.51462912 707.00953297 724.01972527
1604 715.92013736 707.40609890 724.43417582
1605 716.32564560 707.80266484 724.84862637
1606 716.73115385 708.19923077 725.26307692
1607 717.13666209 708.59579670 725.67752747
1608 717.54217033 708.99236264 726.09197802
1609 717.94767857 709.38892857 726.50642857
1610 718.35318681 709.78549451 726.92087912
1611 718.75869505 710.18206044 727.33532967
1612 719.16420330 710.57862637 727.74978022
1613 719.56971154 710.97519231 728.16423077
1614 719.97521978 711.37175824 728.57868132
1615 720.38072802 711.76832418 728.99313187
1616 720.78623626 712.16489011 729.40758242
1617 721.19174451 712.56145604 729.82203297
1618 721.59725275 712.95802198 730.23648352
1619 722.00276099 713.35458791 730.65093407
1620 722.40826923 713.75115385 731.06538462
1621 722.81377747 714.14771978 731.47983516
1622 723.21928571 714.54428571 731.89428571
1623 723.62479396 714.94085165 732.30873626
1624 724.03030220 715.33741758 732.72318681
1625 724.43581044 715.73398352 733.13763736
1626 724.84131868 716.13054945 733.55208791
1627 725.24682692 716.52711538 733.96653846
1628 725.65233516 716.92368132 734.38098901
1629 726.05784341 717.32024725 734.79543956
1630 726.46335165 717.71681319 735.20989011
1631 726.86885989 718.11337912 735.62434066
1632 727.27436813 718.50994505 736.03879121
1633 727.67987637 718.90651099 736.45324176
1634 728.08538462 719.30307692 736.86769231
1635 728.49089286 719.69964286 737.28214286
1636 728.89640110 720.09620879 737.69659341
1637 729.30190934 720.49277473 738.11104396
1638 729.70741758 720.88934066 738.52549451
1639 730.11292582 721.28590659 738.93994505
1640 730.51843407 721.68247253 739.35439560
1641 730.92394231 722.07903846 739.76884615
1642 731.32945055 722.47560440 740.18329670
1643 731.73495879 722.87217033 740.59774725
1644 732.14046703 723.26873626 741.01219780
1645 732.54597527 723.66530220 741.42664835
1646 732.95148352 724.06186813 741.84109890
1647 733.35699176 724.45843407 742.25554945
1648 733.76250000 724.85500000 742.67000000
1649 734.16800824 725.25156593 743.08445055
1650 734.57351648 725.64813187 743.49890110
1651 734.97902473 726.04469780 743.91335165
1652 735.38453297 726.44126374 744.32780220
1653 735.79004121 726.83782967 744.74225275
1654 736.19554945 727.23439560 745.15670330
1655 736.60105769 727.63096154 745.57115385
1656 737.00656593 728.02752747 745.98560440
1657 737.41207418 728.42409341 746.40005495
1658 737.81758242 728.82065934 746.81450549
1659 738.22309066 729.21722527 747.22895604
1660 738.62859890 729.61379121 747.64340659
1661 739.03410714 730.01035714 748.05785714
1662 739.43961538 730.40692308 748.47230769
1663 739.84512363 730.80348901 748.88675824
1664 740.25063187 731.20005495 749.30120879
1665 740.65614011 731.59662088 749.71565934
1666 741.06164835 731.99318681 750.13010989
1667 741.46715659 732.38975275 750.54456044
1668 741.87266484 732.78631868 750.95901099
1669 742.27817308 733.18288462 751.37346154
1670 742.68368132 733.57945055 751.78791209
1671 743.08918956 733.97601648 752.20236264
1672 743.49469780 734.37258242 752.61681319
1673 743.90020604 734.76914835 753.03126374
1674 744.30571429 735.16571429 753.44571429
1675 744.71122253 735.56228022 753.86016484
1676 745.11673077 735.95884615 754.27461538
1677 745.52223901 736.35541209 754.68906593
1678 745.92774725 736.75197802 755.10351648
1679 746.33325549 737.14854396 755.51796703
1680 746.73876374 737.54510989 755.93241758
1681 747.14427198 737.94167582 756.34686813
1682 747.54978022 738.33824176 756.76131868
1683 747.95528846 738.73480769 757.17576923
1684 748.36079670 739.13137363 757.59021978
1685 748.76630495 739.52793956 758.00467033
1686 749.17181319 739.92450549 758.41912088
1687 749.57732143 740.32107143 758.83357143
1688 749.98282967 740.71763736 759.24802198
1689 750.38833791 741.11420330 759.66247253
1690 750.79384615 741.51076923 760.07692308
1691 751.19935440 741.90733516 760.49137363
1692 751.60486264 742.30390110 760.90582418
1693 752.01037088 742.70046703 761.32027473
1694 752.41587912 743.09703297 761.73472527
1695 752.82138736 743.49359890 762.14917582
1696 753.22689560 743.89016484 762.56362637
1697 753.63240385 744.28673077 762.97807692
1698 754.03791209 744.68329670 763.39252747
1699 754.44342033 745.07986264 763.80697802
1700 754.84892857 745.47642857 764.22142857
1701 755.25443681 745.87299451 764.63587912
1702 755.65994505 746.26956044 765.05032967
1703 756.06545330 746.66612637 765.46478022
1704 756.47096154 747.06269231 765.87923077
1705 756.87646978 747.45925824 766.29368132
1706 757.28197802 747.85582418 766.70813187
1707 757.68748626 748.25239011 767.12258242
1708 758.09299451 748.64895604 767.53703297
1709 758.49850275 749.04552198 767.95148352
1710 758.90401099 749.44208791 768.36593407
1711 759.30951923 749.83865385 768.78038462
1712 759.71502747 750.23521978 769.19483516
1713 760.12053571 750.63178571 769.60928571
1714 760.52604396 751.02835165 770.02373626
1715 760.93155220 751.42491758 770.43818681
1716 761.33706044 751.82148352 770.85263736
1717 761.74256868 752.21804945 771.26708791
1718 762.14807692 752.61461538 771.68153846
1719 762.55358516 753.01118132 772.09598901
1720 762.95909341 753.40774725 772.51043956
1721 763.36460165 753.80431319 772.92489011
1722 763.77010989 754.20087912 773.33934066
1723 764.17561813 754.59744505 773.75379121
1724 764.58112637 754.99401099 774.16824176
1725 764.98663462 755.39057692 774.58269231
1726 765.39214286 755.78714286 774.99714286
1727 765.79765110 756.18370879 775.41159341
1728 766.20315934 756.58027473 775.82604396
1729 766.60866758 756.97684066 776.24049451
1730 767.01417582 757.37340659 776.65494505
1731 767.41968407 757.76997253 777.06939560
1732 767.82519231 758.16653846 777.48384615
1733 768.23070055 758.56310440 777.89829670
1734 768.63620879 758.95967033 778.31274725
1735 769.04171703 759.35623626 778.72719780
1736 769.44722527 759.75280220 779.14164835
1737 769.85273352 760.14936813 779.55609890
1738 770.25824176 760.54593407 779.97054945
1739 770.66375000 760.94250000 780.38500000
1740 771.06925824 761.33906593 780.79945055
1741 771.47476648 761.73563187 781.21390110
1742 771.88027473 762.13219780 781.62835165
1743 772.28578297 762.52876374 782.04280220
1744 772.69129121 762.92532967 782.45725275
1745 773.09679945 763.32189560 782.87170330
1746 773.50230769 763.71846154 783.28615385
1747 773.90781593 764.11502747 783.70060440
1748 774.31332418 764.51159341 784.11505495
1749 774.71883242 764.90815934 784.52950549
1750 775.12434066 765.30472527 784.94395604
1751 775.52984890 765.70129121 785.35840659
1752 775.93535714 766.09785714 785.77285714
1753 776.34086538 766.49442308 786.18730769
1754 776.74637363 766.89098901 786.60175824
1755 777.15188187 767.28755495 787.01620879
1756 777.55739011 767.68412088 787.43065934
1757 777.96289835 768.08068681 787.84510989
1758 778.36840659 768.47725275 788.25956044
1759 778.77391484 768.87381868 788.67401099
1760 779.17942308 769.27038462 789.08846154
1761 779.58493132 769.66695055 789.50291209
1762 779.99043956 770.06351648 789.91736264
1763 780.39594780 770.46008242 790.33181319
1764 780.80145604 770.85664835 790.74626374
1765 781.20696429 771.25321429 791.16071429
1766 781.61247253 771.64978022 791.57516484
1767 782.01798077 772.04634615 791.98961538
1768 782.42348901 772.44291209 792.40406593
1769 782.82899725 772.83947802 792.81851648
1770 783.23450549 773.23604396 793.23296703
1771 783.64001374 773.63260989 793.64741758
1772 784.04552198 774.02917582 794.06186813
1773 784.45103022 774.42574176 794.47631868
1774 784.85653846 774.82230769 794.89076923
1775 785.26204670 775.21887363 795.30521978
1776 785.66755495 775.61543956 795.71967033
1777 786.07306319 776.01200549 796.13412088
1778 786.47857143 776.40857143 796.54857143
1779 786.88407967 776.80513736 796.96302198
1780 787.28958791 777.20170330 797.37747253
1781 787.69509615 777.59826923 797.79192308
1782 788.10060440 777.99483516 798.20637363
1783 788.50611264 778.39140110 798.62082418
1784 788.91162088 778.78796703 799.03527473
1785 789.31712912 779.18453297 799.44972527
1786 789.72263736 779.58109890 799.86417582
1787 790.12814560 779.97766484 800.27862637
1788 790.53365385 780.37423077 800.69307692
1789 790.93916209 780.77079670 801.10752747
1790 791.34467033 781.16736264 801.52197802
1791 791.75017857 781.56392857 801.93642857
1792 792.15568681 781.96049451 802.35087912
1793 792.56119505 782.35706044 802.76532967
1794 792.96670330 782.75362637 803.17978022
1795 793.37221154 783.15019231 803.59423077
1796 793.77771978 783.54675824 804.00868132
1797 794.18322802 783.94332418 804.42313187
1798 794.58873626 784.33989011 804.83758242
1799 794.99424451 784.73645604 805.25203297
1800 795.39975275 785.13302198 805.66648352
1801 795.80526099 785.52958791 806.08093407
1802 796.21076923 785.92615385 806.49538462
1803 796.61627747 786.32271978 806.90983516
1804 797.02178571 786.71928571 807.32428571
1805 797.42729396 787.11585165 807.73873626
1806 797.83280220 787.51241758 808.15318681
1807 798.23831044 787.90898352 808.56763736
1808 798.64381868 788.30554945 808.98208791
1809 799.04932692 788.70211538 809.39653846
1810 799.45483516 789.09868132 809.81098901
1811 799.86034341 789.49524725 810.22543956
1812 800.26585165 789.89181319 810.63989011
1813 800.67135989 790.28837912 811.05434066
1814 801.07686813 790.68494505 811.46879121
1815 801.48237637 791.08151099 811.88324176
1816 801.88788462 791.47807692 812.29769231
1817 802.29339286 791.87464286 812.71214286
1818 802.69890110 792.27120879 813.12659341
1819 803.10440934 792.66777473 813.54104396
1820 803.50991758 793.06434066 813.95549451
1821 803.91542582 793.46090659 814.36994505
1822 804.32093407 793.85747253 814.78439560
1823 804.72644231 794.25403846 815.19884615
1824 805.13195055 794.65060440 815.61329670
1825 805.53745879 795.04717033 816.02774725
1826 805.94296703 795.44373626 816.44219780
1827 806.34847527 795.84030220 816.85664835
1828 806.75398352 796.23686813 817.27109890
1829 807.15949176 796.63343407 817.68554945
1830 807.56500000 797.03000000 818.10000000
