1 -1.65000000 -1.76000000 -1.54000000
2 -1.65000000 -1.76000000 -1.54000000
3 -1.65000000 -1.76000000 -1.54000000
4 0.00000000 0.00000000 0.00000000
5 -1.25000000 -1.27000000 -1.23000000
6 -2.49666666 -2.52166666 -2.47166666
7 -3.74333333 -3.77333333 -3.71333333
8 -4.99000000 -5.02500000 -4.95500000
9 -6.23666666 -6.27666666 -6.19666666
10 -7.48333333 -7.52833333 -7.43833333
11 -8.73000000 -8.78000000 -8.68000000
12 -9.97857142 -10.03142857 -9.92571428
13 -11.22714285 -11.28285714 -11.17142857
14 -12.47571428 -12.53428571 -12.41714285
15 -13.72428571 -13.78571428 -13.66285714
16 -14.97285714 -15.03714285 -14.90857142
17 -16.22142857 -16.28857142 -16.15428571
18 -17.47000000 -17.54000000 -17.40000000
19 -18.78642857 -18.86142857 -18.71142857
20 -20.10285714 -20.18285714 -20.02285714
21 -21.41928571 -21.50428571 -21.33428571
22 -22.73571428 -22.82571428 -22.64571428
23 -24.05214285 -24.14714285 -23.95714285
24 -25.36857142 -25.46857142 -25.26857142
25 -26.68500000 -26.79000000 -26.58000000
26 -27.97150000 -28.07900000 -27.86400000
27 -29.25800000 -29.36800000 -29.14800000
28 -30.54450000 -30.65700000 -30.43200000
29 -31.83100000 -31.94600000 -31.71600000
30 -33.11750000 -33.23500000 -33.00000000
31 -34.40400000 -34.52400000 -34.28400000
32 -35.69050000 -35.81300000 -35.56800000
33 -36.97700000 -37.10200000 -36.85200000
34 -38.26350000 -38.39100000 -38.13600000
35 -39.55000000 -39.68000000 -39.42000000
36 -40.84419354 -40.97870967 -40.70967741
37 -42.13838709 -42.27741935 -41.99935483
38 -43.43258064 -43.57612903 -43.28903225
39 -44.72677419 -44.87483870 -44.57870967
40 -46.02096774 -46.17354838 -45.86838709
41 -47.31516129 -47.47225806 -47.15806451
42 -48.60935483 -48.77096774 -48.44774193
43 -49.90354838 -50.06967741 -49.73741935
44 -51.19774193 -51.36838709 -51.02709677
45 -52.49193548 -52.66709677 -52.31677419
46 -53.78612903 -53.96580645 -53.60645161
47 -55.08032258 -55.26451612 -54.89612903
48 -56.37451612 -56.56322580 -56.18580645
49 -57.66870967 -57.86193548 -57.47548387
50 -58.96290322 -59.16064516 -58.76516129
51 -60.25709677 -60.45935483 -60.05483870
52 -61.55129032 -61.75806451 -61.34451612
53 -62.84548387 -63.05677419 -62.63419354
54 -64.13967741 -64.35548387 -63.92387096
55 -65.43387096 -65.65419354 -65.21354838
56 -66.72806451 -66.95290322 -66.50322580
57 -68.02225806 -68.25161290 -67.79290322
58 -69.31645161 -69.55032258 -69.08258064
59 -70.61064516 -70.84903225 -70.37225806
60 -71.90483870 -72.14774193 -71.66193548
61 -73.19903225 -73.44645161 -72.95161290
62 -74.49322580 -74.74516129 -74.24129032
63 -75.78741935 -76.04387096 -75.53096774
64 -77.08161290 -77.34258064 -76.82064516
65 -78.37580645 -78.64129032 -78.11032258
66 -79.67000000 -79.94000000 -79.40000000
67 -81.01850000 -81.29033333 -80.74666666
68 -82.36700000 -82.64066666 -82.09333333
69 -83.71550000 -83.99100000 -83.44000000
70 -85.06400000 -85.34133333 -84.78666666
71 -86.41250000 -86.69166666 -86.13333333
72 -87.76100000 -88.04200000 -87.48000000
73 -89.10950000 -89.39233333 -88.82666666
74 -90.45800000 -90.74266666 -90.17333333
75 -91.80650000 -92.09300000 -91.52000000
76 -93.15500000 -93.44333333 -92.86666666
77 -94.50350000 -94.79366666 -94.21333333
78 -95.85200000 -96.14400000 -95.56000000
79 -97.20050000 -97.49433333 -96.90666666
80 -98.54900000 -98.84466666 -98.25333333
81 -99.89750000 -100.19500000 -99.60000000
82 -101.24600000 -101.54533333 -100.94666666
83 -102.59450000 -102.89566666 -102.29333333
84 -103.94300000 -104.24600000 -103.64000000
85 -105.29150000 -105.59633333 -104.98666666
86 -106.64000000 -106.94666666 -106.33333333
87 -107.98850000 -108.29700000 -107.68000000
88 -109.33700000 -109.64733333 -109.02666666
89 -110.68550000 -110.99766666 -110.37333333
90 -112.03400000 -112.34800000 -111.72000000
91 -113.38250000 -113.69833333 -113.06666666
92 -114.73100000 -115.04866666 -114.41333333
93 -116.07950000 -116.39900000 -115.76000000
94 -117.42800000 -117.74933333 -117.10666666
95 -118.77650000 -119.09966666 -118.45333333
96 -120.12500000 -120.45000000 -119.80000000
97 -121.44651515 -121.77575757 -121.11727272
98 -122.76803030 -123.10151515 -122.43454545
99 -124.08954545 -124.42727272 -123.75181818
100 -125.41106060 -125.75303030 -125.06909090
101 -126.73257575 -127.07878787 -126.38636363
102 -128.05409090 -128.40454545 -127.70363636
103 -129.37560606 -129.73030303 -129.02090909
104 -130.69712121 -131.05606060 -130.33818181
105 -132.01863636 -132.38181818 -131.65545454
106 -133.34015151 -133.70757575 -132.97272727
107 -134.66166666 -135.03333333 -134.29000000
108 -135.98318181 -136.35909090 -135.60727272
109 -137.30469696 -137.68484848 -136.92454545
110 -138.62621212 -139.01060606 -138.24181818
111 -139.94772727 -140.33636363 -139.55909090
112 -141.26924242 -141.66212121 -140.87636363
113 -142.59075757 -142.98787878 -142.19363636
114 -143.91227272 -144.31363636 -143.51090909
115 -145.23378787 -145.63939393 -144.82818181
116 -146.55530303 -146.96515151 -146.14545454
117 -147.87681818 -148.29090909 -147.46272727
118 -149.19833333 -149.61666666 -148.78000000
119 -150.51984848 -150.94242424 -150.09727272
120 -151.84136363 -152.26818181 -151.41454545
121 -153.16287878 -153.59393939 -152.73181818
122 -154.48439393 -154.91969696 -154.04909090
123 -155.80590909 -156.24545454 -155.36636363
124 -157.12742424 -157.57121212 -156.68363636
125 -158.44893939 -158.89696969 -158.00090909
126 -159.77045454 -160.22272727 -159.31818181
127 -161.09196969 -161.54848484 -160.63545454
128 -162.41348484 -162.87424242 -161.95272727
129 -163.73500000 -164.20000000 -163.27000000
130 -165.04589285 -165.51464285 -164.57714285
131 -166.35678571 -166.82928571 -165.88428571
132 -167.66767857 -168.14392857 -167.19142857
133 -168.97857142 -169.45857142 -168.49857142
134 -170.28946428 -170.77321428 -169.80571428
135 -171.60035714 -172.08785714 -171.11285714
136 -172.91125000 -173.40250000 -172.42000000
137 -174.22214285 -174.71714285 -173.72714285
138 -175.53303571 -176.03178571 -175.03428571
139 -176.84392857 -177.34642857 -176.34142857
140 -178.15482142 -178.66107142 -177.64857142
141 -179.46571428 -179.97571428 -178.95571428
142 -180.77660714 -181.29035714 -180.26285714
143 -182.08750000 -182.60500000 -181.57000000
144 -183.39839285 -183.91964285 -182.87714285
145 -184.70928571 -185.23428571 -184.18428571
146 -186.02017857 -186.54892857 -185.49142857
147 -187.33107142 -187.86357142 -186.79857142
148 -188.64196428 -189.17821428 -188.10571428
149 -189.95285714 -190.49285714 -189.41285714
150 -191.26375000 -191.80750000 -190.72000000
151 -192.57464285 -193.12214285 -192.02714285
152 -193.88553571 -194.43678571 -193.33428571
153 -195.19642857 -195.75142857 -194.64142857
154 -196.50732142 -197.06607142 -195.94857142
155 -197.81821428 -198.38071428 -197.25571428
156 -199.12910714 -199.69535714 -198.56285714
157 -200.44000000 -201.01000000 -199.87000000
158 -201.88677419 -202.46580645 -201.30774193
159 -203.33354838 -203.92161290 -202.74548387
160 -204.78032258 -205.37741935 -204.18322580
161 -206.22709677 -206.83322580 -205.62096774
162 -207.67387096 -208.28903225 -207.05870967
163 -209.12064516 -209.74483870 -208.49645161
164 -210.56741935 -211.20064516 -209.93419354
165 -212.01419354 -212.65645161 -211.37193548
166 -213.46096774 -214.11225806 -212.80967741
167 -214.90774193 -215.56806451 -214.24741935
168 -216.35451612 -217.02387096 -215.68516129
169 -217.80129032 -218.47967741 -217.12290322
170 -219.24806451 -219.93548387 -218.56064516
171 -220.69483870 -221.39129032 -219.99838709
172 -222.14161290 -222.84709677 -221.43612903
173 -223.58838709 -224.30290322 -222.87387096
174 -225.03516129 -225.75870967 -224.31161290
175 -226.48193548 -227.21451612 -225.74935483
176 -227.92870967 -228.67032258 -227.18709677
177 -229.37548387 -230.12612903 -228.62483870
178 -230.82225806 -231.58193548 -230.06258064
179 -232.26903225 -233.03774193 -231.50032258
180 -233.71580645 -234.49354838 -232.93806451
181 -235.16258064 -235.94935483 -234.37580645
182 -236.60935483 -237.40516129 -235.81354838
183 -238.05612903 -238.86096774 -237.25129032
184 -239.50290322 -240.31677419 -238.68903225
185 -240.94967741 -241.77258064 -240.12677419
186 -242.39645161 -243.22838709 -241.56451612
187 -243.84322580 -244.68419354 -243.00225806
188 -245.29000000 -246.14000000 -244.44000000
189 -246.60500000 -247.45090909 -245.75909090
190 -247.92000000 -248.76181818 -247.07818181
191 -249.23500000 -250.07272727 -248.39727272
192 -250.55000000 -251.38363636 -249.71636363
193 -251.86500000 -252.69454545 -251.03545454
194 -253.18000000 -254.00545454 -252.35454545
195 -254.49500000 -255.31636363 -253.67363636
196 -255.81000000 -256.62727272 -254.99272727
197 -257.12500000 -257.93818181 -256.31181818
198 -258.44000000 -259.24909090 -257.63090909
199 -259.75500000 -260.56000000 -258.95000000
200 -261.07000000 -261.87090909 -260.26909090
201 -262.38500000 -263.18181818 -261.58818181
202 -263.70000000 -264.49272727 -262.90727272
203 -265.01500000 -265.80363636 -264.22636363
204 -266.33000000 -267.11454545 -265.54545454
205 -267.64500000 -268.42545454 -266.86454545
206 -268.96000000 -269.73636363 -268.18363636
207 -270.27500000 -271.04727272 -269.50272727
208 -271.59000000 -272.35818181 -270.82181818
209 -272.90500000 -273.66909090 -272.14090909
210 -274.22000000 -274.98000000 -273.46000000
211 -275.53500000 -276.29090909 -274.77909090
212 -276.85000000 -277.60181818 -276.09818181
213 -278.16500000 -278.91272727 -277.41727272
214 -279.48000000 -280.22363636 -278.73636363
215 -280.79500000 -281.53454545 -280.05545454
216 -282.11000000 -282.84545454 -281.37454545
217 -283.42500000 -284.15636363 -282.69363636
218 -284.74000000 -285.46727272 -284.01272727
219 -286.05500000 -286.77818181 -285.33181818
220 -287.37000000 -288.08909090 -286.65090909
221 -288.68500000 -289.40000000 -287.97000000
222 -289.99000000 -290.70629629 -289.27370370
223 -291.29500000 -292.01259259 -290.57740740
224 -292.60000000 -293.31888888 -291.88111111
225 -293.90500000 -294.62518518 -293.18481481
226 -295.21000000 -295.93148148 -294.48851851
227 -296.51500000 -297.23777777 -295.79222222
228 -297.82000000 -298.54407407 -297.09592592
229 -299.12500000 -299.85037037 -298.39962962
230 -300.43000000 -301.15666666 -299.70333333
231 -301.73500000 -302.46296296 -301.00703703
232 -303.04000000 -303.76925925 -302.31074074
233 -304.34500000 -305.07555555 -303.61444444
234 -305.65000000 -306.38185185 -304.91814814
235 -306.95500000 -307.68814814 -306.22185185
236 -308.26000000 -308.99444444 -307.52555555
237 -309.56500000 -310.30074074 -308.82925925
238 -310.87000000 -311.60703703 -310.13296296
239 -312.17500000 -312.91333333 -311.43666666
240 -313.48000000 -314.21962962 -312.74037037
241 -314.78500000 -315.52592592 -314.04407407
242 -316.09000000 -316.83222222 -315.34777777
243 -317.39500000 -318.13851851 -316.65148148
244 -318.70000000 -319.44481481 -317.95518518
245 -320.00500000 -320.75111111 -319.25888888
246 -321.31000000 -322.05740740 -320.56259259
247 -322.61500000 -323.36370370 -321.86629629
248 -323.92000000 -324.67000000 -323.17000000
249 -325.22200000 -325.99400000 -324.45000000
250 -326.52400000 -327.31800000 -325.73000000
251 -327.82600000 -328.64200000 -327.01000000
252 -329.12800000 -329.96600000 -328.29000000
253 -330.43000000 -331.29000000 -329.57000000
254 -331.73200000 -332.61400000 -330.85000000
255 -333.03400000 -333.93800000 -332.13000000
256 -334.33600000 -335.26200000 -333.41000000
257 -335.63800000 -336.58600000 -334.69000000
258 -336.94000000 -337.91000000 -335.97000000
259 -338.24200000 -339.23400000 -337.25000000
260 -339.54400000 -340.55800000 -338.53000000
261 -340.84600000 -341.88200000 -339.81000000
262 -342.14800000 -343.20600000 -341.09000000
263 -343.45000000 -344.53000000 -342.37000000
264 -344.75200000 -345.85400000 -343.65000000
265 -346.05400000 -347.17800000 -344.93000000
266 -347.35600000 -348.50200000 -346.21000000
267 -348.65800000 -349.82600000 -347.49000000
268 -349.96000000 -351.15000000 -348.77000000
269 -351.26200000 -352.47400000 -350.05000000
270 -352.56400000 -353.79800000 -351.33000000
271 -353.86600000 -355.12200000 -352.61000000
272 -355.16800000 -356.44600000 -353.89000000
273 -356.47000000 -357.77000000 -355.17000000
274 -357.77200000 -359.09400000 -356.45000000
275 -359.07400000 -360.41800000 -357.73000000
276 -360.37600000 -361.74200000 -359.01000000
277 -361.67800000 -363.06600000 -360.29000000
278 -362.98000000 -364.39000000 -361.57000000
279 -364.28033333 -365.67600000 -362.88466666
280 -365.58066666 -366.96200000 -364.19933333
281 -366.88100000 -368.24800000 -365.51400000
282 -368.18133333 -369.53400000 -366.82866666
283 -369.48166666 -370.82000000 -368.14333333
284 -370.78200000 -372.10600000 -369.45800000
285 -372.08233333 -373.39200000 -370.77266666
286 -373.38266666 -374.67800000 -372.08733333
287 -374.68300000 -375.96400000 -373.40200000
288 -375.98333333 -377.25000000 -374.71666666
289 -377.28366666 -378.53600000 -376.03133333
290 -378.58400000 -379.82200000 -377.34600000
291 -379.88433333 -381.10800000 -378.66066666
292 -381.18466666 -382.39400000 -379.97533333
293 -382.48500000 -383.68000000 -381.29000000
294 -383.78533333 -384.96600000 -382.60466666
295 -385.08566666 -386.25200000 -383.91933333
296 -386.38600000 -387.53800000 -385.23400000
297 -387.68633333 -388.82400000 -386.54866666
298 -388.98666666 -390.11000000 -387.86333333
299 -390.28700000 -391.39600000 -389.17800000
300 -391.58733333 -392.68200000 -390.49266666
301 -392.88766666 -393.96800000 -391.80733333
302 -394.18800000 -395.25400000 -393.12200000
303 -395.48833333 -396.54000000 -394.43666666
304 -396.78866666 -397.82600000 -395.75133333
305 -398.08900000 -399.11200000 -397.06600000
306 -399.38933333 -400.39800000 -398.38066666
307 -400.68966666 -401.68400000 -399.69533333
308 -401.99000000 -402.97000000 -401.01000000
309 -403.25870967 -404.24935483 -402.26806451
310 -404.52741935 -405.52870967 -403.52612903
311 -405.79612903 -406.80806451 -404.78419354
312 -407.06483870 -408.08741935 -406.04225806
313 -408.33354838 -409.36677419 -407.30032258
314 -409.60225806 -410.64612903 -408.55838709
315 -410.87096774 -411.92548387 -409.81645161
316 -412.13967741 -413.20483870 -411.07451612
317 -413.40838709 -414.48419354 -412.33258064
318 -414.67709677 -415.76354838 -413.59064516
319 -415.94580645 -417.04290322 -414.84870967
320 -417.21451612 -418.32225806 -416.10677419
321 -418.48322580 -419.60161290 -417.36483870
322 -419.75193548 -420.88096774 -418.62290322
323 -421.02064516 -422.16032258 -419.88096774
324 -422.28935483 -423.43967741 -421.13903225
325 -423.55806451 -424.71903225 -422.39709677
326 -424.82677419 -425.99838709 -423.65516129
327 -426.09548387 -427.27774193 -424.91322580
328 -427.36419354 -428.55709677 -426.17129032
329 -428.63290322 -429.83645161 -427.42935483
330 -429.90161290 -431.11580645 -428.68741935
331 -431.17032258 -432.39516129 -429.94548387
332 -432.43903225 -433.67451612 -431.20354838
333 -433.70774193 -434.95387096 -432.46161290
334 -434.97645161 -436.23322580 -433.71967741
335 -436.24516129 -437.51258064 -434.97774193
336 -437.51387096 -438.79193548 -436.23580645
337 -438.78258064 -440.07129032 -437.49387096
338 -440.05129032 -441.35064516 -438.75193548
339 -441.32000000 -442.63000000 -440.01000000
340 -442.60483333 -443.93166666 -441.27800000
341 -443.88966666 -445.23333333 -442.54600000
342 -445.17450000 -446.53500000 -443.81400000
343 -446.45933333 -447.83666666 -445.08200000
344 -447.74416666 -449.13833333 -446.35000000
345 -449.02900000 -450.44000000 -447.61800000
346 -450.31383333 -451.74166666 -448.88600000
347 -451.59866666 -453.04333333 -450.15400000
348 -452.88350000 -454.34500000 -451.42200000
349 -454.16833333 -455.64666666 -452.69000000
350 -455.45316666 -456.94833333 -453.95800000
351 -456.73800000 -458.25000000 -455.22600000
352 -458.02283333 -459.55166666 -456.49400000
353 -459.30766666 -460.85333333 -457.76200000
354 -460.59250000 -462.15500000 -459.03000000
355 -461.87733333 -463.45666666 -460.29800000
356 -463.16216666 -464.75833333 -461.56600000
357 -464.44700000 -466.06000000 -462.83400000
358 -465.73183333 -467.36166666 -464.10200000
359 -467.01666666 -468.66333333 -465.37000000
360 -468.30150000 -469.96500000 -466.63800000
361 -469.58633333 -471.26666666 -467.90600000
362 -470.87116666 -472.56833333 -469.17400000
363 -472.15600000 -473.87000000 -470.44200000
364 -473.44083333 -475.17166666 -471.71000000
365 -474.72566666 -476.47333333 -472.97800000
366 -476.01050000 -477.77500000 -474.24600000
367 -477.29533333 -479.07666666 -475.51400000
368 -478.58016666 -480.37833333 -476.78200000
369 -479.86500000 -481.68000000 -478.05000000
370 -481.07739130 -482.90478260 -479.25000000
371 -482.28978260 -484.12956521 -480.45000000
372 -483.50217391 -485.35434782 -481.65000000
373 -484.71456521 -486.57913043 -482.85000000
374 -485.92695652 -487.80391304 -484.05000000
375 -487.13934782 -489.02869565 -485.25000000
376 -488.35173913 -490.25347826 -486.45000000
377 -489.56413043 -491.47826086 -487.65000000
378 -490.77652173 -492.70304347 -488.85000000
379 -491.98891304 -493.92782608 -490.05000000
380 -493.20130434 -495.15260869 -491.25000000
381 -494.41369565 -496.37739130 -492.45000000
382 -495.62608695 -497.60217391 -493.65000000
383 -496.83847826 -498.82695652 -494.85000000
384 -498.05086956 -500.05173913 -496.05000000
385 -499.26326086 -501.27652173 -497.25000000
386 -500.47565217 -502.50130434 -498.45000000
387 -501.68804347 -503.72608695 -499.65000000
388 -502.90043478 -504.95086956 -500.85000000
389 -504.11282608 -506.17565217 -502.05000000
390 -505.32521739 -507.40043478 -503.25000000
391 -506.53760869 -508.62521739 -504.45000000
392 -507.75000000 -509.85000000 -505.65000000
393 -508.96239130 -511.07478260 -506.85000000
394 -510.17478260 -512.29956521 -508.05000000
395 -511.38717391 -513.52434782 -509.25000000
396 -512.59956521 -514.74913043 -510.45000000
397 -513.81195652 -515.97391304 -511.65000000
398 -515.02434782 -517.19869565 -512.85000000
399 -516.23673913 -518.42347826 -514.05000000
400 -517.44913043 -519.64826086 -515.25000000
401 -518.66152173 -520.87304347 -516.45000000
402 -519.87391304 -522.09782608 -517.65000000
403 -521.08630434 -523.32260869 -518.85000000
404 -522.29869565 -524.54739130 -520.05000000
405 -523.51108695 -525.77217391 -521.25000000
406 -524.72347826 -526.99695652 -522.45000000
407 -525.93586956 -528.22173913 -523.65000000
408 -527.14826086 -529.44652173 -524.85000000
409 -528.36065217 -530.67130434 -526.05000000
410 -529.57304347 -531.89608695 -527.25000000
411 -530.78543478 -533.12086956 -528.45000000
412 -531.99782608 -534.34565217 -529.65000000
413 -533.21021739 -535.57043478 -530.85000000
414 -534.42260869 -536.79521739 -532.05000000
415 -535.63500000 -538.02000000 -533.25000000
416 -536.84739130 -539.24478260 -534.45000000
417 -538.05978260 -540.46956521 -535.65000000
418 -539.27217391 -541.69434782 -536.85000000
419 -540.48456521 -542.91913043 -538.05000000
420 -541.69695652 -544.14391304 -539.25000000
421 -542.90934782 -545.36869565 -540.45000000
422 -544.12173913 -546.59347826 -541.65000000
423 -545.33413043 -547.81826086 -542.85000000
424 -546.54652173 -549.04304347 -544.05000000
425 -547.75891304 -550.26782608 -545.25000000
426 -548.97130434 -551.49260869 -546.45000000
427 -550.18369565 -552.71739130 -547.65000000
428 -551.39608695 -553.94217391 -548.85000000
429 -552.60847826 -555.16695652 -550.05000000
430 -553.82086956 -556.39173913 -551.25000000
431 -555.03326086 -557.61652173 -552.45000000
432 -556.24565217 -558.84130434 -553.65000000
433 -557.45804347 -560.06608695 -554.85000000
434 -558.67043478 -561.29086956 -556.05000000
435 -559.88282608 -562.51565217 -557.25000000
436 -561.09521739 -563.74043478 -558.45000000
437 -562.30760869 -564.96521739 -559.65000000
438 -563.52000000 -566.19000000 -560.85000000
439 -564.73239130 -567.41478260 -562.05000000
440 -565.94478260 -568.63956521 -563.25000000
441 -567.15717391 -569.86434782 -564.45000000
442 -568.36956521 -571.08913043 -565.65000000
443 -569.58195652 -572.31391304 -566.85000000
444 -570.79434782 -573.53869565 -568.05000000
445 -572.00673913 -574.76347826 -569.25000000
446 -573.21913043 -575.98826086 -570.45000000
447 -574.43152173 -577.21304347 -571.65000000
448 -575.64391304 -578.43782608 -572.85000000
449 -576.85630434 -579.66260869 -574.05000000
450 -578.06869565 -580.88739130 -575.25000000
451 -579.28108695 -582.11217391 -576.45000000
452 -580.49347826 -583.33695652 -577.65000000
453 -581.70586956 -584.56173913 -578.85000000
454 -582.91826086 -585.78652173 -580.05000000
455 -584.13065217 -587.01130434 -581.25000000
456 -585.34304347 -588.23608695 -582.45000000
457 -586.55543478 -589.46086956 -583.65000000
458 -587.76782608 -590.68565217 -584.85000000
459 -588.98021739 -591.91043478 -586.05000000
460 -590.19260869 -593.13521739 -587.25000000
461 -591.40500000 -594.36000000 -588.45000000
462 -592.56913043 -595.55673913 -589.58152173
463 -593.73326086 -596.75347826 -590.71304347
464 -594.89739130 -597.95021739 -591.84456521
465 -596.06152173 -599.14695652 -592.97608695
466 -597.22565217 -600.34369565 -594.10760869
467 -598.38978260 -601.54043478 -595.23913043
468 -599.55391304 -602.73717391 -596.37065217
469 -600.71804347 -603.93391304 -597.50217391
470 -601.88217391 -605.13065217 -598.63369565
471 -603.04630434 -606.32739130 -599.76521739
472 -604.21043478 -607.52413043 -600.89673913
473 -605.37456521 -608.72086956 -602.02826086
474 -606.53869565 -609.91760869 -603.15978260
475 -607.70282608 -611.11434782 -604.29130434
476 -608.86695652 -612.31108695 -605.42282608
477 -610.03108695 -613.50782608 -606.55434782
478 -611.19521739 -614.70456521 -607.68586956
479 -612.35934782 -615.90130434 -608.81739130
480 -613.52347826 -617.09804347 -609.94891304
481 -614.68760869 -618.29478260 -611.08043478
482 -615.85173913 -619.49152173 -612.21195652
483 -617.01586956 -620.68826086 -613.34347826
484 -618.18000000 -621.88500000 -614.47500000
485 -619.34413043 -623.08173913 -615.60652173
486 -620.50826086 -624.27847826 -616.73804347
487 -621.67239130 -625.47521739 -617.86956521
488 -622.83652173 -626.67195652 -619.00108695
489 -624.00065217 -627.86869565 -620.13260869
490 -625.16478260 -629.06543478 -621.26413043
491 -626.32891304 -630.26217391 -622.39565217
492 -627.49304347 -631.45891304 -623.52717391
493 -628.65717391 -632.65565217 -624.65869565
494 -629.82130434 -633.85239130 -625.79021739
495 -630.98543478 -635.04913043 -626.92173913
496 -632.14956521 -636.24586956 -628.05326086
497 -633.31369565 -637.44260869 -629.18478260
498 -634.47782608 -638.63934782 -630.31630434
499 -635.64195652 -639.83608695 -631.44782608
500 -636.80608695 -641.03282608 -632.57934782
501 -637.97021739 -642.22956521 -633.71086956
502 -639.13434782 -643.42630434 -634.84239130
503 -640.29847826 -644.62304347 -635.97391304
504 -641.46260869 -645.81978260 -637.10543478
505 -642.62673913 -647.01652173 -638.23695652
506 -643.79086956 -648.21326086 -639.36847826
507 -644.95500000 -649.41000000 -640.50000000
508 -646.11913043 -650.60673913 -641.63152173
509 -647.28326086 -651.80347826 -642.76304347
510 -648.44739130 -653.00021739 -643.89456521
511 -649.61152173 -654.19695652 -645.02608695
512 -650.77565217 -655.39369565 -646.15760869
513 -651.93978260 -656.59043478 -647.28913043
514 -653.10391304 -657.78717391 -648.42065217
515 -654.26804347 -658.98391304 -649.55217391
516 -655.43217391 -660.18065217 -650.68369565
517 -656.59630434 -661.37739130 -651.81521739
518 -657.76043478 -662.57413043 -652.94673913
519 -658.92456521 -663.77086956 -654.07826086
520 -660.08869565 -664.96760869 -655.20978260
521 -661.25282608 -666.16434782 -656.34130434
522 -662.41695652 -667.36108695 -657.47282608
523 -663.58108695 -668.55782608 -658.60434782
524 -664.74521739 -669.75456521 -659.73586956
525 -665.90934782 -670.95130434 -660.86739130
526 -667.07347826 -672.14804347 -661.99891304
527 -668.23760869 -673.34478260 -663.13043478
528 -669.40173913 -674.54152173 -664.26195652
529 -670.56586956 -675.73826086 -665.39347826
530 -671.73000000 -676.93500000 -666.52500000
531 -672.89413043 -678.13173913 -667.65652173
532 -674.05826086 -679.32847826 -668.78804347
533 -675.22239130 -680.52521739 -669.91956521
534 -676.38652173 -681.72195652 -671.05108695
535 -677.55065217 -682.91869565 -672.18260869
536 -678.71478260 -684.11543478 -673.31413043
537 -679.87891304 -685.31217391 -674.44565217
538 -681.04304347 -686.50891304 -675.57717391
539 -682.20717391 -687.70565217 -676.70869565
540 -683.37130434 -688.90239130 -677.84021739
541 -684.53543478 -690.09913043 -678.97173913
542 -685.69956521 -691.29586956 -680.10326086
543 -686.86369565 -692.49260869 -681.23478260
544 -688.02782608 -693.68934782 -682.36630434
545 -689.19195652 -694.88608695 -683.49782608
546 -690.35608695 -696.08282608 -684.62934782
547 -691.52021739 -697.27956521 -685.76086956
548 -692.68434782 -698.47630434 -686.89239130
549 -693.84847826 -699.67304347 -688.02391304
550 -695.01260869 -700.86978260 -689.15543478
551 -696.17673913 -702.06652173 -690.28695652
552 -697.34086956 -703.26326086 -691.41847826
553 -698.50500000 -704.46000000 -692.55000000
554 -699.57928571 -705.52934065 -693.62923076
555 -700.65357142 -706.59868131 -694.70846153
556 -701.72785714 -707.66802197 -695.78769230
557 -702.80214285 -708.73736263 -696.86692307
558 -703.87642857 -709.80670329 -697.94615384
559 -704.95071428 -710.87604395 -699.02538461
560 -706.02500000 -711.94538461 -700.10461538
561 -707.09928571 -713.01472527 -701.18384615
562 -708.17357142 -714.08406593 -702.26307692
563 -709.24785714 -715.15340659 -703.34230769
564 -710.32214285 -716.22274725 -704.42153846
565 -711.39642857 -717.29208791 -705.50076923
566 -712.47071428 -718.36142857 -706.58000000
567 -713.54500000 -719.43076923 -707.65923076
568 -714.61928571 -720.50010989 -708.73846153
569 -715.69357142 -721.56945054 -709.81769230
570 -716.76785714 -722.63879120 -710.89692307
571 -717.84214285 -723.70813186 -711.97615384
572 -718.91642857 -724.77747252 -713.05538461
573 -719.99071428 -725.84681318 -714.13461538
574 -721.06500000 -726.91615384 -715.21384615
575 -722.13928571 -727.98549450 -716.29307692
576 -723.21357142 -729.05483516 -717.37230769
577 -724.28785714 -730.12417582 -718.45153846
578 -725.36214285 -731.19351648 -719.53076923
579 -726.43642857 -732.26285714 -720.61000000
580 -727.51071428 -733.33219780 -721.68923076
581 -728.58500000 -734.40153846 -722.76846153
582 -729.65928571 -735.47087912 -723.84769230
583 -730.73357142 -736.54021978 -724.92692307
584 -731.80785714 -737.60956043 -726.00615384
585 -732.88214285 -738.67890109 -727.08538461
586 -733.95642857 -739.74824175 -728.16461538
587 -735.03071428 -740.81758241 -729.24384615
588 -736.10500000 -741.88692307 -730.32307692
589 -737.17928571 -742.95626373 -731.40230769
590 -738.25357142 -744.02560439 -732.48153846
591 -739.32785714 -745.09494505 -733.56076923
592 -740.40214285 -746.16428571 -734.64000000
593 -741.47642857 -747.23362637 -735.71923076
594 -742.55071428 -748.30296703 -736.79846153
595 -743.62500000 -749.37230769 -737.87769230
596 -744.69928571 -750.44164835 -738.95692307
597 -745.77357142 -751.51098901 -740.03615384
598 -746.84785714 -752.58032967 -741.11538461
599 -747.92214285 -753.64967032 -742.19461538
600 -748.99642857 -754.71901098 -743.27384615
601 -750.07071428 -755.78835164 -744.35307692
602 -751.14500000 -756.85769230 -745.43230769
603 -752.21928571 -757.92703296 -746.51153846
604 -753.29357142 -758.99637362 -747.59076923
605 -754.36785714 -760.06571428 -748.67000000
606 -755.44214285 -761.13505494 -749.74923076
607 -756.51642857 -762.20439560 -750.82846153
608 -757.59071428 -763.27373626 -751.90769230
609 -758.66500000 -764.34307692 -752.98692307
610 -759.73928571 -765.41241758 -754.06615384
611 -760.81357142 -766.48175824 -755.14538461
612 -761.88785714 -767.55109890 -756.22461538
613 -762.96214285 -768.62043956 -757.30384615
614 -764.03642857 -769.68978021 -758.38307692
615 -765.11071428 -770.75912087 -759.46230769
616 -766.18500000 -771.82846153 -760.54153846
617 -767.25928571 -772.89780219 -761.62076923
618 -768.33357142 -773.96714285 -762.70000000
619 -769.40785714 -775.03648351 -763.77923076
620 -770.48214285 -776.10582417 -764.85846153
621 -771.55642857 -777.17516483 -765.93769230
622 -772.63071428 -778.24450549 -767.01692307
623 -773.70500000 -779.31384615 -768.09615384
624 -774.77928571 -780.38318681 -769.17538461
625 -775.85357142 -781.45252747 -770.25461538
626 -776.92785714 -782.52186813 -771.33384615
627 -778.00214285 -783.59120879 -772.41307692
628 -779.07642857 -784.66054945 -773.49230769
629 -780.15071428 -785.72989010 -774.57153846
630 -781.22500000 -786.79923076 -775.65076923
631 -782.29928571 -787.86857142 -776.73000000
632 -783.37357142 -788.93791208 -777.80923076
633 -784.44785714 -790.00725274 -778.88846153
634 -785.52214285 -791.07659340 -779.96769230
635 -786.59642857 -792.14593406 -781.04692307
636 -787.67071428 -793.21527472 -782.12615384
637 -788.74500000 -794.28461538 -783.20538461
638 -789.81928571 -795.35395604 -784.28461538
639 -790.89357142 -796.42329670 -785.36384615
640 -791.96785714 -797.49263736 -786.44307692
641 -793.04214285 -798.56197802 -787.52230769
642 -794.11642857 -799.63131868 -788.60153846
643 -795.19071428 -800.70065934 -789.68076923
644 -796.26500000 -801.77000000 -790.76000000
645 -797.28214285 -802.82340659 -791.74087912
646 -798.29928571 -803.87681318 -792.72175824
647 -799.31642857 -804.93021978 -793.70263736
648 -800.33357142 -805.98362637 -794.68351648
649 -801.35071428 -807.03703296 -795.66439560
650 -802.36785714 -808.09043956 -796.64527472
651 -803.38500000 -809.14384615 -797.62615384
652 -804.40214285 -810.19725274 -798.60703296
653 -805.41928571 -811.25065934 -799.58791208
654 -806.43642857 -812.30406593 -800.56879120
655 -807.45357142 -813.35747252 -801.54967032
656 -808.47071428 -814.41087912 -802.53054945
657 -809.48785714 -815.46428571 -803.51142857
658 -810.50500000 -816.51769230 -804.49230769
659 -811.52214285 -817.57109890 -805.47318681
660 -812.53928571 -818.62450549 -806.45406593
661 -813.55642857 -819.67791208 -807.43494505
662 -814.57357142 -820.73131868 -808.41582417
663 -815.59071428 -821.78472527 -809.39670329
664 -816.60785714 -822.83813186 -810.37758241
665 -817.62500000 -823.89153846 -811.35846153
666 -818.64214285 -824.94494505 -812.33934065
667 -819.65928571 -825.99835164 -813.32021978
668 -820.67642857 -827.05175824 -814.30109890
669 -821.69357142 -828.10516483 -815.28197802
670 -822.71071428 -829.15857142 -816.26285714
671 -823.72785714 -830.21197802 -817.24373626
672 -824.74500000 -831.26538461 -818.22461538
673 -825.76214285 -832.31879120 -819.20549450
674 -826.77928571 -833.37219780 -820.18637362
675 -827.79642857 -834.42560439 -821.16725274
676 -828.81357142 -835.47901098 -822.14813186
677 -829.83071428 -836.53241758 -823.12901098
678 -830.84785714 -837.58582417 -824.10989010
679 -831.86500000 -838.63923076 -825.09076923
680 -832.88214285 -839.69263736 -826.07164835
681 -833.89928571 -840.74604395 -827.05252747
682 -834.91642857 -841.79945054 -828.03340659
683 -835.93357142 -842.85285714 -829.01428571
684 -836.95071428 -843.90626373 -829.99516483
685 -837.96785714 -844.95967032 -830.97604395
686 -838.98500000 -846.01307692 -831.95692307
687 -840.00214285 -847.06648351 -832.93780219
688 -841.01928571 -848.11989010 -833.91868131
689 -842.03642857 -849.17329670 -834.89956043
690 -843.05357142 -850.22670329 -835.88043956
691 -844.07071428 -851.28010989 -836.86131868
692 -845.08785714 -852.33351648 -837.84219780
693 -846.10500000 -853.38692307 -838.82307692
694 -847.12214285 -854.44032967 -839.80395604
695 -848.13928571 -855.49373626 -840.78483516
696 -849.15642857 -856.54714285 -841.76571428
697 -850.17357142 -857.60054945 -842.74659340
698 -851.19071428 -858.65395604 -843.72747252
699 -852.20785714 -859.70736263 -844.70835164
700 -853.22500000 -860.76076923 -845.68923076
701 -854.24214285 -861.81417582 -846.67010989
702 -855.25928571 -862.86758241 -847.65098901
703 -856.27642857 -863.92098901 -848.63186813
704 -857.29357142 -864.97439560 -849.61274725
705 -858.31071428 -866.02780219 -850.59362637
706 -859.32785714 -867.08120879 -851.57450549
707 -860.34500000 -868.13461538 -852.55538461
708 -861.36214285 -869.18802197 -853.53626373
709 -862.37928571 -870.24142857 -854.51714285
710 -863.39642857 -871.29483516 -855.49802197
711 -864.41357142 -872.34824175 -856.47890109
712 -865.43071428 -873.40164835 -857.45978021
713 -866.44785714 -874.45505494 -858.44065934
714 -867.46500000 -875.50846153 -859.42153846
715 -868.48214285 -876.56186813 -860.40241758
716 -869.49928571 -877.61527472 -861.38329670
717 -870.51642857 -878.66868131 -862.36417582
718 -871.53357142 -879.72208791 -863.34505494
719 -872.55071428 -880.77549450 -864.32593406
720 -873.56785714 -881.82890109 -865.30681318
721 -874.58500000 -882.88230769 -866.28769230
722 -875.60214285 -883.93571428 -867.26857142
723 -876.61928571 -884.98912087 -868.24945054
724 -877.63642857 -886.04252747 -869.23032967
725 -878.65357142 -887.09593406 -870.21120879
726 -879.67071428 -888.14934065 -871.19208791
727 -880.68785714 -889.20274725 -872.17296703
728 -881.70500000 -890.25615384 -873.15384615
729 -882.72214285 -891.30956043 -874.13472527
730 -883.73928571 -892.36296703 -875.11560439
731 -884.75642857 -893.41637362 -876.09648351
732 -885.77357142 -894.46978021 -877.07736263
733 -886.79071428 -895.52318681 -878.05824175
734 -887.80785714 -896.57659340 -879.03912087
735 -888.82500000 -897.63000000 -880.02000000
736 -889.74547554 -898.56119565 -880.92975543
737 -890.66595108 -899.49239130 -881.83951086
738 -891.58642663 -900.42358695 -882.74926630
739 -892.50690217 -901.35478260 -883.65902173
740 -893.42737771 -902.28597826 -884.56877717
741 -894.34785326 -903.21717391 -885.47853260
742 -895.26832880 -904.14836956 -886.38828804
743 -896.18880434 -905.07956521 -887.29804347
744 -897.10927989 -906.01076086 -888.20779891
745 -898.02975543 -906.94195652 -889.11755434
746 -898.95023097 -907.87315217 -890.02730978
747 -899.87070652 -908.80434782 -890.93706521
748 -900.79118206 -909.73554347 -891.84682065
749 -901.71165760 -910.66673913 -892.75657608
750 -902.63213315 -911.59793478 -893.66633152
751 -903.55260869 -912.52913043 -894.57608695
752 -904.47308423 -913.46032608 -895.48584239
753 -905.39355978 -914.39152173 -896.39559782
754 -906.31403532 -915.32271739 -897.30535326
755 -907.23451086 -916.25391304 -898.21510869
756 -908.15498641 -917.18510869 -899.12486413
757 -909.07546195 -918.11630434 -900.03461956
758 -909.99593750 -919.04750000 -900.94437500
759 -910.91641304 -919.97869565 -901.85413043
760 -911.83688858 -920.90989130 -902.76388586
761 -912.75736413 -921.84108695 -903.67364130
762 -913.67783967 -922.77228260 -904.58339673
763 -914.59831521 -923.70347826 -905.49315217
764 -915.51879076 -924.63467391 -906.40290760
765 -916.43926630 -925.56586956 -907.31266304
766 -917.35974184 -926.49706521 -908.22241847
767 -918.28021739 -927.42826086 -909.13217391
768 -919.20069293 -928.35945652 -910.04192934
769 -920.12116847 -929.29065217 -910.95168478
770 -921.04164402 -930.22184782 -911.86144021
771 -921.96211956 -931.15304347 -912.77119565
772 -922.88259510 -932.08423913 -913.68095108
773 -923.80307065 -933.01543478 -914.59070652
774 -924.72354619 -933.94663043 -915.50046195
775 -925.64402173 -934.87782608 -916.41021739
776 -926.56449728 -935.80902173 -917.31997282
777 -927.48497282 -936.74021739 -918.22972826
778 -928.40544836 -937.67141304 -919.13948369
779 -929.32592391 -938.60260869 -920.04923913
780 -930.24639945 -939.53380434 -920.95899456
781 -931.16687500 -940.46500000 -921.86875000
782 -932.08735054 -941.39619565 -922.77850543
783 -933.00782608 -942.32739130 -923.68826086
784 -933.92830163 -943.25858695 -924.59801630
785 -934.84877717 -944.18978260 -925.50777173
786 -935.76925271 -945.12097826 -926.41752717
787 -936.68972826 -946.05217391 -927.32728260
788 -937.61020380 -946.98336956 -928.23703804
789 -938.53067934 -947.91456521 -929.14679347
790 -939.45115489 -948.84576086 -930.05654891
791 -940.37163043 -949.77695652 -930.96630434
792 -941.29210597 -950.70815217 -931.87605978
793 -942.21258152 -951.63934782 -932.78581521
794 -943.13305706 -952.57054347 -933.69557065
795 -944.05353260 -953.50173913 -934.60532608
796 -944.97400815 -954.43293478 -935.51508152
797 -945.89448369 -955.36413043 -936.42483695
798 -946.81495923 -956.29532608 -937.33459239
799 -947.73543478 -957.22652173 -938.24434782
800 -948.65591032 -958.15771739 -939.15410326
801 -949.57638586 -959.08891304 -940.06385869
802 -950.49686141 -960.02010869 -940.97361413
803 -951.41733695 -960.95130434 -941.88336956
804 -952.33781250 -961.88250000 -942.79312500
805 -953.25828804 -962.81369565 -943.70288043
806 -954.17876358 -963.74489130 -944.61263586
807 -955.09923913 -964.67608695 -945.52239130
808 -956.01971467 -965.60728260 -946.43214673
809 -956.94019021 -966.53847826 -947.34190217
810 -957.86066576 -967.46967391 -948.25165760
811 -958.78114130 -968.40086956 -949.16141304
812 -959.70161684 -969.33206521 -950.07116847
813 -960.62209239 -970.26326086 -950.98092391
814 -961.54256793 -971.19445652 -951.89067934
815 -962.46304347 -972.12565217 -952.80043478
816 -963.38351902 -973.05684782 -953.71019021
817 -964.30399456 -973.98804347 -954.61994565
818 -965.22447010 -974.91923913 -955.52970108
819 -966.14494565 -975.85043478 -956.43945652
820 -967.06542119 -976.78163043 -957.34921195
821 -967.98589673 -977.71282608 -958.25896739
822 -968.90637228 -978.64402173 -959.16872282
823 -969.82684782 -979.57521739 -960.07847826
824 -970.74732336 -980.50641304 -960.98823369
825 -971.66779891 -981.43760869 -961.89798913
826 -972.58827445 -982.36880434 -962.80774456
827 -973.50875000 -983.30000000 -963.71750000
828 -974.42922554 -984.23119565 -964.62725543
829 -975.34970108 -985.16239130 -965.53701086
830 -976.27017663 -986.09358695 -966.44676630
831 -977.19065217 -987.02478260 -967.35652173
832 -978.11112771 -987.95597826 -968.26627717
833 -979.03160326 -988.88717391 -969.17603260
834 -979.95207880 -989.81836956 -970.08578804
835 -980.87255434 -990.74956521 -970.99554347
836 -981.79302989 -991.68076086 -971.90529891
837 -982.71350543 -992.61195652 -972.81505434
838 -983.63398097 -993.54315217 -973.72480978
839 -984.55445652 -994.47434782 -974.63456521
840 -985.47493206 -995.40554347 -975.54432065
841 -986.39540760 -996.33673913 -976.45407608
842 -987.31588315 -997.26793478 -977.36383152
843 -988.23635869 -998.19913043 -978.27358695
844 -989.15683423 -999.13032608 -979.18334239
845 -990.07730978 -1000.06152173 -980.09309782
846 -990.99778532 -1000.99271739 -981.00285326
847 -991.91826086 -1001.92391304 -981.91260869
848 -992.83873641 -1002.85510869 -982.82236413
849 -993.75921195 -1003.78630434 -983.73211956
850 -994.67968750 -1004.71750000 -984.64187500
851 -995.60016304 -1005.64869565 -985.55163043
852 -996.52063858 -1006.57989130 -986.46138586
853 -997.44111413 -1007.51108695 -987.37114130
854 -998.36158967 -1008.44228260 -988.28089673
855 -999.28206521 -1009.37347826 -989.19065217
856 -1000.20254076 -1010.30467391 -990.10040760
857 -1001.12301630 -1011.23586956 -991.01016304
858 -1002.04349184 -1012.16706521 -991.91991847
859 -1002.96396739 -1013.09826086 -992.82967391
860 -1003.88444293 -1014.02945652 -993.73942934
861 -1004.80491847 -1014.96065217 -994.64918478
862 -1005.72539402 -1015.89184782 -995.55894021
863 -1006.64586956 -1016.82304347 -996.46869565
864 -1007.56634510 -1017.75423913 -997.37845108
865 -1008.48682065 -1018.68543478 -998.28820652
866 -1009.40729619 -1019.61663043 -999.19796195
867 -1010.32777173 -1020.54782608 -1000.10771739
868 -1011.24824728 -1021.47902173 -1001.01747282
869 -1012.16872282 -1022.41021739 -1001.92722826
870 -1013.08919836 -1023.34141304 -1002.83698369
871 -1014.00967391 -1024.27260869 -1003.74673913
872 -1014.93014945 -1025.20380434 -1004.65649456
873 -1015.85062500 -1026.13500000 -1005.56625000
874 -1016.77110054 -1027.06619565 -1006.47600543
875 -1017.69157608 -1027.99739130 -1007.38576086
876 -1018.61205163 -1028.92858695 -1008.29551630
877 -1019.53252717 -1029.85978260 -1009.20527173
878 -1020.45300271 -1030.79097826 -1010.11502717
879 -1021.37347826 -1031.72217391 -1011.02478260
880 -1022.29395380 -1032.65336956 -1011.93453804
881 -1023.21442934 -1033.58456521 -1012.84429347
882 -1024.13490489 -1034.51576086 -1013.75404891
883 -1025.05538043 -1035.44695652 -1014.66380434
884 -1025.97585597 -1036.37815217 -1015.57355978
885 -1026.89633152 -1037.30934782 -1016.48331521
886 -1027.81680706 -1038.24054347 -1017.39307065
887 -1028.73728260 -1039.17173913 -1018.30282608
888 -1029.65775815 -1040.10293478 -1019.21258152
889 -1030.57823369 -1041.03413043 -1020.12233695
890 -1031.49870923 -1041.96532608 -1021.03209239
891 -1032.41918478 -1042.89652173 -1021.94184782
892 -1033.33966032 -1043.82771739 -1022.85160326
893 -1034.26013586 -1044.75891304 -1023.76135869
894 -1035.18061141 -1045.69010869 -1024.67111413
895 -1036.10108695 -1046.62130434 -1025.58086956
896 -1037.02156250 -1047.55250000 -1026.49062500
897 -1037.94203804 -1048.48369565 -1027.40038043
898 -1038.86251358 -1049.41489130 -1028.31013586
899 -1039.78298913 -1050.34608695 -1029.21989130
900 -1040.70346467 -1051.27728260 -1030.12964673
901 -1041.62394021 -1052.20847826 -1031.03940217
902 -1042.54441576 -1053.13967391 -1031.94915760
903 -1043.46489130 -1054.07086956 -1032.85891304
904 -1044.38536684 -1055.00206521 -1033.76866847
905 -1045.30584239 -1055.93326086 -1034.67842391
906 -1046.22631793 -1056.86445652 -1035.58817934
907 -1047.14679347 -1057.79565217 -1036.49793478
908 -1048.06726902 -1058.72684782 -1037.40769021
909 -1048.98774456 -1059.65804347 -1038.31744565
910 -1049.90822010 -1060.58923913 -1039.22720108
911 -1050.82869565 -1061.52043478 -1040.13695652
912 -1051.74917119 -1062.45163043 -1041.04671195
913 -1052.66964673 -1063.38282608 -1041.95646739
914 -1053.59012228 -1064.31402173 -1042.86622282
915 -1054.51059782 -1065.24521739 -1043.77597826
916 -1055.43107336 -1066.17641304 -1044.68573369
917 -1056.35154891 -1067.10760869 -1045.59548913
918 -1057.27202445 -1068.03880434 -1046.50524456
919 -1058.19250000 -1068.97000000 -1047.41500000
920 -1059.11297554 -1069.90119565 -1048.32475543
921 -1060.03345108 -1070.83239130 -1049.23451086
922 -1060.95392663 -1071.76358695 -1050.14426630
923 -1061.87440217 -1072.69478260 -1051.05402173
924 -1062.79487771 -1073.62597826 -1051.96377717
925 -1063.71535326 -1074.55717391 -1052.87353260
926 -1064.63582880 -1075.48836956 -1053.78328804
927 -1065.55630434 -1076.41956521 -1054.69304347
928 -1066.47677989 -1077.35076086 -1055.60279891
929 -1067.39725543 -1078.28195652 -1056.51255434
930 -1068.31773097 -1079.21315217 -1057.42230978
931 -1069.23820652 -1080.14434782 -1058.33206521
932 -1070.15868206 -1081.07554347 -1059.24182065
933 -1071.07915760 -1082.00673913 -1060.15157608
934 -1071.99963315 -1082.93793478 -1061.06133152
935 -1072.92010869 -1083.86913043 -1061.97108695
936 -1073.84058423 -1084.80032608 -1062.88084239
937 -1074.76105978 -1085.73152173 -1063.79059782
938 -1075.68153532 -1086.66271739 -1064.70035326
939 -1076.60201086 -1087.59391304 -1065.61010869
940 -1077.52248641 -1088.52510869 -1066.51986413
941 -1078.44296195 -1089.45630434 -1067.42961956
942 -1079.36343750 -1090.38750000 -1068.33937500
943 -1080.28391304 -1091.31869565 -1069.24913043
944 -1081.20438858 -1092.24989130 -1070.15888586
945 -1082.12486413 -1093.18108695 -1071.06864130
946 -1083.04533967 -1094.11228260 -1071.97839673
947 -1083.96581521 -1095.04347826 -1072.88815217
948 -1084.88629076 -1095.97467391 -1073.79790760
949 -1085.80676630 -1096.90586956 -1074.70766304
950 -1086.72724184 -1097.83706521 -1075.61741847
951 -1087.64771739 -1098.76826086 -1076.52717391
952 -1088.56819293 -1099.69945652 -1077.43692934
953 -1089.48866847 -1100.63065217 -1078.34668478
954 -1090.40914402 -1101.56184782 -1079.25644021
955 -1091.32961956 -1102.49304347 -1080.16619565
956 -1092.25009510 -1103.42423913 -1081.07595108
957 -1093.17057065 -1104.35543478 -1081.98570652
958 -1094.09104619 -1105.28663043 -1082.89546195
959 -1095.01152173 -1106.21782608 -1083.80521739
960 -1095.93199728 -1107.14902173 -1084.71497282
961 -1096.85247282 -1108.08021739 -1085.62472826
962 -1097.77294836 -1109.01141304 -1086.53448369
963 -1098.69342391 -1109.94260869 -1087.44423913
964 -1099.61389945 -1110.87380434 -1088.35399456
965 -1100.53437500 -1111.80500000 -1089.26375000
966 -1101.45485054 -1112.73619565 -1090.17350543
967 -1102.37532608 -1113.66739130 -1091.08326086
968 -1103.29580163 -1114.59858695 -1091.99301630
969 -1104.21627717 -1115.52978260 -1092.90277173
970 -1105.13675271 -1116.46097826 -1093.81252717
971 -1106.05722826 -1117.39217391 -1094.72228260
972 -1106.97770380 -1118.32336956 -1095.63203804
973 -1107.89817934 -1119.25456521 -1096.54179347
974 -1108.81865489 -1120.18576086 -1097.45154891
975 -1109.73913043 -1121.11695652 -1098.36130434
976 -1110.65960597 -1122.04815217 -1099.27105978
977 -1111.58008152 -1122.97934782 -1100.18081521
978 -1112.50055706 -1123.91054347 -1101.09057065
979 -1113.42103260 -1124.84173913 -1102.00032608
980 -1114.34150815 -1125.77293478 -1102.91008152
981 -1115.26198369 -1126.70413043 -1103.81983695
982 -1116.18245923 -1127.63532608 -1104.72959239
983 -1117.10293478 -1128.56652173 -1105.63934782
984 -1118.02341032 -1129.49771739 -1106.54910326
985 -1118.94388586 -1130.42891304 -1107.45885869
986 -1119.86436141 -1131.36010869 -1108.36861413
987 -1120.78483695 -1132.29130434 -1109.27836956
988 -1121.70531250 -1133.22250000 -1110.18812500
989 -1122.62578804 -1134.15369565 -1111.09788043
990 -1123.54626358 -1135.08489130 -1112.00763586
991 -1124.46673913 -1136.01608695 -1112.91739130
992 -1125.38721467 -1136.94728260 -1113.82714673
993 -1126.30769021 -1137.87847826 -1114.73690217
994 -1127.22816576 -1138.80967391 -1115.64665760
995 -1128.14864130 -1139.74086956 -1116.55641304
996 -1129.06911684 -1140.67206521 -1117.46616847
997 -1129.98959239 -1141.60326086 -1118.37592391
998 -1130.91006793 -1142.53445652 -1119.28567934
999 -1131.83054347 -1143.46565217 -1120.19543478
1000 -1132.75101902 -1144.39684782 -1121.10519021
1001 -1133.67149456 -1145.32804347 -1122.01494565
1002 -1134.59197010 -1146.25923913 -1122.92470108
1003 -1135.51244565 -1147.19043478 -1123.83445652
1004 -1136.43292119 -1148.12163043 -1124.74421195
1005 -1137.35339673 -1149.05282608 -1125.65396739
1006 -1138.27387228 -1149.98402173 -1126.56372282
1007 -1139.19434782 -1150.91521739 -1127.47347826
1008 -1140.11482336 -1151.84641304 -1128.38323369
1009 -1141.03529891 -1152.77760869 -1129.29298913
1010 -1141.95577445 -1153.70880434 -1130.20274456
1011 -1142.87625000 -1154.64000000 -1131.11250000
1012 -1143.79672554 -1155.57119565 -1132.02225543
1013 -1144.71720108 -1156.50239130 -1132.93201086
1014 -1145.63767663 -1157.43358695 -1133.84176630
1015 -1146.55815217 -1158.36478260 -1134.75152173
1016 -1147.47862771 -1159.29597826 -1135.66127717
1017 -1148.39910326 -1160.22717391 -1136.57103260
1018 -1149.31957880 -1161.15836956 -1137.48078804
1019 -1150.24005434 -1162.08956521 -1138.39054347
1020 -1151.16052989 -1163.02076086 -1139.30029891
1021 -1152.08100543 -1163.95195652 -1140.21005434
1022 -1153.00148097 -1164.88315217 -1141.11980978
1023 -1153.92195652 -1165.81434782 -1142.02956521
1024 -1154.84243206 -1166.74554347 -1142.93932065
1025 -1155.76290760 -1167.67673913 -1143.84907608
1026 -1156.68338315 -1168.60793478 -1144.75883152
1027 -1157.60385869 -1169.53913043 -1145.66858695
1028 -1158.52433423 -1170.47032608 -1146.57834239
1029 -1159.44480978 -1171.40152173 -1147.48809782
1030 -1160.36528532 -1172.33271739 -1148.39785326
1031 -1161.28576086 -1173.26391304 -1149.30760869
1032 -1162.20623641 -1174.19510869 -1150.21736413
1033 -1163.12671195 -1175.12630434 -1151.12711956
1034 -1164.04718750 -1176.05750000 -1152.03687500
1035 -1164.96766304 -1176.98869565 -1152.94663043
1036 -1165.88813858 -1177.91989130 -1153.85638586
1037 -1166.80861413 -1178.85108695 -1154.76614130
1038 -1167.72908967 -1179.78228260 -1155.67589673
1039 -1168.64956521 -1180.71347826 -1156.58565217
1040 -1169.57004076 -1181.64467391 -1157.49540760
1041 -1170.49051630 -1182.57586956 -1158.40516304
1042 -1171.41099184 -1183.50706521 -1159.31491847
1043 -1172.33146739 -1184.43826086 -1160.22467391
1044 -1173.25194293 -1185.36945652 -1161.13442934
1045 -1174.17241847 -1186.30065217 -1162.04418478
1046 -1175.09289402 -1187.23184782 -1162.95394021
1047 -1176.01336956 -1188.16304347 -1163.86369565
1048 -1176.93384510 -1189.09423913 -1164.77345108
1049 -1177.85432065 -1190.02543478 -1165.68320652
1050 -1178.77479619 -1190.95663043 -1166.59296195
1051 -1179.69527173 -1191.88782608 -1167.50271739
1052 -1180.61574728 -1192.81902173 -1168.41247282
1053 -1181.53622282 -1193.75021739 -1169.32222826
1054 -1182.45669836 -1194.68141304 -1170.23198369
1055 -1183.37717391 -1195.61260869 -1171.14173913
1056 -1184.29764945 -1196.54380434 -1172.05149456
1057 -1185.21812500 -1197.47500000 -1172.96125000
1058 -1186.13860054 -1198.40619565 -1173.87100543
1059 -1187.05907608 -1199.33739130 -1174.78076086
1060 -1187.97955163 -1200.26858695 -1175.69051630
1061 -1188.90002717 -1201.19978260 -1176.60027173
1062 -1189.82050271 -1202.13097826 -1177.51002717
1063 -1190.74097826 -1203.06217391 -1178.41978260
1064 -1191.66145380 -1203.99336956 -1179.32953804
1065 -1192.58192934 -1204.92456521 -1180.23929347
1066 -1193.50240489 -1205.85576086 -1181.14904891
1067 -1194.42288043 -1206.78695652 -1182.05880434
1068 -1195.34335597 -1207.71815217 -1182.96855978
1069 -1196.26383152 -1208.64934782 -1183.87831521
1070 -1197.18430706 -1209.58054347 -1184.78807065
1071 -1198.10478260 -1210.51173913 -1185.69782608
1072 -1199.02525815 -1211.44293478 -1186.60758152
1073 -1199.94573369 -1212.37413043 -1187.51733695
1074 -1200.86620923 -1213.30532608 -1188.42709239
1075 -1201.78668478 -1214.23652173 -1189.33684782
1076 -1202.70716032 -1215.16771739 -1190.24660326
1077 -1203.62763586 -1216.09891304 -1191.15635869
1078 -1204.54811141 -1217.03010869 -1192.06611413
1079 -1205.46858695 -1217.96130434 -1192.97586956
1080 -1206.38906250 -1218.89250000 -1193.88562500
1081 -1207.30953804 -1219.82369565 -1194.79538043
1082 -1208.23001358 -1220.75489130 -1195.70513586
1083 -1209.15048913 -1221.68608695 -1196.61489130
1084 -1210.07096467 -1222.61728260 -1197.52464673
1085 -1210.99144021 -1223.54847826 -1198.43440217
1086 -1211.91191576 -1224.47967391 -1199.34415760
1087 -1212.83239130 -1225.41086956 -1200.25391304
1088 -1213.75286684 -1226.34206521 -1201.16366847
1089 -1214.67334239 -1227.27326086 -1202.07342391
1090 -1215.59381793 -1228.20445652 -1202.98317934
1091 -1216.51429347 -1229.13565217 -1203.89293478
1092 -1217.43476902 -1230.06684782 -1204.80269021
1093 -1218.35524456 -1230.99804347 -1205.71244565
1094 -1219.27572010 -1231.92923913 -1206.62220108
1095 -1220.19619565 -1232.86043478 -1207.53195652
1096 -1221.11667119 -1233.79163043 -1208.44171195
1097 -1222.03714673 -1234.72282608 -1209.35146739
1098 -1222.95762228 -1235.65402173 -1210.26122282
1099 -1223.87809782 -1236.58521739 -1211.17097826
1100 -1224.79857336 -1237.51641304 -1212.08073369
1101 -1225.71904891 -1238.44760869 -1212.99048913
1102 -1226.63952445 -1239.37880434 -1213.90024456
1103 -1227.56000000 -1240.31000000 -1214.81000000
1104 -1228.35717032 -1241.10291208 -1215.61142857
1105 -1229.15434065 -1241.89582417 -1216.41285714
1106 -1229.95151098 -1242.68873626 -1217.21428571
1107 -1230.74868131 -1243.48164835 -1218.01571428
1108 -1231.54585164 -1244.27456043 -1218.81714285
1109 -1232.34302197 -1245.06747252 -1219.61857142
1110 -1233.14019230 -1245.86038461 -1220.42000000
1111 -1233.93736263 -1246.65329670 -1221.22142857
1112 -1234.73453296 -1247.44620879 -1222.02285714
1113 -1235.53170329 -1248.23912087 -1222.82428571
1114 -1236.32887362 -1249.03203296 -1223.62571428
1115 -1237.12604395 -1249.82494505 -1224.42714285
1116 -1237.92321428 -1250.61785714 -1225.22857142
1117 -1238.72038461 -1251.41076923 -1226.03000000
1118 -1239.51755494 -1252.20368131 -1226.83142857
1119 -1240.31472527 -1252.99659340 -1227.63285714
1120 -1241.11189560 -1253.78950549 -1228.43428571
1121 -1241.90906593 -1254.58241758 -1229.23571428
1122 -1242.70623626 -1255.37532967 -1230.03714285
1123 -1243.50340659 -1256.16824175 -1230.83857142
1124 -1244.30057692 -1256.96115384 -1231.64000000
1125 -1245.09774725 -1257.75406593 -1232.44142857
1126 -1245.89491758 -1258.54697802 -1233.24285714
1127 -1246.69208791 -1259.33989010 -1234.04428571
1128 -1247.48925824 -1260.13280219 -1234.84571428
1129 -1248.28642857 -1260.92571428 -1235.64714285
1130 -1249.08359890 -1261.71862637 -1236.44857142
1131 -1249.88076923 -1262.51153846 -1237.25000000
1132 -1250.67793956 -1263.30445054 -1238.05142857
1133 -1251.47510989 -1264.09736263 -1238.85285714
1134 -1252.27228021 -1264.89027472 -1239.65428571
1135 -1253.06945054 -1265.68318681 -1240.45571428
1136 -1253.86662087 -1266.47609890 -1241.25714285
1137 -1254.66379120 -1267.26901098 -1242.05857142
1138 -1255.46096153 -1268.06192307 -1242.86000000
1139 -1256.25813186 -1268.85483516 -1243.66142857
1140 -1257.05530219 -1269.64774725 -1244.46285714
1141 -1257.85247252 -1270.44065934 -1245.26428571
1142 -1258.64964285 -1271.23357142 -1246.06571428
1143 -1259.44681318 -1272.02648351 -1246.86714285
1144 -1260.24398351 -1272.81939560 -1247.66857142
1145 -1261.04115384 -1273.61230769 -1248.47000000
1146 -1261.83832417 -1274.40521978 -1249.27142857
1147 -1262.63549450 -1275.19813186 -1250.07285714
1148 -1263.43266483 -1275.99104395 -1250.87428571
1149 -1264.22983516 -1276.78395604 -1251.67571428
1150 -1265.02700549 -1277.57686813 -1252.47714285
1151 -1265.82417582 -1278.36978021 -1253.27857142
1152 -1266.62134615 -1279.16269230 -1254.08000000
1153 -1267.41851648 -1279.95560439 -1254.88142857
1154 -1268.21568681 -1280.74851648 -1255.68285714
1155 -1269.01285714 -1281.54142857 -1256.48428571
1156 -1269.81002747 -1282.33434065 -1257.28571428
1157 -1270.60719780 -1283.12725274 -1258.08714285
1158 -1271.40436813 -1283.92016483 -1258.88857142
1159 -1272.20153846 -1284.71307692 -1259.69000000
1160 -1272.99870879 -1285.50598901 -1260.49142857
1161 -1273.79587912 -1286.29890109 -1261.29285714
1162 -1274.59304945 -1287.09181318 -1262.09428571
1163 -1275.39021978 -1287.88472527 -1262.89571428
1164 -1276.18739010 -1288.67763736 -1263.69714285
1165 -1276.98456043 -1289.47054945 -1264.49857142
1166 -1277.78173076 -1290.26346153 -1265.30000000
1167 -1278.57890109 -1291.05637362 -1266.10142857
1168 -1279.37607142 -1291.84928571 -1266.90285714
1169 -1280.17324175 -1292.64219780 -1267.70428571
1170 -1280.97041208 -1293.43510989 -1268.50571428
1171 -1281.76758241 -1294.22802197 -1269.30714285
1172 -1282.56475274 -1295.02093406 -1270.10857142
1173 -1283.36192307 -1295.81384615 -1270.91000000
1174 -1284.15909340 -1296.60675824 -1271.71142857
1175 -1284.95626373 -1297.39967032 -1272.51285714
1176 -1285.75343406 -1298.19258241 -1273.31428571
1177 -1286.55060439 -1298.98549450 -1274.11571428
1178 -1287.34777472 -1299.77840659 -1274.91714285
1179 -1288.14494505 -1300.57131868 -1275.71857142
1180 -1288.94211538 -1301.36423076 -1276.52000000
1181 -1289.73928571 -1302.15714285 -1277.32142857
1182 -1290.53645604 -1302.95005494 -1278.12285714
1183 -1291.33362637 -1303.74296703 -1278.92428571
1184 -1292.13079670 -1304.53587912 -1279.72571428
1185 -1292.92796703 -1305.32879120 -1280.52714285
1186 -1293.72513736 -1306.12170329 -1281.32857142
1187 -1294.52230769 -1306.91461538 -1282.13000000
1188 -1295.31947802 -1307.70752747 -1282.93142857
1189 -1296.11664835 -1308.50043956 -1283.73285714
1190 -1296.91381868 -1309.29335164 -1284.53428571
1191 -1297.71098901 -1310.08626373 -1285.33571428
1192 -1298.50815934 -1310.87917582 -1286.13714285
1193 -1299.30532967 -1311.67208791 -1286.93857142
1194 -1300.10250000 -1312.46500000 -1287.74000000
1195 -1300.89967032 -1313.25791208 -1288.54142857
1196 -1301.69684065 -1314.05082417 -1289.34285714
1197 -1302.49401098 -1314.84373626 -1290.14428571
1198 -1303.29118131 -1315.63664835 -1290.94571428
1199 -1304.08835164 -1316.42956043 -1291.74714285
1200 -1304.88552197 -1317.22247252 -1292.54857142
1201 -1305.68269230 -1318.01538461 -1293.35000000
1202 -1306.47986263 -1318.80829670 -1294.15142857
1203 -1307.27703296 -1319.60120879 -1294.95285714
1204 -1308.07420329 -1320.39412087 -1295.75428571
1205 -1308.87137362 -1321.18703296 -1296.55571428
1206 -1309.66854395 -1321.97994505 -1297.35714285
1207 -1310.46571428 -1322.77285714 -1298.15857142
1208 -1311.26288461 -1323.56576923 -1298.96000000
1209 -1312.06005494 -1324.35868131 -1299.76142857
1210 -1312.85722527 -1325.15159340 -1300.56285714
1211 -1313.65439560 -1325.94450549 -1301.36428571
1212 -1314.45156593 -1326.73741758 -1302.16571428
1213 -1315.24873626 -1327.53032967 -1302.96714285
1214 -1316.04590659 -1328.32324175 -1303.76857142
1215 -1316.84307692 -1329.11615384 -1304.57000000
1216 -1317.64024725 -1329.90906593 -1305.37142857
1217 -1318.43741758 -1330.70197802 -1306.17285714
1218 -1319.23458791 -1331.49489010 -1306.97428571
1219 -1320.03175824 -1332.28780219 -1307.77571428
1220 -1320.82892857 -1333.08071428 -1308.57714285
1221 -1321.62609890 -1333.87362637 -1309.37857142
1222 -1322.42326923 -1334.66653846 -1310.18000000
1223 -1323.22043956 -1335.45945054 -1310.98142857
1224 -1324.01760989 -1336.25236263 -1311.78285714
1225 -1324.81478021 -1337.04527472 -1312.58428571
1226 -1325.61195054 -1337.83818681 -1313.38571428
1227 -1326.40912087 -1338.63109890 -1314.18714285
1228 -1327.20629120 -1339.42401098 -1314.98857142
1229 -1328.00346153 -1340.21692307 -1315.79000000
1230 -1328.80063186 -1341.00983516 -1316.59142857
1231 -1329.59780219 -1341.80274725 -1317.39285714
1232 -1330.39497252 -1342.59565934 -1318.19428571
1233 -1331.19214285 -1343.38857142 -1318.99571428
1234 -1331.98931318 -1344.18148351 -1319.79714285
1235 -1332.78648351 -1344.97439560 -1320.59857142
1236 -1333.58365384 -1345.76730769 -1321.40000000
1237 -1334.38082417 -1346.56021978 -1322.20142857
1238 -1335.17799450 -1347.35313186 -1323.00285714
1239 -1335.97516483 -1348.14604395 -1323.80428571
1240 -1336.77233516 -1348.93895604 -1324.60571428
1241 -1337.56950549 -1349.73186813 -1325.40714285
1242 -1338.36667582 -1350.52478021 -1326.20857142
1243 -1339.16384615 -1351.31769230 -1327.01000000
1244 -1339.96101648 -1352.11060439 -1327.81142857
1245 -1340.75818681 -1352.90351648 -1328.61285714
1246 -1341.55535714 -1353.69642857 -1329.41428571
1247 -1342.35252747 -1354.48934065 -1330.21571428
1248 -1343.14969780 -1355.28225274 -1331.01714285
1249 -1343.94686813 -1356.07516483 -1331.81857142
1250 -1344.74403846 -1356.86807692 -1332.62000000
1251 -1345.54120879 -1357.66098901 -1333.42142857
1252 -1346.33837912 -1358.45390109 -1334.22285714
1253 -1347.13554945 -1359.24681318 -1335.02428571
1254 -1347.93271978 -1360.03972527 -1335.82571428
1255 -1348.72989010 -1360.83263736 -1336.62714285
1256 -1349.52706043 -1361.62554945 -1337.42857142
1257 -1350.32423076 -1362.41846153 -1338.23000000
1258 -1351.12140109 -1363.21137362 -1339.03142857
1259 -1351.91857142 -1364.00428571 -1339.83285714
1260 -1352.71574175 -1364.79719780 -1340.63428571
1261 -1353.51291208 -1365.59010989 -1341.43571428
1262 -1354.31008241 -1366.38302197 -1342.23714285
1263 -1355.10725274 -1367.17593406 -1343.03857142
1264 -1355.90442307 -1367.96884615 -1343.84000000
1265 -1356.70159340 -1368.76175824 -1344.64142857
1266 -1357.49876373 -1369.55467032 -1345.44285714
1267 -1358.29593406 -1370.34758241 -1346.24428571
1268 -1359.09310439 -1371.14049450 -1347.04571428
1269 -1359.89027472 -1371.93340659 -1347.84714285
1270 -1360.68744505 -1372.72631868 -1348.64857142
1271 -1361.48461538 -1373.51923076 -1349.45000000
1272 -1362.28178571 -1374.31214285 -1350.25142857
1273 -1363.07895604 -1375.10505494 -1351.05285714
1274 -1363.87612637 -1375.89796703 -1351.85428571
1275 -1364.67329670 -1376.69087912 -1352.65571428
1276 -1365.47046703 -1377.48379120 -1353.45714285
1277 -1366.26763736 -1378.27670329 -1354.25857142
1278 -1367.06480769 -1379.06961538 -1355.06000000
1279 -1367.86197802 -1379.86252747 -1355.86142857
1280 -1368.65914835 -1380.65543956 -1356.66285714
1281 -1369.45631868 -1381.44835164 -1357.46428571
1282 -1370.25348901 -1382.24126373 -1358.26571428
1283 -1371.05065934 -1383.03417582 -1359.06714285
1284 -1371.84782967 -1383.82708791 -1359.86857142
1285 -1372.64500000 -1384.62000000 -1360.67000000
1286 -1373.44217032 -1385.41291208 -1361.47142857
1287 -1374.23934065 -1386.20582417 -1362.27285714
1288 -1375.03651098 -1386.99873626 -1363.07428571
1289 -1375.83368131 -1387.79164835 -1363.87571428
1290 -1376.63085164 -1388.58456043 -1364.67714285
1291 -1377.42802197 -1389.37747252 -1365.47857142
1292 -1378.22519230 -1390.17038461 -1366.28000000
1293 -1379.02236263 -1390.96329670 -1367.08142857
1294 -1379.81953296 -1391.75620879 -1367.88285714
1295 -1380.61670329 -1392.54912087 -1368.68428571
1296 -1381.41387362 -1393.34203296 -1369.48571428
1297 -1382.21104395 -1394.13494505 -1370.28714285
1298 -1383.00821428 -1394.92785714 -1371.08857142
1299 -1383.80538461 -1395.72076923 -1371.89000000
1300 -1384.60255494 -1396.51368131 -1372.69142857
1301 -1385.39972527 -1397.30659340 -1373.49285714
1302 -1386.19689560 -1398.09950549 -1374.29428571
1303 -1386.99406593 -1398.89241758 -1375.09571428
1304 -1387.79123626 -1399.68532967 -1375.89714285
1305 -1388.58840659 -1400.47824175 -1376.69857142
1306 -1389.38557692 -1401.27115384 -1377.50000000
1307 -1390.18274725 -1402.06406593 -1378.30142857
1308 -1390.97991758 -1402.85697802 -1379.10285714
1309 -1391.77708791 -1403.64989010 -1379.90428571
1310 -1392.57425824 -1404.44280219 -1380.70571428
1311 -1393.37142857 -1405.23571428 -1381.50714285
1312 -1394.16859890 -1406.02862637 -1382.30857142
1313 -1394.96576923 -1406.82153846 -1383.11000000
1314 -1395.76293956 -1407.61445054 -1383.91142857
1315 -1396.56010989 -1408.40736263 -1384.71285714
1316 -1397.35728021 -1409.20027472 -1385.51428571
1317 -1398.15445054 -1409.99318681 -1386.31571428
1318 -1398.95162087 -1410.78609890 -1387.11714285
1319 -1399.74879120 -1411.57901098 -1387.91857142
1320 -1400.54596153 -1412.37192307 -1388.72000000
1321 -1401.34313186 -1413.16483516 -1389.52142857
1322 -1402.14030219 -1413.95774725 -1390.32285714
1323 -1402.93747252 -1414.75065934 -1391.12428571
1324 -1403.73464285 -1415.54357142 -1391.92571428
1325 -1404.53181318 -1416.33648351 -1392.72714285
1326 -1405.32898351 -1417.12939560 -1393.52857142
1327 -1406.12615384 -1417.92230769 -1394.33000000
1328 -1406.92332417 -1418.71521978 -1395.13142857
1329 -1407.72049450 -1419.50813186 -1395.93285714
1330 -1408.51766483 -1420.30104395 -1396.73428571
1331 -1409.31483516 -1421.09395604 -1397.53571428
1332 -1410.11200549 -1421.88686813 -1398.33714285
1333 -1410.90917582 -1422.67978021 -1399.13857142
1334 -1411.70634615 -1423.47269230 -1399.94000000
1335 -1412.50351648 -1424.26560439 -1400.74142857
1336 -1413.30068681 -1425.05851648 -1401.54285714
1337 -1414.09785714 -1425.85142857 -1402.34428571
1338 -1414.89502747 -1426.64434065 -1403.14571428
1339 -1415.69219780 -1427.43725274 -1403.94714285
1340 -1416.48936813 -1428.23016483 -1404.74857142
1341 -1417.28653846 -1429.02307692 -1405.55000000
1342 -1418.08370879 -1429.81598901 -1406.35142857
1343 -1418.88087912 -1430.60890109 -1407.15285714
1344 -1419.67804945 -1431.40181318 -1407.95428571
1345 -1420.47521978 -1432.19472527 -1408.75571428
1346 -1421.27239010 -1432.98763736 -1409.55714285
1347 -1422.06956043 -1433.78054945 -1410.35857142
1348 -1422.86673076 -1434.57346153 -1411.16000000
1349 -1423.66390109 -1435.36637362 -1411.96142857
1350 -1424.46107142 -1436.15928571 -1412.76285714
1351 -1425.25824175 -1436.95219780 -1413.56428571
1352 -1426.05541208 -1437.74510989 -1414.36571428
1353 -1426.85258241 -1438.53802197 -1415.16714285
1354 -1427.64975274 -1439.33093406 -1415.96857142
1355 -1428.44692307 -1440.12384615 -1416.77000000
1356 -1429.24409340 -1440.91675824 -1417.57142857
1357 -1430.04126373 -1441.70967032 -1418.37285714
1358 -1430.83843406 -1442.50258241 -1419.17428571
1359 -1431.63560439 -1443.29549450 -1419.97571428
1360 -1432.43277472 -1444.08840659 -1420.77714285
1361 -1433.22994505 -1444.88131868 -1421.57857142
1362 -1434.02711538 -1445.67423076 -1422.38000000
1363 -1434.82428571 -1446.46714285 -1423.18142857
1364 -1435.62145604 -1447.26005494 -1423.98285714
1365 -1436.41862637 -1448.05296703 -1424.78428571
1366 -1437.21579670 -1448.84587912 -1425.58571428
1367 -1438.01296703 -1449.63879120 -1426.38714285
1368 -1438.81013736 -1450.43170329 -1427.18857142
1369 -1439.60730769 -1451.22461538 -1427.99000000
1370 -1440.40447802 -1452.01752747 -1428.79142857
1371 -1441.20164835 -1452.81043956 -1429.59285714
1372 -1441.99881868 -1453.60335164 -1430.39428571
1373 -1442.79598901 -1454.39626373 -1431.19571428
1374 -1443.59315934 -1455.18917582 -1431.99714285
1375 -1444.39032967 -1455.98208791 -1432.79857142
1376 -1445.18750000 -1456.77500000 -1433.60000000
1377 -1445.98467032 -1457.56791208 -1434.40142857
1378 -1446.78184065 -1458.36082417 -1435.20285714
1379 -1447.57901098 -1459.15373626 -1436.00428571
1380 -1448.37618131 -1459.94664835 -1436.80571428
1381 -1449.17335164 -1460.73956043 -1437.60714285
1382 -1449.97052197 -1461.53247252 -1438.40857142
1383 -1450.76769230 -1462.32538461 -1439.21000000
1384 -1451.56486263 -1463.11829670 -1440.01142857
1385 -1452.36203296 -1463.91120879 -1440.81285714
1386 -1453.15920329 -1464.70412087 -1441.61428571
1387 -1453.95637362 -1465.49703296 -1442.41571428
1388 -1454.75354395 -1466.28994505 -1443.21714285
1389 -1455.55071428 -1467.08285714 -1444.01857142
1390 -1456.34788461 -1467.87576923 -1444.82000000
1391 -1457.14505494 -1468.66868131 -1445.62142857
1392 -1457.94222527 -1469.46159340 -1446.42285714
1393 -1458.73939560 -1470.25450549 -1447.22428571
1394 -1459.53656593 -1471.04741758 -1448.02571428
1395 -1460.33373626 -1471.84032967 -1448.82714285
1396 -1461.13090659 -1472.63324175 -1449.62857142
1397 -1461.92807692 -1473.42615384 -1450.43000000
1398 -1462.72524725 -1474.21906593 -1451.23142857
1399 -1463.52241758 -1475.01197802 -1452.03285714
1400 -1464.31958791 -1475.80489010 -1452.83428571
1401 -1465.11675824 -1476.59780219 -1453.63571428
1402 -1465.91392857 -1477.39071428 -1454.43714285
1403 -1466.71109890 -1478.18362637 -1455.23857142
1404 -1467.50826923 -1478.97653846 -1456.04000000
1405 -1468.30543956 -1479.76945054 -1456.84142857
1406 -1469.10260989 -1480.56236263 -1457.64285714
1407 -1469.89978021 -1481.35527472 -1458.44428571
1408 -1470.69695054 -1482.14818681 -1459.24571428
1409 -1471.49412087 -1482.94109890 -1460.04714285
1410 -1472.29129120 -1483.73401098 -1460.84857142
1411 -1473.08846153 -1484.52692307 -1461.65000000
1412 -1473.88563186 -1485.31983516 -1462.45142857
1413 -1474.68280219 -1486.11274725 -1463.25285714
1414 -1475.47997252 -1486.90565934 -1464.05428571
1415 -1476.27714285 -1487.69857142 -1464.85571428
1416 -1477.07431318 -1488.49148351 -1465.65714285
1417 -1477.87148351 -1489.28439560 -1466.45857142
1418 -1478.66865384 -1490.07730769 -1467.26000000
1419 -1479.46582417 -1490.87021978 -1468.06142857
1420 -1480.26299450 -1491.66313186 -1468.86285714
1421 -1481.06016483 -1492.45604395 -1469.66428571
1422 -1481.85733516 -1493.24895604 -1470.46571428
1423 -1482.65450549 -1494.04186813 -1471.26714285
1424 -1483.45167582 -1494.83478021 -1472.06857142
1425 -1484.24884615 -1495.62769230 -1472.87000000
1426 -1485.04601648 -1496.42060439 -1473.67142857
1427 -1485.84318681 -1497.21351648 -1474.47285714
1428 -1486.64035714 -1498.00642857 -1475.27428571
1429 -1487.43752747 -1498.79934065 -1476.07571428
1430 -1488.23469780 -1499.59225274 -1476.87714285
1431 -1489.03186813 -1500.38516483 -1477.67857142
1432 -1489.82903846 -1501.17807692 -1478.48000000
1433 -1490.62620879 -1501.97098901 -1479.28142857
1434 -1491.42337912 -1502.76390109 -1480.08285714
1435 -1492.22054945 -1503.55681318 -1480.88428571
1436 -1493.01771978 -1504.34972527 -1481.68571428
1437 -1493.81489010 -1505.14263736 -1482.48714285
1438 -1494.61206043 -1505.93554945 -1483.28857142
1439 -1495.40923076 -1506.72846153 -1484.09000000
1440 -1496.20640109 -1507.52137362 -1484.89142857
1441 -1497.00357142 -1508.31428571 -1485.69285714
1442 -1497.80074175 -1509.10719780 -1486.49428571
1443 -1498.59791208 -1509.90010989 -1487.29571428
1444 -1499.39508241 -1510.69302197 -1488.09714285
1445 -1500.19225274 -1511.48593406 -1488.89857142
1446 -1500.98942307 -1512.27884615 -1489.70000000
1447 -1501.78659340 -1513.07175824 -1490.50142857
1448 -1502.58376373 -1513.86467032 -1491.30285714
1449 -1503.38093406 -1514.65758241 -1492.10428571
1450 -1504.17810439 -1515.45049450 -1492.90571428
1451 -1504.97527472 -1516.24340659 -1493.70714285
1452 -1505.77244505 -1517.03631868 -1494.50857142
1453 -1506.56961538 -1517.82923076 -1495.31000000
1454 -1507.36678571 -1518.62214285 -1496.11142857
1455 -1508.16395604 -1519.41505494 -1496.91285714
1456 -1508.96112637 -1520.20796703 -1497.71428571
1457 -1509.75829670 -1521.00087912 -1498.51571428
1458 -1510.55546703 -1521.79379120 -1499.31714285
1459 -1511.35263736 -1522.58670329 -1500.11857142
1460 -1512.14980769 -1523.37961538 -1500.92000000
1461 -1512.94697802 -1524.17252747 -1501.72142857
1462 -1513.74414835 -1524.96543956 -1502.52285714
1463 -1514.54131868 -1525.75835164 -1503.32428571
1464 -1515.33848901 -1526.55126373 -1504.12571428
1465 -1516.13565934 -1527.34417582 -1504.92714285
1466 -1516.93282967 -1528.13708791 -1505.72857142
1467 -1517.73000000 -1528.93000000 -1506.53000000
1468 -1518.43761707 -1529.64371900 -1507.23151515
1469 -1519.14523415 -1530.35743801 -1507.93303030
1470 -1519.85285123 -1531.07115702 -1508.63454545
1471 -1520.56046831 -1531.78487603 -1509.33606060
1472 -1521.26808539 -1532.49859504 -1510.03757575
1473 -1521.97570247 -1533.21231404 -1510.73909090
1474 -1522.68331955 -1533.92603305 -1511.44060606
1475 -1523.39093663 -1534.63975206 -1512.14212121
1476 -1524.09855371 -1535.35347107 -1512.84363636
1477 -1524.80617079 -1536.06719008 -1513.54515151
1478 -1525.51378787 -1536.78090909 -1514.24666666
1479 -1526.22140495 -1537.49462809 -1514.94818181
1480 -1526.92902203 -1538.20834710 -1515.64969696
1481 -1527.63663911 -1538.92206611 -1516.35121212
1482 -1528.34425619 -1539.63578512 -1517.05272727
1483 -1529.05187327 -1540.34950413 -1517.75424242
1484 -1529.75949035 -1541.06322314 -1518.45575757
1485 -1530.46710743 -1541.77694214 -1519.15727272
1486 -1531.17472451 -1542.49066115 -1519.85878787
1487 -1531.88234159 -1543.20438016 -1520.56030303
1488 -1532.58995867 -1543.91809917 -1521.26181818
1489 -1533.29757575 -1544.63181818 -1521.96333333
1490 -1534.00519283 -1545.34553719 -1522.66484848
1491 -1534.71280991 -1546.05925619 -1523.36636363
1492 -1535.42042699 -1546.77297520 -1524.06787878
1493 -1536.12804407 -1547.48669421 -1524.76939393
1494 -1536.83566115 -1548.20041322 -1525.47090909
1495 -1537.54327823 -1548.91413223 -1526.17242424
1496 -1538.25089531 -1549.62785123 -1526.87393939
1497 -1538.95851239 -1550.34157024 -1527.57545454
1498 -1539.66612947 -1551.05528925 -1528.27696969
1499 -1540.37374655 -1551.76900826 -1528.97848484
1500 -1541.08136363 -1552.48272727 -1529.68000000
1501 -1541.78898071 -1553.19644628 -1530.38151515
1502 -1542.49659779 -1553.91016528 -1531.08303030
1503 -1543.20421487 -1554.62388429 -1531.78454545
1504 -1543.91183195 -1555.33760330 -1532.48606060
1505 -1544.61944903 -1556.05132231 -1533.18757575
1506 -1545.32706611 -1556.76504132 -1533.88909090
1507 -1546.03468319 -1557.47876033 -1534.59060606
1508 -1546.74230027 -1558.19247933 -1535.29212121
1509 -1547.44991735 -1558.90619834 -1535.99363636
1510 -1548.15753443 -1559.61991735 -1536.69515151
1511 -1548.86515151 -1560.33363636 -1537.39666666
1512 -1549.57276859 -1561.04735537 -1538.09818181
1513 -1550.28038567 -1561.76107438 -1538.79969696
1514 -1550.98800275 -1562.47479338 -1539.50121212
1515 -1551.69561983 -1563.18851239 -1540.20272727
1516 -1552.40323691 -1563.90223140 -1540.90424242
1517 -1553.11085399 -1564.61595041 -1541.60575757
1518 -1553.81847107 -1565.32966942 -1542.30727272
1519 -1554.52608815 -1566.04338842 -1543.00878787
1520 -1555.23370523 -1566.75710743 -1543.71030303
1521 -1555.94132231 -1567.47082644 -1544.41181818
1522 -1556.64893939 -1568.18454545 -1545.11333333
1523 -1557.35655647 -1568.89826446 -1545.81484848
1524 -1558.06417355 -1569.61198347 -1546.51636363
1525 -1558.77179063 -1570.32570247 -1547.21787878
1526 -1559.47940771 -1571.03942148 -1547.91939393
1527 -1560.18702479 -1571.75314049 -1548.62090909
1528 -1560.89464187 -1572.46685950 -1549.32242424
1529 -1561.60225895 -1573.18057851 -1550.02393939
1530 -1562.30987603 -1573.89429752 -1550.72545454
1531 -1563.01749311 -1574.60801652 -1551.42696969
1532 -1563.72511019 -1575.32173553 -1552.12848484
1533 -1564.43272727 -1576.03545454 -1552.83000000
1534 -1565.14034435 -1576.74917355 -1553.53151515
1535 -1565.84796143 -1577.46289256 -1554.23303030
1536 -1566.55557851 -1578.17661157 -1554.93454545
1537 -1567.26319559 -1578.89033057 -1555.63606060
1538 -1567.97081267 -1579.60404958 -1556.33757575
1539 -1568.67842975 -1580.31776859 -1557.03909090
1540 -1569.38604683 -1581.03148760 -1557.74060606
1541 -1570.09366391 -1581.74520661 -1558.44212121
1542 -1570.80128099 -1582.45892561 -1559.14363636
1543 -1571.50889807 -1583.17264462 -1559.84515151
1544 -1572.21651515 -1583.88636363 -1560.54666666
1545 -1572.92413223 -1584.60008264 -1561.24818181
1546 -1573.63174931 -1585.31380165 -1561.94969696
1547 -1574.33936639 -1586.02752066 -1562.65121212
1548 -1575.04698347 -1586.74123966 -1563.35272727
1549 -1575.75460055 -1587.45495867 -1564.05424242
1550 -1576.46221763 -1588.16867768 -1564.75575757
1551 -1577.16983471 -1588.88239669 -1565.45727272
1552 -1577.87745179 -1589.59611570 -1566.15878787
1553 -1578.58506887 -1590.30983471 -1566.86030303
1554 -1579.29268595 -1591.02355371 -1567.56181818
1555 -1580.00030303 -1591.73727272 -1568.26333333
1556 -1580.70792011 -1592.45099173 -1568.96484848
1557 -1581.41553719 -1593.16471074 -1569.66636363
1558 -1582.12315427 -1593.87842975 -1570.36787878
1559 -1582.83077134 -1594.59214876 -1571.06939393
1560 -1583.53838842 -1595.30586776 -1571.77090909
1561 -1584.24600550 -1596.01958677 -1572.47242424
1562 -1584.95362258 -1596.73330578 -1573.17393939
1563 -1585.66123966 -1597.44702479 -1573.87545454
1564 -1586.36885674 -1598.16074380 -1574.57696969
1565 -1587.07647382 -1598.87446280 -1575.27848484
1566 -1587.78409090 -1599.58818181 -1575.98000000
1567 -1588.49170798 -1600.30190082 -1576.68151515
1568 -1589.19932506 -1601.01561983 -1577.38303030
1569 -1589.90694214 -1601.72933884 -1578.08454545
1570 -1590.61455922 -1602.44305785 -1578.78606060
1571 -1591.32217630 -1603.15677685 -1579.48757575
1572 -1592.02979338 -1603.87049586 -1580.18909090
1573 -1592.73741046 -1604.58421487 -1580.89060606
1574 -1593.44502754 -1605.29793388 -1581.59212121
1575 -1594.15264462 -1606.01165289 -1582.29363636
1576 -1594.86026170 -1606.72537190 -1582.99515151
1577 -1595.56787878 -1607.43909090 -1583.69666666
1578 -1596.27549586 -1608.15280991 -1584.39818181
1579 -1596.98311294 -1608.86652892 -1585.09969696
1580 -1597.69073002 -1609.58024793 -1585.80121212
1581 -1598.39834710 -1610.29396694 -1586.50272727
1582 -1599.10596418 -1611.00768595 -1587.20424242
1583 -1599.81358126 -1611.72140495 -1587.90575757
1584 -1600.52119834 -1612.43512396 -1588.60727272
1585 -1601.22881542 -1613.14884297 -1589.30878787
1586 -1601.93643250 -1613.86256198 -1590.01030303
1587 -1602.64404958 -1614.57628099 -1590.71181818
1588 -1603.35166666 -1615.29000000 -1591.41333333
1589 -1604.05928374 -1616.00371900 -1592.11484848
1590 -1604.76690082 -1616.71743801 -1592.81636363
1591 -1605.47451790 -1617.43115702 -1593.51787878
1592 -1606.18213498 -1618.14487603 -1594.21939393
1593 -1606.88975206 -1618.85859504 -1594.92090909
1594 -1607.59736914 -1619.57231404 -1595.62242424
1595 -1608.30498622 -1620.28603305 -1596.32393939
1596 -1609.01260330 -1620.99975206 -1597.02545454
1597 -1609.72022038 -1621.71347107 -1597.72696969
1598 -1610.42783746 -1622.42719008 -1598.42848484
1599 -1611.13545454 -1623.14090909 -1599.13000000
1600 -1611.84307162 -1623.85462809 -1599.83151515
1601 -1612.55068870 -1624.56834710 -1600.53303030
1602 -1613.25830578 -1625.28206611 -1601.23454545
1603 -1613.96592286 -1625.99578512 -1601.93606060
1604 -1614.67353994 -1626.70950413 -1602.63757575
1605 -1615.38115702 -1627.42322314 -1603.33909090
1606 -1616.08877410 -1628.13694214 -1604.04060606
1607 -1616.79639118 -1628.85066115 -1604.74212121
1608 -1617.50400826 -1629.56438016 -1605.44363636
1609 -1618.21162534 -1630.27809917 -1606.14515151
1610 -1618.91924242 -1630.99181818 -1606.84666666
1611 -1619.62685950 -1631.70553719 -1607.54818181
1612 -1620.33447658 -1632.41925619 -1608.24969696
1613 -1621.04209366 -1633.13297520 -1608.95121212
1614 -1621.74971074 -1633.84669421 -1609.65272727
1615 -1622.45732782 -1634.56041322 -1610.35424242
1616 -1623.16494490 -1635.27413223 -1611.05575757
1617 -1623.87256198 -1635.98785123 -1611.75727272
1618 -1624.58017906 -1636.70157024 -1612.45878787
1619 -1625.28779614 -1637.41528925 -1613.16030303
1620 -1625.99541322 -1638.12900826 -1613.86181818
1621 -1626.70303030 -1638.84272727 -1614.56333333
1622 -1627.41064738 -1639.55644628 -1615.26484848
1623 -1628.11826446 -1640.27016528 -1615.96636363
1624 -1628.82588154 -1640.98388429 -1616.66787878
1625 -1629.53349862 -1641.69760330 -1617.36939393
1626 -1630.24111570 -1642.41132231 -1618.07090909
1627 -1630.94873278 -1643.12504132 -1618.77242424
1628 -1631.65634986 -1643.83876033 -1619.47393939
1629 -1632.36396694 -1644.55247933 -1620.17545454
1630 -1633.07158402 -1645.26619834 -1620.87696969
1631 -1633.77920110 -1645.97991735 -1621.57848484
1632 -1634.48681818 -1646.69363636 -1622.28000000
1633 -1635.19443526 -1647.40735537 -1622.98151515
1634 -1635.90205234 -1648.12107438 -1623.68303030
1635 -1636.60966942 -1648.83479338 -1624.38454545
1636 -1637.31728650 -1649.54851239 -1625.08606060
1637 -1638.02490358 -1650.26223140 -1625.78757575
1638 -1638.73252066 -1650.97595041 -1626.48909090
1639 -1639.44013774 -1651.68966942 -1627.19060606
1640 -1640.14775482 -1652.40338842 -1627.89212121
1641 -1640.85537190 -1653.11710743 -1628.59363636
1642 -1641.56298898 -1653.83082644 -1629.29515151
1643 -1642.27060606 -1654.54454545 -1629.99666666
1644 -1642.97822314 -1655.25826446 -1630.69818181
1645 -1643.68584022 -1655.97198347 -1631.39969696
1646 -1644.39345730 -1656.68570247 -1632.10121212
1647 -1645.10107438 -1657.39942148 -1632.80272727
1648 -1645.80869146 -1658.11314049 -1633.50424242
1649 -1646.51630853 -1658.82685950 -1634.20575757
1650 -1647.22392561 -1659.54057851 -1634.90727272
1651 -1647.93154269 -1660.25429752 -1635.60878787
1652 -1648.63915977 -1660.96801652 -1636.31030303
1653 -1649.34677685 -1661.68173553 -1637.01181818
1654 -1650.05439393 -1662.39545454 -1637.71333333
1655 -1650.76201101 -1663.10917355 -1638.41484848
1656 -1651.46962809 -1663.82289256 -1639.11636363
1657 -1652.17724517 -1664.53661157 -1639.81787878
1658 -1652.88486225 -1665.25033057 -1640.51939393
1659 -1653.59247933 -1665.96404958 -1641.22090909
1660 -1654.30009641 -1666.67776859 -1641.92242424
1661 -1655.00771349 -1667.39148760 -1642.62393939
1662 -1655.71533057 -1668.10520661 -1643.32545454
1663 -1656.42294765 -1668.81892561 -1644.02696969
1664 -1657.13056473 -1669.53264462 -1644.72848484
1665 -1657.83818181 -1670.24636363 -1645.43000000
1666 -1658.54579889 -1670.96008264 -1646.13151515
1667 -1659.25341597 -1671.67380165 -1646.83303030
1668 -1659.96103305 -1672.38752066 -1647.53454545
1669 -1660.66865013 -1673.10123966 -1648.23606060
1670 -1661.37626721 -1673.81495867 -1648.93757575
1671 -1662.08388429 -1674.52867768 -1649.63909090
1672 -1662.79150137 -1675.24239669 -1650.34060606
1673 -1663.49911845 -1675.95611570 -1651.04212121
1674 -1664.20673553 -1676.66983471 -1651.74363636
1675 -1664.91435261 -1677.38355371 -1652.44515151
1676 -1665.62196969 -1678.09727272 -1653.14666666
1677 -1666.32958677 -1678.81099173 -1653.84818181
1678 -1667.03720385 -1679.52471074 -1654.54969696
1679 -1667.74482093 -1680.23842975 -1655.25121212
1680 -1668.45243801 -1680.95214876 -1655.95272727
1681 -1669.16005509 -1681.66586776 -1656.65424242
1682 -1669.86767217 -1682.37958677 -1657.35575757
1683 -1670.57528925 -1683.09330578 -1658.05727272
1684 -1671.28290633 -1683.80702479 -1658.75878787
1685 -1671.99052341 -1684.52074380 -1659.46030303
1686 -1672.69814049 -1685.23446280 -1660.16181818
1687 -1673.40575757 -1685.94818181 -1660.86333333
1688 -1674.11337465 -1686.66190082 -1661.56484848
1689 -1674.82099173 -1687.37561983 -1662.26636363
1690 -1675.52860881 -1688.08933884 -1662.96787878
1691 -1676.23622589 -1688.80305785 -1663.66939393
1692 -1676.94384297 -1689.51677685 -1664.37090909
1693 -1677.65146005 -1690.23049586 -1665.07242424
1694 -1678.35907713 -1690.94421487 -1665.77393939
1695 -1679.06669421 -1691.65793388 -1666.47545454
1696 -1679.77431129 -1692.37165289 -1667.17696969
1697 -1680.48192837 -1693.08537190 -1667.87848484
1698 -1681.18954545 -1693.79909090 -1668.58000000
1699 -1681.89716253 -1694.51280991 -1669.28151515
1700 -1682.60477961 -1695.22652892 -1669.98303030
1701 -1683.31239669 -1695.94024793 -1670.68454545
1702 -1684.02001377 -1696.65396694 -1671.38606060
1703 -1684.72763085 -1697.36768595 -1672.08757575
1704 -1685.43524793 -1698.08140495 -1672.78909090
1705 -1686.14286501 -1698.79512396 -1673.49060606
1706 -1686.85048209 -1699.50884297 -1674.19212121
1707 -1687.55809917 -1700.22256198 -1674.89363636
1708 -1688.26571625 -1700.93628099 -1675.59515151
1709 -1688.97333333 -1701.65000000 -1676.29666666
1710 -1689.68095041 -1702.36371900 -1676.99818181
1711 -1690.38856749 -1703.07743801 -1677.69969696
1712 -1691.09618457 -1703.79115702 -1678.40121212
1713 -1691.80380165 -1704.50487603 -1679.10272727
1714 -1692.51141873 -1705.21859504 -1679.80424242
1715 -1693.21903581 -1705.93231404 -1680.50575757
1716 -1693.92665289 -1706.64603305 -1681.20727272
1717 -1694.63426997 -1707.35975206 -1681.90878787
1718 -1695.34188705 -1708.07347107 -1682.61030303
1719 -1696.04950413 -1708.78719008 -1683.31181818
1720 -1696.75712121 -1709.50090909 -1684.01333333
1721 -1697.46473829 -1710.21462809 -1684.71484848
1722 -1698.17235537 -1710.92834710 -1685.41636363
1723 -1698.87997245 -1711.64206611 -1686.11787878
1724 -1699.58758953 -1712.35578512 -1686.81939393
1725 -1700.29520661 -1713.06950413 -1687.52090909
1726 -1701.00282369 -1713.78322314 -1688.22242424
1727 -1701.71044077 -1714.49694214 -1688.92393939
1728 -1702.41805785 -1715.21066115 -1689.62545454
1729 -1703.12567493 -1715.92438016 -1690.32696969
1730 -1703.83329201 -1716.63809917 -1691.02848484
1731 -1704.54090909 -1717.35181818 -1691.73000000
1732 -1705.24852617 -1718.06553719 -1692.43151515
1733 -1705.95614325 -1718.77925619 -1693.13303030
1734 -1706.66376033 -1719.49297520 -1693.83454545
1735 -1707.37137741 -1720.20669421 -1694.53606060
1736 -1708.07899449 -1720.92041322 -1695.23757575
1737 -1708.78661157 -1721.63413223 -1695.93909090
1738 -1709.49422865 -1722.34785123 -1696.64060606
1739 -1710.20184573 -1723.06157024 -1697.34212121
1740 -1710.90946280 -1723.77528925 -1698.04363636
1741 -1711.61707988 -1724.48900826 -1698.74515151
1742 -1712.32469696 -1725.20272727 -1699.44666666
1743 -1713.03231404 -1725.91644628 -1700.14818181
1744 -1713.73993112 -1726.63016528 -1700.84969696
1745 -1714.44754820 -1727.34388429 -1701.55121212
1746 -1715.15516528 -1728.05760330 -1702.25272727
1747 -1715.86278236 -1728.77132231 -1702.95424242
1748 -1716.57039944 -1729.48504132 -1703.65575757
1749 -1717.27801652 -1730.19876033 -1704.35727272
1750 -1717.98563360 -1730.91247933 -1705.05878787
1751 -1718.69325068 -1731.62619834 -1705.76030303
1752 -1719.40086776 -1732.33991735 -1706.46181818
1753 -1720.10848484 -1733.05363636 -1707.16333333
1754 -1720.81610192 -1733.76735537 -1707.86484848
1755 -1721.52371900 -1734.48107438 -1708.56636363
1756 -1722.23133608 -1735.19479338 -1709.26787878
1757 -1722.93895316 -1735.90851239 -1709.96939393
1758 -1723.64657024 -1736.62223140 -1710.67090909
1759 -1724.35418732 -1737.33595041 -1711.37242424
1760 -1725.06180440 -1738.04966942 -1712.07393939
1761 -1725.76942148 -1738.76338842 -1712.77545454
1762 -1726.47703856 -1739.47710743 -1713.47696969
1763 -1727.18465564 -1740.19082644 -1714.17848484
1764 -1727.89227272 -1740.90454545 -1714.88000000
1765 -1728.59988980 -1741.61826446 -1715.58151515
1766 -1729.30750688 -1742.33198347 -1716.28303030
1767 -1730.01512396 -1743.04570247 -1716.98454545
1768 -1730.72274104 -1743.75942148 -1717.68606060
1769 -1731.43035812 -1744.47314049 -1718.38757575
1770 -1732.13797520 -1745.18685950 -1719.08909090
1771 -1732.84559228 -1745.90057851 -1719.79060606
1772 -1733.55320936 -1746.61429752 -1720.49212121
1773 -1734.26082644 -1747.32801652 -1721.19363636
1774 -1734.96844352 -1748.04173553 -1721.89515151
1775 -1735.67606060 -1748.75545454 -1722.59666666
1776 -1736.38367768 -1749.46917355 -1723.29818181
1777 -1737.09129476 -1750.18289256 -1723.99969696
1778 -1737.79891184 -1750.89661157 -1724.70121212
1779 -1738.50652892 -1751.61033057 -1725.40272727
1780 -1739.21414600 -1752.32404958 -1726.10424242
1781 -1739.92176308 -1753.03776859 -1726.80575757
1782 -1740.62938016 -1753.75148760 -1727.50727272
1783 -1741.33699724 -1754.46520661 -1728.20878787
1784 -1742.04461432 -1755.17892561 -1728.91030303
1785 -1742.75223140 -1755.89264462 -1729.61181818
1786 -1743.45984848 -1756.60636363 -1730.31333333
1787 -1744.16746556 -1757.32008264 -1731.01484848
1788 -1744.87508264 -1758.03380165 -1731.71636363
1789 -1745.58269972 -1758.74752066 -1732.41787878
1790 -1746.29031680 -1759.46123966 -1733.11939393
1791 -1746.99793388 -1760.17495867 -1733.82090909
1792 -1747.70555096 -1760.88867768 -1734.52242424
1793 -1748.41316804 -1761.60239669 -1735.22393939
1794 -1749.12078512 -1762.31611570 -1735.92545454
1795 -1749.82840220 -1763.02983471 -1736.62696969
1796 -1750.53601928 -1763.74355371 -1737.32848484
1797 -1751.24363636 -1764.45727272 -1738.03000000
1798 -1751.95125344 -1765.17099173 -1738.73151515
1799 -1752.65887052 -1765.88471074 -1739.43303030
1800 -1753.36648760 -1766.59842975 -1740.13454545
1801 -1754.07410468 -1767.31214876 -1740.83606060
1802 -1754.78172176 -1768.02586776 -1741.53757575
1803 -1755.48933884 -1768.73958677 -1742.23909090
1804 -1756.19695592 -1769.45330578 -1742.94060606
1805 -1756.90457300 -1770.16702479 -1743.64212121
1806 -1757.61219008 -1770.88074380 -1744.34363636
1807 -1758.31980716 -1771.59446280 -1745.04515151
1808 -1759.02742424 -1772.30818181 -1745.74666666
1809 -1759.73504132 -1773.02190082 -1746.44818181
1810 -1760.44265840 -1773.73561983 -1747.14969696
1811 -1761.15027548 -1774.44933884 -1747.85121212
1812 -1761.85789256 -1775.16305785 -1748.55272727
1813 -1762.56550964 -1775.87677685 -1749.25424242
1814 -1763.27312672 -1776.59049586 -1749.95575757
1815 -1763.98074380 -1777.30421487 -1750.65727272
1816 -1764.68836088 -1778.01793388 -1751.35878787
1817 -1765.39597796 -1778.73165289 -1752.06030303
1818 -1766.10359504 -1779.44537190 -1752.76181818
1819 -1766.81121212 -1780.15909090 -1753.46333333
1820 -1767.51882920 -1780.87280991 -1754.16484848
1821 -1768.22644628 -1781.58652892 -1754.86636363
1822 -1768.93406336 -1782.30024793 -1755.56787878
1823 -1769.64168044 -1783.01396694 -1756.26939393
1824 -1770.34929752 -1783.72768595 -1756.97090909
1825 -1771.05691460 -1784.44140495 -1757.67242424
1826 -1771.76453168 -1785.15512396 -1758.37393939
1827 -1772.47214876 -1785.86884297 -1759.07545454
1828 -1773.17976584 -1786.58256198 -1759.77696969
1829 -1773.88738292 -1787.29628099 -1760.47848484
1830 -1774.59500000 -1788.01000000 -1761.18000000
