1 0.00133100 0.00127171 0.00139029
2 0.00088733 0.00084781 0.00092686
3 0.00044367 0.00042390 0.00046343
4 0.00000000 0.00000000 0.00000000
5 0.00133100 0.00127171 0.00139029
6 0.00266200 0.00254343 0.00278057
7 0.00399300 0.00381514 0.00417086
8 0.00532400 0.00508686 0.00556114
9 0.00665500 0.00635857 0.00695143
10 0.00798600 0.00763029 0.00834171
11 0.00931700 0.00890200 0.00973200
12 0.01065317 0.01024458 0.01106175
13 0.01198933 0.01158717 0.01239150
14 0.01332550 0.01292975 0.01372125
15 0.01466167 0.01427233 0.01505100
16 0.01599783 0.01561492 0.01638075
17 0.01733400 0.01695750 0.01771050
18 0.01867017 0.01830008 0.01904025
19 0.02000633 0.01964267 0.02037000
20 0.02134250 0.02098525 0.02169975
21 0.02267867 0.02232783 0.02302950
22 0.02401483 0.02367042 0.02435925
23 0.02535100 0.02501300 0.02568900
24 0.02668717 0.02635558 0.02701875
25 0.02802333 0.02769817 0.02834850
26 0.02935950 0.02904075 0.02967825
27 0.03069567 0.03038333 0.03100800
28 0.03203183 0.03172592 0.03233775
29 0.03336800 0.03306850 0.03366750
30 0.03470417 0.03441108 0.03499725
31 0.03604033 0.03575367 0.03632700
32 0.03737650 0.03709625 0.03765675
33 0.03871267 0.03843883 0.03898650
34 0.04004883 0.03978142 0.04031625
35 0.04138500 0.04112400 0.04164600
36 0.04244182 0.04218265 0.04270100
37 0.04349865 0.04324129 0.04375600
38 0.04455547 0.04429994 0.04481100
39 0.04561229 0.04535858 0.04586600
40 0.04666911 0.04641723 0.04692100
41 0.04772594 0.04747587 0.04797600
42 0.04878276 0.04853452 0.04903100
43 0.04983958 0.04959316 0.05008600
44 0.05089640 0.05065181 0.05114100
45 0.05195323 0.05171045 0.05219600
46 0.05301005 0.05276910 0.05325100
47 0.05406687 0.05382774 0.05430600
48 0.05512369 0.05488639 0.05536100
49 0.05618052 0.05594503 0.05641600
50 0.05723734 0.05700368 0.05747100
51 0.05829416 0.05806232 0.05852600
52 0.05935098 0.05912097 0.05958100
53 0.06040781 0.06017961 0.06063600
54 0.06146463 0.06123826 0.06169100
55 0.06252145 0.06229690 0.06274600
56 0.06357827 0.06335555 0.06380100
57 0.06463510 0.06441419 0.06485600
58 0.06569192 0.06547284 0.06591100
59 0.06674874 0.06653148 0.06696600
60 0.06780556 0.06759013 0.06802100
61 0.06886239 0.06864877 0.06907600
62 0.06991921 0.06970742 0.07013100
63 0.07097603 0.07076606 0.07118600
64 0.07203285 0.07182471 0.07224100
65 0.07308968 0.07288335 0.07329600
66 0.07414650 0.07394200 0.07435100
67 0.07529307 0.07508537 0.07550077
68 0.07643963 0.07622873 0.07665053
69 0.07758620 0.07737210 0.07780030
70 0.07873277 0.07851547 0.07895007
71 0.07987933 0.07965883 0.08009983
72 0.08102590 0.08080220 0.08124960
73 0.08217247 0.08194557 0.08239937
74 0.08331903 0.08308893 0.08354913
75 0.08446560 0.08423230 0.08469890
76 0.08561217 0.08537567 0.08584867
77 0.08675873 0.08651903 0.08699843
78 0.08790530 0.08766240 0.08814820
79 0.08905187 0.08880577 0.08929797
80 0.09019843 0.08994913 0.09044773
81 0.09134500 0.09109250 0.09159750
82 0.09249157 0.09223587 0.09274727
83 0.09363813 0.09337923 0.09389703
84 0.09478470 0.09452260 0.09504680
85 0.09593127 0.09566597 0.09619657
86 0.09707783 0.09680933 0.09734633
87 0.09822440 0.09795270 0.09849610
88 0.09937097 0.09909607 0.09964587
89 0.10051753 0.10023943 0.10079563
90 0.10166410 0.10138280 0.10194540
91 0.10281067 0.10252617 0.10309517
92 0.10395723 0.10366953 0.10424493
93 0.10510380 0.10481290 0.10539470
94 0.10625037 0.10595627 0.10654447
95 0.10739693 0.10709963 0.10769423
96 0.10854350 0.10824300 0.10884400
97 0.10962859 0.10932421 0.10993298
98 0.11071368 0.11040541 0.11102196
99 0.11179878 0.11148662 0.11211093
100 0.11288387 0.11256783 0.11319991
101 0.11396896 0.11364903 0.11428889
102 0.11505405 0.11473024 0.11537787
103 0.11613915 0.11581145 0.11646685
104 0.11722424 0.11689265 0.11755583
105 0.11830933 0.11797386 0.11864480
106 0.11939442 0.11905507 0.11973378
107 0.12047952 0.12013627 0.12082276
108 0.12156461 0.12121748 0.12191174
109 0.12264970 0.12229868 0.12300072
110 0.12373479 0.12337989 0.12408970
111 0.12481989 0.12446110 0.12517867
112 0.12590498 0.12554230 0.12626765
113 0.12699007 0.12662351 0.12735663
114 0.12807516 0.12770472 0.12844561
115 0.12916026 0.12878592 0.12953459
116 0.13024535 0.12986713 0.13062357
117 0.13133044 0.13094834 0.13171254
118 0.13241553 0.13202954 0.13280152
119 0.13350063 0.13311075 0.13389050
120 0.13458572 0.13419196 0.13497948
121 0.13567081 0.13527316 0.13606846
122 0.13675590 0.13635437 0.13715743
123 0.13784099 0.13743558 0.13824641
124 0.13892609 0.13851678 0.13933539
125 0.14001118 0.13959799 0.14042437
126 0.14109627 0.14067920 0.14151335
127 0.14218136 0.14176040 0.14260233
128 0.14326646 0.14284161 0.14369130
129 0.14435155 0.14392282 0.14478028
130 0.14543664 0.14500402 0.14586926
131 0.14652173 0.14608523 0.14695824
132 0.14760683 0.14716643 0.14804722
133 0.14869192 0.14824764 0.14913620
134 0.14977701 0.14932885 0.15022517
135 0.15086210 0.15041005 0.15131415
136 0.15194720 0.15149126 0.15240313
137 0.15303229 0.15257247 0.15349211
138 0.15411738 0.15365367 0.15458109
139 0.15520247 0.15473488 0.15567007
140 0.15628757 0.15581609 0.15675904
141 0.15737266 0.15689729 0.15784802
142 0.15845775 0.15797850 0.15893700
143 0.15954284 0.15905971 0.16002598
144 0.16062793 0.16014091 0.16111496
145 0.16171303 0.16122212 0.16220393
146 0.16279812 0.16230333 0.16329291
147 0.16388321 0.16338453 0.16438189
148 0.16496830 0.16446574 0.16547087
149 0.16605340 0.16554695 0.16655985
150 0.16713849 0.16662815 0.16764883
151 0.16822358 0.16770936 0.16873780
152 0.16930867 0.16879057 0.16982678
153 0.17039377 0.16987177 0.17091576
154 0.17147886 0.17095298 0.17200474
155 0.17256395 0.17203418 0.17309372
156 0.17364904 0.17311539 0.17418270
157 0.17473414 0.17419660 0.17527167
158 0.17581923 0.17527780 0.17636065
159 0.17690432 0.17635901 0.17744963
160 0.17798941 0.17744022 0.17853861
161 0.17907451 0.17852142 0.17962759
162 0.18015960 0.17960263 0.18071657
163 0.18124469 0.18068384 0.18180554
164 0.18232978 0.18176504 0.18289452
165 0.18341488 0.18284625 0.18398350
166 0.18449997 0.18392746 0.18507248
167 0.18558506 0.18500866 0.18616146
168 0.18667015 0.18608987 0.18725043
169 0.18775524 0.18717108 0.18833941
170 0.18884034 0.18825228 0.18942839
171 0.18992543 0.18933349 0.19051737
172 0.19101052 0.19041470 0.19160635
173 0.19209561 0.19149590 0.19269533
174 0.19318071 0.19257711 0.19378430
175 0.19426580 0.19365832 0.19487328
176 0.19535089 0.19473952 0.19596226
177 0.19643598 0.19582073 0.19705124
178 0.19752108 0.19690193 0.19814022
179 0.19860617 0.19798314 0.19922920
180 0.19969126 0.19906435 0.20031817
181 0.20077635 0.20014555 0.20140715
182 0.20186145 0.20122676 0.20249613
183 0.20294654 0.20230797 0.20358511
184 0.20403163 0.20338917 0.20467409
185 0.20511672 0.20447038 0.20576307
186 0.20620182 0.20555159 0.20685204
187 0.20728691 0.20663279 0.20794102
188 0.20837200 0.20771400 0.20903000
189 0.20948107 0.20882042 0.21014171
190 0.21059013 0.20992684 0.21125342
191 0.21169920 0.21103327 0.21236513
192 0.21280827 0.21213969 0.21347684
193 0.21391733 0.21324611 0.21458856
194 0.21502640 0.21435253 0.21570027
195 0.21613547 0.21545896 0.21681198
196 0.21724453 0.21656538 0.21792369
197 0.21835360 0.21767180 0.21903540
198 0.21946267 0.21877822 0.22014711
199 0.22057173 0.21988464 0.22125882
200 0.22168080 0.22099107 0.22237053
201 0.22278987 0.22209749 0.22348224
202 0.22389893 0.22320391 0.22459396
203 0.22500800 0.22431033 0.22570567
204 0.22611707 0.22541676 0.22681738
205 0.22722613 0.22652318 0.22792909
206 0.22833520 0.22762960 0.22904080
207 0.22944427 0.22873602 0.23015251
208 0.23055333 0.22984244 0.23126422
209 0.23166240 0.23094887 0.23237593
210 0.23277147 0.23205529 0.23348764
211 0.23388053 0.23316171 0.23459936
212 0.23498960 0.23426813 0.23571107
213 0.23609867 0.23537456 0.23682278
214 0.23720773 0.23648098 0.23793449
215 0.23831680 0.23758740 0.23904620
216 0.23942587 0.23869382 0.24015791
217 0.24053493 0.23980024 0.24126962
218 0.24164400 0.24090667 0.24238133
219 0.24275307 0.24201309 0.24349304
220 0.24386213 0.24311951 0.24460476
221 0.24497120 0.24422593 0.24571647
222 0.24608027 0.24533236 0.24682818
223 0.24718933 0.24643878 0.24793989
224 0.24829840 0.24754520 0.24905160
225 0.24940747 0.24865162 0.25016331
226 0.25051653 0.24975804 0.25127502
227 0.25162560 0.25086447 0.25238673
228 0.25273467 0.25197089 0.25349844
229 0.25384373 0.25307731 0.25461016
230 0.25495280 0.25418373 0.25572187
231 0.25606187 0.25529016 0.25683358
232 0.25717093 0.25639658 0.25794529
233 0.25828000 0.25750300 0.25905700
234 0.25938907 0.25860942 0.26016871
235 0.26049813 0.25971584 0.26128042
236 0.26160720 0.26082227 0.26239213
237 0.26271627 0.26192869 0.26350384
238 0.26382533 0.26303511 0.26461556
239 0.26493440 0.26414153 0.26572727
240 0.26604347 0.26524796 0.26683898
241 0.26715253 0.26635438 0.26795069
242 0.26826160 0.26746080 0.26906240
243 0.26937067 0.26856722 0.27017411
244 0.27047973 0.26967364 0.27128582
245 0.27158880 0.27078007 0.27239753
246 0.27269787 0.27188649 0.27350924
247 0.27380693 0.27299291 0.27462096
248 0.27491600 0.27409933 0.27573267
249 0.27602507 0.27520576 0.27684438
250 0.27713413 0.27631218 0.27795609
251 0.27824320 0.27741860 0.27906780
252 0.27935227 0.27852502 0.28017951
253 0.28046133 0.27963144 0.28129122
254 0.28157040 0.28073787 0.28240293
255 0.28267947 0.28184429 0.28351464
256 0.28378853 0.28295071 0.28462636
257 0.28489760 0.28405713 0.28573807
258 0.28600667 0.28516356 0.28684978
259 0.28711573 0.28626998 0.28796149
260 0.28822480 0.28737640 0.28907320
261 0.28933387 0.28848282 0.29018491
262 0.29044293 0.28958924 0.29129662
263 0.29155200 0.29069567 0.29240833
264 0.29266107 0.29180209 0.29352004
265 0.29377013 0.29290851 0.29463176
266 0.29487920 0.29401493 0.29574347
267 0.29598827 0.29512136 0.29685518
268 0.29709733 0.29622778 0.29796689
269 0.29820640 0.29733420 0.29907860
270 0.29931547 0.29844062 0.30019031
271 0.30042453 0.29954704 0.30130202
272 0.30153360 0.30065347 0.30241373
273 0.30264267 0.30175989 0.30352544
274 0.30375173 0.30286631 0.30463716
275 0.30486080 0.30397273 0.30574887
276 0.30596987 0.30507916 0.30686058
277 0.30707893 0.30618558 0.30797229
278 0.30818800 0.30729200 0.30908400
279 0.30935326 0.30844341 0.31026312
280 0.31051853 0.30959481 0.31144224
281 0.31168379 0.31074622 0.31262136
282 0.31284905 0.31189763 0.31380048
283 0.31401432 0.31304903 0.31497960
284 0.31517958 0.31420044 0.31615873
285 0.31634485 0.31535185 0.31733785
286 0.31751011 0.31650325 0.31851697
287 0.31867537 0.31765466 0.31969609
288 0.31984064 0.31880607 0.32087521
289 0.32100590 0.31995747 0.32205433
290 0.32217116 0.32110888 0.32323345
291 0.32333643 0.32226029 0.32441257
292 0.32450169 0.32341169 0.32559169
293 0.32566696 0.32456310 0.32677081
294 0.32683222 0.32571451 0.32794993
295 0.32799748 0.32686591 0.32912905
296 0.32916275 0.32801732 0.33030818
297 0.33032801 0.32916873 0.33148730
298 0.33149327 0.33032013 0.33266642
299 0.33265854 0.33147154 0.33384554
300 0.33382380 0.33262295 0.33502466
301 0.33498907 0.33377435 0.33620378
302 0.33615433 0.33492576 0.33738290
303 0.33731959 0.33607716 0.33856202
304 0.33848486 0.33722857 0.33974114
305 0.33965012 0.33837998 0.34092026
306 0.34081538 0.33953138 0.34209938
307 0.34198065 0.34068279 0.34327851
308 0.34314591 0.34183420 0.34445763
309 0.34431118 0.34298560 0.34563675
310 0.34547644 0.34413701 0.34681587
311 0.34664170 0.34528842 0.34799499
312 0.34780697 0.34643982 0.34917411
313 0.34897223 0.34759123 0.35035323
314 0.35013749 0.34874264 0.35153235
315 0.35130276 0.34989404 0.35271147
316 0.35246802 0.35104545 0.35389059
317 0.35363329 0.35219686 0.35506971
318 0.35479855 0.35334826 0.35624884
319 0.35596381 0.35449967 0.35742796
320 0.35712908 0.35565108 0.35860708
321 0.35829434 0.35680248 0.35978620
322 0.35945960 0.35795389 0.36096532
323 0.36062487 0.35910530 0.36214444
324 0.36179013 0.36025670 0.36332356
325 0.36295540 0.36140811 0.36450268
326 0.36412066 0.36255952 0.36568180
327 0.36528592 0.36371092 0.36686092
328 0.36645119 0.36486233 0.36804004
329 0.36761645 0.36601374 0.36921916
330 0.36878171 0.36716514 0.37039829
331 0.36994698 0.36831655 0.37157741
332 0.37111224 0.36946796 0.37275653
333 0.37227751 0.37061936 0.37393565
334 0.37344277 0.37177077 0.37511477
335 0.37460803 0.37292218 0.37629389
336 0.37577330 0.37407358 0.37747301
337 0.37693856 0.37522499 0.37865213
338 0.37810382 0.37637640 0.37983125
339 0.37926909 0.37752780 0.38101037
340 0.38043435 0.37867921 0.38218949
341 0.38159962 0.37983062 0.38336862
342 0.38276488 0.38098202 0.38454774
343 0.38393014 0.38213343 0.38572686
344 0.38509541 0.38328484 0.38690598
345 0.38626067 0.38443624 0.38808510
346 0.38742593 0.38558765 0.38926422
347 0.38859120 0.38673905 0.39044334
348 0.38975646 0.38789046 0.39162246
349 0.39092173 0.38904187 0.39280158
350 0.39208699 0.39019327 0.39398070
351 0.39325225 0.39134468 0.39515982
352 0.39441752 0.39249609 0.39633895
353 0.39558278 0.39364749 0.39751807
354 0.39674804 0.39479890 0.39869719
355 0.39791331 0.39595031 0.39987631
356 0.39907857 0.39710171 0.40105543
357 0.40024384 0.39825312 0.40223455
358 0.40140910 0.39940453 0.40341367
359 0.40257436 0.40055593 0.40459279
360 0.40373963 0.40170734 0.40577191
361 0.40490489 0.40285875 0.40695103
362 0.40607015 0.40401015 0.40813015
363 0.40723542 0.40516156 0.40930927
364 0.40840068 0.40631297 0.41048840
365 0.40956595 0.40746437 0.41166752
366 0.41073121 0.40861578 0.41284664
367 0.41189647 0.40976719 0.41402576
368 0.41306174 0.41091859 0.41520488
369 0.41422700 0.41207000 0.41638400
370 0.41546032 0.41330009 0.41762055
371 0.41669364 0.41453018 0.41885710
372 0.41792696 0.41576027 0.42009366
373 0.41916028 0.41699036 0.42133021
374 0.42039361 0.41822045 0.42256676
375 0.42162693 0.41945054 0.42380331
376 0.42286025 0.42068063 0.42503986
377 0.42409357 0.42191072 0.42627642
378 0.42532689 0.42314081 0.42751297
379 0.42656021 0.42437090 0.42874952
380 0.42779353 0.42560099 0.42998607
381 0.42902685 0.42683108 0.43122262
382 0.43026017 0.42806117 0.43245917
383 0.43149349 0.42929126 0.43369573
384 0.43272682 0.43052135 0.43493228
385 0.43396014 0.43175144 0.43616883
386 0.43519346 0.43298153 0.43740538
387 0.43642678 0.43421162 0.43864193
388 0.43766010 0.43544171 0.43987849
389 0.43889342 0.43667180 0.44111504
390 0.44012674 0.43790189 0.44235159
391 0.44136006 0.43913198 0.44358814
392 0.44259338 0.44036207 0.44482469
393 0.44382670 0.44159216 0.44606125
394 0.44506003 0.44282225 0.44729780
395 0.44629335 0.44405234 0.44853435
396 0.44752667 0.44528243 0.44977090
397 0.44875999 0.44651252 0.45100745
398 0.44999331 0.44774261 0.45224401
399 0.45122663 0.44897270 0.45348056
400 0.45245995 0.45020280 0.45471711
401 0.45369327 0.45143289 0.45595366
402 0.45492659 0.45266298 0.45719021
403 0.45615992 0.45389307 0.45842677
404 0.45739324 0.45512316 0.45966332
405 0.45862656 0.45635325 0.46089987
406 0.45985988 0.45758334 0.46213642
407 0.46109320 0.45881343 0.46337297
408 0.46232652 0.46004352 0.46460952
409 0.46355984 0.46127361 0.46584608
410 0.46479316 0.46250370 0.46708263
411 0.46602648 0.46373379 0.46831918
412 0.46725980 0.46496388 0.46955573
413 0.46849313 0.46619397 0.47079228
414 0.46972645 0.46742406 0.47202884
415 0.47095977 0.46865415 0.47326539
416 0.47219309 0.46988424 0.47450194
417 0.47342641 0.47111433 0.47573849
418 0.47465973 0.47234442 0.47697504
419 0.47589305 0.47357451 0.47821160
420 0.47712637 0.47480460 0.47944815
421 0.47835969 0.47603469 0.48068470
422 0.47959302 0.47726478 0.48192125
423 0.48082634 0.47849487 0.48315780
424 0.48205966 0.47972496 0.48439436
425 0.48329298 0.48095505 0.48563091
426 0.48452630 0.48218514 0.48686746
427 0.48575962 0.48341523 0.48810401
428 0.48699294 0.48464532 0.48934056
429 0.48822626 0.48587541 0.49057711
430 0.48945958 0.48710550 0.49181367
431 0.49069290 0.48833559 0.49305022
432 0.49192623 0.48956568 0.49428677
433 0.49315955 0.49079577 0.49552332
434 0.49439287 0.49202586 0.49675987
435 0.49562619 0.49325595 0.49799643
436 0.49685951 0.49448604 0.49923298
437 0.49809283 0.49571613 0.50046953
438 0.49932615 0.49694622 0.50170608
439 0.50055947 0.49817631 0.50294263
440 0.50179279 0.49940640 0.50417919
441 0.50302611 0.50063649 0.50541574
442 0.50425944 0.50186658 0.50665229
443 0.50549276 0.50309667 0.50788884
444 0.50672608 0.50432676 0.50912539
445 0.50795940 0.50555685 0.51036195
446 0.50919272 0.50678694 0.51159850
447 0.51042604 0.50801703 0.51283505
448 0.51165936 0.50924712 0.51407160
449 0.51289268 0.51047721 0.51530815
450 0.51412600 0.51170730 0.51654470
451 0.51535933 0.51293739 0.51778126
452 0.51659265 0.51416748 0.51901781
453 0.51782597 0.51539757 0.52025436
454 0.51905929 0.51662766 0.52149091
455 0.52029261 0.51785775 0.52272746
456 0.52152593 0.51908784 0.52396402
457 0.52275925 0.52031793 0.52520057
458 0.52399257 0.52154802 0.52643712
459 0.52522589 0.52277811 0.52767367
460 0.52645921 0.52400820 0.52891022
461 0.52769254 0.52523830 0.53014678
462 0.52892586 0.52646839 0.53138333
463 0.53015918 0.52769848 0.53261988
464 0.53139250 0.52892857 0.53385643
465 0.53262582 0.53015866 0.53509298
466 0.53385914 0.53138875 0.53632954
467 0.53509246 0.53261884 0.53756609
468 0.53632578 0.53384893 0.53880264
469 0.53755910 0.53507902 0.54003919
470 0.53879242 0.53630911 0.54127574
471 0.54002575 0.53753920 0.54251230
472 0.54125907 0.53876929 0.54374885
473 0.54249239 0.53999938 0.54498540
474 0.54372571 0.54122947 0.54622195
475 0.54495903 0.54245956 0.54745850
476 0.54619235 0.54368965 0.54869505
477 0.54742567 0.54491974 0.54993161
478 0.54865899 0.54614983 0.55116816
479 0.54989231 0.54737992 0.55240471
480 0.55112564 0.54861001 0.55364126
481 0.55235896 0.54984010 0.55487781
482 0.55359228 0.55107019 0.55611437
483 0.55482560 0.55230028 0.55735092
484 0.55605892 0.55353037 0.55858747
485 0.55729224 0.55476046 0.55982402
486 0.55852556 0.55599055 0.56106057
487 0.55975888 0.55722064 0.56229713
488 0.56099220 0.55845073 0.56353368
489 0.56222552 0.55968082 0.56477023
490 0.56345885 0.56091091 0.56600678
491 0.56469217 0.56214100 0.56724333
492 0.56592549 0.56337109 0.56847989
493 0.56715881 0.56460118 0.56971644
494 0.56839213 0.56583127 0.57095299
495 0.56962545 0.56706136 0.57218954
496 0.57085877 0.56829145 0.57342609
497 0.57209209 0.56952154 0.57466264
498 0.57332541 0.57075163 0.57589920
499 0.57455874 0.57198172 0.57713575
500 0.57579206 0.57321181 0.57837230
501 0.57702538 0.57444190 0.57960885
502 0.57825870 0.57567199 0.58084540
503 0.57949202 0.57690208 0.58208196
504 0.58072534 0.57813217 0.58331851
505 0.58195866 0.57936226 0.58455506
506 0.58319198 0.58059235 0.58579161
507 0.58442530 0.58182244 0.58702816
508 0.58565862 0.58305253 0.58826472
509 0.58689195 0.58428262 0.58950127
510 0.58812527 0.58551271 0.59073782
511 0.58935859 0.58674280 0.59197437
512 0.59059191 0.58797289 0.59321092
513 0.59182523 0.58920298 0.59444748
514 0.59305855 0.59043307 0.59568403
515 0.59429187 0.59166316 0.59692058
516 0.59552519 0.59289325 0.59815713
517 0.59675851 0.59412334 0.59939368
518 0.59799183 0.59535343 0.60063024
519 0.59922516 0.59658352 0.60186679
520 0.60045848 0.59781361 0.60310334
521 0.60169180 0.59904370 0.60433989
522 0.60292512 0.60027380 0.60557644
523 0.60415844 0.60150389 0.60681299
524 0.60539176 0.60273398 0.60804955
525 0.60662508 0.60396407 0.60928610
526 0.60785840 0.60519416 0.61052265
527 0.60909172 0.60642425 0.61175920
528 0.61032505 0.60765434 0.61299575
529 0.61155837 0.60888443 0.61423231
530 0.61279169 0.61011452 0.61546886
531 0.61402501 0.61134461 0.61670541
532 0.61525833 0.61257470 0.61794196
533 0.61649165 0.61380479 0.61917851
534 0.61772497 0.61503488 0.62041507
535 0.61895829 0.61626497 0.62165162
536 0.62019161 0.61749506 0.62288817
537 0.62142493 0.61872515 0.62412472
538 0.62265826 0.61995524 0.62536127
539 0.62389158 0.62118533 0.62659783
540 0.62512490 0.62241542 0.62783438
541 0.62635822 0.62364551 0.62907093
542 0.62759154 0.62487560 0.63030748
543 0.62882486 0.62610569 0.63154403
544 0.63005818 0.62733578 0.63278058
545 0.63129150 0.62856587 0.63401714
546 0.63252482 0.62979596 0.63525369
547 0.63375814 0.63102605 0.63649024
548 0.63499147 0.63225614 0.63772679
549 0.63622479 0.63348623 0.63896334
550 0.63745811 0.63471632 0.64019990
551 0.63869143 0.63594641 0.64143645
552 0.63992475 0.63717650 0.64267300
553 0.64115807 0.63840659 0.64390955
554 0.64239139 0.63963668 0.64514610
555 0.64362471 0.64086677 0.64638266
556 0.64485803 0.64209686 0.64761921
557 0.64609136 0.64332695 0.64885576
558 0.64732468 0.64455704 0.65009231
559 0.64855800 0.64578713 0.65132886
560 0.64979132 0.64701722 0.65256542
561 0.65102464 0.64824731 0.65380197
562 0.65225796 0.64947740 0.65503852
563 0.65349128 0.65070749 0.65627507
564 0.65472460 0.65193758 0.65751162
565 0.65595792 0.65316767 0.65874817
566 0.65719124 0.65439776 0.65998473
567 0.65842457 0.65562785 0.66122128
568 0.65965789 0.65685794 0.66245783
569 0.66089121 0.65808803 0.66369438
570 0.66212453 0.65931812 0.66493093
571 0.66335785 0.66054821 0.66616749
572 0.66459117 0.66177830 0.66740404
573 0.66582449 0.66300839 0.66864059
574 0.66705781 0.66423848 0.66987714
575 0.66829113 0.66546857 0.67111369
576 0.66952445 0.66669866 0.67235025
577 0.67075778 0.66792875 0.67358680
578 0.67199110 0.66915884 0.67482335
579 0.67322442 0.67038893 0.67605990
580 0.67445774 0.67161902 0.67729645
581 0.67569106 0.67284911 0.67853301
582 0.67692438 0.67407920 0.67976956
583 0.67815770 0.67530930 0.68100611
584 0.67939102 0.67653939 0.68224266
585 0.68062434 0.67776948 0.68347921
586 0.68185767 0.67899957 0.68471577
587 0.68309099 0.68022966 0.68595232
588 0.68432431 0.68145975 0.68718887
589 0.68555763 0.68268984 0.68842542
590 0.68679095 0.68391993 0.68966197
591 0.68802427 0.68515002 0.69089852
592 0.68925759 0.68638011 0.69213508
593 0.69049091 0.68761020 0.69337163
594 0.69172423 0.68884029 0.69460818
595 0.69295755 0.69007038 0.69584473
596 0.69419088 0.69130047 0.69708128
597 0.69542420 0.69253056 0.69831784
598 0.69665752 0.69376065 0.69955439
599 0.69789084 0.69499074 0.70079094
600 0.69912416 0.69622083 0.70202749
601 0.70035748 0.69745092 0.70326404
602 0.70159080 0.69868101 0.70450060
603 0.70282412 0.69991110 0.70573715
604 0.70405744 0.70114119 0.70697370
605 0.70529077 0.70237128 0.70821025
606 0.70652409 0.70360137 0.70944680
607 0.70775741 0.70483146 0.71068336
608 0.70899073 0.70606155 0.71191991
609 0.71022405 0.70729164 0.71315646
610 0.71145737 0.70852173 0.71439301
611 0.71269069 0.70975182 0.71562956
612 0.71392401 0.71098191 0.71686611
613 0.71515733 0.71221200 0.71810267
614 0.71639065 0.71344209 0.71933922
615 0.71762398 0.71467218 0.72057577
616 0.71885730 0.71590227 0.72181232
617 0.72009062 0.71713236 0.72304887
618 0.72132394 0.71836245 0.72428543
619 0.72255726 0.71959254 0.72552198
620 0.72379058 0.72082263 0.72675853
621 0.72502390 0.72205272 0.72799508
622 0.72625722 0.72328281 0.72923163
623 0.72749054 0.72451290 0.73046819
624 0.72872386 0.72574299 0.73170474
625 0.72995719 0.72697308 0.73294129
626 0.73119051 0.72820317 0.73417784
627 0.73242383 0.72943326 0.73541439
628 0.73365715 0.73066335 0.73665095
629 0.73489047 0.73189344 0.73788750
630 0.73612379 0.73312353 0.73912405
631 0.73735711 0.73435362 0.74036060
632 0.73859043 0.73558371 0.74159715
633 0.73982375 0.73681380 0.74283370
634 0.74105708 0.73804389 0.74407026
635 0.74229040 0.73927398 0.74530681
636 0.74352372 0.74050407 0.74654336
637 0.74475704 0.74173416 0.74777991
638 0.74599036 0.74296425 0.74901646
639 0.74722368 0.74419434 0.75025302
640 0.74845700 0.74542443 0.75148957
641 0.74969032 0.74665452 0.75272612
642 0.75092364 0.74788461 0.75396267
643 0.75215696 0.74911470 0.75519922
644 0.75339029 0.75034480 0.75643578
645 0.75462361 0.75157489 0.75767233
646 0.75585693 0.75280498 0.75890888
647 0.75709025 0.75403507 0.76014543
648 0.75832357 0.75526516 0.76138198
649 0.75955689 0.75649525 0.76261854
650 0.76079021 0.75772534 0.76385509
651 0.76202353 0.75895543 0.76509164
652 0.76325685 0.76018552 0.76632819
653 0.76449017 0.76141561 0.76756474
654 0.76572350 0.76264570 0.76880130
655 0.76695682 0.76387579 0.77003785
656 0.76819014 0.76510588 0.77127440
657 0.76942346 0.76633597 0.77251095
658 0.77065678 0.76756606 0.77374750
659 0.77189010 0.76879615 0.77498405
660 0.77312342 0.77002624 0.77622061
661 0.77435674 0.77125633 0.77745716
662 0.77559006 0.77248642 0.77869371
663 0.77682339 0.77371651 0.77993026
664 0.77805671 0.77494660 0.78116681
665 0.77929003 0.77617669 0.78240337
666 0.78052335 0.77740678 0.78363992
667 0.78175667 0.77863687 0.78487647
668 0.78298999 0.77986696 0.78611302
669 0.78422331 0.78109705 0.78734957
670 0.78545663 0.78232714 0.78858613
671 0.78668995 0.78355723 0.78982268
672 0.78792327 0.78478732 0.79105923
673 0.78915660 0.78601741 0.79229578
674 0.79038992 0.78724750 0.79353233
675 0.79162324 0.78847759 0.79476889
676 0.79285656 0.78970768 0.79600544
677 0.79408988 0.79093777 0.79724199
678 0.79532320 0.79216786 0.79847854
679 0.79655652 0.79339795 0.79971509
680 0.79778984 0.79462804 0.80095164
681 0.79902316 0.79585813 0.80218820
682 0.80025649 0.79708822 0.80342475
683 0.80148981 0.79831831 0.80466130
684 0.80272313 0.79954840 0.80589785
685 0.80395645 0.80077849 0.80713440
686 0.80518977 0.80200858 0.80837096
687 0.80642309 0.80323867 0.80960751
688 0.80765641 0.80446876 0.81084406
689 0.80888973 0.80569885 0.81208061
690 0.81012305 0.80692894 0.81331716
691 0.81135637 0.80815903 0.81455372
692 0.81258970 0.80938912 0.81579027
693 0.81382302 0.81061921 0.81702682
694 0.81505634 0.81184930 0.81826337
695 0.81628966 0.81307939 0.81949992
696 0.81752298 0.81430948 0.82073648
697 0.81875630 0.81553957 0.82197303
698 0.81998962 0.81676966 0.82320958
699 0.82122294 0.81799975 0.82444613
700 0.82245626 0.81922984 0.82568268
701 0.82368958 0.82045993 0.82691924
702 0.82492291 0.82169002 0.82815579
703 0.82615623 0.82292011 0.82939234
704 0.82738955 0.82415020 0.83062889
705 0.82862287 0.82538030 0.83186544
706 0.82985619 0.82661039 0.83310199
707 0.83108951 0.82784048 0.83433855
708 0.83232283 0.82907057 0.83557510
709 0.83355615 0.83030066 0.83681165
710 0.83478947 0.83153075 0.83804820
711 0.83602280 0.83276084 0.83928475
712 0.83725612 0.83399093 0.84052131
713 0.83848944 0.83522102 0.84175786
714 0.83972276 0.83645111 0.84299441
715 0.84095608 0.83768120 0.84423096
716 0.84218940 0.83891129 0.84546751
717 0.84342272 0.84014138 0.84670407
718 0.84465604 0.84137147 0.84794062
719 0.84588936 0.84260156 0.84917717
720 0.84712268 0.84383165 0.85041372
721 0.84835601 0.84506174 0.85165027
722 0.84958933 0.84629183 0.85288683
723 0.85082265 0.84752192 0.85412338
724 0.85205597 0.84875201 0.85535993
725 0.85328929 0.84998210 0.85659648
726 0.85452261 0.85121219 0.85783303
727 0.85575593 0.85244228 0.85906958
728 0.85698925 0.85367237 0.86030614
729 0.85822257 0.85490246 0.86154269
730 0.85945589 0.85613255 0.86277924
731 0.86068922 0.85736264 0.86401579
732 0.86192254 0.85859273 0.86525234
733 0.86315586 0.85982282 0.86648890
734 0.86438918 0.86105291 0.86772545
735 0.86562250 0.86228300 0.86896200
736 0.86697013 0.86362139 0.87031886
737 0.86831775 0.86495978 0.87167572
738 0.86966538 0.86629818 0.87303258
739 0.87101301 0.86763657 0.87438944
740 0.87236063 0.86897496 0.87574631
741 0.87370826 0.87031335 0.87710317
742 0.87505589 0.87165175 0.87846003
743 0.87640351 0.87299014 0.87981689
744 0.87775114 0.87432853 0.88117375
745 0.87909877 0.87566692 0.88253061
746 0.88044639 0.87700532 0.88388747
747 0.88179402 0.87834371 0.88524433
748 0.88314165 0.87968210 0.88660119
749 0.88448927 0.88102049 0.88795805
750 0.88583690 0.88235889 0.88931492
751 0.88718453 0.88369728 0.89067178
752 0.88853215 0.88503567 0.89202864
753 0.88987978 0.88637406 0.89338550
754 0.89122741 0.88771246 0.89474236
755 0.89257503 0.88905085 0.89609922
756 0.89392266 0.89038924 0.89745608
757 0.89527029 0.89172763 0.89881294
758 0.89661791 0.89306602 0.90016980
759 0.89796554 0.89440442 0.90152666
760 0.89931317 0.89574281 0.90288353
761 0.90066079 0.89708120 0.90424039
762 0.90200842 0.89841959 0.90559725
763 0.90335605 0.89975799 0.90695411
764 0.90470367 0.90109638 0.90831097
765 0.90605130 0.90243477 0.90966783
766 0.90739893 0.90377316 0.91102469
767 0.90874655 0.90511156 0.91238155
768 0.91009418 0.90644995 0.91373841
769 0.91144181 0.90778834 0.91509528
770 0.91278943 0.90912673 0.91645214
771 0.91413706 0.91046513 0.91780900
772 0.91548469 0.91180352 0.91916586
773 0.91683231 0.91314191 0.92052272
774 0.91817994 0.91448030 0.92187958
775 0.91952757 0.91581869 0.92323644
776 0.92087519 0.91715709 0.92459330
777 0.92222282 0.91849548 0.92595016
778 0.92357045 0.91983387 0.92730702
779 0.92491807 0.92117226 0.92866389
780 0.92626570 0.92251066 0.93002075
781 0.92761333 0.92384905 0.93137761
782 0.92896096 0.92518744 0.93273447
783 0.93030858 0.92652583 0.93409133
784 0.93165621 0.92786423 0.93544819
785 0.93300384 0.92920262 0.93680505
786 0.93435146 0.93054101 0.93816191
787 0.93569909 0.93187940 0.93951877
788 0.93704672 0.93321780 0.94087563
789 0.93839434 0.93455619 0.94223250
790 0.93974197 0.93589458 0.94358936
791 0.94108960 0.93723297 0.94494622
792 0.94243722 0.93857137 0.94630308
793 0.94378485 0.93990976 0.94765994
794 0.94513248 0.94124815 0.94901680
795 0.94648010 0.94258654 0.95037366
796 0.94782773 0.94392493 0.95173052
797 0.94917536 0.94526333 0.95308738
798 0.95052298 0.94660172 0.95444425
799 0.95187061 0.94794011 0.95580111
800 0.95321824 0.94927850 0.95715797
801 0.95456586 0.95061690 0.95851483
802 0.95591349 0.95195529 0.95987169
803 0.95726112 0.95329368 0.96122855
804 0.95860874 0.95463207 0.96258541
805 0.95995637 0.95597047 0.96394227
806 0.96130400 0.95730886 0.96529913
807 0.96265162 0.95864725 0.96665599
808 0.96399925 0.95998564 0.96801286
809 0.96534688 0.96132404 0.96936972
810 0.96669450 0.96266243 0.97072658
811 0.96804213 0.96400082 0.97208344
812 0.96938976 0.96533921 0.97344030
813 0.97073738 0.96667760 0.97479716
814 0.97208501 0.96801600 0.97615402
815 0.97343264 0.96935439 0.97751088
816 0.97478026 0.97069278 0.97886774
817 0.97612789 0.97203117 0.98022460
818 0.97747552 0.97336957 0.98158147
819 0.97882314 0.97470796 0.98293833
820 0.98017077 0.97604635 0.98429519
821 0.98151840 0.97738474 0.98565205
822 0.98286602 0.97872314 0.98700891
823 0.98421365 0.98006153 0.98836577
824 0.98556128 0.98139992 0.98972263
825 0.98690890 0.98273831 0.99107949
826 0.98825653 0.98407671 0.99243635
827 0.98960416 0.98541510 0.99379322
828 0.99095178 0.98675349 0.99515008
829 0.99229941 0.98809188 0.99650694
830 0.99364704 0.98943028 0.99786380
831 0.99499466 0.99076867 0.99922066
832 0.99634229 0.99210706 1.00057752
833 0.99768992 0.99344545 1.00193438
834 0.99903754 0.99478384 1.00329124
835 1.00038517 0.99612224 1.00464810
836 1.00173280 0.99746063 1.00600496
837 1.00308042 0.99879902 1.00736183
838 1.00442805 1.00013741 1.00871869
839 1.00577568 1.00147581 1.01007555
840 1.00712330 1.00281420 1.01143241
841 1.00847093 1.00415259 1.01278927
842 1.00981856 1.00549098 1.01414613
843 1.01116618 1.00682938 1.01550299
844 1.01251381 1.00816777 1.01685985
845 1.01386144 1.00950616 1.01821671
846 1.01520906 1.01084455 1.01957357
847 1.01655669 1.01218295 1.02093044
848 1.01790432 1.01352134 1.02228730
849 1.01925194 1.01485973 1.02364416
850 1.02059957 1.01619812 1.02500102
851 1.02194720 1.01753652 1.02635788
852 1.02329482 1.01887491 1.02771474
853 1.02464245 1.02021330 1.02907160
854 1.02599008 1.02155169 1.03042846
855 1.02733770 1.02289008 1.03178532
856 1.02868533 1.02422848 1.03314219
857 1.03003296 1.02556687 1.03449905
858 1.03138058 1.02690526 1.03585591
859 1.03272821 1.02824365 1.03721277
860 1.03407584 1.02958205 1.03856963
861 1.03542346 1.03092044 1.03992649
862 1.03677109 1.03225883 1.04128335
863 1.03811872 1.03359722 1.04264021
864 1.03946634 1.03493562 1.04399707
865 1.04081397 1.03627401 1.04535393
866 1.04216160 1.03761240 1.04671080
867 1.04350922 1.03895079 1.04806766
868 1.04485685 1.04028919 1.04942452
869 1.04620448 1.04162758 1.05078138
870 1.04755210 1.04296597 1.05213824
871 1.04889973 1.04430436 1.05349510
872 1.05024736 1.04564275 1.05485196
873 1.05159499 1.04698115 1.05620882
874 1.05294261 1.04831954 1.05756568
875 1.05429024 1.04965793 1.05892255
876 1.05563787 1.05099632 1.06027941
877 1.05698549 1.05233472 1.06163627
878 1.05833312 1.05367311 1.06299313
879 1.05968075 1.05501150 1.06434999
880 1.06102837 1.05634989 1.06570685
881 1.06237600 1.05768829 1.06706371
882 1.06372363 1.05902668 1.06842057
883 1.06507125 1.06036507 1.06977743
884 1.06641888 1.06170346 1.07113429
885 1.06776651 1.06304186 1.07249116
886 1.06911413 1.06438025 1.07384802
887 1.07046176 1.06571864 1.07520488
888 1.07180939 1.06705703 1.07656174
889 1.07315701 1.06839543 1.07791860
890 1.07450464 1.06973382 1.07927546
891 1.07585227 1.07107221 1.08063232
892 1.07719989 1.07241060 1.08198918
893 1.07854752 1.07374899 1.08334604
894 1.07989515 1.07508739 1.08470290
895 1.08124277 1.07642578 1.08605977
896 1.08259040 1.07776417 1.08741663
897 1.08393803 1.07910256 1.08877349
898 1.08528565 1.08044096 1.09013035
899 1.08663328 1.08177935 1.09148721
900 1.08798091 1.08311774 1.09284407
901 1.08932853 1.08445613 1.09420093
902 1.09067616 1.08579453 1.09555779
903 1.09202379 1.08713292 1.09691465
904 1.09337141 1.08847131 1.09827152
905 1.09471904 1.08980970 1.09962838
906 1.09606667 1.09114810 1.10098524
907 1.09741429 1.09248649 1.10234210
908 1.09876192 1.09382488 1.10369896
909 1.10010955 1.09516327 1.10505582
910 1.10145717 1.09650166 1.10641268
911 1.10280480 1.09784006 1.10776954
912 1.10415243 1.09917845 1.10912640
913 1.10550005 1.10051684 1.11048326
914 1.10684768 1.10185523 1.11184013
915 1.10819531 1.10319363 1.11319699
916 1.10954293 1.10453202 1.11455385
917 1.11089056 1.10587041 1.11591071
918 1.11223819 1.10720880 1.11726757
919 1.11358581 1.10854720 1.11862443
920 1.11493344 1.10988559 1.11998129
921 1.11628107 1.11122398 1.12133815
922 1.11762869 1.11256237 1.12269501
923 1.11897632 1.11390077 1.12405187
924 1.12032395 1.11523916 1.12540874
925 1.12167157 1.11657755 1.12676560
926 1.12301920 1.11791594 1.12812246
927 1.12436683 1.11925434 1.12947932
928 1.12571445 1.12059273 1.13083618
929 1.12706208 1.12193112 1.13219304
930 1.12840971 1.12326951 1.13354990
931 1.12975733 1.12460790 1.13490676
932 1.13110496 1.12594630 1.13626362
933 1.13245259 1.12728469 1.13762049
934 1.13380021 1.12862308 1.13897735
935 1.13514784 1.12996147 1.14033421
936 1.13649547 1.13129987 1.14169107
937 1.13784309 1.13263826 1.14304793
938 1.13919072 1.13397665 1.14440479
939 1.14053835 1.13531504 1.14576165
940 1.14188597 1.13665344 1.14711851
941 1.14323360 1.13799183 1.14847537
942 1.14458123 1.13933022 1.14983223
943 1.14592885 1.14066861 1.15118910
944 1.14727648 1.14200701 1.15254596
945 1.14862411 1.14334540 1.15390282
946 1.14997173 1.14468379 1.15525968
947 1.15131936 1.14602218 1.15661654
948 1.15266699 1.14736057 1.15797340
949 1.15401461 1.14869897 1.15933026
950 1.15536224 1.15003736 1.16068712
951 1.15670987 1.15137575 1.16204398
952 1.15805749 1.15271414 1.16340084
953 1.15940512 1.15405254 1.16475771
954 1.16075275 1.15539093 1.16611457
955 1.16210037 1.15672932 1.16747143
956 1.16344800 1.15806771 1.16882829
957 1.16479563 1.15940611 1.17018515
958 1.16614325 1.16074450 1.17154201
959 1.16749088 1.16208289 1.17289887
960 1.16883851 1.16342128 1.17425573
961 1.17018613 1.16475968 1.17561259
962 1.17153376 1.16609807 1.17696946
963 1.17288139 1.16743646 1.17832632
964 1.17422902 1.16877485 1.17968318
965 1.17557664 1.17011325 1.18104004
966 1.17692427 1.17145164 1.18239690
967 1.17827190 1.17279003 1.18375376
968 1.17961952 1.17412842 1.18511062
969 1.18096715 1.17546681 1.18646748
970 1.18231478 1.17680521 1.18782434
971 1.18366240 1.17814360 1.18918120
972 1.18501003 1.17948199 1.19053807
973 1.18635766 1.18082038 1.19189493
974 1.18770528 1.18215878 1.19325179
975 1.18905291 1.18349717 1.19460865
976 1.19040054 1.18483556 1.19596551
977 1.19174816 1.18617395 1.19732237
978 1.19309579 1.18751235 1.19867923
979 1.19444342 1.18885074 1.20003609
980 1.19579104 1.19018913 1.20139295
981 1.19713867 1.19152752 1.20274981
982 1.19848630 1.19286592 1.20410668
983 1.19983392 1.19420431 1.20546354
984 1.20118155 1.19554270 1.20682040
985 1.20252918 1.19688109 1.20817726
986 1.20387680 1.19821949 1.20953412
987 1.20522443 1.19955788 1.21089098
988 1.20657206 1.20089627 1.21224784
989 1.20791968 1.20223466 1.21360470
990 1.20926731 1.20357305 1.21496156
991 1.21061494 1.20491145 1.21631843
992 1.21196256 1.20624984 1.21767529
993 1.21331019 1.20758823 1.21903215
994 1.21465782 1.20892662 1.22038901
995 1.21600544 1.21026502 1.22174587
996 1.21735307 1.21160341 1.22310273
997 1.21870070 1.21294180 1.22445959
998 1.22004832 1.21428019 1.22581645
999 1.22139595 1.21561859 1.22717331
1000 1.22274358 1.21695698 1.22853017
1001 1.22409120 1.21829537 1.22988704
1002 1.22543883 1.21963376 1.23124390
1003 1.22678646 1.22097216 1.23260076
1004 1.22813408 1.22231055 1.23395762
1005 1.22948171 1.22364894 1.23531448
1006 1.23082934 1.22498733 1.23667134
1007 1.23217696 1.22632572 1.23802820
1008 1.23352459 1.22766412 1.23938506
1009 1.23487222 1.22900251 1.24074192
1010 1.23621984 1.23034090 1.24209878
1011 1.23756747 1.23167929 1.24345565
1012 1.23891510 1.23301769 1.24481251
1013 1.24026272 1.23435608 1.24616937
1014 1.24161035 1.23569447 1.24752623
1015 1.24295798 1.23703286 1.24888309
1016 1.24430560 1.23837126 1.25023995
1017 1.24565323 1.23970965 1.25159681
1018 1.24700086 1.24104804 1.25295367
1019 1.24834848 1.24238643 1.25431053
1020 1.24969611 1.24372483 1.25566740
1021 1.25104374 1.24506322 1.25702426
1022 1.25239136 1.24640161 1.25838112
1023 1.25373899 1.24774000 1.25973798
1024 1.25508662 1.24907840 1.26109484
1025 1.25643424 1.25041679 1.26245170
1026 1.25778187 1.25175518 1.26380856
1027 1.25912950 1.25309357 1.26516542
1028 1.26047712 1.25443196 1.26652228
1029 1.26182475 1.25577036 1.26787914
1030 1.26317238 1.25710875 1.26923601
1031 1.26452000 1.25844714 1.27059287
1032 1.26586763 1.25978553 1.27194973
1033 1.26721526 1.26112393 1.27330659
1034 1.26856288 1.26246232 1.27466345
1035 1.26991051 1.26380071 1.27602031
1036 1.27125814 1.26513910 1.27737717
1037 1.27260576 1.26647750 1.27873403
1038 1.27395339 1.26781589 1.28009089
1039 1.27530102 1.26915428 1.28144775
1040 1.27664864 1.27049267 1.28280462
1041 1.27799627 1.27183107 1.28416148
1042 1.27934390 1.27316946 1.28551834
1043 1.28069152 1.27450785 1.28687520
1044 1.28203915 1.27584624 1.28823206
1045 1.28338678 1.27718463 1.28958892
1046 1.28473440 1.27852303 1.29094578
1047 1.28608203 1.27986142 1.29230264
1048 1.28742966 1.28119981 1.29365950
1049 1.28877728 1.28253820 1.29501637
1050 1.29012491 1.28387660 1.29637323
1051 1.29147254 1.28521499 1.29773009
1052 1.29282016 1.28655338 1.29908695
1053 1.29416779 1.28789177 1.30044381
1054 1.29551542 1.28923017 1.30180067
1055 1.29686305 1.29056856 1.30315753
1056 1.29821067 1.29190695 1.30451439
1057 1.29955830 1.29324534 1.30587125
1058 1.30090593 1.29458374 1.30722811
1059 1.30225355 1.29592213 1.30858498
1060 1.30360118 1.29726052 1.30994184
1061 1.30494881 1.29859891 1.31129870
1062 1.30629643 1.29993731 1.31265556
1063 1.30764406 1.30127570 1.31401242
1064 1.30899169 1.30261409 1.31536928
1065 1.31033931 1.30395248 1.31672614
1066 1.31168694 1.30529087 1.31808300
1067 1.31303457 1.30662927 1.31943986
1068 1.31438219 1.30796766 1.32079672
1069 1.31572982 1.30930605 1.32215359
1070 1.31707745 1.31064444 1.32351045
1071 1.31842507 1.31198284 1.32486731
1072 1.31977270 1.31332123 1.32622417
1073 1.32112033 1.31465962 1.32758103
1074 1.32246795 1.31599801 1.32893789
1075 1.32381558 1.31733641 1.33029475
1076 1.32516321 1.31867480 1.33165161
1077 1.32651083 1.32001319 1.33300847
1078 1.32785846 1.32135158 1.33436534
1079 1.32920609 1.32268998 1.33572220
1080 1.33055371 1.32402837 1.33707906
1081 1.33190134 1.32536676 1.33843592
1082 1.33324897 1.32670515 1.33979278
1083 1.33459659 1.32804355 1.34114964
1084 1.33594422 1.32938194 1.34250650
1085 1.33729185 1.33072033 1.34386336
1086 1.33863947 1.33205872 1.34522022
1087 1.33998710 1.33339711 1.34657708
1088 1.34133473 1.33473551 1.34793395
1089 1.34268235 1.33607390 1.34929081
1090 1.34402998 1.33741229 1.35064767
1091 1.34537761 1.33875068 1.35200453
1092 1.34672523 1.34008908 1.35336139
1093 1.34807286 1.34142747 1.35471825
1094 1.34942049 1.34276586 1.35607511
1095 1.35076811 1.34410425 1.35743197
1096 1.35211574 1.34544265 1.35878883
1097 1.35346337 1.34678104 1.36014569
1098 1.35481099 1.34811943 1.36150256
1099 1.35615862 1.34945782 1.36285942
1100 1.35750625 1.35079622 1.36421628
1101 1.35885387 1.35213461 1.36557314
1102 1.36020150 1.35347300 1.36693000
1103 1.36163392 1.35489987 1.36836796
1104 1.36306634 1.35632674 1.36980593
1105 1.36449875 1.35775361 1.37124389
1106 1.36593117 1.35918048 1.37268186
1107 1.36736359 1.36060735 1.37411982
1108 1.36879601 1.36203423 1.37555779
1109 1.37022842 1.36346110 1.37699575
1110 1.37166084 1.36488797 1.37843371
1111 1.37309326 1.36631484 1.37987168
1112 1.37452568 1.36774171 1.38130964
1113 1.37595809 1.36916858 1.38274761
1114 1.37739051 1.37059545 1.38418557
1115 1.37882293 1.37202232 1.38562354
1116 1.38025535 1.37344919 1.38706150
1117 1.38168776 1.37487606 1.38849946
1118 1.38312018 1.37630293 1.38993743
1119 1.38455260 1.37772980 1.39137539
1120 1.38598502 1.37915668 1.39281336
1121 1.38741743 1.38058355 1.39425132
1122 1.38884985 1.38201042 1.39568929
1123 1.39028227 1.38343729 1.39712725
1124 1.39171469 1.38486416 1.39856521
1125 1.39314710 1.38629103 1.40000318
1126 1.39457952 1.38771790 1.40144114
1127 1.39601194 1.38914477 1.40287911
1128 1.39744436 1.39057164 1.40431707
1129 1.39887677 1.39199851 1.40575504
1130 1.40030919 1.39342538 1.40719300
1131 1.40174161 1.39485226 1.40863096
1132 1.40317403 1.39627913 1.41006893
1133 1.40460645 1.39770600 1.41150689
1134 1.40603886 1.39913287 1.41294486
1135 1.40747128 1.40055974 1.41438282
1136 1.40890370 1.40198661 1.41582079
1137 1.41033612 1.40341348 1.41725875
1138 1.41176853 1.40484035 1.41869671
1139 1.41320095 1.40626722 1.42013468
1140 1.41463337 1.40769409 1.42157264
1141 1.41606579 1.40912096 1.42301061
1142 1.41749820 1.41054784 1.42444857
1143 1.41893062 1.41197471 1.42588654
1144 1.42036304 1.41340158 1.42732450
1145 1.42179546 1.41482845 1.42876246
1146 1.42322787 1.41625532 1.43020043
1147 1.42466029 1.41768219 1.43163839
1148 1.42609271 1.41910906 1.43307636
1149 1.42752513 1.42053593 1.43451432
1150 1.42895754 1.42196280 1.43595229
1151 1.43038996 1.42338967 1.43739025
1152 1.43182238 1.42481654 1.43882821
1153 1.43325480 1.42624341 1.44026618
1154 1.43468721 1.42767029 1.44170414
1155 1.43611963 1.42909716 1.44314211
1156 1.43755205 1.43052403 1.44458007
1157 1.43898447 1.43195090 1.44601804
1158 1.44041688 1.43337777 1.44745600
1159 1.44184930 1.43480464 1.44889396
1160 1.44328172 1.43623151 1.45033193
1161 1.44471414 1.43765838 1.45176989
1162 1.44614655 1.43908525 1.45320786
1163 1.44757897 1.44051212 1.45464582
1164 1.44901139 1.44193899 1.45608379
1165 1.45044381 1.44336587 1.45752175
1166 1.45187623 1.44479274 1.45895971
1167 1.45330864 1.44621961 1.46039768
1168 1.45474106 1.44764648 1.46183564
1169 1.45617348 1.44907335 1.46327361
1170 1.45760590 1.45050022 1.46471157
1171 1.45903831 1.45192709 1.46614954
1172 1.46047073 1.45335396 1.46758750
1173 1.46190315 1.45478083 1.46902546
1174 1.46333557 1.45620770 1.47046343
1175 1.46476798 1.45763457 1.47190139
1176 1.46620040 1.45906145 1.47333936
1177 1.46763282 1.46048832 1.47477732
1178 1.46906524 1.46191519 1.47621529
1179 1.47049765 1.46334206 1.47765325
1180 1.47193007 1.46476893 1.47909121
1181 1.47336249 1.46619580 1.48052918
1182 1.47479491 1.46762267 1.48196714
1183 1.47622732 1.46904954 1.48340511
1184 1.47765974 1.47047641 1.48484307
1185 1.47909216 1.47190328 1.48628104
1186 1.48052458 1.47333015 1.48771900
1187 1.48195699 1.47475702 1.48915696
1188 1.48338941 1.47618390 1.49059493
1189 1.48482183 1.47761077 1.49203289
1190 1.48625425 1.47903764 1.49347086
1191 1.48768666 1.48046451 1.49490882
1192 1.48911908 1.48189138 1.49634679
1193 1.49055150 1.48331825 1.49778475
1194 1.49198392 1.48474512 1.49922271
1195 1.49341634 1.48617199 1.50066068
1196 1.49484875 1.48759886 1.50209864
1197 1.49628117 1.48902573 1.50353661
1198 1.49771359 1.49045260 1.50497457
1199 1.49914601 1.49187948 1.50641254
1200 1.50057842 1.49330635 1.50785050
1201 1.50201084 1.49473322 1.50928846
1202 1.50344326 1.49616009 1.51072643
1203 1.50487568 1.49758696 1.51216439
1204 1.50630809 1.49901383 1.51360236
1205 1.50774051 1.50044070 1.51504032
1206 1.50917293 1.50186757 1.51647829
1207 1.51060535 1.50329444 1.51791625
1208 1.51203776 1.50472131 1.51935421
1209 1.51347018 1.50614818 1.52079218
1210 1.51490260 1.50757505 1.52223014
1211 1.51633502 1.50900193 1.52366811
1212 1.51776743 1.51042880 1.52510607
1213 1.51919985 1.51185567 1.52654404
1214 1.52063227 1.51328254 1.52798200
1215 1.52206469 1.51470941 1.52941996
1216 1.52349710 1.51613628 1.53085793
1217 1.52492952 1.51756315 1.53229589
1218 1.52636194 1.51899002 1.53373386
1219 1.52779436 1.52041689 1.53517182
1220 1.52922677 1.52184376 1.53660979
1221 1.53065919 1.52327063 1.53804775
1222 1.53209161 1.52469751 1.53948571
1223 1.53352403 1.52612438 1.54092368
1224 1.53495645 1.52755125 1.54236164
1225 1.53638886 1.52897812 1.54379961
1226 1.53782128 1.53040499 1.54523757
1227 1.53925370 1.53183186 1.54667554
1228 1.54068612 1.53325873 1.54811350
1229 1.54211853 1.53468560 1.54955146
1230 1.54355095 1.53611247 1.55098943
1231 1.54498337 1.53753934 1.55242739
1232 1.54641579 1.53896621 1.55386536
1233 1.54784820 1.54039309 1.55530332
1234 1.54928062 1.54181996 1.55674129
1235 1.55071304 1.54324683 1.55817925
1236 1.55214546 1.54467370 1.55961721
1237 1.55357787 1.54610057 1.56105518
1238 1.55501029 1.54752744 1.56249314
1239 1.55644271 1.54895431 1.56393111
1240 1.55787513 1.55038118 1.56536907
1241 1.55930754 1.55180805 1.56680704
1242 1.56073996 1.55323492 1.56824500
1243 1.56217238 1.55466179 1.56968296
1244 1.56360480 1.55608866 1.57112093
1245 1.56503721 1.55751554 1.57255889
1246 1.56646963 1.55894241 1.57399686
1247 1.56790205 1.56036928 1.57543482
1248 1.56933447 1.56179615 1.57687279
1249 1.57076688 1.56322302 1.57831075
1250 1.57219930 1.56464989 1.57974871
1251 1.57363172 1.56607676 1.58118668
1252 1.57506414 1.56750363 1.58262464
1253 1.57649655 1.56893050 1.58406261
1254 1.57792897 1.57035737 1.58550057
1255 1.57936139 1.57178424 1.58693854
1256 1.58079381 1.57321112 1.58837650
1257 1.58222623 1.57463799 1.58981446
1258 1.58365864 1.57606486 1.59125243
1259 1.58509106 1.57749173 1.59269039
1260 1.58652348 1.57891860 1.59412836
1261 1.58795590 1.58034547 1.59556632
1262 1.58938831 1.58177234 1.59700429
1263 1.59082073 1.58319921 1.59844225
1264 1.59225315 1.58462608 1.59988021
1265 1.59368557 1.58605295 1.60131818
1266 1.59511798 1.58747982 1.60275614
1267 1.59655040 1.58890670 1.60419411
1268 1.59798282 1.59033357 1.60563207
1269 1.59941524 1.59176044 1.60707004
1270 1.60084765 1.59318731 1.60850800
1271 1.60228007 1.59461418 1.60994596
1272 1.60371249 1.59604105 1.61138393
1273 1.60514491 1.59746792 1.61282189
1274 1.60657732 1.59889479 1.61425986
1275 1.60800974 1.60032166 1.61569782
1276 1.60944216 1.60174853 1.61713579
1277 1.61087458 1.60317540 1.61857375
1278 1.61230699 1.60460227 1.62001171
1279 1.61373941 1.60602915 1.62144968
1280 1.61517183 1.60745602 1.62288764
1281 1.61660425 1.60888289 1.62432561
1282 1.61803666 1.61030976 1.62576357
1283 1.61946908 1.61173663 1.62720154
1284 1.62090150 1.61316350 1.62863950
1285 1.62233392 1.61459037 1.63007746
1286 1.62376634 1.61601724 1.63151543
1287 1.62519875 1.61744411 1.63295339
1288 1.62663117 1.61887098 1.63439136
1289 1.62806359 1.62029785 1.63582932
1290 1.62949601 1.62172473 1.63726729
1291 1.63092842 1.62315160 1.63870525
1292 1.63236084 1.62457847 1.64014321
1293 1.63379326 1.62600534 1.64158118
1294 1.63522568 1.62743221 1.64301914
1295 1.63665809 1.62885908 1.64445711
1296 1.63809051 1.63028595 1.64589507
1297 1.63952293 1.63171282 1.64733304
1298 1.64095535 1.63313969 1.64877100
1299 1.64238776 1.63456656 1.65020896
1300 1.64382018 1.63599343 1.65164693
1301 1.64525260 1.63742030 1.65308489
1302 1.64668502 1.63884718 1.65452286
1303 1.64811743 1.64027405 1.65596082
1304 1.64954985 1.64170092 1.65739879
1305 1.65098227 1.64312779 1.65883675
1306 1.65241469 1.64455466 1.66027471
1307 1.65384710 1.64598153 1.66171268
1308 1.65527952 1.64740840 1.66315064
1309 1.65671194 1.64883527 1.66458861
1310 1.65814436 1.65026214 1.66602657
1311 1.65957677 1.65168901 1.66746454
1312 1.66100919 1.65311588 1.66890250
1313 1.66244161 1.65454276 1.67034046
1314 1.66387403 1.65596963 1.67177843
1315 1.66530645 1.65739650 1.67321639
1316 1.66673886 1.65882337 1.67465436
1317 1.66817128 1.66025024 1.67609232
1318 1.66960370 1.66167711 1.67753029
1319 1.67103612 1.66310398 1.67896825
1320 1.67246853 1.66453085 1.68040621
1321 1.67390095 1.66595772 1.68184418
1322 1.67533337 1.66738459 1.68328214
1323 1.67676579 1.66881146 1.68472011
1324 1.67819820 1.67023834 1.68615807
1325 1.67963062 1.67166521 1.68759604
1326 1.68106304 1.67309208 1.68903400
1327 1.68249546 1.67451895 1.69047196
1328 1.68392787 1.67594582 1.69190993
1329 1.68536029 1.67737269 1.69334789
1330 1.68679271 1.67879956 1.69478586
1331 1.68822513 1.68022643 1.69622382
1332 1.68965754 1.68165330 1.69766179
1333 1.69108996 1.68308017 1.69909975
1334 1.69252238 1.68450704 1.70053771
1335 1.69395480 1.68593391 1.70197568
1336 1.69538721 1.68736079 1.70341364
1337 1.69681963 1.68878766 1.70485161
1338 1.69825205 1.69021453 1.70628957
1339 1.69968447 1.69164140 1.70772754
1340 1.70111688 1.69306827 1.70916550
1341 1.70254930 1.69449514 1.71060346
1342 1.70398172 1.69592201 1.71204143
1343 1.70541414 1.69734888 1.71347939
1344 1.70684655 1.69877575 1.71491736
1345 1.70827897 1.70020262 1.71635532
1346 1.70971139 1.70162949 1.71779329
1347 1.71114381 1.70305637 1.71923125
1348 1.71257623 1.70448324 1.72066921
1349 1.71400864 1.70591011 1.72210718
1350 1.71544106 1.70733698 1.72354514
1351 1.71687348 1.70876385 1.72498311
1352 1.71830590 1.71019072 1.72642107
1353 1.71973831 1.71161759 1.72785904
1354 1.72117073 1.71304446 1.72929700
1355 1.72260315 1.71447133 1.73073496
1356 1.72403557 1.71589820 1.73217293
1357 1.72546798 1.71732507 1.73361089
1358 1.72690040 1.71875195 1.73504886
1359 1.72833282 1.72017882 1.73648682
1360 1.72976524 1.72160569 1.73792479
1361 1.73119765 1.72303256 1.73936275
1362 1.73263007 1.72445943 1.74080071
1363 1.73406249 1.72588630 1.74223868
1364 1.73549491 1.72731317 1.74367664
1365 1.73692732 1.72874004 1.74511461
1366 1.73835974 1.73016691 1.74655257
1367 1.73979216 1.73159378 1.74799054
1368 1.74122458 1.73302065 1.74942850
1369 1.74265699 1.73444752 1.75086646
1370 1.74408941 1.73587440 1.75230443
1371 1.74552183 1.73730127 1.75374239
1372 1.74695425 1.73872814 1.75518036
1373 1.74838666 1.74015501 1.75661832
1374 1.74981908 1.74158188 1.75805629
1375 1.75125150 1.74300875 1.75949425
1376 1.75268392 1.74443562 1.76093221
1377 1.75411634 1.74586249 1.76237018
1378 1.75554875 1.74728936 1.76380814
1379 1.75698117 1.74871623 1.76524611
1380 1.75841359 1.75014310 1.76668407
1381 1.75984601 1.75156998 1.76812204
1382 1.76127842 1.75299685 1.76956000
1383 1.76271084 1.75442372 1.77099796
1384 1.76414326 1.75585059 1.77243593
1385 1.76557568 1.75727746 1.77387389
1386 1.76700809 1.75870433 1.77531186
1387 1.76844051 1.76013120 1.77674982
1388 1.76987293 1.76155807 1.77818779
1389 1.77130535 1.76298494 1.77962575
1390 1.77273776 1.76441181 1.78106371
1391 1.77417018 1.76583868 1.78250168
1392 1.77560260 1.76726555 1.78393964
1393 1.77703502 1.76869243 1.78537761
1394 1.77846743 1.77011930 1.78681557
1395 1.77989985 1.77154617 1.78825354
1396 1.78133227 1.77297304 1.78969150
1397 1.78276469 1.77439991 1.79112946
1398 1.78419710 1.77582678 1.79256743
1399 1.78562952 1.77725365 1.79400539
1400 1.78706194 1.77868052 1.79544336
1401 1.78849436 1.78010739 1.79688132
1402 1.78992677 1.78153426 1.79831929
1403 1.79135919 1.78296113 1.79975725
1404 1.79279161 1.78438801 1.80119521
1405 1.79422403 1.78581488 1.80263318
1406 1.79565645 1.78724175 1.80407114
1407 1.79708886 1.78866862 1.80550911
1408 1.79852128 1.79009549 1.80694707
1409 1.79995370 1.79152236 1.80838504
1410 1.80138612 1.79294923 1.80982300
1411 1.80281853 1.79437610 1.81126096
1412 1.80425095 1.79580297 1.81269893
1413 1.80568337 1.79722984 1.81413689
1414 1.80711579 1.79865671 1.81557486
1415 1.80854820 1.80008359 1.81701282
1416 1.80998062 1.80151046 1.81845079
1417 1.81141304 1.80293733 1.81988875
1418 1.81284546 1.80436420 1.82132671
1419 1.81427787 1.80579107 1.82276468
1420 1.81571029 1.80721794 1.82420264
1421 1.81714271 1.80864481 1.82564061
1422 1.81857513 1.81007168 1.82707857
1423 1.82000754 1.81149855 1.82851654
1424 1.82143996 1.81292542 1.82995450
1425 1.82287238 1.81435229 1.83139246
1426 1.82430480 1.81577916 1.83283043
1427 1.82573721 1.81720604 1.83426839
1428 1.82716963 1.81863291 1.83570636
1429 1.82860205 1.82005978 1.83714432
1430 1.83003447 1.82148665 1.83858229
1431 1.83146688 1.82291352 1.84002025
1432 1.83289930 1.82434039 1.84145821
1433 1.83433172 1.82576726 1.84289618
1434 1.83576414 1.82719413 1.84433414
1435 1.83719655 1.82862100 1.84577211
1436 1.83862897 1.83004787 1.84721007
1437 1.84006139 1.83147474 1.84864804
1438 1.84149381 1.83290162 1.85008600
1439 1.84292623 1.83432849 1.85152396
1440 1.84435864 1.83575536 1.85296193
1441 1.84579106 1.83718223 1.85439989
1442 1.84722348 1.83860910 1.85583786
1443 1.84865590 1.84003597 1.85727582
1444 1.85008831 1.84146284 1.85871379
1445 1.85152073 1.84288971 1.86015175
1446 1.85295315 1.84431658 1.86158971
1447 1.85438557 1.84574345 1.86302768
1448 1.85581798 1.84717032 1.86446564
1449 1.85725040 1.84859720 1.86590361
1450 1.85868282 1.85002407 1.86734157
1451 1.86011524 1.85145094 1.86877954
1452 1.86154765 1.85287781 1.87021750
1453 1.86298007 1.85430468 1.87165546
1454 1.86441249 1.85573155 1.87309343
1455 1.86584491 1.85715842 1.87453139
1456 1.86727732 1.85858529 1.87596936
1457 1.86870974 1.86001216 1.87740732
1458 1.87014216 1.86143903 1.87884529
1459 1.87157458 1.86286590 1.88028325
1460 1.87300699 1.86429277 1.88172121
1461 1.87443941 1.86571965 1.88315918
1462 1.87587183 1.86714652 1.88459714
1463 1.87730425 1.86857339 1.88603511
1464 1.87873666 1.87000026 1.88747307
1465 1.88016908 1.87142713 1.88891104
1466 1.88160150 1.87285400 1.89034900
1467 1.88313751 1.87436806 1.89190695
1468 1.88467351 1.87588212 1.89346490
1469 1.88620952 1.87739618 1.89502285
1470 1.88774552 1.87891024 1.89658080
1471 1.88928153 1.88042430 1.89813875
1472 1.89081753 1.88193836 1.89969670
1473 1.89235354 1.88345242 1.90125465
1474 1.89388954 1.88496648 1.90281260
1475 1.89542555 1.88648054 1.90437055
1476 1.89696155 1.88799460 1.90592851
1477 1.89849756 1.88950866 1.90748646
1478 1.90003357 1.89102273 1.90904441
1479 1.90156957 1.89253679 1.91060236
1480 1.90310558 1.89405085 1.91216031
1481 1.90464158 1.89556491 1.91371826
1482 1.90617759 1.89707897 1.91527621
1483 1.90771359 1.89859303 1.91683416
1484 1.90924960 1.90010709 1.91839211
1485 1.91078560 1.90162115 1.91995006
1486 1.91232161 1.90313521 1.92150801
1487 1.91385762 1.90464927 1.92306596
1488 1.91539362 1.90616333 1.92462391
1489 1.91692963 1.90767739 1.92618186
1490 1.91846563 1.90919145 1.92773981
1491 1.92000164 1.91070551 1.92929776
1492 1.92153764 1.91221957 1.93085571
1493 1.92307365 1.91373363 1.93241366
1494 1.92460965 1.91524769 1.93397162
1495 1.92614566 1.91676175 1.93552957
1496 1.92768166 1.91827581 1.93708752
1497 1.92921767 1.91978987 1.93864547
1498 1.93075368 1.92130393 1.94020342
1499 1.93228968 1.92281799 1.94176137
1500 1.93382569 1.92433205 1.94331932
1501 1.93536169 1.92584612 1.94487727
1502 1.93689770 1.92736018 1.94643522
1503 1.93843370 1.92887424 1.94799317
1504 1.93996971 1.93038830 1.94955112
1505 1.94150571 1.93190236 1.95110907
1506 1.94304172 1.93341642 1.95266702
1507 1.94457773 1.93493048 1.95422497
1508 1.94611373 1.93644454 1.95578292
1509 1.94764974 1.93795860 1.95734087
1510 1.94918574 1.93947266 1.95889882
1511 1.95072175 1.94098672 1.96045677
1512 1.95225775 1.94250078 1.96201473
1513 1.95379376 1.94401484 1.96357268
1514 1.95532976 1.94552890 1.96513063
1515 1.95686577 1.94704296 1.96668858
1516 1.95840177 1.94855702 1.96824653
1517 1.95993778 1.95007108 1.96980448
1518 1.96147379 1.95158514 1.97136243
1519 1.96300979 1.95309920 1.97292038
1520 1.96454580 1.95461326 1.97447833
1521 1.96608180 1.95612732 1.97603628
1522 1.96761781 1.95764138 1.97759423
1523 1.96915381 1.95915545 1.97915218
1524 1.97068982 1.96066951 1.98071013
1525 1.97222582 1.96218357 1.98226808
1526 1.97376183 1.96369763 1.98382603
1527 1.97529784 1.96521169 1.98538398
1528 1.97683384 1.96672575 1.98694193
1529 1.97836985 1.96823981 1.98849988
1530 1.97990585 1.96975387 1.99005784
1531 1.98144186 1.97126793 1.99161579
1532 1.98297786 1.97278199 1.99317374
1533 1.98451387 1.97429605 1.99473169
1534 1.98604987 1.97581011 1.99628964
1535 1.98758588 1.97732417 1.99784759
1536 1.98912188 1.97883823 1.99940554
1537 1.99065789 1.98035229 2.00096349
1538 1.99219390 1.98186635 2.00252144
1539 1.99372990 1.98338041 2.00407939
1540 1.99526591 1.98489447 2.00563734
1541 1.99680191 1.98640853 2.00719529
1542 1.99833792 1.98792259 2.00875324
1543 1.99987392 1.98943665 2.01031119
1544 2.00140993 1.99095071 2.01186914
1545 2.00294593 1.99246477 2.01342709
1546 2.00448194 1.99397884 2.01498504
1547 2.00601795 1.99549290 2.01654299
1548 2.00755395 1.99700696 2.01810095
1549 2.00908996 1.99852102 2.01965890
1550 2.01062596 2.00003508 2.02121685
1551 2.01216197 2.00154914 2.02277480
1552 2.01369797 2.00306320 2.02433275
1553 2.01523398 2.00457726 2.02589070
1554 2.01676998 2.00609132 2.02744865
1555 2.01830599 2.00760538 2.02900660
1556 2.01984199 2.00911944 2.03056455
1557 2.02137800 2.01063350 2.03212250
1558 2.02291401 2.01214756 2.03368045
1559 2.02445001 2.01366162 2.03523840
1560 2.02598602 2.01517568 2.03679635
1561 2.02752202 2.01668974 2.03835430
1562 2.02905803 2.01820380 2.03991225
1563 2.03059403 2.01971786 2.04147020
1564 2.03213004 2.02123192 2.04302815
1565 2.03366604 2.02274598 2.04458610
1566 2.03520205 2.02426004 2.04614405
1567 2.03673805 2.02577410 2.04770201
1568 2.03827406 2.02728816 2.04925996
1569 2.03981007 2.02880223 2.05081791
1570 2.04134607 2.03031629 2.05237586
1571 2.04288208 2.03183035 2.05393381
1572 2.04441808 2.03334441 2.05549176
1573 2.04595409 2.03485847 2.05704971
1574 2.04749009 2.03637253 2.05860766
1575 2.04902610 2.03788659 2.06016561
1576 2.05056210 2.03940065 2.06172356
1577 2.05209811 2.04091471 2.06328151
1578 2.05363412 2.04242877 2.06483946
1579 2.05517012 2.04394283 2.06639741
1580 2.05670613 2.04545689 2.06795536
1581 2.05824213 2.04697095 2.06951331
1582 2.05977814 2.04848501 2.07107126
1583 2.06131414 2.04999907 2.07262921
1584 2.06285015 2.05151313 2.07418716
1585 2.06438615 2.05302719 2.07574512
1586 2.06592216 2.05454125 2.07730307
1587 2.06745816 2.05605531 2.07886102
1588 2.06899417 2.05756937 2.08041897
1589 2.07053018 2.05908343 2.08197692
1590 2.07206618 2.06059749 2.08353487
1591 2.07360219 2.06211155 2.08509282
1592 2.07513819 2.06362562 2.08665077
1593 2.07667420 2.06513968 2.08820872
1594 2.07821020 2.06665374 2.08976667
1595 2.07974621 2.06816780 2.09132462
1596 2.08128221 2.06968186 2.09288257
1597 2.08281822 2.07119592 2.09444052
1598 2.08435423 2.07270998 2.09599847
1599 2.08589023 2.07422404 2.09755642
1600 2.08742624 2.07573810 2.09911437
1601 2.08896224 2.07725216 2.10067232
1602 2.09049825 2.07876622 2.10223027
1603 2.09203425 2.08028028 2.10378823
1604 2.09357026 2.08179434 2.10534618
1605 2.09510626 2.08330840 2.10690413
1606 2.09664227 2.08482246 2.10846208
1607 2.09817827 2.08633652 2.11002003
1608 2.09971428 2.08785058 2.11157798
1609 2.10125029 2.08936464 2.11313593
1610 2.10278629 2.09087870 2.11469388
1611 2.10432230 2.09239276 2.11625183
1612 2.10585830 2.09390682 2.11780978
1613 2.10739431 2.09542088 2.11936773
1614 2.10893031 2.09693495 2.12092568
1615 2.11046632 2.09844901 2.12248363
1616 2.11200232 2.09996307 2.12404158
1617 2.11353833 2.10147713 2.12559953
1618 2.11507434 2.10299119 2.12715748
1619 2.11661034 2.10450525 2.12871543
1620 2.11814635 2.10601931 2.13027338
1621 2.11968235 2.10753337 2.13183134
1622 2.12121836 2.10904743 2.13338929
1623 2.12275436 2.11056149 2.13494724
1624 2.12429037 2.11207555 2.13650519
1625 2.12582637 2.11358961 2.13806314
1626 2.12736238 2.11510367 2.13962109
1627 2.12889838 2.11661773 2.14117904
1628 2.13043439 2.11813179 2.14273699
1629 2.13197040 2.11964585 2.14429494
1630 2.13350640 2.12115991 2.14585289
1631 2.13504241 2.12267397 2.14741084
1632 2.13657841 2.12418803 2.14896879
1633 2.13811442 2.12570209 2.15052674
1634 2.13965042 2.12721615 2.15208469
1635 2.14118643 2.12873021 2.15364264
1636 2.14272243 2.13024427 2.15520059
1637 2.14425844 2.13175834 2.15675854
1638 2.14579445 2.13327240 2.15831649
1639 2.14733045 2.13478646 2.15987445
1640 2.14886646 2.13630052 2.16143240
1641 2.15040246 2.13781458 2.16299035
1642 2.15193847 2.13932864 2.16454830
1643 2.15347447 2.14084270 2.16610625
1644 2.15501048 2.14235676 2.16766420
1645 2.15654648 2.14387082 2.16922215
1646 2.15808249 2.14538488 2.17078010
1647 2.15961849 2.14689894 2.17233805
1648 2.16115450 2.14841300 2.17389600
1649 2.16269051 2.14992706 2.17545395
1650 2.16422651 2.15144112 2.17701190
1651 2.16576252 2.15295518 2.17856985
1652 2.16729852 2.15446924 2.18012780
1653 2.16883453 2.15598330 2.18168575
1654 2.17037053 2.15749736 2.18324370
1655 2.17190654 2.15901142 2.18480165
1656 2.17344254 2.16052548 2.18635960
1657 2.17497855 2.16203954 2.18791755
1658 2.17651455 2.16355360 2.18947551
1659 2.17805056 2.16506766 2.19103346
1660 2.17958657 2.16658173 2.19259141
1661 2.18112257 2.16809579 2.19414936
1662 2.18265858 2.16960985 2.19570731
1663 2.18419458 2.17112391 2.19726526
1664 2.18573059 2.17263797 2.19882321
1665 2.18726659 2.17415203 2.20038116
1666 2.18880260 2.17566609 2.20193911
1667 2.19033860 2.17718015 2.20349706
1668 2.19187461 2.17869421 2.20505501
1669 2.19341062 2.18020827 2.20661296
1670 2.19494662 2.18172233 2.20817091
1671 2.19648263 2.18323639 2.20972886
1672 2.19801863 2.18475045 2.21128681
1673 2.19955464 2.18626451 2.21284476
1674 2.20109064 2.18777857 2.21440271
1675 2.20262665 2.18929263 2.21596066
1676 2.20416265 2.19080669 2.21751862
1677 2.20569866 2.19232075 2.21907657
1678 2.20723466 2.19383481 2.22063452
1679 2.20877067 2.19534887 2.22219247
1680 2.21030668 2.19686293 2.22375042
1681 2.21184268 2.19837699 2.22530837
1682 2.21337869 2.19989105 2.22686632
1683 2.21491469 2.20140512 2.22842427
1684 2.21645070 2.20291918 2.22998222
1685 2.21798670 2.20443324 2.23154017
1686 2.21952271 2.20594730 2.23309812
1687 2.22105871 2.20746136 2.23465607
1688 2.22259472 2.20897542 2.23621402
1689 2.22413073 2.21048948 2.23777197
1690 2.22566673 2.21200354 2.23932992
1691 2.22720274 2.21351760 2.24088787
1692 2.22873874 2.21503166 2.24244582
1693 2.23027475 2.21654572 2.24400377
1694 2.23181075 2.21805978 2.24556173
1695 2.23334676 2.21957384 2.24711968
1696 2.23488276 2.22108790 2.24867763
1697 2.23641877 2.22260196 2.25023558
1698 2.23795477 2.22411602 2.25179353
1699 2.23949078 2.22563008 2.25335148
1700 2.24102679 2.22714414 2.25490943
1701 2.24256279 2.22865820 2.25646738
1702 2.24409880 2.23017226 2.25802533
1703 2.24563480 2.23168632 2.25958328
1704 2.24717081 2.23320038 2.26114123
1705 2.24870681 2.23471445 2.26269918
1706 2.25024282 2.23622851 2.26425713
1707 2.25177882 2.23774257 2.26581508
1708 2.25331483 2.23925663 2.26737303
1709 2.25485084 2.24077069 2.26893098
1710 2.25638684 2.24228475 2.27048893
1711 2.25792285 2.24379881 2.27204688
1712 2.25945885 2.24531287 2.27360484
1713 2.26099486 2.24682693 2.27516279
1714 2.26253086 2.24834099 2.27672074
1715 2.26406687 2.24985505 2.27827869
1716 2.26560287 2.25136911 2.27983664
1717 2.26713888 2.25288317 2.28139459
1718 2.26867488 2.25439723 2.28295254
1719 2.27021089 2.25591129 2.28451049
1720 2.27174690 2.25742535 2.28606844
1721 2.27328290 2.25893941 2.28762639
1722 2.27481891 2.26045347 2.28918434
1723 2.27635491 2.26196753 2.29074229
1724 2.27789092 2.26348159 2.29230024
1725 2.27942692 2.26499565 2.29385819
1726 2.28096293 2.26650971 2.29541614
1727 2.28249893 2.26802377 2.29697409
1728 2.28403494 2.26953784 2.29853204
1729 2.28557095 2.27105190 2.30008999
1730 2.28710695 2.27256596 2.30164795
1731 2.28864296 2.27408002 2.30320590
1732 2.29017896 2.27559408 2.30476385
1733 2.29171497 2.27710814 2.30632180
1734 2.29325097 2.27862220 2.30787975
1735 2.29478698 2.28013626 2.30943770
1736 2.29632298 2.28165032 2.31099565
1737 2.29785899 2.28316438 2.31255360
1738 2.29939499 2.28467844 2.31411155
1739 2.30093100 2.28619250 2.31566950
1740 2.30246701 2.28770656 2.31722745
1741 2.30400301 2.28922062 2.31878540
1742 2.30553902 2.29073468 2.32034335
1743 2.30707502 2.29224874 2.32190130
1744 2.30861103 2.29376280 2.32345925
1745 2.31014703 2.29527686 2.32501720
1746 2.31168304 2.29679092 2.32657515
1747 2.31321904 2.29830498 2.32813310
1748 2.31475505 2.29981904 2.32969105
1749 2.31629105 2.30133310 2.33124901
1750 2.31782706 2.30284716 2.33280696
1751 2.31936307 2.30436123 2.33436491
1752 2.32089907 2.30587529 2.33592286
1753 2.32243508 2.30738935 2.33748081
1754 2.32397108 2.30890341 2.33903876
1755 2.32550709 2.31041747 2.34059671
1756 2.32704309 2.31193153 2.34215466
1757 2.32857910 2.31344559 2.34371261
1758 2.33011510 2.31495965 2.34527056
1759 2.33165111 2.31647371 2.34682851
1760 2.33318712 2.31798777 2.34838646
1761 2.33472312 2.31950183 2.34994441
1762 2.33625913 2.32101589 2.35150236
1763 2.33779513 2.32252995 2.35306031
1764 2.33933114 2.32404401 2.35461826
1765 2.34086714 2.32555807 2.35617621
1766 2.34240315 2.32707213 2.35773416
1767 2.34393915 2.32858619 2.35929212
1768 2.34547516 2.33010025 2.36085007
1769 2.34701116 2.33161431 2.36240802
1770 2.34854717 2.33312837 2.36396597
1771 2.35008318 2.33464243 2.36552392
1772 2.35161918 2.33615649 2.36708187
1773 2.35315519 2.33767055 2.36863982
1774 2.35469119 2.33918462 2.37019777
1775 2.35622720 2.34069868 2.37175572
1776 2.35776320 2.34221274 2.37331367
1777 2.35929921 2.34372680 2.37487162
1778 2.36083521 2.34524086 2.37642957
1779 2.36237122 2.34675492 2.37798752
1780 2.36390723 2.34826898 2.37954547
1781 2.36544323 2.34978304 2.38110342
1782 2.36697924 2.35129710 2.38266137
1783 2.36851524 2.35281116 2.38421932
1784 2.37005125 2.35432522 2.38577727
1785 2.37158725 2.35583928 2.38733523
1786 2.37312326 2.35735334 2.38889318
1787 2.37465926 2.35886740 2.39045113
1788 2.37619527 2.36038146 2.39200908
1789 2.37773127 2.36189552 2.39356703
1790 2.37926728 2.36340958 2.39512498
1791 2.38080329 2.36492364 2.39668293
1792 2.38233929 2.36643770 2.39824088
1793 2.38387530 2.36795176 2.39979883
1794 2.38541130 2.36946582 2.40135678
1795 2.38694731 2.37097988 2.40291473
1796 2.38848331 2.37249395 2.40447268
1797 2.39001932 2.37400801 2.40603063
1798 2.39155532 2.37552207 2.40758858
1799 2.39309133 2.37703613 2.40914653
1800 2.39462734 2.37855019 2.41070448
1801 2.39616334 2.38006425 2.41226243
1802 2.39769935 2.38157831 2.41382038
1803 2.39923535 2.38309237 2.41537834
1804 2.40077136 2.38460643 2.41693629
1805 2.40230736 2.38612049 2.41849424
1806 2.40384337 2.38763455 2.42005219
1807 2.40537937 2.38914861 2.42161014
1808 2.40691538 2.39066267 2.42316809
1809 2.40845138 2.39217673 2.42472604
1810 2.40998739 2.39369079 2.42628399
1811 2.41152340 2.39520485 2.42784194
1812 2.41305940 2.39671891 2.42939989
1813 2.41459541 2.39823297 2.43095784
1814 2.41613141 2.39974703 2.43251579
1815 2.41766742 2.40126109 2.43407374
1816 2.41920342 2.40277515 2.43563169
1817 2.42073943 2.40428921 2.43718964
1818 2.42227543 2.40580327 2.43874759
1819 2.42381144 2.40731734 2.44030554
1820 2.42534745 2.40883140 2.44186349
1821 2.42688345 2.41034546 2.44342145
1822 2.42841946 2.41185952 2.44497940
1823 2.42995546 2.41337358 2.44653735
1824 2.43149147 2.41488764 2.44809530
1825 2.43302747 2.41640170 2.44965325
1826 2.43456348 2.41791576 2.45121120
1827 2.43609948 2.41942982 2.45276915
1828 2.43763549 2.42094388 2.45432710
1829 2.43917149 2.42245794 2.45588505
1830 2.44070750 2.42397200 2.45744300
