1 -0.02916667 -0.05700000 -0.00133333
2 -0.02916667 -0.05700000 -0.00133333
3 -0.02916667 -0.05700000 -0.00133333
4 0.00000000 0.00000000 0.00000000
5 -0.00850000 -0.02000000 0.00300000
6 -0.01791666 -0.03166666 -0.00416666
7 -0.02733333 -0.04333333 -0.01133333
8 -0.03675000 -0.05500000 -0.01850000
9 -0.04616666 -0.06666666 -0.02566666
10 -0.05558333 -0.07833333 -0.03283333
11 -0.06500000 -0.09000000 -0.04000000
12 -0.07928571 -0.10571428 -0.05285714
13 -0.09357142 -0.12142857 -0.06571428
14 -0.10785714 -0.13714285 -0.07857142
15 -0.12214285 -0.15285714 -0.09142857
16 -0.13642857 -0.16857142 -0.10428571
17 -0.15071428 -0.18428571 -0.11714285
18 -0.16500000 -0.20000000 -0.13000000
19 -0.16571428 -0.20285714 -0.12857142
20 -0.16642857 -0.20571428 -0.12714285
21 -0.16714285 -0.20857142 -0.12571428
22 -0.16785714 -0.21142857 -0.12428571
23 -0.16857142 -0.21428571 -0.12285714
24 -0.16928571 -0.21714285 -0.12142857
25 -0.17000000 -0.22000000 -0.12000000
26 -0.16700000 -0.21900000 -0.11500000
27 -0.16400000 -0.21800000 -0.11000000
28 -0.16100000 -0.21700000 -0.10500000
29 -0.15800000 -0.21600000 -0.10000000
30 -0.15500000 -0.21500000 -0.09500000
31 -0.15200000 -0.21400000 -0.09000000
32 -0.14900000 -0.21300000 -0.08500000
33 -0.14600000 -0.21200000 -0.08000000
34 -0.14300000 -0.21100000 -0.07500000
35 -0.14000000 -0.21000000 -0.07000000
36 -0.13758064 -0.21000000 -0.06516129
37 -0.13516129 -0.21000000 -0.06032258
38 -0.13274193 -0.21000000 -0.05548387
39 -0.13032258 -0.21000000 -0.05064516
40 -0.12790322 -0.21000000 -0.04580645
41 -0.12548387 -0.21000000 -0.04096774
42 -0.12306451 -0.21000000 -0.03612903
43 -0.12064516 -0.21000000 -0.03129032
44 -0.11822580 -0.21000000 -0.02645161
45 -0.11580645 -0.21000000 -0.02161290
46 -0.11338709 -0.21000000 -0.01677419
47 -0.11096774 -0.21000000 -0.01193548
48 -0.10854838 -0.21000000 -0.00709677
49 -0.10612903 -0.21000000 -0.00225806
50 -0.10370967 -0.21000000 0.00258065
51 -0.10129032 -0.21000000 0.00741935
52 -0.09887096 -0.21000000 0.01225806
53 -0.09645161 -0.21000000 0.01709677
54 -0.09403225 -0.21000000 0.02193548
55 -0.09161290 -0.21000000 0.02677419
56 -0.08919354 -0.21000000 0.03161290
57 -0.08677419 -0.21000000 0.03645161
58 -0.08435483 -0.21000000 0.04129032
59 -0.08193548 -0.21000000 0.04612903
60 -0.07951612 -0.21000000 0.05096774
61 -0.07709677 -0.21000000 0.05580645
62 -0.07467741 -0.21000000 0.06064516
63 -0.07225806 -0.21000000 0.06548387
64 -0.06983870 -0.21000000 0.07032258
65 -0.06741935 -0.21000000 0.07516129
66 -0.06500000 -0.21000000 0.08000000
67 -0.05100000 -0.19700000 0.09500000
68 -0.03700000 -0.18400000 0.11000000
69 -0.02300000 -0.17100000 0.12500000
70 -0.00900000 -0.15800000 0.14000000
71 0.00500000 -0.14500000 0.15500000
72 0.01900000 -0.13200000 0.17000000
73 0.03300000 -0.11900000 0.18500000
74 0.04700000 -0.10600000 0.20000000
75 0.06100000 -0.09300000 0.21500000
76 0.07500000 -0.08000000 0.23000000
77 0.08900000 -0.06700000 0.24500000
78 0.10300000 -0.05400000 0.26000000
79 0.11700000 -0.04100000 0.27500000
80 0.13100000 -0.02800000 0.29000000
81 0.14500000 -0.01500000 0.30500000
82 0.15900000 -0.00200000 0.32000000
83 0.17300000 0.01100000 0.33500000
84 0.18700000 0.02400000 0.35000000
85 0.20100000 0.03700000 0.36500000
86 0.21500000 0.05000000 0.38000000
87 0.22900000 0.06300000 0.39500000
88 0.24300000 0.07600000 0.41000000
89 0.25700000 0.08900000 0.42500000
90 0.27100000 0.10200000 0.44000000
91 0.28500000 0.11500000 0.45500000
92 0.29900000 0.12800000 0.47000000
93 0.31300000 0.14100000 0.48500000
94 0.32700000 0.15400000 0.50000000
95 0.34100000 0.16700000 0.51500000
96 0.35500000 0.18000000 0.53000000
97 0.36568182 0.18469697 0.54666667
98 0.37636364 0.18939394 0.56333333
99 0.38704545 0.19409091 0.58000000
100 0.39772727 0.19878788 0.59666667
101 0.40840909 0.20348485 0.61333333
102 0.41909091 0.20818182 0.63000000
103 0.42977273 0.21287879 0.64666667
104 0.44045455 0.21757576 0.66333333
105 0.45113636 0.22227273 0.68000000
106 0.46181818 0.22696970 0.69666667
107 0.47250000 0.23166667 0.71333333
108 0.48318182 0.23636364 0.73000000
109 0.49386364 0.24106061 0.74666667
110 0.50454545 0.24575758 0.76333333
111 0.51522727 0.25045455 0.78000000
112 0.52590909 0.25515152 0.79666667
113 0.53659091 0.25984848 0.81333333
114 0.54727273 0.26454545 0.83000000
115 0.55795455 0.26924242 0.84666667
116 0.56863636 0.27393939 0.86333333
117 0.57931818 0.27863636 0.88000000
118 0.59000000 0.28333333 0.89666667
119 0.60068182 0.28803030 0.91333333
120 0.61136364 0.29272727 0.93000000
121 0.62204545 0.29742424 0.94666667
122 0.63272727 0.30212121 0.96333333
123 0.64340909 0.30681818 0.98000000
124 0.65409091 0.31151515 0.99666667
125 0.66477273 0.31621212 1.01333333
126 0.67545455 0.32090909 1.03000000
127 0.68613636 0.32560606 1.04666667
128 0.69681818 0.33030303 1.06333333
129 0.70750000 0.33500000 1.08000000
130 0.70766071 0.33107143 1.08425000
131 0.70782143 0.32714286 1.08850000
132 0.70798214 0.32321429 1.09275000
133 0.70814286 0.31928571 1.09700000
134 0.70830357 0.31535714 1.10125000
135 0.70846429 0.31142857 1.10550000
136 0.70862500 0.30750000 1.10975000
137 0.70878571 0.30357143 1.11400000
138 0.70894643 0.29964286 1.11825000
139 0.70910714 0.29571429 1.12250000
140 0.70926786 0.29178571 1.12675000
141 0.70942857 0.28785714 1.13100000
142 0.70958929 0.28392857 1.13525000
143 0.70975000 0.28000000 1.13950000
144 0.70991071 0.27607143 1.14375000
145 0.71007143 0.27214286 1.14800000
146 0.71023214 0.26821429 1.15225000
147 0.71039286 0.26428571 1.15650000
148 0.71055357 0.26035714 1.16075000
149 0.71071429 0.25642857 1.16500000
150 0.71087500 0.25250000 1.16925000
151 0.71103571 0.24857143 1.17350000
152 0.71119643 0.24464286 1.17775000
153 0.71135714 0.24071429 1.18200000
154 0.71151786 0.23678571 1.18625000
155 0.71167857 0.23285714 1.19050000
156 0.71183929 0.22892857 1.19475000
157 0.71200000 0.22500000 1.19900000
158 0.72725806 0.23935484 1.21516129
159 0.74251613 0.25370968 1.23132258
160 0.75777419 0.26806452 1.24748387
161 0.77303226 0.28241935 1.26364516
162 0.78829032 0.29677419 1.27980645
163 0.80354839 0.31112903 1.29596774
164 0.81880645 0.32548387 1.31212903
165 0.83406452 0.33983871 1.32829032
166 0.84932258 0.35419355 1.34445161
167 0.86458065 0.36854839 1.36061290
168 0.87983871 0.38290323 1.37677419
169 0.89509677 0.39725806 1.39293548
170 0.91035484 0.41161290 1.40909677
171 0.92561290 0.42596774 1.42525806
172 0.94087097 0.44032258 1.44141935
173 0.95612903 0.45467742 1.45758065
174 0.97138710 0.46903226 1.47374194
175 0.98664516 0.48338710 1.48990323
176 1.00190323 0.49774194 1.50606452
177 1.01716129 0.51209677 1.52222581
178 1.03241935 0.52645161 1.53838710
179 1.04767742 0.54080645 1.55454839
180 1.06293548 0.55516129 1.57070968
181 1.07819355 0.56951613 1.58687097
182 1.09345161 0.58387097 1.60303226
183 1.10870968 0.59822581 1.61919355
184 1.12396774 0.61258065 1.63535484
185 1.13922581 0.62693548 1.65151613
186 1.15448387 0.64129032 1.66767742
187 1.16974194 0.65564516 1.68383871
188 1.18500000 0.67000000 1.70000000
189 1.19136364 0.66696970 1.71575758
190 1.19772727 0.66393939 1.73151515
191 1.20409091 0.66090909 1.74727273
192 1.21045455 0.65787879 1.76303030
193 1.21681818 0.65484848 1.77878788
194 1.22318182 0.65181818 1.79454545
195 1.22954545 0.64878788 1.81030303
196 1.23590909 0.64575758 1.82606061
197 1.24227273 0.64272727 1.84181818
198 1.24863636 0.63969697 1.85757576
199 1.25500000 0.63666667 1.87333333
200 1.26136364 0.63363636 1.88909091
201 1.26772727 0.63060606 1.90484848
202 1.27409091 0.62757576 1.92060606
203 1.28045455 0.62454545 1.93636364
204 1.28681818 0.62151515 1.95212121
205 1.29318182 0.61848485 1.96787879
206 1.29954545 0.61545455 1.98363636
207 1.30590909 0.61242424 1.99939394
208 1.31227273 0.60939394 2.01515152
209 1.31863636 0.60636364 2.03090909
210 1.32500000 0.60333333 2.04666667
211 1.33136364 0.60030303 2.06242424
212 1.33772727 0.59727273 2.07818182
213 1.34409091 0.59424242 2.09393939
214 1.35045455 0.59121212 2.10969697
215 1.35681818 0.58818182 2.12545455
216 1.36318182 0.58515152 2.14121212
217 1.36954545 0.58212121 2.15696970
218 1.37590909 0.57909091 2.17272727
219 1.38227273 0.57606061 2.18848485
220 1.38863636 0.57303030 2.20424242
221 1.39500000 0.57000000 2.22000000
222 1.39611111 0.56740741 2.22481481
223 1.39722222 0.56481481 2.22962963
224 1.39833333 0.56222222 2.23444444
225 1.39944444 0.55962963 2.23925926
226 1.40055556 0.55703704 2.24407407
227 1.40166667 0.55444444 2.24888889
228 1.40277778 0.55185185 2.25370370
229 1.40388889 0.54925926 2.25851852
230 1.40500000 0.54666667 2.26333333
231 1.40611111 0.54407407 2.26814815
232 1.40722222 0.54148148 2.27296296
233 1.40833333 0.53888889 2.27777778
234 1.40944444 0.53629630 2.28259259
235 1.41055556 0.53370370 2.28740741
236 1.41166667 0.53111111 2.29222222
237 1.41277778 0.52851852 2.29703704
238 1.41388889 0.52592593 2.30185185
239 1.41500000 0.52333333 2.30666667
240 1.41611111 0.52074074 2.31148148
241 1.41722222 0.51814815 2.31629630
242 1.41833333 0.51555556 2.32111111
243 1.41944444 0.51296296 2.32592593
244 1.42055556 0.51037037 2.33074074
245 1.42166667 0.50777778 2.33555556
246 1.42277778 0.50518519 2.34037037
247 1.42388889 0.50259259 2.34518519
248 1.42500000 0.50000000 2.35000000
249 1.43950000 0.51266667 2.36633333
250 1.45400000 0.52533333 2.38266667
251 1.46850000 0.53800000 2.39900000
252 1.48300000 0.55066667 2.41533333
253 1.49750000 0.56333333 2.43166667
254 1.51200000 0.57600000 2.44800000
255 1.52650000 0.58866667 2.46433333
256 1.54100000 0.60133333 2.48066667
257 1.55550000 0.61400000 2.49700000
258 1.57000000 0.62666667 2.51333333
259 1.58450000 0.63933333 2.52966667
260 1.59900000 0.65200000 2.54600000
261 1.61350000 0.66466667 2.56233333
262 1.62800000 0.67733333 2.57866667
263 1.64250000 0.69000000 2.59500000
264 1.65700000 0.70266667 2.61133333
265 1.67150000 0.71533333 2.62766667
266 1.68600000 0.72800000 2.64400000
267 1.70050000 0.74066667 2.66033333
268 1.71500000 0.75333333 2.67666667
269 1.72950000 0.76600000 2.69300000
270 1.74400000 0.77866667 2.70933333
271 1.75850000 0.79133333 2.72566667
272 1.77300000 0.80400000 2.74200000
273 1.78750000 0.81666667 2.75833333
274 1.80200000 0.82933333 2.77466667
275 1.81650000 0.84200000 2.79100000
276 1.83100000 0.85466667 2.80733333
277 1.84550000 0.86733333 2.82366667
278 1.86000000 0.88000000 2.84000000
279 1.86811667 0.87956667 2.85666667
280 1.87623333 0.87913333 2.87333333
281 1.88435000 0.87870000 2.89000000
282 1.89246667 0.87826667 2.90666667
283 1.90058333 0.87783333 2.92333333
284 1.90870000 0.87740000 2.94000000
285 1.91681667 0.87696667 2.95666667
286 1.92493333 0.87653333 2.97333333
287 1.93305000 0.87610000 2.99000000
288 1.94116667 0.87566667 3.00666667
289 1.94928333 0.87523333 3.02333333
290 1.95740000 0.87480000 3.04000000
291 1.96551667 0.87436667 3.05666667
292 1.97363333 0.87393333 3.07333333
293 1.98175000 0.87350000 3.09000000
294 1.98986667 0.87306667 3.10666667
295 1.99798333 0.87263333 3.12333333
296 2.00610000 0.87220000 3.14000000
297 2.01421667 0.87176667 3.15666667
298 2.02233333 0.87133333 3.17333333
299 2.03045000 0.87090000 3.19000000
300 2.03856667 0.87046667 3.20666667
301 2.04668333 0.87003333 3.22333333
302 2.05480000 0.86960000 3.24000000
303 2.06291667 0.86916667 3.25666667
304 2.07103333 0.86873333 3.27333333
305 2.07915000 0.86830000 3.29000000
306 2.08726667 0.86786667 3.30666667
307 2.09538333 0.86743333 3.32333333
308 2.10350000 0.86700000 3.34000000
309 2.11270968 0.87235484 3.35306452
310 2.12191935 0.87770968 3.36612903
311 2.13112903 0.88306452 3.37919355
312 2.14033871 0.88841935 3.39225806
313 2.14954839 0.89377419 3.40532258
314 2.15875806 0.89912903 3.41838710
315 2.16796774 0.90448387 3.43145161
316 2.17717742 0.90983871 3.44451613
317 2.18638710 0.91519355 3.45758065
318 2.19559677 0.92054839 3.47064516
319 2.20480645 0.92590323 3.48370968
320 2.21401613 0.93125806 3.49677419
321 2.22322581 0.93661290 3.50983871
322 2.23243548 0.94196774 3.52290323
323 2.24164516 0.94732258 3.53596774
324 2.25085484 0.95267742 3.54903226
325 2.26006452 0.95803226 3.56209677
326 2.26927419 0.96338710 3.57516129
327 2.27848387 0.96874194 3.58822581
328 2.28769355 0.97409677 3.60129032
329 2.29690323 0.97945161 3.61435484
330 2.30611290 0.98480645 3.62741935
331 2.31532258 0.99016129 3.64048387
332 2.32453226 0.99551613 3.65354839
333 2.33374194 1.00087097 3.66661290
334 2.34295161 1.00622581 3.67967742
335 2.35216129 1.01158065 3.69274194
336 2.36137097 1.01693548 3.70580645
337 2.37058065 1.02229032 3.71887097
338 2.37979032 1.02764516 3.73193548
339 2.38900000 1.03300000 3.74500000
340 2.39770000 1.03756667 3.75783333
341 2.40640000 1.04213333 3.77066667
342 2.41510000 1.04670000 3.78350000
343 2.42380000 1.05126667 3.79633333
344 2.43250000 1.05583333 3.80916667
345 2.44120000 1.06040000 3.82200000
346 2.44990000 1.06496667 3.83483333
347 2.45860000 1.06953333 3.84766667
348 2.46730000 1.07410000 3.86050000
349 2.47600000 1.07866667 3.87333333
350 2.48470000 1.08323333 3.88616667
351 2.49340000 1.08780000 3.89900000
352 2.50210000 1.09236667 3.91183333
353 2.51080000 1.09693333 3.92466667
354 2.51950000 1.10150000 3.93750000
355 2.52820000 1.10606667 3.95033333
356 2.53690000 1.11063333 3.96316667
357 2.54560000 1.11520000 3.97600000
358 2.55430000 1.11976667 3.98883333
359 2.56300000 1.12433333 4.00166667
360 2.57170000 1.12890000 4.01450000
361 2.58040000 1.13346667 4.02733333
362 2.58910000 1.13803333 4.04016667
363 2.59780000 1.14260000 4.05300000
364 2.60650000 1.14716667 4.06583333
365 2.61520000 1.15173333 4.07866667
366 2.62390000 1.15630000 4.09150000
367 2.63260000 1.16086667 4.10433333
368 2.64130000 1.16543333 4.11716667
369 2.65000000 1.17000000 4.13000000
370 2.63708152 1.15336957 4.12079348
371 2.62416304 1.13673913 4.11158696
372 2.61124457 1.12010870 4.10238043
373 2.59832609 1.10347826 4.09317391
374 2.58540761 1.08684783 4.08396739
375 2.57248913 1.07021739 4.07476087
376 2.55957065 1.05358696 4.06555435
377 2.54665217 1.03695652 4.05634783
378 2.53373370 1.02032609 4.04714130
379 2.52081522 1.00369565 4.03793478
380 2.50789674 0.98706522 4.02872826
381 2.49497826 0.97043478 4.01952174
382 2.48205978 0.95380435 4.01031522
383 2.46914130 0.93717391 4.00110870
384 2.45622283 0.92054348 3.99190217
385 2.44330435 0.90391304 3.98269565
386 2.43038587 0.88728261 3.97348913
387 2.41746739 0.87065217 3.96428261
388 2.40454891 0.85402174 3.95507609
389 2.39163043 0.83739130 3.94586957
390 2.37871196 0.82076087 3.93666304
391 2.36579348 0.80413043 3.92745652
392 2.35287500 0.78750000 3.91825000
393 2.33995652 0.77086957 3.90904348
394 2.32703804 0.75423913 3.89983696
395 2.31411957 0.73760870 3.89063043
396 2.30120109 0.72097826 3.88142391
397 2.28828261 0.70434783 3.87221739
398 2.27536413 0.68771739 3.86301087
399 2.26244565 0.67108696 3.85380435
400 2.24952717 0.65445652 3.84459783
401 2.23660870 0.63782609 3.83539130
402 2.22369022 0.62119565 3.82618478
403 2.21077174 0.60456522 3.81697826
404 2.19785326 0.58793478 3.80777174
405 2.18493478 0.57130435 3.79856522
406 2.17201630 0.55467391 3.78935870
407 2.15909783 0.53804348 3.78015217
408 2.14617935 0.52141304 3.77094565
409 2.13326087 0.50478261 3.76173913
410 2.12034239 0.48815217 3.75253261
411 2.10742391 0.47152174 3.74332609
412 2.09450543 0.45489130 3.73411957
413 2.08158696 0.43826087 3.72491304
414 2.06866848 0.42163043 3.71570652
415 2.05575000 0.40500000 3.70650000
416 2.04283152 0.38836957 3.69729348
417 2.02991304 0.37173913 3.68808696
418 2.01699457 0.35510870 3.67888043
419 2.00407609 0.33847826 3.66967391
420 1.99115761 0.32184783 3.66046739
421 1.97823913 0.30521739 3.65126087
422 1.96532065 0.28858696 3.64205435
423 1.95240217 0.27195652 3.63284783
424 1.93948370 0.25532609 3.62364130
425 1.92656522 0.23869565 3.61443478
426 1.91364674 0.22206522 3.60522826
427 1.90072826 0.20543478 3.59602174
428 1.88780978 0.18880435 3.58681522
429 1.87489130 0.17217391 3.57760870
430 1.86197283 0.15554348 3.56840217
431 1.84905435 0.13891304 3.55919565
432 1.83613587 0.12228261 3.54998913
433 1.82321739 0.10565217 3.54078261
434 1.81029891 0.08902174 3.53157609
435 1.79738043 0.07239130 3.52236957
436 1.78446196 0.05576087 3.51316304
437 1.77154348 0.03913043 3.50395652
438 1.75862500 0.02250000 3.49475000
439 1.74570652 0.00586957 3.48554348
440 1.73278804 -0.01076086 3.47633696
441 1.71986957 -0.02739130 3.46713043
442 1.70695109 -0.04402173 3.45792391
443 1.69403261 -0.06065217 3.44871739
444 1.68111413 -0.07728260 3.43951087
445 1.66819565 -0.09391304 3.43030435
446 1.65527717 -0.11054347 3.42109783
447 1.64235870 -0.12717391 3.41189130
448 1.62944022 -0.14380434 3.40268478
449 1.61652174 -0.16043478 3.39347826
450 1.60360326 -0.17706521 3.38427174
451 1.59068478 -0.19369565 3.37506522
452 1.57776630 -0.21032608 3.36585870
453 1.56484783 -0.22695652 3.35665217
454 1.55192935 -0.24358695 3.34744565
455 1.53901087 -0.26021739 3.33823913
456 1.52609239 -0.27684782 3.32903261
457 1.51317391 -0.29347826 3.31982609
458 1.50025543 -0.31010869 3.31061957
459 1.48733696 -0.32673913 3.30141304
460 1.47441848 -0.34336956 3.29220652
461 1.46150000 -0.36000000 3.28300000
462 1.44903804 -0.38184782 3.27992391
463 1.43657609 -0.40369565 3.27684783
464 1.42411413 -0.42554347 3.27377174
465 1.41165217 -0.44739130 3.27069565
466 1.39919022 -0.46923913 3.26761957
467 1.38672826 -0.49108695 3.26454348
468 1.37426630 -0.51293478 3.26146739
469 1.36180435 -0.53478260 3.25839130
470 1.34934239 -0.55663043 3.25531522
471 1.33688043 -0.57847826 3.25223913
472 1.32441848 -0.60032608 3.24916304
473 1.31195652 -0.62217391 3.24608696
474 1.29949457 -0.64402173 3.24301087
475 1.28703261 -0.66586956 3.23993478
476 1.27457065 -0.68771739 3.23685870
477 1.26210870 -0.70956521 3.23378261
478 1.24964674 -0.73141304 3.23070652
479 1.23718478 -0.75326086 3.22763043
480 1.22472283 -0.77510869 3.22455435
481 1.21226087 -0.79695652 3.22147826
482 1.19979891 -0.81880434 3.21840217
483 1.18733696 -0.84065217 3.21532609
484 1.17487500 -0.86250000 3.21225000
485 1.16241304 -0.88434782 3.20917391
486 1.14995109 -0.90619565 3.20609783
487 1.13748913 -0.92804347 3.20302174
488 1.12502717 -0.94989130 3.19994565
489 1.11256522 -0.97173913 3.19686957
490 1.10010326 -0.99358695 3.19379348
491 1.08764130 -1.01543478 3.19071739
492 1.07517935 -1.03728260 3.18764130
493 1.06271739 -1.05913043 3.18456522
494 1.05025543 -1.08097826 3.18148913
495 1.03779348 -1.10282608 3.17841304
496 1.02533152 -1.12467391 3.17533696
497 1.01286957 -1.14652173 3.17226087
498 1.00040761 -1.16836956 3.16918478
499 0.98794565 -1.19021739 3.16610870
500 0.97548370 -1.21206521 3.16303261
501 0.96302174 -1.23391304 3.15995652
502 0.95055978 -1.25576086 3.15688043
503 0.93809783 -1.27760869 3.15380435
504 0.92563587 -1.29945652 3.15072826
505 0.91317391 -1.32130434 3.14765217
506 0.90071196 -1.34315217 3.14457609
507 0.88825000 -1.36500000 3.14150000
508 0.87578804 -1.38684782 3.13842391
509 0.86332609 -1.40869565 3.13534783
510 0.85086413 -1.43054347 3.13227174
511 0.83840217 -1.45239130 3.12919565
512 0.82594022 -1.47423913 3.12611957
513 0.81347826 -1.49608695 3.12304348
514 0.80101630 -1.51793478 3.11996739
515 0.78855435 -1.53978260 3.11689130
516 0.77609239 -1.56163043 3.11381522
517 0.76363043 -1.58347826 3.11073913
518 0.75116848 -1.60532608 3.10766304
519 0.73870652 -1.62717391 3.10458696
520 0.72624457 -1.64902173 3.10151087
521 0.71378261 -1.67086956 3.09843478
522 0.70132065 -1.69271739 3.09535870
523 0.68885870 -1.71456521 3.09228261
524 0.67639674 -1.73641304 3.08920652
525 0.66393478 -1.75826086 3.08613043
526 0.65147283 -1.78010869 3.08305435
527 0.63901087 -1.80195652 3.07997826
528 0.62654891 -1.82380434 3.07690217
529 0.61408696 -1.84565217 3.07382609
530 0.60162500 -1.86750000 3.07075000
531 0.58916304 -1.88934782 3.06767391
532 0.57670109 -1.91119565 3.06459783
533 0.56423913 -1.93304347 3.06152174
534 0.55177717 -1.95489130 3.05844565
535 0.53931522 -1.97673913 3.05536957
536 0.52685326 -1.99858695 3.05229348
537 0.51439130 -2.02043478 3.04921739
538 0.50192935 -2.04228260 3.04614130
539 0.48946739 -2.06413043 3.04306522
540 0.47700543 -2.08597826 3.03998913
541 0.46454348 -2.10782608 3.03691304
542 0.45208152 -2.12967391 3.03383696
543 0.43961957 -2.15152173 3.03076087
544 0.42715761 -2.17336956 3.02768478
545 0.41469565 -2.19521739 3.02460870
546 0.40223370 -2.21706521 3.02153261
547 0.38977174 -2.23891304 3.01845652
548 0.37730978 -2.26076086 3.01538043
549 0.36484783 -2.28260869 3.01230435
550 0.35238587 -2.30445652 3.00922826
551 0.33992391 -2.32630434 3.00615217
552 0.32746196 -2.34815217 3.00307609
553 0.31500000 -2.37000000 3.00000000
554 0.27748421 -2.40208421 2.95705263
555 0.23996842 -2.43416842 2.91410526
556 0.20245263 -2.46625263 2.87115789
557 0.16493684 -2.49833684 2.82821053
558 0.12742105 -2.53042105 2.78526316
559 0.08990526 -2.56250526 2.74231579
560 0.05238947 -2.59458947 2.69936842
561 0.01487368 -2.62667368 2.65642105
562 -0.02264210 -2.65875789 2.61347368
563 -0.06015789 -2.69084210 2.57052632
564 -0.09767368 -2.72292631 2.52757895
565 -0.13518947 -2.75501052 2.48463158
566 -0.17270526 -2.78709473 2.44168421
567 -0.21022105 -2.81917894 2.39873684
568 -0.24773684 -2.85126315 2.35578947
569 -0.28525263 -2.88334736 2.31284211
570 -0.32276842 -2.91543157 2.26989474
571 -0.36028421 -2.94751578 2.22694737
572 -0.39780000 -2.97960000 2.18400000
573 -0.43531578 -3.01168421 2.14105263
574 -0.47283157 -3.04376842 2.09810526
575 -0.51034736 -3.07585263 2.05515789
576 -0.54786315 -3.10793684 2.01221053
577 -0.58537894 -3.14002105 1.96926316
578 -0.62289473 -3.17210526 1.92631579
579 -0.66041052 -3.20418947 1.88336842
580 -0.69792631 -3.23627368 1.84042105
581 -0.73544210 -3.26835789 1.79747368
582 -0.77295789 -3.30044210 1.75452632
583 -0.81047368 -3.33252631 1.71157895
584 -0.84798947 -3.36461052 1.66863158
585 -0.88550526 -3.39669473 1.62568421
586 -0.92302105 -3.42877894 1.58273684
587 -0.96053684 -3.46086315 1.53978947
588 -0.99805263 -3.49294736 1.49684211
589 -1.03556842 -3.52503157 1.45389474
590 -1.07308421 -3.55711578 1.41094737
591 -1.11060000 -3.58920000 1.36800000
592 -1.14811578 -3.62128421 1.32505263
593 -1.18563157 -3.65336842 1.28210526
594 -1.22314736 -3.68545263 1.23915789
595 -1.26066315 -3.71753684 1.19621053
596 -1.29817894 -3.74962105 1.15326316
597 -1.33569473 -3.78170526 1.11031579
598 -1.37321052 -3.81378947 1.06736842
599 -1.41072631 -3.84587368 1.02442105
600 -1.44824210 -3.87795789 0.98147368
601 -1.48575789 -3.91004210 0.93852632
602 -1.52327368 -3.94212631 0.89557895
603 -1.56078947 -3.97421052 0.85263158
604 -1.59830526 -4.00629473 0.80968421
605 -1.63582105 -4.03837894 0.76673684
606 -1.67333684 -4.07046315 0.72378947
607 -1.71085263 -4.10254736 0.68084211
608 -1.74836842 -4.13463157 0.63789474
609 -1.78588421 -4.16671578 0.59494737
610 -1.82340000 -4.19880000 0.55200000
611 -1.86091578 -4.23088421 0.50905263
612 -1.89843157 -4.26296842 0.46610526
613 -1.93594736 -4.29505263 0.42315789
614 -1.97346315 -4.32713684 0.38021053
615 -2.01097894 -4.35922105 0.33726316
616 -2.04849473 -4.39130526 0.29431579
617 -2.08601052 -4.42338947 0.25136842
618 -2.12352631 -4.45547368 0.20842105
619 -2.16104210 -4.48755789 0.16547368
620 -2.19855789 -4.51964210 0.12252632
621 -2.23607368 -4.55172631 0.07957895
622 -2.27358947 -4.58381052 0.03663158
623 -2.31110526 -4.61589473 -0.00631578
624 -2.34862105 -4.64797894 -0.04926315
625 -2.38613684 -4.68006315 -0.09221052
626 -2.42365263 -4.71214736 -0.13515789
627 -2.46116842 -4.74423157 -0.17810526
628 -2.49868421 -4.77631578 -0.22105263
629 -2.53620000 -4.80840000 -0.26400000
630 -2.57371578 -4.84048421 -0.30694736
631 -2.61123157 -4.87256842 -0.34989473
632 -2.64874736 -4.90465263 -0.39284210
633 -2.68626315 -4.93673684 -0.43578947
634 -2.72377894 -4.96882105 -0.47873684
635 -2.76129473 -5.00090526 -0.52168421
636 -2.79881052 -5.03298947 -0.56463157
637 -2.83632631 -5.06507368 -0.60757894
638 -2.87384210 -5.09715789 -0.65052631
639 -2.91135789 -5.12924210 -0.69347368
640 -2.94887368 -5.16132631 -0.73642105
641 -2.98638947 -5.19341052 -0.77936842
642 -3.02390526 -5.22549473 -0.82231578
643 -3.06142105 -5.25757894 -0.86526315
644 -3.09893684 -5.28966315 -0.90821052
645 -3.13645263 -5.32174736 -0.95115789
646 -3.17396842 -5.35383157 -0.99410526
647 -3.21148421 -5.38591578 -1.03705263
648 -3.24900000 -5.41800000 -1.08000000
649 -3.28958620 -5.47491954 -1.10425287
650 -3.33017241 -5.53183908 -1.12850574
651 -3.37075862 -5.58875862 -1.15275862
652 -3.41134482 -5.64567816 -1.17701149
653 -3.45193103 -5.70259770 -1.20126436
654 -3.49251724 -5.75951724 -1.22551724
655 -3.53310344 -5.81643678 -1.24977011
656 -3.57368965 -5.87335632 -1.27402298
657 -3.61427586 -5.93027586 -1.29827586
658 -3.65486206 -5.98719540 -1.32252873
659 -3.69544827 -6.04411494 -1.34678160
660 -3.73603448 -6.10103448 -1.37103448
661 -3.77662068 -6.15795402 -1.39528735
662 -3.81720689 -6.21487356 -1.41954022
663 -3.85779310 -6.27179310 -1.44379310
664 -3.89837931 -6.32871264 -1.46804597
665 -3.93896551 -6.38563218 -1.49229885
666 -3.97955172 -6.44255172 -1.51655172
667 -4.02013793 -6.49947126 -1.54080459
668 -4.06072413 -6.55639080 -1.56505747
669 -4.10131034 -6.61331034 -1.58931034
670 -4.14189655 -6.67022988 -1.61356321
671 -4.18248275 -6.72714942 -1.63781609
672 -4.22306896 -6.78406896 -1.66206896
673 -4.26365517 -6.84098850 -1.68632183
674 -4.30424137 -6.89790804 -1.71057471
675 -4.34482758 -6.95482758 -1.73482758
676 -4.38541379 -7.01174712 -1.75908045
677 -4.42600000 -7.06866666 -1.78333333
678 -4.46658620 -7.12558620 -1.80758620
679 -4.50717241 -7.18250574 -1.83183908
680 -4.54775862 -7.23942528 -1.85609195
681 -4.58834482 -7.29634482 -1.88034482
682 -4.62893103 -7.35326436 -1.90459770
683 -4.66951724 -7.41018390 -1.92885057
684 -4.71010344 -7.46710344 -1.95310344
685 -4.75068965 -7.52402298 -1.97735632
686 -4.79127586 -7.58094252 -2.00160919
687 -4.83186206 -7.63786206 -2.02586206
688 -4.87244827 -7.69478160 -2.05011494
689 -4.91303448 -7.75170114 -2.07436781
690 -4.95362068 -7.80862068 -2.09862068
691 -4.99420689 -7.86554022 -2.12287356
692 -5.03479310 -7.92245977 -2.14712643
693 -5.07537931 -7.97937931 -2.17137931
694 -5.11596551 -8.03629885 -2.19563218
695 -5.15655172 -8.09321839 -2.21988505
696 -5.19713793 -8.15013793 -2.24413793
697 -5.23772413 -8.20705747 -2.26839080
698 -5.27831034 -8.26397701 -2.29264367
699 -5.31889655 -8.32089655 -2.31689655
700 -5.35948275 -8.37781609 -2.34114942
701 -5.40006896 -8.43473563 -2.36540229
702 -5.44065517 -8.49165517 -2.38965517
703 -5.48124137 -8.54857471 -2.41390804
704 -5.52182758 -8.60549425 -2.43816091
705 -5.56241379 -8.66241379 -2.46241379
706 -5.60300000 -8.71933333 -2.48666666
707 -5.64358620 -8.77625287 -2.51091954
708 -5.68417241 -8.83317241 -2.53517241
709 -5.72475862 -8.89009195 -2.55942528
710 -5.76534482 -8.94701149 -2.58367816
711 -5.80593103 -9.00393103 -2.60793103
712 -5.84651724 -9.06085057 -2.63218390
713 -5.88710344 -9.11777011 -2.65643678
714 -5.92768965 -9.17468965 -2.68068965
715 -5.96827586 -9.23160919 -2.70494252
716 -6.00886206 -9.28852873 -2.72919540
717 -6.04944827 -9.34544827 -2.75344827
718 -6.09003448 -9.40236781 -2.77770114
719 -6.13062068 -9.45928735 -2.80195402
720 -6.17120689 -9.51620689 -2.82620689
721 -6.21179310 -9.57312643 -2.85045977
722 -6.25237931 -9.63004597 -2.87471264
723 -6.29296551 -9.68696551 -2.89896551
724 -6.33355172 -9.74388505 -2.92321839
725 -6.37413793 -9.80080459 -2.94747126
726 -6.41472413 -9.85772413 -2.97172413
727 -6.45531034 -9.91464367 -2.99597701
728 -6.49589655 -9.97156321 -3.02022988
729 -6.53648275 -10.02848275 -3.04448275
730 -6.57706896 -10.08540229 -3.06873563
731 -6.61765517 -10.14232183 -3.09298850
732 -6.65824137 -10.19924137 -3.11724137
733 -6.69882758 -10.25616091 -3.14149425
734 -6.73941379 -10.31308045 -3.16574712
735 -6.78000000 -10.37000000 -3.19000000
736 -6.84540871 -10.45422343 -3.23659400
737 -6.91081743 -10.53844686 -3.28318801
738 -6.97622615 -10.62267029 -3.32978201
739 -7.04163487 -10.70689373 -3.37637602
740 -7.10704359 -10.79111716 -3.42297002
741 -7.17245231 -10.87534059 -3.46956403
742 -7.23786103 -10.95956403 -3.51615803
743 -7.30326975 -11.04378746 -3.56275204
744 -7.36867847 -11.12801089 -3.60934604
745 -7.43408719 -11.21223433 -3.65594005
746 -7.49949591 -11.29645776 -3.70253405
747 -7.56490463 -11.38068119 -3.74912806
748 -7.63031335 -11.46490463 -3.79572207
749 -7.69572207 -11.54912806 -3.84231607
750 -7.76113079 -11.63335149 -3.88891008
751 -7.82653950 -11.71757493 -3.93550408
752 -7.89194822 -11.80179836 -3.98209809
753 -7.95735694 -11.88602179 -4.02869209
754 -8.02276566 -11.97024523 -4.07528610
755 -8.08817438 -12.05446866 -4.12188010
756 -8.15358310 -12.13869209 -4.16847411
757 -8.21899182 -12.22291553 -4.21506811
758 -8.28440054 -12.30713896 -4.26166212
759 -8.34980926 -12.39136239 -4.30825613
760 -8.41521798 -12.47558583 -4.35485013
761 -8.48062670 -12.55980926 -4.40144414
762 -8.54603542 -12.64403269 -4.44803814
763 -8.61144414 -12.72825613 -4.49463215
764 -8.67685286 -12.81247956 -4.54122615
765 -8.74226158 -12.89670299 -4.58782016
766 -8.80767029 -12.98092643 -4.63441416
767 -8.87307901 -13.06514986 -4.68100817
768 -8.93848773 -13.14937329 -4.72760217
769 -9.00389645 -13.23359673 -4.77419618
770 -9.06930517 -13.31782016 -4.82079019
771 -9.13471389 -13.40204359 -4.86738419
772 -9.20012261 -13.48626703 -4.91397820
773 -9.26553133 -13.57049046 -4.96057220
774 -9.33094005 -13.65471389 -5.00716621
775 -9.39634877 -13.73893732 -5.05376021
776 -9.46175749 -13.82316076 -5.10035422
777 -9.52716621 -13.90738419 -5.14694822
778 -9.59257493 -13.99160762 -5.19354223
779 -9.65798365 -14.07583106 -5.24013623
780 -9.72339237 -14.16005449 -5.28673024
781 -9.78880108 -14.24427792 -5.33332425
782 -9.85420980 -14.32850136 -5.37991825
783 -9.91961852 -14.41272479 -5.42651226
784 -9.98502724 -14.49694822 -5.47310626
785 -10.05043596 -14.58117166 -5.51970027
786 -10.11584468 -14.66539509 -5.56629427
787 -10.18125340 -14.74961852 -5.61288828
788 -10.24666212 -14.83384196 -5.65948228
789 -10.31207084 -14.91806539 -5.70607629
790 -10.37747956 -15.00228882 -5.75267029
791 -10.44288828 -15.08651226 -5.79926430
792 -10.50829700 -15.17073569 -5.84585831
793 -10.57370572 -15.25495912 -5.89245231
794 -10.63911444 -15.33918256 -5.93904632
795 -10.70452316 -15.42340599 -5.98564032
796 -10.76993188 -15.50762942 -6.03223433
797 -10.83534059 -15.59185286 -6.07882833
798 -10.90074931 -15.67607629 -6.12542234
799 -10.96615803 -15.76029972 -6.17201634
800 -11.03156675 -15.84452316 -6.21861035
801 -11.09697547 -15.92874659 -6.26520435
802 -11.16238419 -16.01297002 -6.31179836
803 -11.22779291 -16.09719346 -6.35839237
804 -11.29320163 -16.18141689 -6.40498637
805 -11.35861035 -16.26564032 -6.45158038
806 -11.42401907 -16.34986376 -6.49817438
807 -11.48942779 -16.43408719 -6.54476839
808 -11.55483651 -16.51831062 -6.59136239
809 -11.62024523 -16.60253405 -6.63795640
810 -11.68565395 -16.68675749 -6.68455040
811 -11.75106267 -16.77098092 -6.73114441
812 -11.81647138 -16.85520435 -6.77773841
813 -11.88188010 -16.93942779 -6.82433242
814 -11.94728882 -17.02365122 -6.87092643
815 -12.01269754 -17.10787465 -6.91752043
816 -12.07810626 -17.19209809 -6.96411444
817 -12.14351498 -17.27632152 -7.01070844
818 -12.20892370 -17.36054495 -7.05730245
819 -12.27433242 -17.44476839 -7.10389645
820 -12.33974114 -17.52899182 -7.15049046
821 -12.40514986 -17.61321525 -7.19708446
822 -12.47055858 -17.69743869 -7.24367847
823 -12.53596730 -17.78166212 -7.29027247
824 -12.60137602 -17.86588555 -7.33686648
825 -12.66678474 -17.95010899 -7.38346049
826 -12.73219346 -18.03433242 -7.43005449
827 -12.79760217 -18.11855585 -7.47664850
828 -12.86301089 -18.20277929 -7.52324250
829 -12.92841961 -18.28700272 -7.56983651
830 -12.99382833 -18.37122615 -7.61643051
831 -13.05923705 -18.45544959 -7.66302452
832 -13.12464577 -18.53967302 -7.70961852
833 -13.19005449 -18.62389645 -7.75621253
834 -13.25546321 -18.70811989 -7.80280653
835 -13.32087193 -18.79234332 -7.84940054
836 -13.38628065 -18.87656675 -7.89599455
837 -13.45168937 -18.96079019 -7.94258855
838 -13.51709809 -19.04501362 -7.98918256
839 -13.58250681 -19.12923705 -8.03577656
840 -13.64791553 -19.21346049 -8.08237057
841 -13.71332425 -19.29768392 -8.12896457
842 -13.77873297 -19.38190735 -8.17555858
843 -13.84414168 -19.46613079 -8.22215258
844 -13.90955040 -19.55035422 -8.26874659
845 -13.97495912 -19.63457765 -8.31534059
846 -14.04036784 -19.71880108 -8.36193460
847 -14.10577656 -19.80302452 -8.40852861
848 -14.17118528 -19.88724795 -8.45512261
849 -14.23659400 -19.97147138 -8.50171662
850 -14.30200272 -20.05569482 -8.54831062
851 -14.36741144 -20.13991825 -8.59490463
852 -14.43282016 -20.22414168 -8.64149863
853 -14.49822888 -20.30836512 -8.68809264
854 -14.56363760 -20.39258855 -8.73468664
855 -14.62904632 -20.47681198 -8.78128065
856 -14.69445504 -20.56103542 -8.82787465
857 -14.75986376 -20.64525885 -8.87446866
858 -14.82527247 -20.72948228 -8.92106267
859 -14.89068119 -20.81370572 -8.96765667
860 -14.95608991 -20.89792915 -9.01425068
861 -15.02149863 -20.98215258 -9.06084468
862 -15.08690735 -21.06637602 -9.10743869
863 -15.15231607 -21.15059945 -9.15403269
864 -15.21772479 -21.23482288 -9.20062670
865 -15.28313351 -21.31904632 -9.24722070
866 -15.34854223 -21.40326975 -9.29381471
867 -15.41395095 -21.48749318 -9.34040871
868 -15.47935967 -21.57171662 -9.38700272
869 -15.54476839 -21.65594005 -9.43359673
870 -15.61017711 -21.74016348 -9.48019073
871 -15.67558583 -21.82438692 -9.52678474
872 -15.74099455 -21.90861035 -9.57337874
873 -15.80640326 -21.99283378 -9.61997275
874 -15.87181198 -22.07705722 -9.66656675
875 -15.93722070 -22.16128065 -9.71316076
876 -16.00262942 -22.24550408 -9.75975476
877 -16.06803814 -22.32972752 -9.80634877
878 -16.13344686 -22.41395095 -9.85294277
879 -16.19885558 -22.49817438 -9.89953678
880 -16.26426430 -22.58239782 -9.94613079
881 -16.32967302 -22.66662125 -9.99272479
882 -16.39508174 -22.75084468 -10.03931880
883 -16.46049046 -22.83506811 -10.08591280
884 -16.52589918 -22.91929155 -10.13250681
885 -16.59130790 -23.00351498 -10.17910081
886 -16.65671662 -23.08773841 -10.22569482
887 -16.72212534 -23.17196185 -10.27228882
888 -16.78753405 -23.25618528 -10.31888283
889 -16.85294277 -23.34040871 -10.36547683
890 -16.91835149 -23.42463215 -10.41207084
891 -16.98376021 -23.50885558 -10.45866485
892 -17.04916893 -23.59307901 -10.50525885
893 -17.11457765 -23.67730245 -10.55185286
894 -17.17998637 -23.76152588 -10.59844686
895 -17.24539509 -23.84574931 -10.64504087
896 -17.31080381 -23.92997275 -10.69163487
897 -17.37621253 -24.01419618 -10.73822888
898 -17.44162125 -24.09841961 -10.78482288
899 -17.50702997 -24.18264305 -10.83141689
900 -17.57243869 -24.26686648 -10.87801089
901 -17.63784741 -24.35108991 -10.92460490
902 -17.70325613 -24.43531335 -10.97119891
903 -17.76866485 -24.51953678 -11.01779291
904 -17.83407356 -24.60376021 -11.06438692
905 -17.89948228 -24.68798365 -11.11098092
906 -17.96489100 -24.77220708 -11.15757493
907 -18.03029972 -24.85643051 -11.20416893
908 -18.09570844 -24.94065395 -11.25076294
909 -18.16111716 -25.02487738 -11.29735694
910 -18.22652588 -25.10910081 -11.34395095
911 -18.29193460 -25.19332425 -11.39054495
912 -18.35734332 -25.27754768 -11.43713896
913 -18.42275204 -25.36177111 -11.48373297
914 -18.48816076 -25.44599455 -11.53032697
915 -18.55356948 -25.53021798 -11.57692098
916 -18.61897820 -25.61444141 -11.62351498
917 -18.68438692 -25.69866485 -11.67010899
918 -18.74979564 -25.78288828 -11.71670299
919 -18.81520435 -25.86711171 -11.76329700
920 -18.88061307 -25.95133514 -11.80989100
921 -18.94602179 -26.03555858 -11.85648501
922 -19.01143051 -26.11978201 -11.90307901
923 -19.07683923 -26.20400544 -11.94967302
924 -19.14224795 -26.28822888 -11.99626703
925 -19.20765667 -26.37245231 -12.04286103
926 -19.27306539 -26.45667574 -12.08945504
927 -19.33847411 -26.54089918 -12.13604904
928 -19.40388283 -26.62512261 -12.18264305
929 -19.46929155 -26.70934604 -12.22923705
930 -19.53470027 -26.79356948 -12.27583106
931 -19.60010899 -26.87779291 -12.32242506
932 -19.66551771 -26.96201634 -12.36901907
933 -19.73092643 -27.04623978 -12.41561307
934 -19.79633514 -27.13046321 -12.46220708
935 -19.86174386 -27.21468664 -12.50880108
936 -19.92715258 -27.29891008 -12.55539509
937 -19.99256130 -27.38313351 -12.60198910
938 -20.05797002 -27.46735694 -12.64858310
939 -20.12337874 -27.55158038 -12.69517711
940 -20.18878746 -27.63580381 -12.74177111
941 -20.25419618 -27.72002724 -12.78836512
942 -20.31960490 -27.80425068 -12.83495912
943 -20.38501362 -27.88847411 -12.88155313
944 -20.45042234 -27.97269754 -12.92814713
945 -20.51583106 -28.05692098 -12.97474114
946 -20.58123978 -28.14114441 -13.02133514
947 -20.64664850 -28.22536784 -13.06792915
948 -20.71205722 -28.30959128 -13.11452316
949 -20.77746594 -28.39381471 -13.16111716
950 -20.84287465 -28.47803814 -13.20771117
951 -20.90828337 -28.56226158 -13.25430517
952 -20.97369209 -28.64648501 -13.30089918
953 -21.03910081 -28.73070844 -13.34749318
954 -21.10450953 -28.81493188 -13.39408719
955 -21.16991825 -28.89915531 -13.44068119
956 -21.23532697 -28.98337874 -13.48727520
957 -21.30073569 -29.06760217 -13.53386920
958 -21.36614441 -29.15182561 -13.58046321
959 -21.43155313 -29.23604904 -13.62705722
960 -21.49696185 -29.32027247 -13.67365122
961 -21.56237057 -29.40449591 -13.72024523
962 -21.62777929 -29.48871934 -13.76683923
963 -21.69318801 -29.57294277 -13.81343324
964 -21.75859673 -29.65716621 -13.86002724
965 -21.82400544 -29.74138964 -13.90662125
966 -21.88941416 -29.82561307 -13.95321525
967 -21.95482288 -29.90983651 -13.99980926
968 -22.02023160 -29.99405994 -14.04640326
969 -22.08564032 -30.07828337 -14.09299727
970 -22.15104904 -30.16250681 -14.13959128
971 -22.21645776 -30.24673024 -14.18618528
972 -22.28186648 -30.33095367 -14.23277929
973 -22.34727520 -30.41517711 -14.27937329
974 -22.41268392 -30.49940054 -14.32596730
975 -22.47809264 -30.58362397 -14.37256130
976 -22.54350136 -30.66784741 -14.41915531
977 -22.60891008 -30.75207084 -14.46574931
978 -22.67431880 -30.83629427 -14.51234332
979 -22.73972752 -30.92051771 -14.55893732
980 -22.80513623 -31.00474114 -14.60553133
981 -22.87054495 -31.08896457 -14.65212534
982 -22.93595367 -31.17318801 -14.69871934
983 -23.00136239 -31.25741144 -14.74531335
984 -23.06677111 -31.34163487 -14.79190735
985 -23.13217983 -31.42585831 -14.83850136
986 -23.19758855 -31.51008174 -14.88509536
987 -23.26299727 -31.59430517 -14.93168937
988 -23.32840599 -31.67852861 -14.97828337
989 -23.39381471 -31.76275204 -15.02487738
990 -23.45922343 -31.84697547 -15.07147138
991 -23.52463215 -31.93119891 -15.11806539
992 -23.59004087 -32.01542234 -15.16465940
993 -23.65544959 -32.09964577 -15.21125340
994 -23.72085831 -32.18386920 -15.25784741
995 -23.78626703 -32.26809264 -15.30444141
996 -23.85167574 -32.35231607 -15.35103542
997 -23.91708446 -32.43653950 -15.39762942
998 -23.98249318 -32.52076294 -15.44422343
999 -24.04790190 -32.60498637 -15.49081743
1000 -24.11331062 -32.68920980 -15.53741144
1001 -24.17871934 -32.77343324 -15.58400544
1002 -24.24412806 -32.85765667 -15.63059945
1003 -24.30953678 -32.94188010 -15.67719346
1004 -24.37494550 -33.02610354 -15.72378746
1005 -24.44035422 -33.11032697 -15.77038147
1006 -24.50576294 -33.19455040 -15.81697547
1007 -24.57117166 -33.27877384 -15.86356948
1008 -24.63658038 -33.36299727 -15.91016348
1009 -24.70198910 -33.44722070 -15.95675749
1010 -24.76739782 -33.53144414 -16.00335149
1011 -24.83280653 -33.61566757 -16.04994550
1012 -24.89821525 -33.69989100 -16.09653950
1013 -24.96362397 -33.78411444 -16.14313351
1014 -25.02903269 -33.86833787 -16.18972752
1015 -25.09444141 -33.95256130 -16.23632152
1016 -25.15985013 -34.03678474 -16.28291553
1017 -25.22525885 -34.12100817 -16.32950953
1018 -25.29066757 -34.20523160 -16.37610354
1019 -25.35607629 -34.28945504 -16.42269754
1020 -25.42148501 -34.37367847 -16.46929155
1021 -25.48689373 -34.45790190 -16.51588555
1022 -25.55230245 -34.54212534 -16.56247956
1023 -25.61771117 -34.62634877 -16.60907356
1024 -25.68311989 -34.71057220 -16.65566757
1025 -25.74852861 -34.79479564 -16.70226158
1026 -25.81393732 -34.87901907 -16.74885558
1027 -25.87934604 -34.96324250 -16.79544959
1028 -25.94475476 -35.04746594 -16.84204359
1029 -26.01016348 -35.13168937 -16.88863760
1030 -26.07557220 -35.21591280 -16.93523160
1031 -26.14098092 -35.30013623 -16.98182561
1032 -26.20638964 -35.38435967 -17.02841961
1033 -26.27179836 -35.46858310 -17.07501362
1034 -26.33720708 -35.55280653 -17.12160762
1035 -26.40261580 -35.63702997 -17.16820163
1036 -26.46802452 -35.72125340 -17.21479564
1037 -26.53343324 -35.80547683 -17.26138964
1038 -26.59884196 -35.88970027 -17.30798365
1039 -26.66425068 -35.97392370 -17.35457765
1040 -26.72965940 -36.05814713 -17.40117166
1041 -26.79506811 -36.14237057 -17.44776566
1042 -26.86047683 -36.22659400 -17.49435967
1043 -26.92588555 -36.31081743 -17.54095367
1044 -26.99129427 -36.39504087 -17.58754768
1045 -27.05670299 -36.47926430 -17.63414168
1046 -27.12211171 -36.56348773 -17.68073569
1047 -27.18752043 -36.64771117 -17.72732970
1048 -27.25292915 -36.73193460 -17.77392370
1049 -27.31833787 -36.81615803 -17.82051771
1050 -27.38374659 -36.90038147 -17.86711171
1051 -27.44915531 -36.98460490 -17.91370572
1052 -27.51456403 -37.06882833 -17.96029972
1053 -27.57997275 -37.15305177 -18.00689373
1054 -27.64538147 -37.23727520 -18.05348773
1055 -27.71079019 -37.32149863 -18.10008174
1056 -27.77619891 -37.40572207 -18.14667574
1057 -27.84160762 -37.48994550 -18.19326975
1058 -27.90701634 -37.57416893 -18.23986376
1059 -27.97242506 -37.65839237 -18.28645776
1060 -28.03783378 -37.74261580 -18.33305177
1061 -28.10324250 -37.82683923 -18.37964577
1062 -28.16865122 -37.91106267 -18.42623978
1063 -28.23405994 -37.99528610 -18.47283378
1064 -28.29946866 -38.07950953 -18.51942779
1065 -28.36487738 -38.16373297 -18.56602179
1066 -28.43028610 -38.24795640 -18.61261580
1067 -28.49569482 -38.33217983 -18.65920980
1068 -28.56110354 -38.41640326 -18.70580381
1069 -28.62651226 -38.50062670 -18.75239782
1070 -28.69192098 -38.58485013 -18.79899182
1071 -28.75732970 -38.66907356 -18.84558583
1072 -28.82273841 -38.75329700 -18.89217983
1073 -28.88814713 -38.83752043 -18.93877384
1074 -28.95355585 -38.92174386 -18.98536784
1075 -29.01896457 -39.00596730 -19.03196185
1076 -29.08437329 -39.09019073 -19.07855585
1077 -29.14978201 -39.17441416 -19.12514986
1078 -29.21519073 -39.25863760 -19.17174386
1079 -29.28059945 -39.34286103 -19.21833787
1080 -29.34600817 -39.42708446 -19.26493188
1081 -29.41141689 -39.51130790 -19.31152588
1082 -29.47682561 -39.59553133 -19.35811989
1083 -29.54223433 -39.67975476 -19.40471389
1084 -29.60764305 -39.76397820 -19.45130790
1085 -29.67305177 -39.84820163 -19.49790190
1086 -29.73846049 -39.93242506 -19.54449591
1087 -29.80386920 -40.01664850 -19.59108991
1088 -29.86927792 -40.10087193 -19.63768392
1089 -29.93468664 -40.18509536 -19.68427792
1090 -30.00009536 -40.26931880 -19.73087193
1091 -30.06550408 -40.35354223 -19.77746594
1092 -30.13091280 -40.43776566 -19.82405994
1093 -30.19632152 -40.52198910 -19.87065395
1094 -30.26173024 -40.60621253 -19.91724795
1095 -30.32713896 -40.69043596 -19.96384196
1096 -30.39254768 -40.77465940 -20.01043596
1097 -30.45795640 -40.85888283 -20.05702997
1098 -30.52336512 -40.94310626 -20.10362397
1099 -30.58877384 -41.02732970 -20.15021798
1100 -30.65418256 -41.11155313 -20.19681198
1101 -30.71959128 -41.19577656 -20.24340599
1102 -30.78500000 -41.28000000 -20.29000000
1103 -30.88373626 -41.38568681 -20.38178571
1104 -30.98247252 -41.49137362 -20.47357142
1105 -31.08120879 -41.59706043 -20.56535714
1106 -31.17994505 -41.70274725 -20.65714285
1107 -31.27868131 -41.80843406 -20.74892857
1108 -31.37741758 -41.91412087 -20.84071428
1109 -31.47615384 -42.01980769 -20.93250000
1110 -31.57489010 -42.12549450 -21.02428571
1111 -31.67362637 -42.23118131 -21.11607142
1112 -31.77236263 -42.33686813 -21.20785714
1113 -31.87109890 -42.44255494 -21.29964285
1114 -31.96983516 -42.54824175 -21.39142857
1115 -32.06857142 -42.65392857 -21.48321428
1116 -32.16730769 -42.75961538 -21.57500000
1117 -32.26604395 -42.86530219 -21.66678571
1118 -32.36478021 -42.97098901 -21.75857142
1119 -32.46351648 -43.07667582 -21.85035714
1120 -32.56225274 -43.18236263 -21.94214285
1121 -32.66098901 -43.28804945 -22.03392857
1122 -32.75972527 -43.39373626 -22.12571428
1123 -32.85846153 -43.49942307 -22.21750000
1124 -32.95719780 -43.60510989 -22.30928571
1125 -33.05593406 -43.71079670 -22.40107142
1126 -33.15467032 -43.81648351 -22.49285714
1127 -33.25340659 -43.92217032 -22.58464285
1128 -33.35214285 -44.02785714 -22.67642857
1129 -33.45087912 -44.13354395 -22.76821428
1130 -33.54961538 -44.23923076 -22.86000000
1131 -33.64835164 -44.34491758 -22.95178571
1132 -33.74708791 -44.45060439 -23.04357142
1133 -33.84582417 -44.55629120 -23.13535714
1134 -33.94456043 -44.66197802 -23.22714285
1135 -34.04329670 -44.76766483 -23.31892857
1136 -34.14203296 -44.87335164 -23.41071428
1137 -34.24076923 -44.97903846 -23.50250000
1138 -34.33950549 -45.08472527 -23.59428571
1139 -34.43824175 -45.19041208 -23.68607142
1140 -34.53697802 -45.29609890 -23.77785714
1141 -34.63571428 -45.40178571 -23.86964285
1142 -34.73445054 -45.50747252 -23.96142857
1143 -34.83318681 -45.61315934 -24.05321428
1144 -34.93192307 -45.71884615 -24.14500000
1145 -35.03065934 -45.82453296 -24.23678571
1146 -35.12939560 -45.93021978 -24.32857142
1147 -35.22813186 -46.03590659 -24.42035714
1148 -35.32686813 -46.14159340 -24.51214285
1149 -35.42560439 -46.24728021 -24.60392857
1150 -35.52434065 -46.35296703 -24.69571428
1151 -35.62307692 -46.45865384 -24.78750000
1152 -35.72181318 -46.56434065 -24.87928571
1153 -35.82054945 -46.67002747 -24.97107142
1154 -35.91928571 -46.77571428 -25.06285714
1155 -36.01802197 -46.88140109 -25.15464285
1156 -36.11675824 -46.98708791 -25.24642857
1157 -36.21549450 -47.09277472 -25.33821428
1158 -36.31423076 -47.19846153 -25.43000000
1159 -36.41296703 -47.30414835 -25.52178571
1160 -36.51170329 -47.40983516 -25.61357142
1161 -36.61043956 -47.51552197 -25.70535714
1162 -36.70917582 -47.62120879 -25.79714285
1163 -36.80791208 -47.72689560 -25.88892857
1164 -36.90664835 -47.83258241 -25.98071428
1165 -37.00538461 -47.93826923 -26.07250000
1166 -37.10412087 -48.04395604 -26.16428571
1167 -37.20285714 -48.14964285 -26.25607142
1168 -37.30159340 -48.25532967 -26.34785714
1169 -37.40032967 -48.36101648 -26.43964285
1170 -37.49906593 -48.46670329 -26.53142857
1171 -37.59780219 -48.57239010 -26.62321428
1172 -37.69653846 -48.67807692 -26.71500000
1173 -37.79527472 -48.78376373 -26.80678571
1174 -37.89401098 -48.88945054 -26.89857142
1175 -37.99274725 -48.99513736 -26.99035714
1176 -38.09148351 -49.10082417 -27.08214285
1177 -38.19021978 -49.20651098 -27.17392857
1178 -38.28895604 -49.31219780 -27.26571428
1179 -38.38769230 -49.41788461 -27.35750000
1180 -38.48642857 -49.52357142 -27.44928571
1181 -38.58516483 -49.62925824 -27.54107142
1182 -38.68390109 -49.73494505 -27.63285714
1183 -38.78263736 -49.84063186 -27.72464285
1184 -38.88137362 -49.94631868 -27.81642857
1185 -38.98010989 -50.05200549 -27.90821428
1186 -39.07884615 -50.15769230 -28.00000000
1187 -39.17758241 -50.26337912 -28.09178571
1188 -39.27631868 -50.36906593 -28.18357142
1189 -39.37505494 -50.47475274 -28.27535714
1190 -39.47379120 -50.58043956 -28.36714285
1191 -39.57252747 -50.68612637 -28.45892857
1192 -39.67126373 -50.79181318 -28.55071428
1193 -39.77000000 -50.89750000 -28.64250000
1194 -39.86873626 -51.00318681 -28.73428571
1195 -39.96747252 -51.10887362 -28.82607142
1196 -40.06620879 -51.21456043 -28.91785714
1197 -40.16494505 -51.32024725 -29.00964285
1198 -40.26368131 -51.42593406 -29.10142857
1199 -40.36241758 -51.53162087 -29.19321428
1200 -40.46115384 -51.63730769 -29.28500000
1201 -40.55989010 -51.74299450 -29.37678571
1202 -40.65862637 -51.84868131 -29.46857142
1203 -40.75736263 -51.95436813 -29.56035714
1204 -40.85609890 -52.06005494 -29.65214285
1205 -40.95483516 -52.16574175 -29.74392857
1206 -41.05357142 -52.27142857 -29.83571428
1207 -41.15230769 -52.37711538 -29.92750000
1208 -41.25104395 -52.48280219 -30.01928571
1209 -41.34978021 -52.58848901 -30.11107142
1210 -41.44851648 -52.69417582 -30.20285714
1211 -41.54725274 -52.79986263 -30.29464285
1212 -41.64598901 -52.90554945 -30.38642857
1213 -41.74472527 -53.01123626 -30.47821428
1214 -41.84346153 -53.11692307 -30.57000000
1215 -41.94219780 -53.22260989 -30.66178571
1216 -42.04093406 -53.32829670 -30.75357142
1217 -42.13967032 -53.43398351 -30.84535714
1218 -42.23840659 -53.53967032 -30.93714285
1219 -42.33714285 -53.64535714 -31.02892857
1220 -42.43587912 -53.75104395 -31.12071428
1221 -42.53461538 -53.85673076 -31.21250000
1222 -42.63335164 -53.96241758 -31.30428571
1223 -42.73208791 -54.06810439 -31.39607142
1224 -42.83082417 -54.17379120 -31.48785714
1225 -42.92956043 -54.27947802 -31.57964285
1226 -43.02829670 -54.38516483 -31.67142857
1227 -43.12703296 -54.49085164 -31.76321428
1228 -43.22576923 -54.59653846 -31.85500000
1229 -43.32450549 -54.70222527 -31.94678571
1230 -43.42324175 -54.80791208 -32.03857142
1231 -43.52197802 -54.91359890 -32.13035714
1232 -43.62071428 -55.01928571 -32.22214285
1233 -43.71945054 -55.12497252 -32.31392857
1234 -43.81818681 -55.23065934 -32.40571428
1235 -43.91692307 -55.33634615 -32.49750000
1236 -44.01565934 -55.44203296 -32.58928571
1237 -44.11439560 -55.54771978 -32.68107142
1238 -44.21313186 -55.65340659 -32.77285714
1239 -44.31186813 -55.75909340 -32.86464285
1240 -44.41060439 -55.86478021 -32.95642857
1241 -44.50934065 -55.97046703 -33.04821428
1242 -44.60807692 -56.07615384 -33.14000000
1243 -44.70681318 -56.18184065 -33.23178571
1244 -44.80554945 -56.28752747 -33.32357142
1245 -44.90428571 -56.39321428 -33.41535714
1246 -45.00302197 -56.49890109 -33.50714285
1247 -45.10175824 -56.60458791 -33.59892857
1248 -45.20049450 -56.71027472 -33.69071428
1249 -45.29923076 -56.81596153 -33.78250000
1250 -45.39796703 -56.92164835 -33.87428571
1251 -45.49670329 -57.02733516 -33.96607142
1252 -45.59543956 -57.13302197 -34.05785714
1253 -45.69417582 -57.23870879 -34.14964285
1254 -45.79291208 -57.34439560 -34.24142857
1255 -45.89164835 -57.45008241 -34.33321428
1256 -45.99038461 -57.55576923 -34.42500000
1257 -46.08912087 -57.66145604 -34.51678571
1258 -46.18785714 -57.76714285 -34.60857142
1259 -46.28659340 -57.87282967 -34.70035714
1260 -46.38532967 -57.97851648 -34.79214285
1261 -46.48406593 -58.08420329 -34.88392857
1262 -46.58280219 -58.18989010 -34.97571428
1263 -46.68153846 -58.29557692 -35.06750000
1264 -46.78027472 -58.40126373 -35.15928571
1265 -46.87901098 -58.50695054 -35.25107142
1266 -46.97774725 -58.61263736 -35.34285714
1267 -47.07648351 -58.71832417 -35.43464285
1268 -47.17521978 -58.82401098 -35.52642857
1269 -47.27395604 -58.92969780 -35.61821428
1270 -47.37269230 -59.03538461 -35.71000000
1271 -47.47142857 -59.14107142 -35.80178571
1272 -47.57016483 -59.24675824 -35.89357142
1273 -47.66890109 -59.35244505 -35.98535714
1274 -47.76763736 -59.45813186 -36.07714285
1275 -47.86637362 -59.56381868 -36.16892857
1276 -47.96510989 -59.66950549 -36.26071428
1277 -48.06384615 -59.77519230 -36.35250000
1278 -48.16258241 -59.88087912 -36.44428571
1279 -48.26131868 -59.98656593 -36.53607142
1280 -48.36005494 -60.09225274 -36.62785714
1281 -48.45879120 -60.19793956 -36.71964285
1282 -48.55752747 -60.30362637 -36.81142857
1283 -48.65626373 -60.40931318 -36.90321428
1284 -48.75500000 -60.51500000 -36.99500000
1285 -48.85373626 -60.62068681 -37.08678571
1286 -48.95247252 -60.72637362 -37.17857142
1287 -49.05120879 -60.83206043 -37.27035714
1288 -49.14994505 -60.93774725 -37.36214285
1289 -49.24868131 -61.04343406 -37.45392857
1290 -49.34741758 -61.14912087 -37.54571428
1291 -49.44615384 -61.25480769 -37.63750000
1292 -49.54489010 -61.36049450 -37.72928571
1293 -49.64362637 -61.46618131 -37.82107142
1294 -49.74236263 -61.57186813 -37.91285714
1295 -49.84109890 -61.67755494 -38.00464285
1296 -49.93983516 -61.78324175 -38.09642857
1297 -50.03857142 -61.88892857 -38.18821428
1298 -50.13730769 -61.99461538 -38.28000000
1299 -50.23604395 -62.10030219 -38.37178571
1300 -50.33478021 -62.20598901 -38.46357142
1301 -50.43351648 -62.31167582 -38.55535714
1302 -50.53225274 -62.41736263 -38.64714285
1303 -50.63098901 -62.52304945 -38.73892857
1304 -50.72972527 -62.62873626 -38.83071428
1305 -50.82846153 -62.73442307 -38.92250000
1306 -50.92719780 -62.84010989 -39.01428571
1307 -51.02593406 -62.94579670 -39.10607142
1308 -51.12467032 -63.05148351 -39.19785714
1309 -51.22340659 -63.15717032 -39.28964285
1310 -51.32214285 -63.26285714 -39.38142857
1311 -51.42087912 -63.36854395 -39.47321428
1312 -51.51961538 -63.47423076 -39.56500000
1313 -51.61835164 -63.57991758 -39.65678571
1314 -51.71708791 -63.68560439 -39.74857142
1315 -51.81582417 -63.79129120 -39.84035714
1316 -51.91456043 -63.89697802 -39.93214285
1317 -52.01329670 -64.00266483 -40.02392857
1318 -52.11203296 -64.10835164 -40.11571428
1319 -52.21076923 -64.21403846 -40.20750000
1320 -52.30950549 -64.31972527 -40.29928571
1321 -52.40824175 -64.42541208 -40.39107142
1322 -52.50697802 -64.53109890 -40.48285714
1323 -52.60571428 -64.63678571 -40.57464285
1324 -52.70445054 -64.74247252 -40.66642857
1325 -52.80318681 -64.84815934 -40.75821428
1326 -52.90192307 -64.95384615 -40.85000000
1327 -53.00065934 -65.05953296 -40.94178571
1328 -53.09939560 -65.16521978 -41.03357142
1329 -53.19813186 -65.27090659 -41.12535714
1330 -53.29686813 -65.37659340 -41.21714285
1331 -53.39560439 -65.48228021 -41.30892857
1332 -53.49434065 -65.58796703 -41.40071428
1333 -53.59307692 -65.69365384 -41.49250000
1334 -53.69181318 -65.79934065 -41.58428571
1335 -53.79054945 -65.90502747 -41.67607142
1336 -53.88928571 -66.01071428 -41.76785714
1337 -53.98802197 -66.11640109 -41.85964285
1338 -54.08675824 -66.22208791 -41.95142857
1339 -54.18549450 -66.32777472 -42.04321428
1340 -54.28423076 -66.43346153 -42.13500000
1341 -54.38296703 -66.53914835 -42.22678571
1342 -54.48170329 -66.64483516 -42.31857142
1343 -54.58043956 -66.75052197 -42.41035714
1344 -54.67917582 -66.85620879 -42.50214285
1345 -54.77791208 -66.96189560 -42.59392857
1346 -54.87664835 -67.06758241 -42.68571428
1347 -54.97538461 -67.17326923 -42.77750000
1348 -55.07412087 -67.27895604 -42.86928571
1349 -55.17285714 -67.38464285 -42.96107142
1350 -55.27159340 -67.49032967 -43.05285714
1351 -55.37032967 -67.59601648 -43.14464285
1352 -55.46906593 -67.70170329 -43.23642857
1353 -55.56780219 -67.80739010 -43.32821428
1354 -55.66653846 -67.91307692 -43.42000000
1355 -55.76527472 -68.01876373 -43.51178571
1356 -55.86401098 -68.12445054 -43.60357142
1357 -55.96274725 -68.23013736 -43.69535714
1358 -56.06148351 -68.33582417 -43.78714285
1359 -56.16021978 -68.44151098 -43.87892857
1360 -56.25895604 -68.54719780 -43.97071428
1361 -56.35769230 -68.65288461 -44.06250000
1362 -56.45642857 -68.75857142 -44.15428571
1363 -56.55516483 -68.86425824 -44.24607142
1364 -56.65390109 -68.96994505 -44.33785714
1365 -56.75263736 -69.07563186 -44.42964285
1366 -56.85137362 -69.18131868 -44.52142857
1367 -56.95010989 -69.28700549 -44.61321428
1368 -57.04884615 -69.39269230 -44.70500000
1369 -57.14758241 -69.49837912 -44.79678571
1370 -57.24631868 -69.60406593 -44.88857142
1371 -57.34505494 -69.70975274 -44.98035714
1372 -57.44379120 -69.81543956 -45.07214285
1373 -57.54252747 -69.92112637 -45.16392857
1374 -57.64126373 -70.02681318 -45.25571428
1375 -57.74000000 -70.13250000 -45.34750000
1376 -57.83873626 -70.23818681 -45.43928571
1377 -57.93747252 -70.34387362 -45.53107142
1378 -58.03620879 -70.44956043 -45.62285714
1379 -58.13494505 -70.55524725 -45.71464285
1380 -58.23368131 -70.66093406 -45.80642857
1381 -58.33241758 -70.76662087 -45.89821428
1382 -58.43115384 -70.87230769 -45.99000000
1383 -58.52989010 -70.97799450 -46.08178571
1384 -58.62862637 -71.08368131 -46.17357142
1385 -58.72736263 -71.18936813 -46.26535714
1386 -58.82609890 -71.29505494 -46.35714285
1387 -58.92483516 -71.40074175 -46.44892857
1388 -59.02357142 -71.50642857 -46.54071428
1389 -59.12230769 -71.61211538 -46.63250000
1390 -59.22104395 -71.71780219 -46.72428571
1391 -59.31978021 -71.82348901 -46.81607142
1392 -59.41851648 -71.92917582 -46.90785714
1393 -59.51725274 -72.03486263 -46.99964285
1394 -59.61598901 -72.14054945 -47.09142857
1395 -59.71472527 -72.24623626 -47.18321428
1396 -59.81346153 -72.35192307 -47.27500000
1397 -59.91219780 -72.45760989 -47.36678571
1398 -60.01093406 -72.56329670 -47.45857142
1399 -60.10967032 -72.66898351 -47.55035714
1400 -60.20840659 -72.77467032 -47.64214285
1401 -60.30714285 -72.88035714 -47.73392857
1402 -60.40587912 -72.98604395 -47.82571428
1403 -60.50461538 -73.09173076 -47.91750000
1404 -60.60335164 -73.19741758 -48.00928571
1405 -60.70208791 -73.30310439 -48.10107142
1406 -60.80082417 -73.40879120 -48.19285714
1407 -60.89956043 -73.51447802 -48.28464285
1408 -60.99829670 -73.62016483 -48.37642857
1409 -61.09703296 -73.72585164 -48.46821428
1410 -61.19576923 -73.83153846 -48.56000000
1411 -61.29450549 -73.93722527 -48.65178571
1412 -61.39324175 -74.04291208 -48.74357142
1413 -61.49197802 -74.14859890 -48.83535714
1414 -61.59071428 -74.25428571 -48.92714285
1415 -61.68945054 -74.35997252 -49.01892857
1416 -61.78818681 -74.46565934 -49.11071428
1417 -61.88692307 -74.57134615 -49.20250000
1418 -61.98565934 -74.67703296 -49.29428571
1419 -62.08439560 -74.78271978 -49.38607142
1420 -62.18313186 -74.88840659 -49.47785714
1421 -62.28186813 -74.99409340 -49.56964285
1422 -62.38060439 -75.09978021 -49.66142857
1423 -62.47934065 -75.20546703 -49.75321428
1424 -62.57807692 -75.31115384 -49.84500000
1425 -62.67681318 -75.41684065 -49.93678571
1426 -62.77554945 -75.52252747 -50.02857142
1427 -62.87428571 -75.62821428 -50.12035714
1428 -62.97302197 -75.73390109 -50.21214285
1429 -63.07175824 -75.83958791 -50.30392857
1430 -63.17049450 -75.94527472 -50.39571428
1431 -63.26923076 -76.05096153 -50.48750000
1432 -63.36796703 -76.15664835 -50.57928571
1433 -63.46670329 -76.26233516 -50.67107142
1434 -63.56543956 -76.36802197 -50.76285714
1435 -63.66417582 -76.47370879 -50.85464285
1436 -63.76291208 -76.57939560 -50.94642857
1437 -63.86164835 -76.68508241 -51.03821428
1438 -63.96038461 -76.79076923 -51.13000000
1439 -64.05912087 -76.89645604 -51.22178571
1440 -64.15785714 -77.00214285 -51.31357142
1441 -64.25659340 -77.10782967 -51.40535714
1442 -64.35532967 -77.21351648 -51.49714285
1443 -64.45406593 -77.31920329 -51.58892857
1444 -64.55280219 -77.42489010 -51.68071428
1445 -64.65153846 -77.53057692 -51.77250000
1446 -64.75027472 -77.63626373 -51.86428571
1447 -64.84901098 -77.74195054 -51.95607142
1448 -64.94774725 -77.84763736 -52.04785714
1449 -65.04648351 -77.95332417 -52.13964285
1450 -65.14521978 -78.05901098 -52.23142857
1451 -65.24395604 -78.16469780 -52.32321428
1452 -65.34269230 -78.27038461 -52.41500000
1453 -65.44142857 -78.37607142 -52.50678571
1454 -65.54016483 -78.48175824 -52.59857142
1455 -65.63890109 -78.58744505 -52.69035714
1456 -65.73763736 -78.69313186 -52.78214285
1457 -65.83637362 -78.79881868 -52.87392857
1458 -65.93510989 -78.90450549 -52.96571428
1459 -66.03384615 -79.01019230 -53.05750000
1460 -66.13258241 -79.11587912 -53.14928571
1461 -66.23131868 -79.22156593 -53.24107142
1462 -66.33005494 -79.32725274 -53.33285714
1463 -66.42879120 -79.43293956 -53.42464285
1464 -66.52752747 -79.53862637 -53.51642857
1465 -66.62626373 -79.64431318 -53.60821428
1466 -66.72500000 -79.75000000 -53.70000000
1467 -66.82067307 -79.84035714 -53.80098901
1468 -66.91634615 -79.93071428 -53.90197802
1469 -67.01201923 -80.02107142 -54.00296703
1470 -67.10769230 -80.11142857 -54.10395604
1471 -67.20336538 -80.20178571 -54.20494505
1472 -67.29903846 -80.29214285 -54.30593406
1473 -67.39471153 -80.38250000 -54.40692307
1474 -67.49038461 -80.47285714 -54.50791208
1475 -67.58605769 -80.56321428 -54.60890109
1476 -67.68173076 -80.65357142 -54.70989010
1477 -67.77740384 -80.74392857 -54.81087912
1478 -67.87307692 -80.83428571 -54.91186813
1479 -67.96875000 -80.92464285 -55.01285714
1480 -68.06442307 -81.01500000 -55.11384615
1481 -68.16009615 -81.10535714 -55.21483516
1482 -68.25576923 -81.19571428 -55.31582417
1483 -68.35144230 -81.28607142 -55.41681318
1484 -68.44711538 -81.37642857 -55.51780219
1485 -68.54278846 -81.46678571 -55.61879120
1486 -68.63846153 -81.55714285 -55.71978021
1487 -68.73413461 -81.64750000 -55.82076923
1488 -68.82980769 -81.73785714 -55.92175824
1489 -68.92548076 -81.82821428 -56.02274725
1490 -69.02115384 -81.91857142 -56.12373626
1491 -69.11682692 -82.00892857 -56.22472527
1492 -69.21250000 -82.09928571 -56.32571428
1493 -69.30817307 -82.18964285 -56.42670329
1494 -69.40384615 -82.28000000 -56.52769230
1495 -69.49951923 -82.37035714 -56.62868131
1496 -69.59519230 -82.46071428 -56.72967032
1497 -69.69086538 -82.55107142 -56.83065934
1498 -69.78653846 -82.64142857 -56.93164835
1499 -69.88221153 -82.73178571 -57.03263736
1500 -69.97788461 -82.82214285 -57.13362637
1501 -70.07355769 -82.91250000 -57.23461538
1502 -70.16923076 -83.00285714 -57.33560439
1503 -70.26490384 -83.09321428 -57.43659340
1504 -70.36057692 -83.18357142 -57.53758241
1505 -70.45625000 -83.27392857 -57.63857142
1506 -70.55192307 -83.36428571 -57.73956043
1507 -70.64759615 -83.45464285 -57.84054945
1508 -70.74326923 -83.54500000 -57.94153846
1509 -70.83894230 -83.63535714 -58.04252747
1510 -70.93461538 -83.72571428 -58.14351648
1511 -71.03028846 -83.81607142 -58.24450549
1512 -71.12596153 -83.90642857 -58.34549450
1513 -71.22163461 -83.99678571 -58.44648351
1514 -71.31730769 -84.08714285 -58.54747252
1515 -71.41298076 -84.17750000 -58.64846153
1516 -71.50865384 -84.26785714 -58.74945054
1517 -71.60432692 -84.35821428 -58.85043956
1518 -71.70000000 -84.44857142 -58.95142857
1519 -71.79567307 -84.53892857 -59.05241758
1520 -71.89134615 -84.62928571 -59.15340659
1521 -71.98701923 -84.71964285 -59.25439560
1522 -72.08269230 -84.81000000 -59.35538461
1523 -72.17836538 -84.90035714 -59.45637362
1524 -72.27403846 -84.99071428 -59.55736263
1525 -72.36971153 -85.08107142 -59.65835164
1526 -72.46538461 -85.17142857 -59.75934065
1527 -72.56105769 -85.26178571 -59.86032967
1528 -72.65673076 -85.35214285 -59.96131868
1529 -72.75240384 -85.44250000 -60.06230769
1530 -72.84807692 -85.53285714 -60.16329670
1531 -72.94375000 -85.62321428 -60.26428571
1532 -73.03942307 -85.71357142 -60.36527472
1533 -73.13509615 -85.80392857 -60.46626373
1534 -73.23076923 -85.89428571 -60.56725274
1535 -73.32644230 -85.98464285 -60.66824175
1536 -73.42211538 -86.07500000 -60.76923076
1537 -73.51778846 -86.16535714 -60.87021978
1538 -73.61346153 -86.25571428 -60.97120879
1539 -73.70913461 -86.34607142 -61.07219780
1540 -73.80480769 -86.43642857 -61.17318681
1541 -73.90048076 -86.52678571 -61.27417582
1542 -73.99615384 -86.61714285 -61.37516483
1543 -74.09182692 -86.70750000 -61.47615384
1544 -74.18750000 -86.79785714 -61.57714285
1545 -74.28317307 -86.88821428 -61.67813186
1546 -74.37884615 -86.97857142 -61.77912087
1547 -74.47451923 -87.06892857 -61.88010989
1548 -74.57019230 -87.15928571 -61.98109890
1549 -74.66586538 -87.24964285 -62.08208791
1550 -74.76153846 -87.34000000 -62.18307692
1551 -74.85721153 -87.43035714 -62.28406593
1552 -74.95288461 -87.52071428 -62.38505494
1553 -75.04855769 -87.61107142 -62.48604395
1554 -75.14423076 -87.70142857 -62.58703296
1555 -75.23990384 -87.79178571 -62.68802197
1556 -75.33557692 -87.88214285 -62.78901098
1557 -75.43125000 -87.97250000 -62.89000000
1558 -75.52692307 -88.06285714 -62.99098901
1559 -75.62259615 -88.15321428 -63.09197802
1560 -75.71826923 -88.24357142 -63.19296703
1561 -75.81394230 -88.33392857 -63.29395604
1562 -75.90961538 -88.42428571 -63.39494505
1563 -76.00528846 -88.51464285 -63.49593406
1564 -76.10096153 -88.60500000 -63.59692307
1565 -76.19663461 -88.69535714 -63.69791208
1566 -76.29230769 -88.78571428 -63.79890109
1567 -76.38798076 -88.87607142 -63.89989010
1568 -76.48365384 -88.96642857 -64.00087912
1569 -76.57932692 -89.05678571 -64.10186813
1570 -76.67500000 -89.14714285 -64.20285714
1571 -76.77067307 -89.23750000 -64.30384615
1572 -76.86634615 -89.32785714 -64.40483516
1573 -76.96201923 -89.41821428 -64.50582417
1574 -77.05769230 -89.50857142 -64.60681318
1575 -77.15336538 -89.59892857 -64.70780219
1576 -77.24903846 -89.68928571 -64.80879120
1577 -77.34471153 -89.77964285 -64.90978021
1578 -77.44038461 -89.87000000 -65.01076923
1579 -77.53605769 -89.96035714 -65.11175824
1580 -77.63173076 -90.05071428 -65.21274725
1581 -77.72740384 -90.14107142 -65.31373626
1582 -77.82307692 -90.23142857 -65.41472527
1583 -77.91875000 -90.32178571 -65.51571428
1584 -78.01442307 -90.41214285 -65.61670329
1585 -78.11009615 -90.50250000 -65.71769230
1586 -78.20576923 -90.59285714 -65.81868131
1587 -78.30144230 -90.68321428 -65.91967032
1588 -78.39711538 -90.77357142 -66.02065934
1589 -78.49278846 -90.86392857 -66.12164835
1590 -78.58846153 -90.95428571 -66.22263736
1591 -78.68413461 -91.04464285 -66.32362637
1592 -78.77980769 -91.13500000 -66.42461538
1593 -78.87548076 -91.22535714 -66.52560439
1594 -78.97115384 -91.31571428 -66.62659340
1595 -79.06682692 -91.40607142 -66.72758241
1596 -79.16250000 -91.49642857 -66.82857142
1597 -79.25817307 -91.58678571 -66.92956043
1598 -79.35384615 -91.67714285 -67.03054945
1599 -79.44951923 -91.76750000 -67.13153846
1600 -79.54519230 -91.85785714 -67.23252747
1601 -79.64086538 -91.94821428 -67.33351648
1602 -79.73653846 -92.03857142 -67.43450549
1603 -79.83221153 -92.12892857 -67.53549450
1604 -79.92788461 -92.21928571 -67.63648351
1605 -80.02355769 -92.30964285 -67.73747252
1606 -80.11923076 -92.40000000 -67.83846153
1607 -80.21490384 -92.49035714 -67.93945054
1608 -80.31057692 -92.58071428 -68.04043956
1609 -80.40625000 -92.67107142 -68.14142857
1610 -80.50192307 -92.76142857 -68.24241758
1611 -80.59759615 -92.85178571 -68.34340659
1612 -80.69326923 -92.94214285 -68.44439560
1613 -80.78894230 -93.03250000 -68.54538461
1614 -80.88461538 -93.12285714 -68.64637362
1615 -80.98028846 -93.21321428 -68.74736263
1616 -81.07596153 -93.30357142 -68.84835164
1617 -81.17163461 -93.39392857 -68.94934065
1618 -81.26730769 -93.48428571 -69.05032967
1619 -81.36298076 -93.57464285 -69.15131868
1620 -81.45865384 -93.66500000 -69.25230769
1621 -81.55432692 -93.75535714 -69.35329670
1622 -81.65000000 -93.84571428 -69.45428571
1623 -81.74567307 -93.93607142 -69.55527472
1624 -81.84134615 -94.02642857 -69.65626373
1625 -81.93701923 -94.11678571 -69.75725274
1626 -82.03269230 -94.20714285 -69.85824175
1627 -82.12836538 -94.29750000 -69.95923076
1628 -82.22403846 -94.38785714 -70.06021978
1629 -82.31971153 -94.47821428 -70.16120879
1630 -82.41538461 -94.56857142 -70.26219780
1631 -82.51105769 -94.65892857 -70.36318681
1632 -82.60673076 -94.74928571 -70.46417582
1633 -82.70240384 -94.83964285 -70.56516483
1634 -82.79807692 -94.93000000 -70.66615384
1635 -82.89375000 -95.02035714 -70.76714285
1636 -82.98942307 -95.11071428 -70.86813186
1637 -83.08509615 -95.20107142 -70.96912087
1638 -83.18076923 -95.29142857 -71.07010989
1639 -83.27644230 -95.38178571 -71.17109890
1640 -83.37211538 -95.47214285 -71.27208791
1641 -83.46778846 -95.56250000 -71.37307692
1642 -83.56346153 -95.65285714 -71.47406593
1643 -83.65913461 -95.74321428 -71.57505494
1644 -83.75480769 -95.83357142 -71.67604395
1645 -83.85048076 -95.92392857 -71.77703296
1646 -83.94615384 -96.01428571 -71.87802197
1647 -84.04182692 -96.10464285 -71.97901098
1648 -84.13750000 -96.19500000 -72.08000000
1649 -84.23317307 -96.28535714 -72.18098901
1650 -84.32884615 -96.37571428 -72.28197802
1651 -84.42451923 -96.46607142 -72.38296703
1652 -84.52019230 -96.55642857 -72.48395604
1653 -84.61586538 -96.64678571 -72.58494505
1654 -84.71153846 -96.73714285 -72.68593406
1655 -84.80721153 -96.82750000 -72.78692307
1656 -84.90288461 -96.91785714 -72.88791208
1657 -84.99855769 -97.00821428 -72.98890109
1658 -85.09423076 -97.09857142 -73.08989010
1659 -85.18990384 -97.18892857 -73.19087912
1660 -85.28557692 -97.27928571 -73.29186813
1661 -85.38125000 -97.36964285 -73.39285714
1662 -85.47692307 -97.46000000 -73.49384615
1663 -85.57259615 -97.55035714 -73.59483516
1664 -85.66826923 -97.64071428 -73.69582417
1665 -85.76394230 -97.73107142 -73.79681318
1666 -85.85961538 -97.82142857 -73.89780219
1667 -85.95528846 -97.91178571 -73.99879120
1668 -86.05096153 -98.00214285 -74.09978021
1669 -86.14663461 -98.09250000 -74.20076923
1670 -86.24230769 -98.18285714 -74.30175824
1671 -86.33798076 -98.27321428 -74.40274725
1672 -86.43365384 -98.36357142 -74.50373626
1673 -86.52932692 -98.45392857 -74.60472527
1674 -86.62500000 -98.54428571 -74.70571428
1675 -86.72067307 -98.63464285 -74.80670329
1676 -86.81634615 -98.72500000 -74.90769230
1677 -86.91201923 -98.81535714 -75.00868131
1678 -87.00769230 -98.90571428 -75.10967032
1679 -87.10336538 -98.99607142 -75.21065934
1680 -87.19903846 -99.08642857 -75.31164835
1681 -87.29471153 -99.17678571 -75.41263736
1682 -87.39038461 -99.26714285 -75.51362637
1683 -87.48605769 -99.35750000 -75.61461538
1684 -87.58173076 -99.44785714 -75.71560439
1685 -87.67740384 -99.53821428 -75.81659340
1686 -87.77307692 -99.62857142 -75.91758241
1687 -87.86875000 -99.71892857 -76.01857142
1688 -87.96442307 -99.80928571 -76.11956043
1689 -88.06009615 -99.89964285 -76.22054945
1690 -88.15576923 -99.99000000 -76.32153846
1691 -88.25144230 -100.08035714 -76.42252747
1692 -88.34711538 -100.17071428 -76.52351648
1693 -88.44278846 -100.26107142 -76.62450549
1694 -88.53846153 -100.35142857 -76.72549450
1695 -88.63413461 -100.44178571 -76.82648351
1696 -88.72980769 -100.53214285 -76.92747252
1697 -88.82548076 -100.62250000 -77.02846153
1698 -88.92115384 -100.71285714 -77.12945054
1699 -89.01682692 -100.80321428 -77.23043956
1700 -89.11250000 -100.89357142 -77.33142857
1701 -89.20817307 -100.98392857 -77.43241758
1702 -89.30384615 -101.07428571 -77.53340659
1703 -89.39951923 -101.16464285 -77.63439560
1704 -89.49519230 -101.25500000 -77.73538461
1705 -89.59086538 -101.34535714 -77.83637362
1706 -89.68653846 -101.43571428 -77.93736263
1707 -89.78221153 -101.52607142 -78.03835164
1708 -89.87788461 -101.61642857 -78.13934065
1709 -89.97355769 -101.70678571 -78.24032967
1710 -90.06923076 -101.79714285 -78.34131868
1711 -90.16490384 -101.88750000 -78.44230769
1712 -90.26057692 -101.97785714 -78.54329670
1713 -90.35625000 -102.06821428 -78.64428571
1714 -90.45192307 -102.15857142 -78.74527472
1715 -90.54759615 -102.24892857 -78.84626373
1716 -90.64326923 -102.33928571 -78.94725274
1717 -90.73894230 -102.42964285 -79.04824175
1718 -90.83461538 -102.52000000 -79.14923076
1719 -90.93028846 -102.61035714 -79.25021978
1720 -91.02596153 -102.70071428 -79.35120879
1721 -91.12163461 -102.79107142 -79.45219780
1722 -91.21730769 -102.88142857 -79.55318681
1723 -91.31298076 -102.97178571 -79.65417582
1724 -91.40865384 -103.06214285 -79.75516483
1725 -91.50432692 -103.15250000 -79.85615384
1726 -91.60000000 -103.24285714 -79.95714285
1727 -91.69567307 -103.33321428 -80.05813186
1728 -91.79134615 -103.42357142 -80.15912087
1729 -91.88701923 -103.51392857 -80.26010989
1730 -91.98269230 -103.60428571 -80.36109890
1731 -92.07836538 -103.69464285 -80.46208791
1732 -92.17403846 -103.78500000 -80.56307692
1733 -92.26971153 -103.87535714 -80.66406593
1734 -92.36538461 -103.96571428 -80.76505494
1735 -92.46105769 -104.05607142 -80.86604395
1736 -92.55673076 -104.14642857 -80.96703296
1737 -92.65240384 -104.23678571 -81.06802197
1738 -92.74807692 -104.32714285 -81.16901098
1739 -92.84375000 -104.41750000 -81.27000000
1740 -92.93942307 -104.50785714 -81.37098901
1741 -93.03509615 -104.59821428 -81.47197802
1742 -93.13076923 -104.68857142 -81.57296703
1743 -93.22644230 -104.77892857 -81.67395604
1744 -93.32211538 -104.86928571 -81.77494505
1745 -93.41778846 -104.95964285 -81.87593406
1746 -93.51346153 -105.05000000 -81.97692307
1747 -93.60913461 -105.14035714 -82.07791208
1748 -93.70480769 -105.23071428 -82.17890109
1749 -93.80048076 -105.32107142 -82.27989010
1750 -93.89615384 -105.41142857 -82.38087912
1751 -93.99182692 -105.50178571 -82.48186813
1752 -94.08750000 -105.59214285 -82.58285714
1753 -94.18317307 -105.68250000 -82.68384615
1754 -94.27884615 -105.77285714 -82.78483516
1755 -94.37451923 -105.86321428 -82.88582417
1756 -94.47019230 -105.95357142 -82.98681318
1757 -94.56586538 -106.04392857 -83.08780219
1758 -94.66153846 -106.13428571 -83.18879120
1759 -94.75721153 -106.22464285 -83.28978021
1760 -94.85288461 -106.31500000 -83.39076923
1761 -94.94855769 -106.40535714 -83.49175824
1762 -95.04423076 -106.49571428 -83.59274725
1763 -95.13990384 -106.58607142 -83.69373626
1764 -95.23557692 -106.67642857 -83.79472527
1765 -95.33125000 -106.76678571 -83.89571428
1766 -95.42692307 -106.85714285 -83.99670329
1767 -95.52259615 -106.94750000 -84.09769230
1768 -95.61826923 -107.03785714 -84.19868131
1769 -95.71394230 -107.12821428 -84.29967032
1770 -95.80961538 -107.21857142 -84.40065934
1771 -95.90528846 -107.30892857 -84.50164835
1772 -96.00096153 -107.39928571 -84.60263736
1773 -96.09663461 -107.48964285 -84.70362637
1774 -96.19230769 -107.58000000 -84.80461538
1775 -96.28798076 -107.67035714 -84.90560439
1776 -96.38365384 -107.76071428 -85.00659340
1777 -96.47932692 -107.85107142 -85.10758241
1778 -96.57500000 -107.94142857 -85.20857142
1779 -96.67067307 -108.03178571 -85.30956043
1780 -96.76634615 -108.12214285 -85.41054945
1781 -96.86201923 -108.21250000 -85.51153846
1782 -96.95769230 -108.30285714 -85.61252747
1783 -97.05336538 -108.39321428 -85.71351648
1784 -97.14903846 -108.48357142 -85.81450549
1785 -97.24471153 -108.57392857 -85.91549450
1786 -97.34038461 -108.66428571 -86.01648351
1787 -97.43605769 -108.75464285 -86.11747252
1788 -97.53173076 -108.84500000 -86.21846153
1789 -97.62740384 -108.93535714 -86.31945054
1790 -97.72307692 -109.02571428 -86.42043956
1791 -97.81875000 -109.11607142 -86.52142857
1792 -97.91442307 -109.20642857 -86.62241758
1793 -98.01009615 -109.29678571 -86.72340659
1794 -98.10576923 -109.38714285 -86.82439560
1795 -98.20144230 -109.47750000 -86.92538461
1796 -98.29711538 -109.56785714 -87.02637362
1797 -98.39278846 -109.65821428 -87.12736263
1798 -98.48846153 -109.74857142 -87.22835164
1799 -98.58413461 -109.83892857 -87.32934065
1800 -98.67980769 -109.92928571 -87.43032967
1801 -98.77548076 -110.01964285 -87.53131868
1802 -98.87115384 -110.11000000 -87.63230769
1803 -98.96682692 -110.20035714 -87.73329670
1804 -99.06250000 -110.29071428 -87.83428571
1805 -99.15817307 -110.38107142 -87.93527472
1806 -99.25384615 -110.47142857 -88.03626373
1807 -99.34951923 -110.56178571 -88.13725274
1808 -99.44519230 -110.65214285 -88.23824175
1809 -99.54086538 -110.74250000 -88.33923076
1810 -99.63653846 -110.83285714 -88.44021978
1811 -99.73221153 -110.92321428 -88.54120879
1812 -99.82788461 -111.01357142 -88.64219780
1813 -99.92355769 -111.10392857 -88.74318681
1814 -100.01923076 -111.19428571 -88.84417582
1815 -100.11490384 -111.28464285 -88.94516483
1816 -100.21057692 -111.37500000 -89.04615384
1817 -100.30625000 -111.46535714 -89.14714285
1818 -100.40192307 -111.55571428 -89.24813186
1819 -100.49759615 -111.64607142 -89.34912087
1820 -100.59326923 -111.73642857 -89.45010989
1821 -100.68894230 -111.82678571 -89.55109890
1822 -100.78461538 -111.91714285 -89.65208791
1823 -100.88028846 -112.00750000 -89.75307692
1824 -100.97596153 -112.09785714 -89.85406593
1825 -101.07163461 -112.18821428 -89.95505494
1826 -101.16730769 -112.27857142 -90.05604395
1827 -101.26298076 -112.36892857 -90.15703296
1828 -101.35865384 -112.45928571 -90.25802197
1829 -101.45432692 -112.54964285 -90.35901098
1830 -101.55000000 -112.64000000 -90.46000000
