1 -0.00214286 -0.00714286 0.00285714
2 -0.00142857 -0.00476190 0.00190476
3 -0.00071428 -0.00238095 0.00095238
4 0.00000000 0.00000000 0.00000000
5 -0.00214285 -0.00714285 0.00285714
6 -0.00428571 -0.01428571 0.00571429
7 -0.00642857 -0.02142857 0.00857143
8 -0.00857142 -0.02857142 0.01142857
9 -0.01071428 -0.03571428 0.01428571
10 -0.01285714 -0.04285714 0.01714286
11 -0.01500000 -0.05000000 0.02000000
12 -0.01645833 -0.05625000 0.02333333
13 -0.01791666 -0.06250000 0.02666667
14 -0.01937500 -0.06875000 0.03000000
15 -0.02083333 -0.07500000 0.03333333
16 -0.02229166 -0.08125000 0.03666667
17 -0.02375000 -0.08750000 0.04000000
18 -0.02520833 -0.09375000 0.04333333
19 -0.02666666 -0.10000000 0.04666667
20 -0.02812500 -0.10625000 0.05000000
21 -0.02958333 -0.11250000 0.05333333
22 -0.03104166 -0.11875000 0.05666667
23 -0.03250000 -0.12500000 0.06000000
24 -0.03395833 -0.13125000 0.06333333
25 -0.03541666 -0.13750000 0.06666667
26 -0.03687500 -0.14375000 0.07000000
27 -0.03833333 -0.15000000 0.07333333
28 -0.03979166 -0.15625000 0.07666667
29 -0.04125000 -0.16250000 0.08000000
30 -0.04270833 -0.16875000 0.08333333
31 -0.04416666 -0.17500000 0.08666667
32 -0.04562500 -0.18125000 0.09000000
33 -0.04708333 -0.18750000 0.09333333
34 -0.04854166 -0.19375000 0.09666667
35 -0.05000000 -0.20000000 0.10000000
36 -0.05338709 -0.20193548 0.09516129
37 -0.05677419 -0.20387096 0.09032258
38 -0.06016129 -0.20580645 0.08548387
39 -0.06354838 -0.20774193 0.08064516
40 -0.06693548 -0.20967741 0.07580645
41 -0.07032258 -0.21161290 0.07096774
42 -0.07370967 -0.21354838 0.06612903
43 -0.07709677 -0.21548387 0.06129032
44 -0.08048387 -0.21741935 0.05645161
45 -0.08387096 -0.21935483 0.05161290
46 -0.08725806 -0.22129032 0.04677419
47 -0.09064516 -0.22322580 0.04193548
48 -0.09403225 -0.22516129 0.03709677
49 -0.09741935 -0.22709677 0.03225806
50 -0.10080645 -0.22903225 0.02741935
51 -0.10419354 -0.23096774 0.02258065
52 -0.10758064 -0.23290322 0.01774194
53 -0.11096774 -0.23483870 0.01290323
54 -0.11435483 -0.23677419 0.00806452
55 -0.11774193 -0.23870967 0.00322581
56 -0.12112903 -0.24064516 -0.00161290
57 -0.12451612 -0.24258064 -0.00645161
58 -0.12790322 -0.24451612 -0.01129032
59 -0.13129032 -0.24645161 -0.01612903
60 -0.13467741 -0.24838709 -0.02096774
61 -0.13806451 -0.25032258 -0.02580645
62 -0.14145161 -0.25225806 -0.03064516
63 -0.14483870 -0.25419354 -0.03548387
64 -0.14822580 -0.25612903 -0.04032258
65 -0.15161290 -0.25806451 -0.04516129
66 -0.15500000 -0.26000000 -0.05000000
67 -0.16150000 -0.26666666 -0.05633333
68 -0.16800000 -0.27333333 -0.06266666
69 -0.17450000 -0.28000000 -0.06900000
70 -0.18100000 -0.28666666 -0.07533333
71 -0.18750000 -0.29333333 -0.08166666
72 -0.19400000 -0.30000000 -0.08800000
73 -0.20050000 -0.30666666 -0.09433333
74 -0.20700000 -0.31333333 -0.10066666
75 -0.21350000 -0.32000000 -0.10700000
76 -0.22000000 -0.32666666 -0.11333333
77 -0.22650000 -0.33333333 -0.11966666
78 -0.23300000 -0.34000000 -0.12600000
79 -0.23950000 -0.34666666 -0.13233333
80 -0.24600000 -0.35333333 -0.13866666
81 -0.25250000 -0.36000000 -0.14500000
82 -0.25900000 -0.36666666 -0.15133333
83 -0.26550000 -0.37333333 -0.15766666
84 -0.27200000 -0.38000000 -0.16400000
85 -0.27850000 -0.38666666 -0.17033333
86 -0.28500000 -0.39333333 -0.17666666
87 -0.29150000 -0.40000000 -0.18300000
88 -0.29800000 -0.40666666 -0.18933333
89 -0.30450000 -0.41333333 -0.19566666
90 -0.31100000 -0.42000000 -0.20200000
91 -0.31750000 -0.42666666 -0.20833333
92 -0.32400000 -0.43333333 -0.21466666
93 -0.33050000 -0.44000000 -0.22100000
94 -0.33700000 -0.44666666 -0.22733333
95 -0.34350000 -0.45333333 -0.23366666
96 -0.35000000 -0.46000000 -0.24000000
97 -0.35972826 -0.47010869 -0.24934782
98 -0.36945652 -0.48021739 -0.25869565
99 -0.37918478 -0.49032608 -0.26804347
100 -0.38891304 -0.50043478 -0.27739130
101 -0.39864130 -0.51054347 -0.28673913
102 -0.40836956 -0.52065217 -0.29608695
103 -0.41809782 -0.53076086 -0.30543478
104 -0.42782608 -0.54086956 -0.31478260
105 -0.43755434 -0.55097826 -0.32413043
106 -0.44728260 -0.56108695 -0.33347826
107 -0.45701086 -0.57119565 -0.34282608
108 -0.46673913 -0.58130434 -0.35217391
109 -0.47646739 -0.59141304 -0.36152173
110 -0.48619565 -0.60152173 -0.37086956
111 -0.49592391 -0.61163043 -0.38021739
112 -0.50565217 -0.62173913 -0.38956521
113 -0.51538043 -0.63184782 -0.39891304
114 -0.52510869 -0.64195652 -0.40826086
115 -0.53483695 -0.65206521 -0.41760869
116 -0.54456521 -0.66217391 -0.42695652
117 -0.55429347 -0.67228260 -0.43630434
118 -0.56402173 -0.68239130 -0.44565217
119 -0.57375000 -0.69250000 -0.45500000
120 -0.58347826 -0.70260869 -0.46434782
121 -0.59320652 -0.71271739 -0.47369565
122 -0.60293478 -0.72282608 -0.48304347
123 -0.61266304 -0.73293478 -0.49239130
124 -0.62239130 -0.74304347 -0.50173913
125 -0.63211956 -0.75315217 -0.51108695
126 -0.64184782 -0.76326086 -0.52043478
127 -0.65157608 -0.77336956 -0.52978260
128 -0.66130434 -0.78347826 -0.53913043
129 -0.67103260 -0.79358695 -0.54847826
130 -0.68076086 -0.80369565 -0.55782608
131 -0.69048913 -0.81380434 -0.56717391
132 -0.70021739 -0.82391304 -0.57652173
133 -0.70994565 -0.83402173 -0.58586956
134 -0.71967391 -0.84413043 -0.59521739
135 -0.72940217 -0.85423913 -0.60456521
136 -0.73913043 -0.86434782 -0.61391304
137 -0.74885869 -0.87445652 -0.62326086
138 -0.75858695 -0.88456521 -0.63260869
139 -0.76831521 -0.89467391 -0.64195652
140 -0.77804347 -0.90478260 -0.65130434
141 -0.78777173 -0.91489130 -0.66065217
142 -0.79750000 -0.92500000 -0.67000000
143 -0.80722826 -0.93510869 -0.67934782
144 -0.81695652 -0.94521739 -0.68869565
145 -0.82668478 -0.95532608 -0.69804347
146 -0.83641304 -0.96543478 -0.70739130
147 -0.84614130 -0.97554347 -0.71673913
148 -0.85586956 -0.98565217 -0.72608695
149 -0.86559782 -0.99576086 -0.73543478
150 -0.87532608 -1.00586956 -0.74478260
151 -0.88505434 -1.01597826 -0.75413043
152 -0.89478260 -1.02608695 -0.76347826
153 -0.90451086 -1.03619565 -0.77282608
154 -0.91423913 -1.04630434 -0.78217391
155 -0.92396739 -1.05641304 -0.79152173
156 -0.93369565 -1.06652173 -0.80086956
157 -0.94342391 -1.07663043 -0.81021739
158 -0.95315217 -1.08673913 -0.81956521
159 -0.96288043 -1.09684782 -0.82891304
160 -0.97260869 -1.10695652 -0.83826086
161 -0.98233695 -1.11706521 -0.84760869
162 -0.99206521 -1.12717391 -0.85695652
163 -1.00179347 -1.13728260 -0.86630434
164 -1.01152173 -1.14739130 -0.87565217
165 -1.02125000 -1.15750000 -0.88500000
166 -1.03097826 -1.16760869 -0.89434782
167 -1.04070652 -1.17771739 -0.90369565
168 -1.05043478 -1.18782608 -0.91304347
169 -1.06016304 -1.19793478 -0.92239130
170 -1.06989130 -1.20804347 -0.93173913
171 -1.07961956 -1.21815217 -0.94108695
172 -1.08934782 -1.22826086 -0.95043478
173 -1.09907608 -1.23836956 -0.95978260
174 -1.10880434 -1.24847826 -0.96913043
175 -1.11853260 -1.25858695 -0.97847826
176 -1.12826086 -1.26869565 -0.98782608
177 -1.13798913 -1.27880434 -0.99717391
178 -1.14771739 -1.28891304 -1.00652173
179 -1.15744565 -1.29902173 -1.01586956
180 -1.16717391 -1.30913043 -1.02521739
181 -1.17690217 -1.31923913 -1.03456521
182 -1.18663043 -1.32934782 -1.04391304
183 -1.19635869 -1.33945652 -1.05326086
184 -1.20608695 -1.34956521 -1.06260869
185 -1.21581521 -1.35967391 -1.07195652
186 -1.22554347 -1.36978260 -1.08130434
187 -1.23527173 -1.37989130 -1.09065217
188 -1.24500000 -1.39000000 -1.10000000
189 -1.25238888 -1.39988888 -1.10488888
190 -1.25977777 -1.40977777 -1.10977777
191 -1.26716666 -1.41966666 -1.11466666
192 -1.27455555 -1.42955555 -1.11955555
193 -1.28194444 -1.43944444 -1.12444444
194 -1.28933333 -1.44933333 -1.12933333
195 -1.29672222 -1.45922222 -1.13422222
196 -1.30411111 -1.46911111 -1.13911111
197 -1.31150000 -1.47900000 -1.14400000
198 -1.31888888 -1.48888888 -1.14888888
199 -1.32627777 -1.49877777 -1.15377777
200 -1.33366666 -1.50866666 -1.15866666
201 -1.34105555 -1.51855555 -1.16355555
202 -1.34844444 -1.52844444 -1.16844444
203 -1.35583333 -1.53833333 -1.17333333
204 -1.36322222 -1.54822222 -1.17822222
205 -1.37061111 -1.55811111 -1.18311111
206 -1.37800000 -1.56800000 -1.18800000
207 -1.38538888 -1.57788888 -1.19288888
208 -1.39277777 -1.58777777 -1.19777777
209 -1.40016666 -1.59766666 -1.20266666
210 -1.40755555 -1.60755555 -1.20755555
211 -1.41494444 -1.61744444 -1.21244444
212 -1.42233333 -1.62733333 -1.21733333
213 -1.42972222 -1.63722222 -1.22222222
214 -1.43711111 -1.64711111 -1.22711111
215 -1.44450000 -1.65700000 -1.23200000
216 -1.45188888 -1.66688888 -1.23688888
217 -1.45927777 -1.67677777 -1.24177777
218 -1.46666666 -1.68666666 -1.24666666
219 -1.47405555 -1.69655555 -1.25155555
220 -1.48144444 -1.70644444 -1.25644444
221 -1.48883333 -1.71633333 -1.26133333
222 -1.49622222 -1.72622222 -1.26622222
223 -1.50361111 -1.73611111 -1.27111111
224 -1.51100000 -1.74600000 -1.27600000
225 -1.51838888 -1.75588888 -1.28088888
226 -1.52577777 -1.76577777 -1.28577777
227 -1.53316666 -1.77566666 -1.29066666
228 -1.54055555 -1.78555555 -1.29555555
229 -1.54794444 -1.79544444 -1.30044444
230 -1.55533333 -1.80533333 -1.30533333
231 -1.56272222 -1.81522222 -1.31022222
232 -1.57011111 -1.82511111 -1.31511111
233 -1.57750000 -1.83500000 -1.32000000
234 -1.58488888 -1.84488888 -1.32488888
235 -1.59227777 -1.85477777 -1.32977777
236 -1.59966666 -1.86466666 -1.33466666
237 -1.60705555 -1.87455555 -1.33955555
238 -1.61444444 -1.88444444 -1.34444444
239 -1.62183333 -1.89433333 -1.34933333
240 -1.62922222 -1.90422222 -1.35422222
241 -1.63661111 -1.91411111 -1.35911111
242 -1.64400000 -1.92400000 -1.36400000
243 -1.65138888 -1.93388888 -1.36888888
244 -1.65877777 -1.94377777 -1.37377777
245 -1.66616666 -1.95366666 -1.37866666
246 -1.67355555 -1.96355555 -1.38355555
247 -1.68094444 -1.97344444 -1.38844444
248 -1.68833333 -1.98333333 -1.39333333
249 -1.69572222 -1.99322222 -1.39822222
250 -1.70311111 -2.00311111 -1.40311111
251 -1.71050000 -2.01300000 -1.40800000
252 -1.71788888 -2.02288888 -1.41288888
253 -1.72527777 -2.03277777 -1.41777777
254 -1.73266666 -2.04266666 -1.42266666
255 -1.74005555 -2.05255555 -1.42755555
256 -1.74744444 -2.06244444 -1.43244444
257 -1.75483333 -2.07233333 -1.43733333
258 -1.76222222 -2.08222222 -1.44222222
259 -1.76961111 -2.09211111 -1.44711111
260 -1.77700000 -2.10200000 -1.45200000
261 -1.78438888 -2.11188888 -1.45688888
262 -1.79177777 -2.12177777 -1.46177777
263 -1.79916666 -2.13166666 -1.46666666
264 -1.80655555 -2.14155555 -1.47155555
265 -1.81394444 -2.15144444 -1.47644444
266 -1.82133333 -2.16133333 -1.48133333
267 -1.82872222 -2.17122222 -1.48622222
268 -1.83611111 -2.18111111 -1.49111111
269 -1.84350000 -2.19100000 -1.49600000
270 -1.85088888 -2.20088888 -1.50088888
271 -1.85827777 -2.21077777 -1.50577777
272 -1.86566666 -2.22066666 -1.51066666
273 -1.87305555 -2.23055555 -1.51555555
274 -1.88044444 -2.24044444 -1.52044444
275 -1.88783333 -2.25033333 -1.52533333
276 -1.89522222 -2.26022222 -1.53022222
277 -1.90261111 -2.27011111 -1.53511111
278 -1.91000000 -2.28000000 -1.54000000
279 -1.91379120 -2.28582417 -1.54175824
280 -1.91758241 -2.29164835 -1.54351648
281 -1.92137362 -2.29747252 -1.54527472
282 -1.92516483 -2.30329670 -1.54703296
283 -1.92895604 -2.30912087 -1.54879120
284 -1.93274725 -2.31494505 -1.55054945
285 -1.93653846 -2.32076923 -1.55230769
286 -1.94032967 -2.32659340 -1.55406593
287 -1.94412087 -2.33241758 -1.55582417
288 -1.94791208 -2.33824175 -1.55758241
289 -1.95170329 -2.34406593 -1.55934065
290 -1.95549450 -2.34989010 -1.56109890
291 -1.95928571 -2.35571428 -1.56285714
292 -1.96307692 -2.36153846 -1.56461538
293 -1.96686813 -2.36736263 -1.56637362
294 -1.97065934 -2.37318681 -1.56813186
295 -1.97445054 -2.37901098 -1.56989010
296 -1.97824175 -2.38483516 -1.57164835
297 -1.98203296 -2.39065934 -1.57340659
298 -1.98582417 -2.39648351 -1.57516483
299 -1.98961538 -2.40230769 -1.57692307
300 -1.99340659 -2.40813186 -1.57868131
301 -1.99719780 -2.41395604 -1.58043956
302 -2.00098901 -2.41978021 -1.58219780
303 -2.00478021 -2.42560439 -1.58395604
304 -2.00857142 -2.43142857 -1.58571428
305 -2.01236263 -2.43725274 -1.58747252
306 -2.01615384 -2.44307692 -1.58923076
307 -2.01994505 -2.44890109 -1.59098901
308 -2.02373626 -2.45472527 -1.59274725
309 -2.02752747 -2.46054945 -1.59450549
310 -2.03131868 -2.46637362 -1.59626373
311 -2.03510989 -2.47219780 -1.59802197
312 -2.03890109 -2.47802197 -1.59978021
313 -2.04269230 -2.48384615 -1.60153846
314 -2.04648351 -2.48967032 -1.60329670
315 -2.05027472 -2.49549450 -1.60505494
316 -2.05406593 -2.50131868 -1.60681318
317 -2.05785714 -2.50714285 -1.60857142
318 -2.06164835 -2.51296703 -1.61032967
319 -2.06543956 -2.51879120 -1.61208791
320 -2.06923076 -2.52461538 -1.61384615
321 -2.07302197 -2.53043956 -1.61560439
322 -2.07681318 -2.53626373 -1.61736263
323 -2.08060439 -2.54208791 -1.61912087
324 -2.08439560 -2.54791208 -1.62087912
325 -2.08818681 -2.55373626 -1.62263736
326 -2.09197802 -2.55956043 -1.62439560
327 -2.09576923 -2.56538461 -1.62615384
328 -2.09956043 -2.57120879 -1.62791208
329 -2.10335164 -2.57703296 -1.62967032
330 -2.10714285 -2.58285714 -1.63142857
331 -2.11093406 -2.58868131 -1.63318681
332 -2.11472527 -2.59450549 -1.63494505
333 -2.11851648 -2.60032967 -1.63670329
334 -2.12230769 -2.60615384 -1.63846153
335 -2.12609890 -2.61197802 -1.64021978
336 -2.12989010 -2.61780219 -1.64197802
337 -2.13368131 -2.62362637 -1.64373626
338 -2.13747252 -2.62945054 -1.64549450
339 -2.14126373 -2.63527472 -1.64725274
340 -2.14505494 -2.64109890 -1.64901098
341 -2.14884615 -2.64692307 -1.65076923
342 -2.15263736 -2.65274725 -1.65252747
343 -2.15642857 -2.65857142 -1.65428571
344 -2.16021978 -2.66439560 -1.65604395
345 -2.16401098 -2.67021978 -1.65780219
346 -2.16780219 -2.67604395 -1.65956043
347 -2.17159340 -2.68186813 -1.66131868
348 -2.17538461 -2.68769230 -1.66307692
349 -2.17917582 -2.69351648 -1.66483516
350 -2.18296703 -2.69934065 -1.66659340
351 -2.18675824 -2.70516483 -1.66835164
352 -2.19054945 -2.71098901 -1.67010989
353 -2.19434065 -2.71681318 -1.67186813
354 -2.19813186 -2.72263736 -1.67362637
355 -2.20192307 -2.72846153 -1.67538461
356 -2.20571428 -2.73428571 -1.67714285
357 -2.20950549 -2.74010989 -1.67890109
358 -2.21329670 -2.74593406 -1.68065934
359 -2.21708791 -2.75175824 -1.68241758
360 -2.22087912 -2.75758241 -1.68417582
361 -2.22467032 -2.76340659 -1.68593406
362 -2.22846153 -2.76923076 -1.68769230
363 -2.23225274 -2.77505494 -1.68945054
364 -2.23604395 -2.78087912 -1.69120879
365 -2.23983516 -2.78670329 -1.69296703
366 -2.24362637 -2.79252747 -1.69472527
367 -2.24741758 -2.79835164 -1.69648351
368 -2.25120879 -2.80417582 -1.69824175
369 -2.25500000 -2.81000000 -1.70000000
370 -2.24660081 -2.80091280 -1.69228882
371 -2.23820163 -2.79182561 -1.68457765
372 -2.22980245 -2.78273841 -1.67686648
373 -2.22140326 -2.77365122 -1.66915531
374 -2.21300408 -2.76456403 -1.66144414
375 -2.20460490 -2.75547683 -1.65373297
376 -2.19620572 -2.74638964 -1.64602179
377 -2.18780653 -2.73730245 -1.63831062
378 -2.17940735 -2.72821525 -1.63059945
379 -2.17100817 -2.71912806 -1.62288828
380 -2.16260899 -2.71004087 -1.61517711
381 -2.15420980 -2.70095367 -1.60746594
382 -2.14581062 -2.69186648 -1.59975476
383 -2.13741144 -2.68277929 -1.59204359
384 -2.12901226 -2.67369209 -1.58433242
385 -2.12061307 -2.66460490 -1.57662125
386 -2.11221389 -2.65551771 -1.56891008
387 -2.10381471 -2.64643051 -1.56119891
388 -2.09541553 -2.63734332 -1.55348773
389 -2.08701634 -2.62825613 -1.54577656
390 -2.07861716 -2.61916893 -1.53806539
391 -2.07021798 -2.61008174 -1.53035422
392 -2.06181880 -2.60099455 -1.52264305
393 -2.05341961 -2.59190735 -1.51493188
394 -2.04502043 -2.58282016 -1.50722070
395 -2.03662125 -2.57373297 -1.49950953
396 -2.02822207 -2.56464577 -1.49179836
397 -2.01982288 -2.55555858 -1.48408719
398 -2.01142370 -2.54647138 -1.47637602
399 -2.00302452 -2.53738419 -1.46866485
400 -1.99462534 -2.52829700 -1.46095367
401 -1.98622615 -2.51920980 -1.45324250
402 -1.97782697 -2.51012261 -1.44553133
403 -1.96942779 -2.50103542 -1.43782016
404 -1.96102861 -2.49194822 -1.43010899
405 -1.95262942 -2.48286103 -1.42239782
406 -1.94423024 -2.47377384 -1.41468664
407 -1.93583106 -2.46468664 -1.40697547
408 -1.92743188 -2.45559945 -1.39926430
409 -1.91903269 -2.44651226 -1.39155313
410 -1.91063351 -2.43742506 -1.38384196
411 -1.90223433 -2.42833787 -1.37613079
412 -1.89383514 -2.41925068 -1.36841961
413 -1.88543596 -2.41016348 -1.36070844
414 -1.87703678 -2.40107629 -1.35299727
415 -1.86863760 -2.39198910 -1.34528610
416 -1.86023841 -2.38290190 -1.33757493
417 -1.85183923 -2.37381471 -1.32986376
418 -1.84344005 -2.36472752 -1.32215258
419 -1.83504087 -2.35564032 -1.31444141
420 -1.82664168 -2.34655313 -1.30673024
421 -1.81824250 -2.33746594 -1.29901907
422 -1.80984332 -2.32837874 -1.29130790
423 -1.80144414 -2.31929155 -1.28359673
424 -1.79304495 -2.31020435 -1.27588555
425 -1.78464577 -2.30111716 -1.26817438
426 -1.77624659 -2.29202997 -1.26046321
427 -1.76784741 -2.28294277 -1.25275204
428 -1.75944822 -2.27385558 -1.24504087
429 -1.75104904 -2.26476839 -1.23732970
430 -1.74264986 -2.25568119 -1.22961852
431 -1.73425068 -2.24659400 -1.22190735
432 -1.72585149 -2.23750681 -1.21419618
433 -1.71745231 -2.22841961 -1.20648501
434 -1.70905313 -2.21933242 -1.19877384
435 -1.70065395 -2.21024523 -1.19106267
436 -1.69225476 -2.20115803 -1.18335149
437 -1.68385558 -2.19207084 -1.17564032
438 -1.67545640 -2.18298365 -1.16792915
439 -1.66705722 -2.17389645 -1.16021798
440 -1.65865803 -2.16480926 -1.15250681
441 -1.65025885 -2.15572207 -1.14479564
442 -1.64185967 -2.14663487 -1.13708446
443 -1.63346049 -2.13754768 -1.12937329
444 -1.62506130 -2.12846049 -1.12166212
445 -1.61666212 -2.11937329 -1.11395095
446 -1.60826294 -2.11028610 -1.10623978
447 -1.59986376 -2.10119891 -1.09852861
448 -1.59146457 -2.09211171 -1.09081743
449 -1.58306539 -2.08302452 -1.08310626
450 -1.57466621 -2.07393732 -1.07539509
451 -1.56626703 -2.06485013 -1.06768392
452 -1.55786784 -2.05576294 -1.05997275
453 -1.54946866 -2.04667574 -1.05226158
454 -1.54106948 -2.03758855 -1.04455040
455 -1.53267029 -2.02850136 -1.03683923
456 -1.52427111 -2.01941416 -1.02912806
457 -1.51587193 -2.01032697 -1.02141689
458 -1.50747275 -2.00123978 -1.01370572
459 -1.49907356 -1.99215258 -1.00599455
460 -1.49067438 -1.98306539 -0.99828337
461 -1.48227520 -1.97397820 -0.99057220
462 -1.47387602 -1.96489100 -0.98286103
463 -1.46547683 -1.95580381 -0.97514986
464 -1.45707765 -1.94671662 -0.96743869
465 -1.44867847 -1.93762942 -0.95972752
466 -1.44027929 -1.92854223 -0.95201634
467 -1.43188010 -1.91945504 -0.94430517
468 -1.42348092 -1.91036784 -0.93659400
469 -1.41508174 -1.90128065 -0.92888283
470 -1.40668256 -1.89219346 -0.92117166
471 -1.39828337 -1.88310626 -0.91346049
472 -1.38988419 -1.87401907 -0.90574931
473 -1.38148501 -1.86493188 -0.89803814
474 -1.37308583 -1.85584468 -0.89032697
475 -1.36468664 -1.84675749 -0.88261580
476 -1.35628746 -1.83767029 -0.87490463
477 -1.34788828 -1.82858310 -0.86719346
478 -1.33948910 -1.81949591 -0.85948228
479 -1.33108991 -1.81040871 -0.85177111
480 -1.32269073 -1.80132152 -0.84405994
481 -1.31429155 -1.79223433 -0.83634877
482 -1.30589237 -1.78314713 -0.82863760
483 -1.29749318 -1.77405994 -0.82092643
484 -1.28909400 -1.76497275 -0.81321525
485 -1.28069482 -1.75588555 -0.80550408
486 -1.27229564 -1.74679836 -0.79779291
487 -1.26389645 -1.73771117 -0.79008174
488 -1.25549727 -1.72862397 -0.78237057
489 -1.24709809 -1.71953678 -0.77465940
490 -1.23869891 -1.71044959 -0.76694822
491 -1.23029972 -1.70136239 -0.75923705
492 -1.22190054 -1.69227520 -0.75152588
493 -1.21350136 -1.68318801 -0.74381471
494 -1.20510217 -1.67410081 -0.73610354
495 -1.19670299 -1.66501362 -0.72839237
496 -1.18830381 -1.65592643 -0.72068119
497 -1.17990463 -1.64683923 -0.71297002
498 -1.17150544 -1.63775204 -0.70525885
499 -1.16310626 -1.62866485 -0.69754768
500 -1.15470708 -1.61957765 -0.68983651
501 -1.14630790 -1.61049046 -0.68212534
502 -1.13790871 -1.60140326 -0.67441416
503 -1.12950953 -1.59231607 -0.66670299
504 -1.12111035 -1.58322888 -0.65899182
505 -1.11271117 -1.57414168 -0.65128065
506 -1.10431198 -1.56505449 -0.64356948
507 -1.09591280 -1.55596730 -0.63585831
508 -1.08751362 -1.54688010 -0.62814713
509 -1.07911444 -1.53779291 -0.62043596
510 -1.07071525 -1.52870572 -0.61272479
511 -1.06231607 -1.51961852 -0.60501362
512 -1.05391689 -1.51053133 -0.59730245
513 -1.04551771 -1.50144414 -0.58959128
514 -1.03711852 -1.49235694 -0.58188010
515 -1.02871934 -1.48326975 -0.57416893
516 -1.02032016 -1.47418256 -0.56645776
517 -1.01192098 -1.46509536 -0.55874659
518 -1.00352179 -1.45600817 -0.55103542
519 -0.99512261 -1.44692098 -0.54332425
520 -0.98672343 -1.43783378 -0.53561307
521 -0.97832425 -1.42874659 -0.52790190
522 -0.96992506 -1.41965940 -0.52019073
523 -0.96152588 -1.41057220 -0.51247956
524 -0.95312670 -1.40148501 -0.50476839
525 -0.94472752 -1.39239782 -0.49705722
526 -0.93632833 -1.38331062 -0.48934604
527 -0.92792915 -1.37422343 -0.48163487
528 -0.91952997 -1.36513623 -0.47392370
529 -0.91113079 -1.35604904 -0.46621253
530 -0.90273160 -1.34696185 -0.45850136
531 -0.89433242 -1.33787465 -0.45079019
532 -0.88593324 -1.32878746 -0.44307901
533 -0.87753405 -1.31970027 -0.43536784
534 -0.86913487 -1.31061307 -0.42765667
535 -0.86073569 -1.30152588 -0.41994550
536 -0.85233651 -1.29243869 -0.41223433
537 -0.84393732 -1.28335149 -0.40452316
538 -0.83553814 -1.27426430 -0.39681198
539 -0.82713896 -1.26517711 -0.38910081
540 -0.81873978 -1.25608991 -0.38138964
541 -0.81034059 -1.24700272 -0.37367847
542 -0.80194141 -1.23791553 -0.36596730
543 -0.79354223 -1.22882833 -0.35825613
544 -0.78514305 -1.21974114 -0.35054495
545 -0.77674386 -1.21065395 -0.34283378
546 -0.76834468 -1.20156675 -0.33512261
547 -0.75994550 -1.19247956 -0.32741144
548 -0.75154632 -1.18339237 -0.31970027
549 -0.74314713 -1.17430517 -0.31198910
550 -0.73474795 -1.16521798 -0.30427792
551 -0.72634877 -1.15613079 -0.29656675
552 -0.71794959 -1.14704359 -0.28885558
553 -0.70955040 -1.13795640 -0.28114441
554 -0.70115122 -1.12886920 -0.27343324
555 -0.69275204 -1.11978201 -0.26572207
556 -0.68435286 -1.11069482 -0.25801089
557 -0.67595367 -1.10160762 -0.25029972
558 -0.66755449 -1.09252043 -0.24258855
559 -0.65915531 -1.08343324 -0.23487738
560 -0.65075613 -1.07434604 -0.22716621
561 -0.64235694 -1.06525885 -0.21945504
562 -0.63395776 -1.05617166 -0.21174386
563 -0.62555858 -1.04708446 -0.20403269
564 -0.61715940 -1.03799727 -0.19632152
565 -0.60876021 -1.02891008 -0.18861035
566 -0.60036103 -1.01982288 -0.18089918
567 -0.59196185 -1.01073569 -0.17318801
568 -0.58356267 -1.00164850 -0.16547683
569 -0.57516348 -0.99256130 -0.15776566
570 -0.56676430 -0.98347411 -0.15005449
571 -0.55836512 -0.97438692 -0.14234332
572 -0.54996594 -0.96529972 -0.13463215
573 -0.54156675 -0.95621253 -0.12692098
574 -0.53316757 -0.94712534 -0.11920980
575 -0.52476839 -0.93803814 -0.11149863
576 -0.51636920 -0.92895095 -0.10378746
577 -0.50797002 -0.91986376 -0.09607629
578 -0.49957084 -0.91077656 -0.08836512
579 -0.49117166 -0.90168937 -0.08065395
580 -0.48277247 -0.89260217 -0.07294277
581 -0.47437329 -0.88351498 -0.06523160
582 -0.46597411 -0.87442779 -0.05752043
583 -0.45757493 -0.86534059 -0.04980926
584 -0.44917574 -0.85625340 -0.04209809
585 -0.44077656 -0.84716621 -0.03438692
586 -0.43237738 -0.83807901 -0.02667574
587 -0.42397820 -0.82899182 -0.01896457
588 -0.41557901 -0.81990463 -0.01125340
589 -0.40717983 -0.81081743 -0.00354223
590 -0.39878065 -0.80173024 0.00416894
591 -0.39038147 -0.79264305 0.01188011
592 -0.38198228 -0.78355585 0.01959128
593 -0.37358310 -0.77446866 0.02730245
594 -0.36518392 -0.76538147 0.03501362
595 -0.35678474 -0.75629427 0.04272480
596 -0.34838555 -0.74720708 0.05043597
597 -0.33998637 -0.73811989 0.05814714
598 -0.33158719 -0.72903269 0.06585831
599 -0.32318801 -0.71994550 0.07356948
600 -0.31478882 -0.71085831 0.08128065
601 -0.30638964 -0.70177111 0.08899183
602 -0.29799046 -0.69268392 0.09670300
603 -0.28959128 -0.68359673 0.10441417
604 -0.28119209 -0.67450953 0.11212534
605 -0.27279291 -0.66542234 0.11983651
606 -0.26439373 -0.65633514 0.12754768
607 -0.25599455 -0.64724795 0.13525886
608 -0.24759536 -0.63816076 0.14297003
609 -0.23919618 -0.62907356 0.15068120
610 -0.23079700 -0.61998637 0.15839237
611 -0.22239782 -0.61089918 0.16610354
612 -0.21399863 -0.60181198 0.17381471
613 -0.20559945 -0.59272479 0.18152589
614 -0.19720027 -0.58363760 0.18923706
615 -0.18880108 -0.57455040 0.19694823
616 -0.18040190 -0.56546321 0.20465940
617 -0.17200272 -0.55637602 0.21237057
618 -0.16360354 -0.54728882 0.22008174
619 -0.15520435 -0.53820163 0.22779292
620 -0.14680517 -0.52911444 0.23550409
621 -0.13840599 -0.52002724 0.24321526
622 -0.13000681 -0.51094005 0.25092643
623 -0.12160762 -0.50185286 0.25863760
624 -0.11320844 -0.49276566 0.26634877
625 -0.10480926 -0.48367847 0.27405995
626 -0.09641008 -0.47459128 0.28177112
627 -0.08801089 -0.46550408 0.28948229
628 -0.07961171 -0.45641689 0.29719346
629 -0.07121253 -0.44732970 0.30490463
630 -0.06281335 -0.43824250 0.31261580
631 -0.05441416 -0.42915531 0.32032698
632 -0.04601498 -0.42006811 0.32803815
633 -0.03761580 -0.41098092 0.33574932
634 -0.02921662 -0.40189373 0.34346049
635 -0.02081743 -0.39280653 0.35117166
636 -0.01241825 -0.38371934 0.35888283
637 -0.00401907 -0.37463215 0.36659401
638 0.00438011 -0.36554495 0.37430518
639 0.01277929 -0.35645776 0.38201635
640 0.02117847 -0.34737057 0.38972752
641 0.02957766 -0.33828337 0.39743869
642 0.03797684 -0.32919618 0.40514986
643 0.04637602 -0.32010899 0.41286104
644 0.05477520 -0.31102179 0.42057221
645 0.06317439 -0.30193460 0.42828338
646 0.07157357 -0.29284741 0.43599455
647 0.07997275 -0.28376021 0.44370572
648 0.08837193 -0.27467302 0.45141689
649 0.09677112 -0.26558583 0.45912807
650 0.10517030 -0.25649863 0.46683924
651 0.11356948 -0.24741144 0.47455041
652 0.12196866 -0.23832425 0.48226158
653 0.13036785 -0.22923705 0.48997275
654 0.13876703 -0.22014986 0.49768392
655 0.14716621 -0.21106267 0.50539510
656 0.15556540 -0.20197547 0.51310627
657 0.16396458 -0.19288828 0.52081744
658 0.17236376 -0.18380108 0.52852861
659 0.18076294 -0.17471389 0.53623978
660 0.18916213 -0.16562670 0.54395095
661 0.19756131 -0.15653950 0.55166213
662 0.20596049 -0.14745231 0.55937330
663 0.21435967 -0.13836512 0.56708447
664 0.22275886 -0.12927792 0.57479564
665 0.23115804 -0.12019073 0.58250681
666 0.23955722 -0.11110354 0.59021798
667 0.24795640 -0.10201634 0.59792916
668 0.25635559 -0.09292915 0.60564033
669 0.26475477 -0.08384196 0.61335150
670 0.27315395 -0.07475476 0.62106267
671 0.28155313 -0.06566757 0.62877384
672 0.28995232 -0.05658038 0.63648501
673 0.29835150 -0.04749318 0.64419619
674 0.30675068 -0.03840599 0.65190736
675 0.31514986 -0.02931880 0.65961853
676 0.32354905 -0.02023160 0.66732970
677 0.33194823 -0.01114441 0.67504087
678 0.34034741 -0.00205722 0.68275204
679 0.34874659 0.00702997 0.69046322
680 0.35714578 0.01611717 0.69817439
681 0.36554496 0.02520436 0.70588556
682 0.37394414 0.03429155 0.71359673
683 0.38234332 0.04337875 0.72130790
684 0.39074251 0.05246594 0.72901907
685 0.39914169 0.06155313 0.73673025
686 0.40754087 0.07064033 0.74444142
687 0.41594005 0.07972752 0.75215259
688 0.42433924 0.08881471 0.75986376
689 0.43273842 0.09790191 0.76757493
690 0.44113760 0.10698910 0.77528610
691 0.44953678 0.11607629 0.78299728
692 0.45793597 0.12516349 0.79070845
693 0.46633515 0.13425068 0.79841962
694 0.47473433 0.14333787 0.80613079
695 0.48313352 0.15242507 0.81384196
696 0.49153270 0.16151226 0.82155313
697 0.49993188 0.17059946 0.82926431
698 0.50833106 0.17968665 0.83697548
699 0.51673025 0.18877384 0.84468665
700 0.52512943 0.19786104 0.85239782
701 0.53352861 0.20694823 0.86010899
702 0.54192779 0.21603542 0.86782016
703 0.55032698 0.22512262 0.87553134
704 0.55872616 0.23420981 0.88324251
705 0.56712534 0.24329700 0.89095368
706 0.57552452 0.25238420 0.89866485
707 0.58392371 0.26147139 0.90637602
708 0.59232289 0.27055858 0.91408719
709 0.60072207 0.27964578 0.92179837
710 0.60912125 0.28873297 0.92950954
711 0.61752044 0.29782016 0.93722071
712 0.62591962 0.30690736 0.94493188
713 0.63431880 0.31599455 0.95264305
714 0.64271798 0.32508174 0.96035422
715 0.65111717 0.33416894 0.96806540
716 0.65951635 0.34325613 0.97577657
717 0.66791553 0.35234332 0.98348774
718 0.67631471 0.36143052 0.99119891
719 0.68471390 0.37051771 0.99891008
720 0.69311308 0.37960490 1.00662125
721 0.70151226 0.38869210 1.01433243
722 0.70991144 0.39777929 1.02204360
723 0.71831063 0.40686649 1.02975477
724 0.72670981 0.41595368 1.03746594
725 0.73510899 0.42504087 1.04517711
726 0.74350817 0.43412807 1.05288828
727 0.75190736 0.44321526 1.06059946
728 0.76030654 0.45230245 1.06831063
729 0.76870572 0.46138965 1.07602180
730 0.77710490 0.47047684 1.08373297
731 0.78550409 0.47956403 1.09144414
732 0.79390327 0.48865123 1.09915531
733 0.80230245 0.49773842 1.10686649
734 0.81070163 0.50682561 1.11457766
735 0.81910082 0.51591281 1.12228883
736 0.82750000 0.52500000 1.13000000
737 0.83589918 0.53408719 1.13771117
738 0.84429837 0.54317439 1.14542234
739 0.85269755 0.55226158 1.15313352
740 0.86109673 0.56134877 1.16084469
741 0.86949591 0.57043597 1.16855586
742 0.87789510 0.57952316 1.17626703
743 0.88629428 0.58861035 1.18397820
744 0.89469346 0.59769755 1.19168937
745 0.90309264 0.60678474 1.19940055
746 0.91149183 0.61587193 1.20711172
747 0.91989101 0.62495913 1.21482289
748 0.92829019 0.63404632 1.22253406
749 0.93668937 0.64313352 1.23024523
750 0.94508856 0.65222071 1.23795640
751 0.95348774 0.66130790 1.24566757
752 0.96188692 0.67039510 1.25337875
753 0.97028610 0.67948229 1.26108992
754 0.97868529 0.68856948 1.26880109
755 0.98708447 0.69765668 1.27651226
756 0.99548365 0.70674387 1.28422343
757 1.00388283 0.71583106 1.29193460
758 1.01228202 0.72491826 1.29964578
759 1.02068120 0.73400545 1.30735695
760 1.02908038 0.74309264 1.31506812
761 1.03747956 0.75217984 1.32277929
762 1.04587875 0.76126703 1.33049046
763 1.05427793 0.77035422 1.33820163
764 1.06267711 0.77944142 1.34591281
765 1.07107629 0.78852861 1.35362398
766 1.07947548 0.79761580 1.36133515
767 1.08787466 0.80670300 1.36904632
768 1.09627384 0.81579019 1.37675749
769 1.10467302 0.82487738 1.38446866
770 1.11307221 0.83396458 1.39217984
771 1.12147139 0.84305177 1.39989101
772 1.12987057 0.85213896 1.40760218
773 1.13826975 0.86122616 1.41531335
774 1.14666894 0.87031335 1.42302452
775 1.15506812 0.87940055 1.43073569
776 1.16346730 0.88848774 1.43844687
777 1.17186649 0.89757493 1.44615804
778 1.18026567 0.90666213 1.45386921
779 1.18866485 0.91574932 1.46158038
780 1.19706403 0.92483651 1.46929155
781 1.20546322 0.93392371 1.47700272
782 1.21386240 0.94301090 1.48471390
783 1.22226158 0.95209809 1.49242507
784 1.23066076 0.96118529 1.50013624
785 1.23905995 0.97027248 1.50784741
786 1.24745913 0.97935967 1.51555858
787 1.25585831 0.98844687 1.52326975
788 1.26425749 0.99753406 1.53098093
789 1.27265668 1.00662125 1.53869210
790 1.28105586 1.01570845 1.54640327
791 1.28945504 1.02479564 1.55411444
792 1.29785422 1.03388283 1.56182561
793 1.30625341 1.04297003 1.56953678
794 1.31465259 1.05205722 1.57724796
795 1.32305177 1.06114441 1.58495913
796 1.33145095 1.07023161 1.59267030
797 1.33985014 1.07931880 1.60038147
798 1.34824932 1.08840599 1.60809264
799 1.35664850 1.09749319 1.61580381
800 1.36504768 1.10658038 1.62351499
801 1.37344687 1.11566757 1.63122616
802 1.38184605 1.12475477 1.63893733
803 1.39024523 1.13384196 1.64664850
804 1.39864441 1.14292916 1.65435967
805 1.40704360 1.15201635 1.66207084
806 1.41544278 1.16110354 1.66978202
807 1.42384196 1.17019074 1.67749319
808 1.43224114 1.17927793 1.68520436
809 1.44064033 1.18836512 1.69291553
810 1.44903951 1.19745232 1.70062670
811 1.45743869 1.20653951 1.70833787
812 1.46583787 1.21562670 1.71604905
813 1.47423706 1.22471390 1.72376022
814 1.48263624 1.23380109 1.73147139
815 1.49103542 1.24288828 1.73918256
816 1.49943460 1.25197548 1.74689373
817 1.50783379 1.26106267 1.75460490
818 1.51623297 1.27014986 1.76231608
819 1.52463215 1.27923706 1.77002725
820 1.53303134 1.28832425 1.77773842
821 1.54143052 1.29741144 1.78544959
822 1.54982970 1.30649864 1.79316076
823 1.55822888 1.31558583 1.80087193
824 1.56662807 1.32467302 1.80858311
825 1.57502725 1.33376022 1.81629428
826 1.58342643 1.34284741 1.82400545
827 1.59182561 1.35193460 1.83171662
828 1.60022480 1.36102180 1.83942779
829 1.60862398 1.37010899 1.84713896
830 1.61702316 1.37919619 1.85485014
831 1.62542234 1.38828338 1.86256131
832 1.63382153 1.39737057 1.87027248
833 1.64222071 1.40645777 1.87798365
834 1.65061989 1.41554496 1.88569482
835 1.65901907 1.42463215 1.89340599
836 1.66741826 1.43371935 1.90111717
837 1.67581744 1.44280654 1.90882834
838 1.68421662 1.45189373 1.91653951
839 1.69261580 1.46098093 1.92425068
840 1.70101499 1.47006812 1.93196185
841 1.70941417 1.47915531 1.93967302
842 1.71781335 1.48824251 1.94738420
843 1.72621253 1.49732970 1.95509537
844 1.73461172 1.50641689 1.96280654
845 1.74301090 1.51550409 1.97051771
846 1.75141008 1.52459128 1.97822888
847 1.75980926 1.53367847 1.98594005
848 1.76820845 1.54276567 1.99365123
849 1.77660763 1.55185286 2.00136240
850 1.78500681 1.56094005 2.00907357
851 1.79340599 1.57002725 2.01678474
852 1.80180518 1.57911444 2.02449591
853 1.81020436 1.58820163 2.03220708
854 1.81860354 1.59728883 2.03991826
855 1.82700272 1.60637602 2.04762943
856 1.83540191 1.61546322 2.05534060
857 1.84380109 1.62455041 2.06305177
858 1.85220027 1.63363760 2.07076294
859 1.86059946 1.64272480 2.07847411
860 1.86899864 1.65181199 2.08618529
861 1.87739782 1.66089918 2.09389646
862 1.88579700 1.66998638 2.10160763
863 1.89419619 1.67907357 2.10931880
864 1.90259537 1.68816076 2.11702997
865 1.91099455 1.69724796 2.12474114
866 1.91939373 1.70633515 2.13245232
867 1.92779292 1.71542234 2.14016349
868 1.93619210 1.72450954 2.14787466
869 1.94459128 1.73359673 2.15558583
870 1.95299046 1.74268392 2.16329700
871 1.96138965 1.75177112 2.17100817
872 1.96978883 1.76085831 2.17871935
873 1.97818801 1.76994550 2.18643052
874 1.98658719 1.77903270 2.19414169
875 1.99498638 1.78811989 2.20185286
876 2.00338556 1.79720708 2.20956403
877 2.01178474 1.80629428 2.21727520
878 2.02018392 1.81538147 2.22498638
879 2.02858311 1.82446866 2.23269755
880 2.03698229 1.83355586 2.24040872
881 2.04538147 1.84264305 2.24811989
882 2.05378065 1.85173025 2.25583106
883 2.06217984 1.86081744 2.26354223
884 2.07057902 1.86990463 2.27125341
885 2.07897820 1.87899183 2.27896458
886 2.08737738 1.88807902 2.28667575
887 2.09577657 1.89716621 2.29438692
888 2.10417575 1.90625341 2.30209809
889 2.11257493 1.91534060 2.30980926
890 2.12097411 1.92442779 2.31752044
891 2.12937330 1.93351499 2.32523161
892 2.13777248 1.94260218 2.33294278
893 2.14617166 1.95168937 2.34065395
894 2.15457084 1.96077657 2.34836512
895 2.16297003 1.96986376 2.35607629
896 2.17136921 1.97895095 2.36378747
897 2.17976839 1.98803815 2.37149864
898 2.18816757 1.99712534 2.37920981
899 2.19656676 2.00621253 2.38692098
900 2.20496594 2.01529973 2.39463215
901 2.21336512 2.02438692 2.40234332
902 2.22176431 2.03347411 2.41005450
903 2.23016349 2.04256131 2.41776567
904 2.23856267 2.05164850 2.42547684
905 2.24696185 2.06073569 2.43318801
906 2.25536104 2.06982289 2.44089918
907 2.26376022 2.07891008 2.44861035
908 2.27215940 2.08799728 2.45632153
909 2.28055858 2.09708447 2.46403270
910 2.28895777 2.10617166 2.47174387
911 2.29735695 2.11525886 2.47945504
912 2.30575613 2.12434605 2.48716621
913 2.31415531 2.13343324 2.49487738
914 2.32255450 2.14252044 2.50258856
915 2.33095368 2.15160763 2.51029973
916 2.33935286 2.16069482 2.51801090
917 2.34775204 2.16978202 2.52572207
918 2.35615123 2.17886921 2.53343324
919 2.36455041 2.18795640 2.54114441
920 2.37294959 2.19704360 2.54885559
921 2.38134877 2.20613079 2.55656676
922 2.38974796 2.21521798 2.56427793
923 2.39814714 2.22430518 2.57198910
924 2.40654632 2.23339237 2.57970027
925 2.41494550 2.24247956 2.58741144
926 2.42334469 2.25156676 2.59512262
927 2.43174387 2.26065395 2.60283379
928 2.44014305 2.26974114 2.61054496
929 2.44854223 2.27882834 2.61825613
930 2.45694142 2.28791553 2.62596730
931 2.46534060 2.29700272 2.63367847
932 2.47373978 2.30608992 2.64138965
933 2.48213896 2.31517711 2.64910082
934 2.49053815 2.32426431 2.65681199
935 2.49893733 2.33335150 2.66452316
936 2.50733651 2.34243869 2.67223433
937 2.51573569 2.35152589 2.67994550
938 2.52413488 2.36061308 2.68765668
939 2.53253406 2.36970027 2.69536785
940 2.54093324 2.37878747 2.70307902
941 2.54933243 2.38787466 2.71079019
942 2.55773161 2.39696185 2.71850136
943 2.56613079 2.40604905 2.72621253
944 2.57452997 2.41513624 2.73392371
945 2.58292916 2.42422343 2.74163488
946 2.59132834 2.43331063 2.74934605
947 2.59972752 2.44239782 2.75705722
948 2.60812670 2.45148501 2.76476839
949 2.61652589 2.46057221 2.77247956
950 2.62492507 2.46965940 2.78019074
951 2.63332425 2.47874659 2.78790191
952 2.64172343 2.48783379 2.79561308
953 2.65012262 2.49692098 2.80332425
954 2.65852180 2.50600817 2.81103542
955 2.66692098 2.51509537 2.81874659
956 2.67532016 2.52418256 2.82645777
957 2.68371935 2.53326975 2.83416894
958 2.69211853 2.54235695 2.84188011
959 2.70051771 2.55144414 2.84959128
960 2.70891689 2.56053134 2.85730245
961 2.71731608 2.56961853 2.86501362
962 2.72571526 2.57870572 2.87272480
963 2.73411444 2.58779292 2.88043597
964 2.74251362 2.59688011 2.88814714
965 2.75091281 2.60596730 2.89585831
966 2.75931199 2.61505450 2.90356948
967 2.76771117 2.62414169 2.91128065
968 2.77611035 2.63322888 2.91899183
969 2.78450954 2.64231608 2.92670300
970 2.79290872 2.65140327 2.93441417
971 2.80130790 2.66049046 2.94212534
972 2.80970708 2.66957766 2.94983651
973 2.81810627 2.67866485 2.95754768
974 2.82650545 2.68775204 2.96525886
975 2.83490463 2.69683924 2.97297003
976 2.84330381 2.70592643 2.98068120
977 2.85170300 2.71501362 2.98839237
978 2.86010218 2.72410082 2.99610354
979 2.86850136 2.73318801 3.00381471
980 2.87690055 2.74227520 3.01152589
981 2.88529973 2.75136240 3.01923706
982 2.89369891 2.76044959 3.02694823
983 2.90209809 2.76953678 3.03465940
984 2.91049728 2.77862398 3.04237057
985 2.91889646 2.78771117 3.05008174
986 2.92729564 2.79679837 3.05779292
987 2.93569482 2.80588556 3.06550409
988 2.94409401 2.81497275 3.07321526
989 2.95249319 2.82405995 3.08092643
990 2.96089237 2.83314714 3.08863760
991 2.96929155 2.84223433 3.09634877
992 2.97769074 2.85132153 3.10405995
993 2.98608992 2.86040872 3.11177112
994 2.99448910 2.86949591 3.11948229
995 3.00288828 2.87858311 3.12719346
996 3.01128747 2.88767030 3.13490463
997 3.01968665 2.89675749 3.14261580
998 3.02808583 2.90584469 3.15032698
999 3.03648501 2.91493188 3.15803815
1000 3.04488420 2.92401907 3.16574932
1001 3.05328338 2.93310627 3.17346049
1002 3.06168256 2.94219346 3.18117166
1003 3.07008174 2.95128065 3.18888283
1004 3.07848093 2.96036785 3.19659401
1005 3.08688011 2.96945504 3.20430518
1006 3.09527929 2.97854223 3.21201635
1007 3.10367847 2.98762943 3.21972752
1008 3.11207766 2.99671662 3.22743869
1009 3.12047684 3.00580381 3.23514986
1010 3.12887602 3.01489101 3.24286104
1011 3.13727520 3.02397820 3.25057221
1012 3.14567439 3.03306540 3.25828338
1013 3.15407357 3.04215259 3.26599455
1014 3.16247275 3.05123978 3.27370572
1015 3.17087193 3.06032698 3.28141689
1016 3.17927112 3.06941417 3.28912807
1017 3.18767030 3.07850136 3.29683924
1018 3.19606948 3.08758856 3.30455041
1019 3.20446866 3.09667575 3.31226158
1020 3.21286785 3.10576294 3.31997275
1021 3.22126703 3.11485014 3.32768392
1022 3.22966621 3.12393733 3.33539510
1023 3.23806540 3.13302452 3.34310627
1024 3.24646458 3.14211172 3.35081744
1025 3.25486376 3.15119891 3.35852861
1026 3.26326294 3.16028610 3.36623978
1027 3.27166213 3.16937330 3.37395095
1028 3.28006131 3.17846049 3.38166213
1029 3.28846049 3.18754768 3.38937330
1030 3.29685967 3.19663488 3.39708447
1031 3.30525886 3.20572207 3.40479564
1032 3.31365804 3.21480926 3.41250681
1033 3.32205722 3.22389646 3.42021798
1034 3.33045640 3.23298365 3.42792916
1035 3.33885559 3.24207084 3.43564033
1036 3.34725477 3.25115804 3.44335150
1037 3.35565395 3.26024523 3.45106267
1038 3.36405313 3.26933243 3.45877384
1039 3.37245232 3.27841962 3.46648501
1040 3.38085150 3.28750681 3.47419619
1041 3.38925068 3.29659401 3.48190736
1042 3.39764986 3.30568120 3.48961853
1043 3.40604905 3.31476839 3.49732970
1044 3.41444823 3.32385559 3.50504087
1045 3.42284741 3.33294278 3.51275204
1046 3.43124659 3.34202997 3.52046322
1047 3.43964578 3.35111717 3.52817439
1048 3.44804496 3.36020436 3.53588556
1049 3.45644414 3.36929155 3.54359673
1050 3.46484332 3.37837875 3.55130790
1051 3.47324251 3.38746594 3.55901907
1052 3.48164169 3.39655313 3.56673025
1053 3.49004087 3.40564033 3.57444142
1054 3.49844005 3.41472752 3.58215259
1055 3.50683924 3.42381471 3.58986376
1056 3.51523842 3.43290191 3.59757493
1057 3.52363760 3.44198910 3.60528610
1058 3.53203678 3.45107629 3.61299728
1059 3.54043597 3.46016349 3.62070845
1060 3.54883515 3.46925068 3.62841962
1061 3.55723433 3.47833787 3.63613079
1062 3.56563352 3.48742507 3.64384196
1063 3.57403270 3.49651226 3.65155313
1064 3.58243188 3.50559946 3.65926431
1065 3.59083106 3.51468665 3.66697548
1066 3.59923025 3.52377384 3.67468665
1067 3.60762943 3.53286104 3.68239782
1068 3.61602861 3.54194823 3.69010899
1069 3.62442779 3.55103542 3.69782016
1070 3.63282698 3.56012262 3.70553134
1071 3.64122616 3.56920981 3.71324251
1072 3.64962534 3.57829700 3.72095368
1073 3.65802452 3.58738420 3.72866485
1074 3.66642371 3.59647139 3.73637602
1075 3.67482289 3.60555858 3.74408719
1076 3.68322207 3.61464578 3.75179837
1077 3.69162125 3.62373297 3.75950954
1078 3.70002044 3.63282016 3.76722071
1079 3.70841962 3.64190736 3.77493188
1080 3.71681880 3.65099455 3.78264305
1081 3.72521798 3.66008174 3.79035422
1082 3.73361717 3.66916894 3.79806540
1083 3.74201635 3.67825613 3.80577657
1084 3.75041553 3.68734332 3.81348774
1085 3.75881471 3.69643052 3.82119891
1086 3.76721390 3.70551771 3.82891008
1087 3.77561308 3.71460490 3.83662125
1088 3.78401226 3.72369210 3.84433243
1089 3.79241144 3.73277929 3.85204360
1090 3.80081063 3.74186649 3.85975477
1091 3.80920981 3.75095368 3.86746594
1092 3.81760899 3.76004087 3.87517711
1093 3.82600817 3.76912807 3.88288828
1094 3.83440736 3.77821526 3.89059946
1095 3.84280654 3.78730245 3.89831063
1096 3.85120572 3.79638965 3.90602180
1097 3.85960490 3.80547684 3.91373297
1098 3.86800409 3.81456403 3.92144414
1099 3.87640327 3.82365123 3.92915531
1100 3.88480245 3.83273842 3.93686649
1101 3.89320163 3.84182561 3.94457766
1102 3.90160082 3.85091281 3.95228883
1103 3.91000000 3.86000000 3.96000000
1104 3.92112792 3.87112792 3.97112792
1105 3.93225585 3.88225585 3.98225585
1106 3.94338377 3.89338377 3.99338377
1107 3.95451169 3.90451169 4.00451169
1108 3.96563961 3.91563961 4.01563961
1109 3.97676754 3.92676754 4.02676754
1110 3.98789546 3.93789546 4.03789546
1111 3.99902338 3.94902338 4.04902338
1112 4.01015131 3.96015131 4.06015131
1113 4.02127923 3.97127923 4.07127923
1114 4.03240715 3.98240715 4.08240715
1115 4.04353508 3.99353508 4.09353508
1116 4.05466300 4.00466300 4.10466300
1117 4.06579092 4.01579092 4.11579092
1118 4.07691884 4.02691884 4.12691884
1119 4.08804677 4.03804677 4.13804677
1120 4.09917469 4.04917469 4.14917469
1121 4.11030261 4.06030261 4.16030261
1122 4.12143054 4.07143054 4.17143054
1123 4.13255846 4.08255846 4.18255846
1124 4.14368638 4.09368638 4.19368638
1125 4.15481431 4.10481431 4.20481431
1126 4.16594223 4.11594223 4.21594223
1127 4.17707015 4.12707015 4.22707015
1128 4.18819807 4.13819807 4.23819807
1129 4.19932600 4.14932600 4.24932600
1130 4.21045392 4.16045392 4.26045392
1131 4.22158184 4.17158184 4.27158184
1132 4.23270977 4.18270977 4.28270977
1133 4.24383769 4.19383769 4.29383769
1134 4.25496561 4.20496561 4.30496561
1135 4.26609354 4.21609354 4.31609354
1136 4.27722146 4.22722146 4.32722146
1137 4.28834938 4.23834938 4.33834938
1138 4.29947730 4.24947730 4.34947730
1139 4.31060523 4.26060523 4.36060523
1140 4.32173315 4.27173315 4.37173315
1141 4.33286107 4.28286107 4.38286107
1142 4.34398900 4.29398900 4.39398900
1143 4.35511692 4.30511692 4.40511692
1144 4.36624484 4.31624484 4.41624484
1145 4.37737276 4.32737276 4.42737276
1146 4.38850069 4.33850069 4.43850069
1147 4.39962861 4.34962861 4.44962861
1148 4.41075653 4.36075653 4.46075653
1149 4.42188446 4.37188446 4.47188446
1150 4.43301238 4.38301238 4.48301238
1151 4.44414030 4.39414030 4.49414030
1152 4.45526823 4.40526823 4.50526823
1153 4.46639615 4.41639615 4.51639615
1154 4.47752407 4.42752407 4.52752407
1155 4.48865199 4.43865199 4.53865199
1156 4.49977992 4.44977992 4.54977992
1157 4.51090784 4.46090784 4.56090784
1158 4.52203576 4.47203576 4.57203576
1159 4.53316369 4.48316369 4.58316369
1160 4.54429161 4.49429161 4.59429161
1161 4.55541953 4.50541953 4.60541953
1162 4.56654746 4.51654746 4.61654746
1163 4.57767538 4.52767538 4.62767538
1164 4.58880330 4.53880330 4.63880330
1165 4.59993122 4.54993122 4.64993122
1166 4.61105915 4.56105915 4.66105915
1167 4.62218707 4.57218707 4.67218707
1168 4.63331499 4.58331499 4.68331499
1169 4.64444292 4.59444292 4.69444292
1170 4.65557084 4.60557084 4.70557084
1171 4.66669876 4.61669876 4.71669876
1172 4.67782669 4.62782669 4.72782669
1173 4.68895461 4.63895461 4.73895461
1174 4.70008253 4.65008253 4.75008253
1175 4.71121045 4.66121045 4.76121045
1176 4.72233838 4.67233838 4.77233838
1177 4.73346630 4.68346630 4.78346630
1178 4.74459422 4.69459422 4.79459422
1179 4.75572215 4.70572215 4.80572215
1180 4.76685007 4.71685007 4.81685007
1181 4.77797799 4.72797799 4.82797799
1182 4.78910591 4.73910591 4.83910591
1183 4.80023384 4.75023384 4.85023384
1184 4.81136176 4.76136176 4.86136176
1185 4.82248968 4.77248968 4.87248968
1186 4.83361761 4.78361761 4.88361761
1187 4.84474553 4.79474553 4.89474553
1188 4.85587345 4.80587345 4.90587345
1189 4.86700138 4.81700138 4.91700138
1190 4.87812930 4.82812930 4.92812930
1191 4.88925722 4.83925722 4.93925722
1192 4.90038514 4.85038514 4.95038514
1193 4.91151307 4.86151307 4.96151307
1194 4.92264099 4.87264099 4.97264099
1195 4.93376891 4.88376891 4.98376891
1196 4.94489684 4.89489684 4.99489684
1197 4.95602476 4.90602476 5.00602476
1198 4.96715268 4.91715268 5.01715268
1199 4.97828061 4.92828061 5.02828061
1200 4.98940853 4.93940853 5.03940853
1201 5.00053645 4.95053645 5.05053645
1202 5.01166437 4.96166437 5.06166437
1203 5.02279230 4.97279230 5.07279230
1204 5.03392022 4.98392022 5.08392022
1205 5.04504814 4.99504814 5.09504814
1206 5.05617607 5.00617607 5.10617607
1207 5.06730399 5.01730399 5.11730399
1208 5.07843191 5.02843191 5.12843191
1209 5.08955983 5.03955983 5.13955983
1210 5.10068776 5.05068776 5.15068776
1211 5.11181568 5.06181568 5.16181568
1212 5.12294360 5.07294360 5.17294360
1213 5.13407153 5.08407153 5.18407153
1214 5.14519945 5.09519945 5.19519945
1215 5.15632737 5.10632737 5.20632737
1216 5.16745530 5.11745530 5.21745530
1217 5.17858322 5.12858322 5.22858322
1218 5.18971114 5.13971114 5.23971114
1219 5.20083906 5.15083906 5.25083906
1220 5.21196699 5.16196699 5.26196699
1221 5.22309491 5.17309491 5.27309491
1222 5.23422283 5.18422283 5.28422283
1223 5.24535076 5.19535076 5.29535076
1224 5.25647868 5.20647868 5.30647868
1225 5.26760660 5.21760660 5.31760660
1226 5.27873453 5.22873453 5.32873453
1227 5.28986245 5.23986245 5.33986245
1228 5.30099037 5.25099037 5.35099037
1229 5.31211829 5.26211829 5.36211829
1230 5.32324622 5.27324622 5.37324622
1231 5.33437414 5.28437414 5.38437414
1232 5.34550206 5.29550206 5.39550206
1233 5.35662999 5.30662999 5.40662999
1234 5.36775791 5.31775791 5.41775791
1235 5.37888583 5.32888583 5.42888583
1236 5.39001376 5.34001376 5.44001376
1237 5.40114168 5.35114168 5.45114168
1238 5.41226960 5.36226960 5.46226960
1239 5.42339752 5.37339752 5.47339752
1240 5.43452545 5.38452545 5.48452545
1241 5.44565337 5.39565337 5.49565337
1242 5.45678129 5.40678129 5.50678129
1243 5.46790922 5.41790922 5.51790922
1244 5.47903714 5.42903714 5.52903714
1245 5.49016506 5.44016506 5.54016506
1246 5.50129298 5.45129298 5.55129298
1247 5.51242091 5.46242091 5.56242091
1248 5.52354883 5.47354883 5.57354883
1249 5.53467675 5.48467675 5.58467675
1250 5.54580468 5.49580468 5.59580468
1251 5.55693260 5.50693260 5.60693260
1252 5.56806052 5.51806052 5.61806052
1253 5.57918845 5.52918845 5.62918845
1254 5.59031637 5.54031637 5.64031637
1255 5.60144429 5.55144429 5.65144429
1256 5.61257221 5.56257221 5.66257221
1257 5.62370014 5.57370014 5.67370014
1258 5.63482806 5.58482806 5.68482806
1259 5.64595598 5.59595598 5.69595598
1260 5.65708391 5.60708391 5.70708391
1261 5.66821183 5.61821183 5.71821183
1262 5.67933975 5.62933975 5.72933975
1263 5.69046768 5.64046768 5.74046768
1264 5.70159560 5.65159560 5.75159560
1265 5.71272352 5.66272352 5.76272352
1266 5.72385144 5.67385144 5.77385144
1267 5.73497937 5.68497937 5.78497937
1268 5.74610729 5.69610729 5.79610729
1269 5.75723521 5.70723521 5.80723521
1270 5.76836314 5.71836314 5.81836314
1271 5.77949106 5.72949106 5.82949106
1272 5.79061898 5.74061898 5.84061898
1273 5.80174691 5.75174691 5.85174691
1274 5.81287483 5.76287483 5.86287483
1275 5.82400275 5.77400275 5.87400275
1276 5.83513067 5.78513067 5.88513067
1277 5.84625860 5.79625860 5.89625860
1278 5.85738652 5.80738652 5.90738652
1279 5.86851444 5.81851444 5.91851444
1280 5.87964237 5.82964237 5.92964237
1281 5.89077029 5.84077029 5.94077029
1282 5.90189821 5.85189821 5.95189821
1283 5.91302613 5.86302613 5.96302613
1284 5.92415406 5.87415406 5.97415406
1285 5.93528198 5.88528198 5.98528198
1286 5.94640990 5.89640990 5.99640990
1287 5.95753783 5.90753783 6.00753783
1288 5.96866575 5.91866575 6.01866575
1289 5.97979367 5.92979367 6.02979367
1290 5.99092160 5.94092160 6.04092160
1291 6.00204952 5.95204952 6.05204952
1292 6.01317744 5.96317744 6.06317744
1293 6.02430536 5.97430536 6.07430536
1294 6.03543329 5.98543329 6.08543329
1295 6.04656121 5.99656121 6.09656121
1296 6.05768913 6.00768913 6.10768913
1297 6.06881706 6.01881706 6.11881706
1298 6.07994498 6.02994498 6.12994498
1299 6.09107290 6.04107290 6.14107290
1300 6.10220083 6.05220083 6.15220083
1301 6.11332875 6.06332875 6.16332875
1302 6.12445667 6.07445667 6.17445667
1303 6.13558459 6.08558459 6.18558459
1304 6.14671252 6.09671252 6.19671252
1305 6.15784044 6.10784044 6.20784044
1306 6.16896836 6.11896836 6.21896836
1307 6.18009629 6.13009629 6.23009629
1308 6.19122421 6.14122421 6.24122421
1309 6.20235213 6.15235213 6.25235213
1310 6.21348006 6.16348006 6.26348006
1311 6.22460798 6.17460798 6.27460798
1312 6.23573590 6.18573590 6.28573590
1313 6.24686382 6.19686382 6.29686382
1314 6.25799175 6.20799175 6.30799175
1315 6.26911967 6.21911967 6.31911967
1316 6.28024759 6.23024759 6.33024759
1317 6.29137552 6.24137552 6.34137552
1318 6.30250344 6.25250344 6.35250344
1319 6.31363136 6.26363136 6.36363136
1320 6.32475928 6.27475928 6.37475928
1321 6.33588721 6.28588721 6.38588721
1322 6.34701513 6.29701513 6.39701513
1323 6.35814305 6.30814305 6.40814305
1324 6.36927098 6.31927098 6.41927098
1325 6.38039890 6.33039890 6.43039890
1326 6.39152682 6.34152682 6.44152682
1327 6.40265475 6.35265475 6.45265475
1328 6.41378267 6.36378267 6.46378267
1329 6.42491059 6.37491059 6.47491059
1330 6.43603851 6.38603851 6.48603851
1331 6.44716644 6.39716644 6.49716644
1332 6.45829436 6.40829436 6.50829436
1333 6.46942228 6.41942228 6.51942228
1334 6.48055021 6.43055021 6.53055021
1335 6.49167813 6.44167813 6.54167813
1336 6.50280605 6.45280605 6.55280605
1337 6.51393398 6.46393398 6.56393398
1338 6.52506190 6.47506190 6.57506190
1339 6.53618982 6.48618982 6.58618982
1340 6.54731774 6.49731774 6.59731774
1341 6.55844567 6.50844567 6.60844567
1342 6.56957359 6.51957359 6.61957359
1343 6.58070151 6.53070151 6.63070151
1344 6.59182944 6.54182944 6.64182944
1345 6.60295736 6.55295736 6.65295736
1346 6.61408528 6.56408528 6.66408528
1347 6.62521321 6.57521321 6.67521321
1348 6.63634113 6.58634113 6.68634113
1349 6.64746905 6.59746905 6.69746905
1350 6.65859697 6.60859697 6.70859697
1351 6.66972490 6.61972490 6.71972490
1352 6.68085282 6.63085282 6.73085282
1353 6.69198074 6.64198074 6.74198074
1354 6.70310867 6.65310867 6.75310867
1355 6.71423659 6.66423659 6.76423659
1356 6.72536451 6.67536451 6.77536451
1357 6.73649243 6.68649243 6.78649243
1358 6.74762036 6.69762036 6.79762036
1359 6.75874828 6.70874828 6.80874828
1360 6.76987620 6.71987620 6.81987620
1361 6.78100413 6.73100413 6.83100413
1362 6.79213205 6.74213205 6.84213205
1363 6.80325997 6.75325997 6.85325997
1364 6.81438790 6.76438790 6.86438790
1365 6.82551582 6.77551582 6.87551582
1366 6.83664374 6.78664374 6.88664374
1367 6.84777166 6.79777166 6.89777166
1368 6.85889959 6.80889959 6.90889959
1369 6.87002751 6.82002751 6.92002751
1370 6.88115543 6.83115543 6.93115543
1371 6.89228336 6.84228336 6.94228336
1372 6.90341128 6.85341128 6.95341128
1373 6.91453920 6.86453920 6.96453920
1374 6.92566713 6.87566713 6.97566713
1375 6.93679505 6.88679505 6.98679505
1376 6.94792297 6.89792297 6.99792297
1377 6.95905089 6.90905089 7.00905089
1378 6.97017882 6.92017882 7.02017882
1379 6.98130674 6.93130674 7.03130674
1380 6.99243466 6.94243466 7.04243466
1381 7.00356259 6.95356259 7.05356259
1382 7.01469051 6.96469051 7.06469051
1383 7.02581843 6.97581843 7.07581843
1384 7.03694635 6.98694635 7.08694635
1385 7.04807428 6.99807428 7.09807428
1386 7.05920220 7.00920220 7.10920220
1387 7.07033012 7.02033012 7.12033012
1388 7.08145805 7.03145805 7.13145805
1389 7.09258597 7.04258597 7.14258597
1390 7.10371389 7.05371389 7.15371389
1391 7.11484182 7.06484182 7.16484182
1392 7.12596974 7.07596974 7.17596974
1393 7.13709766 7.08709766 7.18709766
1394 7.14822558 7.09822558 7.19822558
1395 7.15935351 7.10935351 7.20935351
1396 7.17048143 7.12048143 7.22048143
1397 7.18160935 7.13160935 7.23160935
1398 7.19273728 7.14273728 7.24273728
1399 7.20386520 7.15386520 7.25386520
1400 7.21499312 7.16499312 7.26499312
1401 7.22612105 7.17612105 7.27612105
1402 7.23724897 7.18724897 7.28724897
1403 7.24837689 7.19837689 7.29837689
1404 7.25950481 7.20950481 7.30950481
1405 7.27063274 7.22063274 7.32063274
1406 7.28176066 7.23176066 7.33176066
1407 7.29288858 7.24288858 7.34288858
1408 7.30401651 7.25401651 7.35401651
1409 7.31514443 7.26514443 7.36514443
1410 7.32627235 7.27627235 7.37627235
1411 7.33740028 7.28740028 7.38740028
1412 7.34852820 7.29852820 7.39852820
1413 7.35965612 7.30965612 7.40965612
1414 7.37078404 7.32078404 7.42078404
1415 7.38191197 7.33191197 7.43191197
1416 7.39303989 7.34303989 7.44303989
1417 7.40416781 7.35416781 7.45416781
1418 7.41529574 7.36529574 7.46529574
1419 7.42642366 7.37642366 7.47642366
1420 7.43755158 7.38755158 7.48755158
1421 7.44867950 7.39867950 7.49867950
1422 7.45980743 7.40980743 7.50980743
1423 7.47093535 7.42093535 7.52093535
1424 7.48206327 7.43206327 7.53206327
1425 7.49319120 7.44319120 7.54319120
1426 7.50431912 7.45431912 7.55431912
1427 7.51544704 7.46544704 7.56544704
1428 7.52657497 7.47657497 7.57657497
1429 7.53770289 7.48770289 7.58770289
1430 7.54883081 7.49883081 7.59883081
1431 7.55995873 7.50995873 7.60995873
1432 7.57108666 7.52108666 7.62108666
1433 7.58221458 7.53221458 7.63221458
1434 7.59334250 7.54334250 7.64334250
1435 7.60447043 7.55447043 7.65447043
1436 7.61559835 7.56559835 7.66559835
1437 7.62672627 7.57672627 7.67672627
1438 7.63785420 7.58785420 7.68785420
1439 7.64898212 7.59898212 7.69898212
1440 7.66011004 7.61011004 7.71011004
1441 7.67123796 7.62123796 7.72123796
1442 7.68236589 7.63236589 7.73236589
1443 7.69349381 7.64349381 7.74349381
1444 7.70462173 7.65462173 7.75462173
1445 7.71574966 7.66574966 7.76574966
1446 7.72687758 7.67687758 7.77687758
1447 7.73800550 7.68800550 7.78800550
1448 7.74913343 7.69913343 7.79913343
1449 7.76026135 7.71026135 7.81026135
1450 7.77138927 7.72138927 7.82138927
1451 7.78251719 7.73251719 7.83251719
1452 7.79364512 7.74364512 7.84364512
1453 7.80477304 7.75477304 7.85477304
1454 7.81590096 7.76590096 7.86590096
1455 7.82702889 7.77702889 7.87702889
1456 7.83815681 7.78815681 7.88815681
1457 7.84928473 7.79928473 7.89928473
1458 7.86041265 7.81041265 7.91041265
1459 7.87154058 7.82154058 7.92154058
1460 7.88266850 7.83266850 7.93266850
1461 7.89379642 7.84379642 7.94379642
1462 7.90492435 7.85492435 7.95492435
1463 7.91605227 7.86605227 7.96605227
1464 7.92718019 7.87718019 7.97718019
1465 7.93830812 7.88830812 7.98830812
1466 7.94943604 7.89943604 7.99943604
1467 7.96056396 7.91056396 8.01056396
1468 7.97169188 7.92169188 8.02169188
1469 7.98281981 7.93281981 8.03281981
1470 7.99394773 7.94394773 8.04394773
1471 8.00507565 7.95507565 8.05507565
1472 8.01620358 7.96620358 8.06620358
1473 8.02733150 7.97733150 8.07733150
1474 8.03845942 7.98845942 8.08845942
1475 8.04958735 7.99958735 8.09958735
1476 8.06071527 8.01071527 8.11071527
1477 8.07184319 8.02184319 8.12184319
1478 8.08297111 8.03297111 8.13297111
1479 8.09409904 8.04409904 8.14409904
1480 8.10522696 8.05522696 8.15522696
1481 8.11635488 8.06635488 8.16635488
1482 8.12748281 8.07748281 8.17748281
1483 8.13861073 8.08861073 8.18861073
1484 8.14973865 8.09973865 8.19973865
1485 8.16086658 8.11086658 8.21086658
1486 8.17199450 8.12199450 8.22199450
1487 8.18312242 8.13312242 8.23312242
1488 8.19425034 8.14425034 8.24425034
1489 8.20537827 8.15537827 8.25537827
1490 8.21650619 8.16650619 8.26650619
1491 8.22763411 8.17763411 8.27763411
1492 8.23876204 8.18876204 8.28876204
1493 8.24988996 8.19988996 8.29988996
1494 8.26101788 8.21101788 8.31101788
1495 8.27214580 8.22214580 8.32214580
1496 8.28327373 8.23327373 8.33327373
1497 8.29440165 8.24440165 8.34440165
1498 8.30552957 8.25552957 8.35552957
1499 8.31665750 8.26665750 8.36665750
1500 8.32778542 8.27778542 8.37778542
1501 8.33891334 8.28891334 8.38891334
1502 8.35004127 8.30004127 8.40004127
1503 8.36116919 8.31116919 8.41116919
1504 8.37229711 8.32229711 8.42229711
1505 8.38342503 8.33342503 8.43342503
1506 8.39455296 8.34455296 8.44455296
1507 8.40568088 8.35568088 8.45568088
1508 8.41680880 8.36680880 8.46680880
1509 8.42793673 8.37793673 8.47793673
1510 8.43906465 8.38906465 8.48906465
1511 8.45019257 8.40019257 8.50019257
1512 8.46132050 8.41132050 8.51132050
1513 8.47244842 8.42244842 8.52244842
1514 8.48357634 8.43357634 8.53357634
1515 8.49470426 8.44470426 8.54470426
1516 8.50583219 8.45583219 8.55583219
1517 8.51696011 8.46696011 8.56696011
1518 8.52808803 8.47808803 8.57808803
1519 8.53921596 8.48921596 8.58921596
1520 8.55034388 8.50034388 8.60034388
1521 8.56147180 8.51147180 8.61147180
1522 8.57259972 8.52259972 8.62259972
1523 8.58372765 8.53372765 8.63372765
1524 8.59485557 8.54485557 8.64485557
1525 8.60598349 8.55598349 8.65598349
1526 8.61711142 8.56711142 8.66711142
1527 8.62823934 8.57823934 8.67823934
1528 8.63936726 8.58936726 8.68936726
1529 8.65049519 8.60049519 8.70049519
1530 8.66162311 8.61162311 8.71162311
1531 8.67275103 8.62275103 8.72275103
1532 8.68387895 8.63387895 8.73387895
1533 8.69500688 8.64500688 8.74500688
1534 8.70613480 8.65613480 8.75613480
1535 8.71726272 8.66726272 8.76726272
1536 8.72839065 8.67839065 8.77839065
1537 8.73951857 8.68951857 8.78951857
1538 8.75064649 8.70064649 8.80064649
1539 8.76177442 8.71177442 8.81177442
1540 8.77290234 8.72290234 8.82290234
1541 8.78403026 8.73403026 8.83403026
1542 8.79515818 8.74515818 8.84515818
1543 8.80628611 8.75628611 8.85628611
1544 8.81741403 8.76741403 8.86741403
1545 8.82854195 8.77854195 8.87854195
1546 8.83966988 8.78966988 8.88966988
1547 8.85079780 8.80079780 8.90079780
1548 8.86192572 8.81192572 8.91192572
1549 8.87305365 8.82305365 8.92305365
1550 8.88418157 8.83418157 8.93418157
1551 8.89530949 8.84530949 8.94530949
1552 8.90643741 8.85643741 8.95643741
1553 8.91756534 8.86756534 8.96756534
1554 8.92869326 8.87869326 8.97869326
1555 8.93982118 8.88982118 8.98982118
1556 8.95094911 8.90094911 9.00094911
1557 8.96207703 8.91207703 9.01207703
1558 8.97320495 8.92320495 9.02320495
1559 8.98433287 8.93433287 9.03433287
1560 8.99546080 8.94546080 9.04546080
1561 9.00658872 8.95658872 9.05658872
1562 9.01771664 8.96771664 9.06771664
1563 9.02884457 8.97884457 9.07884457
1564 9.03997249 8.98997249 9.08997249
1565 9.05110041 9.00110041 9.10110041
1566 9.06222834 9.01222834 9.11222834
1567 9.07335626 9.02335626 9.12335626
1568 9.08448418 9.03448418 9.13448418
1569 9.09561210 9.04561210 9.14561210
1570 9.10674003 9.05674003 9.15674003
1571 9.11786795 9.06786795 9.16786795
1572 9.12899587 9.07899587 9.17899587
1573 9.14012380 9.09012380 9.19012380
1574 9.15125172 9.10125172 9.20125172
1575 9.16237964 9.11237964 9.21237964
1576 9.17350757 9.12350757 9.22350757
1577 9.18463549 9.13463549 9.23463549
1578 9.19576341 9.14576341 9.24576341
1579 9.20689133 9.15689133 9.25689133
1580 9.21801926 9.16801926 9.26801926
1581 9.22914718 9.17914718 9.27914718
1582 9.24027510 9.19027510 9.29027510
1583 9.25140303 9.20140303 9.30140303
1584 9.26253095 9.21253095 9.31253095
1585 9.27365887 9.22365887 9.32365887
1586 9.28478680 9.23478680 9.33478680
1587 9.29591472 9.24591472 9.34591472
1588 9.30704264 9.25704264 9.35704264
1589 9.31817056 9.26817056 9.36817056
1590 9.32929849 9.27929849 9.37929849
1591 9.34042641 9.29042641 9.39042641
1592 9.35155433 9.30155433 9.40155433
1593 9.36268226 9.31268226 9.41268226
1594 9.37381018 9.32381018 9.42381018
1595 9.38493810 9.33493810 9.43493810
1596 9.39606602 9.34606602 9.44606602
1597 9.40719395 9.35719395 9.45719395
1598 9.41832187 9.36832187 9.46832187
1599 9.42944979 9.37944979 9.47944979
1600 9.44057772 9.39057772 9.49057772
1601 9.45170564 9.40170564 9.50170564
1602 9.46283356 9.41283356 9.51283356
1603 9.47396149 9.42396149 9.52396149
1604 9.48508941 9.43508941 9.53508941
1605 9.49621733 9.44621733 9.54621733
1606 9.50734525 9.45734525 9.55734525
1607 9.51847318 9.46847318 9.56847318
1608 9.52960110 9.47960110 9.57960110
1609 9.54072902 9.49072902 9.59072902
1610 9.55185695 9.50185695 9.60185695
1611 9.56298487 9.51298487 9.61298487
1612 9.57411279 9.52411279 9.62411279
1613 9.58524072 9.53524072 9.63524072
1614 9.59636864 9.54636864 9.64636864
1615 9.60749656 9.55749656 9.65749656
1616 9.61862448 9.56862448 9.66862448
1617 9.62975241 9.57975241 9.67975241
1618 9.64088033 9.59088033 9.69088033
1619 9.65200825 9.60200825 9.70200825
1620 9.66313618 9.61313618 9.71313618
1621 9.67426410 9.62426410 9.72426410
1622 9.68539202 9.63539202 9.73539202
1623 9.69651995 9.64651995 9.74651995
1624 9.70764787 9.65764787 9.75764787
1625 9.71877579 9.66877579 9.76877579
1626 9.72990371 9.67990371 9.77990371
1627 9.74103164 9.69103164 9.79103164
1628 9.75215956 9.70215956 9.80215956
1629 9.76328748 9.71328748 9.81328748
1630 9.77441541 9.72441541 9.82441541
1631 9.78554333 9.73554333 9.83554333
1632 9.79667125 9.74667125 9.84667125
1633 9.80779917 9.75779917 9.85779917
1634 9.81892710 9.76892710 9.86892710
1635 9.83005502 9.78005502 9.88005502
1636 9.84118294 9.79118294 9.89118294
1637 9.85231087 9.80231087 9.90231087
1638 9.86343879 9.81343879 9.91343879
1639 9.87456671 9.82456671 9.92456671
1640 9.88569464 9.83569464 9.93569464
1641 9.89682256 9.84682256 9.94682256
1642 9.90795048 9.85795048 9.95795048
1643 9.91907840 9.86907840 9.96907840
1644 9.93020633 9.88020633 9.98020633
1645 9.94133425 9.89133425 9.99133425
1646 9.95246217 9.90246217 10.00246217
1647 9.96359010 9.91359010 10.01359010
1648 9.97471802 9.92471802 10.02471802
1649 9.98584594 9.93584594 10.03584594
1650 9.99697387 9.94697387 10.04697387
1651 10.00810179 9.95810179 10.05810179
1652 10.01922971 9.96922971 10.06922971
1653 10.03035763 9.98035763 10.08035763
1654 10.04148556 9.99148556 10.09148556
1655 10.05261348 10.00261348 10.10261348
1656 10.06374140 10.01374140 10.11374140
1657 10.07486933 10.02486933 10.12486933
1658 10.08599725 10.03599725 10.13599725
1659 10.09712517 10.04712517 10.14712517
1660 10.10825309 10.05825309 10.15825309
1661 10.11938102 10.06938102 10.16938102
1662 10.13050894 10.08050894 10.18050894
1663 10.14163686 10.09163686 10.19163686
1664 10.15276479 10.10276479 10.20276479
1665 10.16389271 10.11389271 10.21389271
1666 10.17502063 10.12502063 10.22502063
1667 10.18614856 10.13614856 10.23614856
1668 10.19727648 10.14727648 10.24727648
1669 10.20840440 10.15840440 10.25840440
1670 10.21953232 10.16953232 10.26953232
1671 10.23066025 10.18066025 10.28066025
1672 10.24178817 10.19178817 10.29178817
1673 10.25291609 10.20291609 10.30291609
1674 10.26404402 10.21404402 10.31404402
1675 10.27517194 10.22517194 10.32517194
1676 10.28629986 10.23629986 10.33629986
1677 10.29742779 10.24742779 10.34742779
1678 10.30855571 10.25855571 10.35855571
1679 10.31968363 10.26968363 10.36968363
1680 10.33081155 10.28081155 10.38081155
1681 10.34193948 10.29193948 10.39193948
1682 10.35306740 10.30306740 10.40306740
1683 10.36419532 10.31419532 10.41419532
1684 10.37532325 10.32532325 10.42532325
1685 10.38645117 10.33645117 10.43645117
1686 10.39757909 10.34757909 10.44757909
1687 10.40870702 10.35870702 10.45870702
1688 10.41983494 10.36983494 10.46983494
1689 10.43096286 10.38096286 10.48096286
1690 10.44209078 10.39209078 10.49209078
1691 10.45321871 10.40321871 10.50321871
1692 10.46434663 10.41434663 10.51434663
1693 10.47547455 10.42547455 10.52547455
1694 10.48660248 10.43660248 10.53660248
1695 10.49773040 10.44773040 10.54773040
1696 10.50885832 10.45885832 10.55885832
1697 10.51998624 10.46998624 10.56998624
1698 10.53111417 10.48111417 10.58111417
1699 10.54224209 10.49224209 10.59224209
1700 10.55337001 10.50337001 10.60337001
1701 10.56449794 10.51449794 10.61449794
1702 10.57562586 10.52562586 10.62562586
1703 10.58675378 10.53675378 10.63675378
1704 10.59788171 10.54788171 10.64788171
1705 10.60900963 10.55900963 10.65900963
1706 10.62013755 10.57013755 10.67013755
1707 10.63126547 10.58126547 10.68126547
1708 10.64239340 10.59239340 10.69239340
1709 10.65352132 10.60352132 10.70352132
1710 10.66464924 10.61464924 10.71464924
1711 10.67577717 10.62577717 10.72577717
1712 10.68690509 10.63690509 10.73690509
1713 10.69803301 10.64803301 10.74803301
1714 10.70916094 10.65916094 10.75916094
1715 10.72028886 10.67028886 10.77028886
1716 10.73141678 10.68141678 10.78141678
1717 10.74254470 10.69254470 10.79254470
1718 10.75367263 10.70367263 10.80367263
1719 10.76480055 10.71480055 10.81480055
1720 10.77592847 10.72592847 10.82592847
1721 10.78705640 10.73705640 10.83705640
1722 10.79818432 10.74818432 10.84818432
1723 10.80931224 10.75931224 10.85931224
1724 10.82044017 10.77044017 10.87044017
1725 10.83156809 10.78156809 10.88156809
1726 10.84269601 10.79269601 10.89269601
1727 10.85382393 10.80382393 10.90382393
1728 10.86495186 10.81495186 10.91495186
1729 10.87607978 10.82607978 10.92607978
1730 10.88720770 10.83720770 10.93720770
1731 10.89833563 10.84833563 10.94833563
1732 10.90946355 10.85946355 10.95946355
1733 10.92059147 10.87059147 10.97059147
1734 10.93171939 10.88171939 10.98171939
1735 10.94284732 10.89284732 10.99284732
1736 10.95397524 10.90397524 11.00397524
1737 10.96510316 10.91510316 11.01510316
1738 10.97623109 10.92623109 11.02623109
1739 10.98735901 10.93735901 11.03735901
1740 10.99848693 10.94848693 11.04848693
1741 11.00961486 10.95961486 11.05961486
1742 11.02074278 10.97074278 11.07074278
1743 11.03187070 10.98187070 11.08187070
1744 11.04299862 10.99299862 11.09299862
1745 11.05412655 11.00412655 11.10412655
1746 11.06525447 11.01525447 11.11525447
1747 11.07638239 11.02638239 11.12638239
1748 11.08751032 11.03751032 11.13751032
1749 11.09863824 11.04863824 11.14863824
1750 11.10976616 11.05976616 11.15976616
1751 11.12089409 11.07089409 11.17089409
1752 11.13202201 11.08202201 11.18202201
1753 11.14314993 11.09314993 11.19314993
1754 11.15427785 11.10427785 11.20427785
1755 11.16540578 11.11540578 11.21540578
1756 11.17653370 11.12653370 11.22653370
1757 11.18766162 11.13766162 11.23766162
1758 11.19878955 11.14878955 11.24878955
1759 11.20991747 11.15991747 11.25991747
1760 11.22104539 11.17104539 11.27104539
1761 11.23217332 11.18217332 11.28217332
1762 11.24330124 11.19330124 11.29330124
1763 11.25442916 11.20442916 11.30442916
1764 11.26555708 11.21555708 11.31555708
1765 11.27668501 11.22668501 11.32668501
1766 11.28781293 11.23781293 11.33781293
1767 11.29894085 11.24894085 11.34894085
1768 11.31006878 11.26006878 11.36006878
1769 11.32119670 11.27119670 11.37119670
1770 11.33232462 11.28232462 11.38232462
1771 11.34345254 11.29345254 11.39345254
1772 11.35458047 11.30458047 11.40458047
1773 11.36570839 11.31570839 11.41570839
1774 11.37683631 11.32683631 11.42683631
1775 11.38796424 11.33796424 11.43796424
1776 11.39909216 11.34909216 11.44909216
1777 11.41022008 11.36022008 11.46022008
1778 11.42134801 11.37134801 11.47134801
1779 11.43247593 11.38247593 11.48247593
1780 11.44360385 11.39360385 11.49360385
1781 11.45473177 11.40473177 11.50473177
1782 11.46585970 11.41585970 11.51585970
1783 11.47698762 11.42698762 11.52698762
1784 11.48811554 11.43811554 11.53811554
1785 11.49924347 11.44924347 11.54924347
1786 11.51037139 11.46037139 11.56037139
1787 11.52149931 11.47149931 11.57149931
1788 11.53262724 11.48262724 11.58262724
1789 11.54375516 11.49375516 11.59375516
1790 11.55488308 11.50488308 11.60488308
1791 11.56601100 11.51601100 11.61601100
1792 11.57713893 11.52713893 11.62713893
1793 11.58826685 11.53826685 11.63826685
1794 11.59939477 11.54939477 11.64939477
1795 11.61052270 11.56052270 11.66052270
1796 11.62165062 11.57165062 11.67165062
1797 11.63277854 11.58277854 11.68277854
1798 11.64390646 11.59390646 11.69390646
1799 11.65503439 11.60503439 11.70503439
1800 11.66616231 11.61616231 11.71616231
1801 11.67729023 11.62729023 11.72729023
1802 11.68841816 11.63841816 11.73841816
1803 11.69954608 11.64954608 11.74954608
1804 11.71067400 11.66067400 11.76067400
1805 11.72180193 11.67180193 11.77180193
1806 11.73292985 11.68292985 11.78292985
1807 11.74405777 11.69405777 11.79405777
1808 11.75518569 11.70518569 11.80518569
1809 11.76631362 11.71631362 11.81631362
1810 11.77744154 11.72744154 11.82744154
1811 11.78856946 11.73856946 11.83856946
1812 11.79969739 11.74969739 11.84969739
1813 11.81082531 11.76082531 11.86082531
1814 11.82195323 11.77195323 11.87195323
1815 11.83308116 11.78308116 11.88308116
1816 11.84420908 11.79420908 11.89420908
1817 11.85533700 11.80533700 11.90533700
1818 11.86646492 11.81646492 11.91646492
1819 11.87759285 11.82759285 11.92759285
1820 11.88872077 11.83872077 11.93872077
1821 11.89984869 11.84984869 11.94984869
1822 11.91097662 11.86097662 11.96097662
1823 11.92210454 11.87210454 11.97210454
1824 11.93323246 11.88323246 11.98323246
1825 11.94436039 11.89436039 11.99436039
1826 11.95548831 11.90548831 12.00548831
1827 11.96661623 11.91661623 12.01661623
1828 11.97774415 11.92774415 12.02774415
1829 11.98887208 11.93887208 12.03887208
1830 12.00000000 11.95000000 12.05000000
